Generation,NV,TOC
1,22,7912.108367
1,24,7050.512791
1,31,5515.301549
1,34,5468.999907
1,36,5349.967797
1,39,5173.646402
1,44,5168.326120
1,67,5124.677042
2,22,7912.108367
2,24,7050.512791
2,30,5797.159447
2,31,5515.301549
2,34,5468.999907
2,36,5349.967797
2,38,5132.022505
2,46,5099.318890
2,47,4860.755221
3,21,8110.630848
3,22,7912.108367
3,24,7050.512791
3,25,6972.397664
3,28,6584.383460
3,30,5797.159447
3,31,5385.247086
3,34,4899.955904
3,45,4887.696332
3,47,4860.755221
4,21,7841.884810
4,23,7467.828806
4,24,6621.520163
4,27,5231.924914
4,33,4883.950236
4,34,4779.299688
5,21,7841.884810
5,22,6235.021714
5,27,5122.791636
5,33,4883.950236
5,34,4779.299688
6,20,8818.583777
6,21,6499.924170
6,22,6235.021714
6,23,5648.118350
6,27,5122.791636
6,33,4883.950236
6,34,4779.299688
6,48,4763.851470
7,20,8818.583777
7,21,6484.294471
7,22,6235.021714
7,23,5648.118350
7,27,5122.791636
7,32,4926.398779
7,33,4883.950236
7,34,4779.299688
7,48,4763.851470
8,20,8818.583777
8,21,6332.127824
8,22,6235.021714
8,23,5648.118350
8,27,5122.791636
8,31,5019.238887
8,32,4926.398779
8,33,4883.950236
8,34,4779.299688
8,47,4764.184884
8,48,4763.851470
8,52,4691.611087
9,20,8818.583777
9,21,6332.127824
9,22,6235.021714
9,23,5648.118350
9,27,5056.323351
9,31,4851.268820
9,32,4846.231974
9,33,4712.600562
9,45,4666.066471
10,18,8935.437975
10,19,6776.012236
10,21,6332.127824
10,22,6058.158286
10,23,5648.118350
10,27,5054.992972
10,29,4957.624723
10,31,4851.268820
10,32,4846.231974
10,33,4712.600562
10,45,4666.066471
11,18,8935.437975
11,19,6776.012236
11,20,6636.291520
11,21,6332.127824
11,22,6058.158286
11,23,5648.118350
11,27,5054.992972
11,29,4957.624723
11,30,4892.808441
11,31,4851.268820
11,32,4714.331319
11,33,4712.600562
11,45,4666.066471
12,18,8584.760635
12,19,6463.954644
12,20,6411.825366
12,21,5914.919697
12,23,5538.073368
12,26,5015.649293
12,29,4711.199867
12,32,4653.341697
13,18,8584.760635
13,19,6463.954644
13,20,6411.825366
13,21,5914.919697
13,23,5538.073368
13,24,5407.195059
13,26,5015.649293
13,29,4711.199867
13,32,4653.341697
14,18,8584.760635
14,19,6463.954644
14,20,6366.884260
14,21,5914.919697
14,23,5538.073368
14,24,5407.195059
14,26,5015.649293
14,29,4711.199867
14,32,4653.341697
14,35,4640.716171
15,17,6206.193146
15,20,6131.792537
15,21,5528.349817
15,23,5514.637306
15,24,5287.272144
15,26,4971.165813
15,28,4709.651834
15,32,4620.390972
16,17,6206.193146
16,20,6131.792537
16,21,5528.349817
16,23,5514.637306
16,24,5287.272144
16,25,5104.654018
16,26,4971.165813
16,27,4821.358782
16,28,4709.651834
16,32,4620.390972
16,38,4594.278129
17,17,6206.193146
17,20,6131.792537
17,21,5528.349817
17,23,5514.637306
17,24,5287.272144
17,25,5104.654018
17,26,4971.165813
17,27,4821.358782
17,28,4709.651834
17,32,4620.390972
17,38,4594.278129
18,17,6125.961363
18,20,5485.234668
18,23,5019.101088
18,26,4971.165813
18,27,4804.852805
18,28,4678.612149
18,32,4620.390972
18,34,4544.847046
19,17,6125.961363
19,20,5485.234668
19,22,5476.964139
19,23,5019.101088
19,26,4971.165813
19,27,4804.852805
19,28,4678.612149
19,32,4620.390972
19,33,4523.411343
20,17,6125.961363
20,20,5485.234668
20,22,5476.964139
20,23,5019.101088
20,24,4824.945224
20,27,4804.852805
20,28,4678.612149
20,32,4620.390972
20,33,4523.411343
21,17,6103.715708
21,20,5408.715753
21,23,4997.892762
21,24,4762.665570
21,28,4656.562834
21,32,4569.596611
21,33,4514.214037
22,17,6103.715708
22,20,5408.715753
22,23,4997.892762
22,24,4762.665570
22,28,4656.562834
22,32,4569.596611
22,33,4514.214037
23,17,6103.715708
23,20,5408.715753
23,23,4997.892762
23,24,4742.242376
23,28,4656.562834
23,29,4639.932503
23,31,4578.456379
23,32,4569.596611
23,33,4514.214037
24,17,5661.309715
24,20,5399.412935
24,21,4967.356033
24,24,4734.162815
24,25,4705.371786
24,28,4618.769721
24,29,4587.293939
24,31,4563.417879
24,32,4502.719267
25,17,5661.309715
25,20,5399.412935
25,21,4967.356033
25,24,4734.162815
25,25,4705.371786
25,28,4618.769721
25,29,4587.293939
25,31,4563.417879
25,32,4502.719267
25,39,4464.328134
26,17,5661.309715
26,20,5399.412935
26,21,4967.356033
26,24,4734.162815
26,25,4705.371786
26,28,4618.769721
26,29,4587.293939
26,31,4563.417879
26,32,4502.719267
26,39,4464.328134
27,17,5661.309715
27,20,5354.038622
27,21,4962.298515
27,24,4707.330921
27,25,4691.159971
27,28,4576.983569
27,29,4572.820585
27,31,4561.662114
27,32,4482.197481
27,37,4448.728350
27,39,4429.224786
28,17,5661.309715
28,20,5354.038622
28,21,4962.298515
28,22,4939.240262
28,23,4849.565157
28,24,4707.330921
28,25,4691.159971
28,28,4576.983569
28,29,4572.820585
28,30,4546.969370
28,32,4482.197481
28,37,4448.728350
28,39,4429.224786
29,17,5661.309715
29,20,5354.038622
29,21,4962.298515
29,22,4939.240262
29,23,4849.565157
29,24,4707.330921
29,25,4691.159971
29,28,4576.983569
29,29,4566.550643
29,30,4546.969370
29,32,4482.197481
29,37,4448.728350
29,39,4429.224786
30,16,8194.941814
30,17,5661.309715
30,20,5354.038622
30,21,4962.298515
30,22,4939.240262
30,23,4797.197333
30,24,4700.533771
30,25,4691.159971
30,28,4576.983569
30,29,4564.987295
30,30,4546.969370
30,32,4482.197481
30,34,4481.014923
30,37,4425.866827
30,39,4410.893647
31,16,8194.941814
31,17,5661.309715
31,20,5354.038622
31,21,4962.298515
31,22,4939.240262
31,23,4797.197333
31,24,4700.533771
31,25,4691.159971
31,28,4576.983569
31,29,4564.987295
31,30,4546.969370
31,32,4482.197481
31,34,4481.014923
31,35,4467.146216
31,37,4425.866827
31,39,4410.893647
32,16,8194.941814
32,17,5661.309715
32,20,5354.038622
32,21,4962.298515
32,22,4939.240262
32,23,4797.197333
32,24,4631.955979
32,28,4576.983569
32,29,4564.987295
32,30,4546.969370
32,32,4482.197481
32,34,4481.014923
32,35,4467.146216
32,37,4425.866827
32,39,4410.893647
33,16,8194.941814
33,17,5661.309715
33,20,5354.038622
33,21,4962.298515
33,22,4939.240262
33,23,4760.665151
33,24,4606.952568
33,28,4573.247467
33,29,4564.987295
33,30,4546.969370
33,32,4476.673683
33,34,4448.795830
33,37,4401.100973
34,16,8194.941814
34,17,5661.309715
34,20,5354.038622
34,21,4962.298515
34,22,4835.360040
34,23,4760.665151
34,24,4606.952568
34,28,4573.247467
34,29,4564.987295
34,30,4546.969370
34,32,4476.673683
34,34,4448.795830
34,37,4401.100973
35,16,8194.941814
35,17,5661.309715
35,20,5354.038622
35,21,4962.298515
35,22,4827.078163
35,23,4760.665151
35,24,4589.144396
35,28,4573.247467
35,29,4564.987295
35,30,4546.969370
35,32,4431.784149
35,37,4401.100973
36,16,8194.941814
36,17,5661.309715
36,19,5327.867203
36,21,4952.643430
36,22,4827.078163
36,23,4741.994112
36,24,4583.566867
36,28,4550.043710
36,29,4528.481355
36,32,4431.784149
36,35,4381.300978
37,16,8194.941814
37,17,5661.309715
37,19,5327.867203
37,21,4952.643430
37,22,4827.078163
37,23,4741.994112
37,24,4583.566867
37,28,4550.043710
37,29,4528.481355
37,32,4431.784149
37,35,4381.300978
38,15,8900.926981
38,16,8194.941814
38,17,5661.309715
38,19,5327.867203
38,21,4952.643430
38,22,4748.131999
38,23,4741.994112
38,24,4583.566867
38,28,4550.043710
38,29,4528.481355
38,32,4431.784149
38,35,4381.300978
39,15,8900.926981
39,16,7446.639241
39,17,5651.706850
39,19,5327.867203
39,21,4943.376090
39,22,4748.131999
39,23,4713.124639
39,24,4583.566867
39,27,4536.931308
39,28,4511.774158
39,32,4402.650022
39,35,4372.641667
40,15,8900.926981
40,16,7446.639241
40,17,5651.706850
40,19,5327.867203
40,21,4943.376090
40,22,4748.131999
40,23,4713.124639
40,24,4583.566867
40,27,4536.931308
40,28,4511.774158
40,32,4402.650022
40,35,4372.641667
41,15,8900.926981
41,16,7446.639241
41,17,5651.706850
41,19,5327.867203
41,21,4943.376090
41,22,4748.131999
41,23,4713.124639
41,24,4580.237706
41,27,4536.931308
41,28,4511.774158
41,32,4402.650022
41,35,4372.641667
42,15,7414.559772
42,17,5280.737816
42,21,4943.376090
42,22,4748.131999
42,23,4709.150718
42,24,4552.329977
42,27,4494.965838
42,32,4376.863916
42,35,4365.318338
43,15,7414.559772
43,17,5280.737816
43,21,4943.376090
43,22,4748.131999
43,23,4709.150718
43,24,4552.329977
43,27,4494.965838
43,32,4376.863916
43,35,4365.318338
44,15,7414.559772
44,17,5280.737816
44,20,5150.828675
44,21,4943.376090
44,22,4748.131999
44,23,4632.206521
44,24,4552.329977
44,27,4494.965838
44,29,4446.877549
44,32,4376.863916
44,35,4365.318338
45,14,9245.031925
45,15,7414.559772
45,16,7034.120959
45,17,5245.144241
45,19,5142.795022
45,21,4910.870113
45,22,4748.131999
45,23,4632.206521
45,24,4540.352542
45,27,4493.777200
45,28,4444.390577
45,29,4319.717354
46,14,9245.031925
46,15,7414.559772
46,16,7034.120959
46,17,5245.144241
46,19,5142.795022
46,21,4910.870113
46,22,4748.131999
46,23,4632.206521
46,24,4540.352542
46,27,4493.777200
46,28,4444.390577
46,29,4319.717354
47,14,9245.031925
47,15,7320.217848
47,16,7034.120959
47,17,5245.144241
47,19,5142.795022
47,21,4910.870113
47,22,4748.131999
47,23,4632.206521
47,24,4540.352542
47,27,4493.777200
47,28,4444.390577
47,29,4319.717354
48,14,9245.031925
48,15,7320.217848
48,16,6779.544775
48,17,5233.618877
48,19,5134.896590
48,21,4908.618346
48,22,4725.195080
48,23,4619.422891
48,24,4539.028032
48,27,4488.063376
48,28,4444.390577
48,29,4318.764103
49,14,9245.031925
49,15,7320.217848
49,16,6779.544775
49,17,5233.618877
49,19,5134.896590
49,21,4908.618346
49,22,4725.195080
49,23,4619.422891
49,24,4539.028032
49,27,4488.063376
49,28,4444.390577
49,29,4318.764103
50,14,9245.031925
50,15,7188.456546
50,16,6779.544775
50,17,5233.618877
50,19,5134.896590
50,21,4908.618346
50,22,4725.195080
50,23,4619.422891
50,24,4539.028032
50,26,4508.583940
50,27,4488.063376
50,28,4444.390577
50,29,4318.764103
51,14,9245.031925
51,15,7188.456546
51,16,6376.595888
51,17,5106.784208
51,21,4847.273583
51,22,4724.871590
51,23,4616.893740
51,24,4490.809314
51,27,4488.063376
51,28,4296.740750
52,14,9245.031925
52,15,7188.456546
52,16,6376.595888
52,17,5106.784208
52,20,5082.405856
52,21,4847.273583
52,22,4724.871590
52,23,4616.893740
52,24,4490.809314
52,27,4488.063376
52,28,4296.740750
53,14,9245.031925
53,15,7188.456546
53,16,6376.595888
53,17,5106.784208
53,20,5082.405856
53,21,4847.273583
53,22,4724.871590
53,23,4581.270468
53,24,4490.809314
53,27,4488.063376
53,28,4296.740750
53,29,4280.529110
54,14,7954.373144
54,15,7188.456546
54,16,6209.665424
54,17,5106.784208
54,20,5023.880135
54,21,4814.959650
54,22,4555.619797
54,24,4490.809314
54,27,4274.986054
55,14,7954.373144
55,15,7188.456546
55,16,6209.665424
55,17,5106.784208
55,20,5023.880135
55,21,4705.366242
55,22,4555.619797
55,24,4490.809314
55,26,4454.429990
55,27,4274.986054
56,14,7954.373144
56,15,6800.248506
56,16,6209.665424
56,17,5106.784208
56,20,5023.880135
56,21,4705.366242
56,22,4528.591369
56,23,4484.515122
56,26,4454.429990
56,27,4274.986054
57,14,7954.373144
57,15,6800.248506
57,16,6209.665424
57,17,5106.784208
57,19,5010.887596
57,21,4689.782460
57,22,4520.530016
57,23,4484.515122
57,26,4446.345249
57,27,4273.539381
57,28,4268.428607
57,31,4262.819989
58,14,7954.373144
58,15,6800.248506
58,16,6209.665424
58,17,5106.784208
58,19,5010.887596
58,20,4718.822109
58,21,4552.638187
58,22,4520.530016
58,23,4484.515122
58,26,4446.345249
58,27,4273.539381
58,28,4268.428607
58,31,4262.819989
59,14,7954.373144
59,15,6800.248506
59,16,6209.665424
59,17,5106.784208
59,19,5010.887596
59,20,4718.822109
59,21,4552.638187
59,22,4520.530016
59,23,4484.515122
59,26,4446.345249
59,27,4273.539381
59,28,4268.428607
59,31,4262.819989
60,14,7954.373144
60,15,6800.248506
60,16,6157.825439
60,17,5106.784208
60,19,5010.887596
60,20,4499.280194
60,23,4468.048759
60,24,4440.202492
60,26,4253.746739
60,28,4252.664515
61,14,7954.373144
61,15,6800.248506
61,16,6157.825439
61,17,5106.784208
61,19,5010.887596
61,20,4499.280194
61,23,4468.048759
61,24,4433.895732
61,26,4253.746739
61,28,4252.664515
62,14,7954.373144
62,15,6800.248506
62,16,6157.825439
62,17,5106.784208
62,19,5010.887596
62,20,4499.280194
62,23,4468.048759
62,24,4433.895732
62,26,4230.589358
63,14,7735.658451
63,15,6800.248506
63,16,6153.576354
63,17,5106.784208
63,18,4974.522575
63,20,4496.096678
63,23,4458.569814
63,24,4433.895732
63,26,4167.639576
64,14,7735.658451
64,15,6800.248506
64,16,6153.576354
64,17,5106.784208
64,18,4974.522575
64,20,4496.096678
64,23,4458.569814
64,24,4433.895732
64,25,4384.357487
64,26,4167.639576
65,14,7735.658451
65,15,6740.547983
65,16,5507.345078
65,17,5106.784208
65,18,4974.522575
65,20,4496.096678
65,23,4458.569814
65,24,4433.895732
65,25,4384.357487
65,26,4167.639576
66,14,7657.757698
66,15,6530.867461
66,16,5507.345078
66,17,5106.784208
66,18,4974.522575
66,20,4494.314093
66,23,4441.493020
66,24,4358.212295
66,26,4155.353078
67,14,7657.757698
67,15,6437.870230
67,16,5507.345078
67,17,5106.784208
67,18,4974.522575
67,20,4494.314093
67,23,4441.493020
67,24,4358.212295
67,26,4155.353078
68,14,7657.757698
68,15,6437.870230
68,16,5365.057680
68,17,5106.784208
68,18,4974.522575
68,20,4494.314093
68,23,4441.493020
68,24,4358.212295
68,26,4155.353078
69,14,7597.082873
69,15,6161.515230
69,16,5238.992703
69,17,5063.469712
69,18,4954.409215
69,20,4493.945467
69,22,4394.751274
69,24,4358.212295
69,25,4237.005649
69,26,4155.278793
70,14,7597.082873
70,15,6161.515230
70,16,5238.992703
70,17,5063.469712
70,18,4954.409215
70,20,4493.945467
70,22,4394.751274
70,24,4358.212295
70,25,4237.005649
70,26,4155.278793
71,14,7597.082873
71,15,5658.931660
71,16,5238.992703
71,17,5063.469712
71,18,4954.409215
71,20,4493.945467
71,21,4446.891194
71,22,4393.673747
71,24,4358.212295
71,25,4237.005649
71,26,4155.278793
72,14,7597.082873
72,15,5495.578447
72,16,5054.393157
72,18,4954.409215
72,20,4493.945467
72,21,4418.808377
72,22,4392.603448
72,23,4334.140632
72,25,4237.005649
72,26,4154.805660
72,27,4141.678293
73,14,7597.082873
73,15,5495.578447
73,16,5054.393157
73,18,4954.409215
73,19,4706.586799
73,20,4493.945467
73,21,4418.808377
73,22,4339.476238
73,23,4334.140632
73,25,4211.911754
73,26,4154.805660
73,27,4141.678293
74,14,7597.082873
74,15,5495.578447
74,16,5054.393157
74,17,5027.141130
74,18,4954.409215
74,19,4706.586799
74,20,4493.945467
74,21,4418.808377
74,22,4339.476238
74,23,4334.140632
74,25,4192.539039
74,26,4154.805660
74,27,4141.678293
75,14,7597.082873
75,15,5495.578447
75,16,5054.393157
75,17,5027.141130
75,18,4925.866881
75,19,4477.307761
75,21,4377.060873
75,22,4326.236527
75,25,4188.454957
75,26,4152.127261
75,27,4141.678293
76,14,7597.082873
76,15,5495.578447
76,16,5054.393157
76,17,5027.141130
76,18,4925.866881
76,19,4477.307761
76,21,4377.060873
76,22,4326.236527
76,25,4188.454957
76,26,4152.127261
76,27,4141.678293
77,14,7597.082873
77,15,5495.578447
77,16,5054.393157
77,17,5027.141130
77,18,4925.866881
77,19,4477.307761
77,21,4377.060873
77,22,4326.236527
77,25,4167.689281
77,26,4152.127261
77,27,4141.678293
78,14,7015.529342
78,15,5275.004620
78,16,5054.393157
78,17,5027.141130
78,18,4925.866881
78,19,4474.987149
78,21,4360.318295
78,22,4326.236527
78,23,4128.843901
79,14,7015.529342
79,15,5275.004620
79,16,5054.393157
79,17,5027.141130
79,18,4846.366085
79,19,4474.987149
79,20,4466.818230
79,21,4360.318295
79,22,4326.236527
79,23,4128.843901
80,14,7015.529342
80,15,5220.914821
80,16,5054.393157
80,17,5027.141130
80,18,4846.366085
80,19,4474.987149
80,20,4466.818230
80,21,4360.318295
80,22,4213.581939
80,23,4128.843901
81,14,6607.552327
81,15,5145.014364
81,16,5016.852152
81,18,4830.885859
81,19,4447.067471
81,20,4436.236557
81,21,4358.034901
81,22,4213.581939
81,23,4128.175583
82,14,6607.552327
82,15,5145.014364
82,16,5016.852152
82,18,4501.346871
82,19,4447.067471
82,20,4436.236557
82,21,4358.034901
82,22,4213.581939
82,23,4128.175583
83,14,6607.552327
83,15,5145.014364
83,16,5016.852152
83,18,4501.346871
83,19,4447.067471
83,20,4436.236557
83,21,4358.034901
83,22,4213.581939
83,23,4128.175583
84,14,6607.552327
84,15,5145.014364
84,16,5014.786913
84,18,4496.007822
84,19,4439.932587
84,20,4433.465009
84,21,4348.148587
84,22,4213.581939
84,23,4128.175583
84,24,4123.595859
85,13,6425.597010
85,15,5145.014364
85,16,5014.786913
85,18,4496.007822
85,19,4439.932587
85,20,4433.465009
85,21,4348.148587
85,22,4213.581939
85,23,4128.175583
85,24,4123.595859
86,13,6425.597010
86,15,5145.014364
86,16,5014.786913
86,18,4496.007822
86,19,4439.932587
86,20,4433.465009
86,21,4348.148587
86,22,4213.581939
86,23,4128.175583
86,24,4094.159442
87,13,6330.373363
87,15,5145.014364
87,16,4742.338412
87,18,4414.424244
87,19,4404.930876
87,21,4299.667025
87,22,4180.091692
87,23,4128.175583
87,24,4094.159442
88,13,6330.373363
88,15,5145.014364
88,16,4742.338412
88,18,4414.424244
88,19,4404.930876
88,21,4299.667025
88,22,4180.091692
88,23,4128.175583
88,24,4094.159442
89,13,6330.373363
89,15,5145.014364
89,16,4742.338412
89,18,4414.424244
89,19,4404.930876
89,21,4299.667025
89,22,4180.091692
89,23,4128.175583
89,24,4094.159442
90,13,6238.736941
90,15,5145.014364
90,16,4681.137633
90,18,4412.611696
90,19,4400.332589
90,21,4283.454648
90,22,4180.091692
90,23,4114.187317
90,24,4087.124497
91,13,6238.736941
91,15,5145.014364
91,16,4681.137633
91,18,4412.611696
91,19,4400.332589
91,21,4283.454648
91,22,4180.091692
91,23,4114.187317
91,24,4087.124497
92,13,6238.736941
92,15,5145.014364
92,16,4681.137633
92,18,4412.611696
92,19,4400.332589
92,21,4283.454648
92,22,4180.091692
92,23,4114.187317
92,24,4087.124497
93,13,6122.715489
93,15,5086.792633
93,16,4681.137633
93,18,4412.611696
93,19,4400.332589
93,21,4283.454648
93,22,4064.345861
94,13,6122.715489
94,15,5086.792633
94,16,4681.137633
94,18,4412.611696
94,19,4400.332589
94,21,4283.454648
94,22,4064.345861
95,13,6122.715489
95,15,5086.792633
95,16,4681.137633
95,18,4412.611696
95,19,4400.332589
95,21,4283.454648
95,22,4064.345861
95,23,4063.053431
96,13,5954.442641
96,15,5012.120461
96,16,4662.690392
96,18,4412.611696
96,19,4373.871719
96,21,4258.272494
96,22,4056.912136
97,13,5954.442641
97,15,5012.120461
97,16,4662.690392
97,18,4412.611696
97,19,4373.871719
97,21,4258.272494
97,22,4056.912136
98,13,5954.442641
98,15,5012.120461
98,16,4662.690392
98,18,4412.611696
98,19,4373.871719
98,21,4258.272494
98,22,4056.912136
99,13,5953.016546
99,15,4911.802458
99,16,4651.772565
99,18,4336.571266
99,21,4258.272494
99,22,4050.932053
100,13,5953.016546
100,15,4911.802458
100,16,4651.772565
100,18,4336.571266
100,21,4258.272494
100,22,4050.932053
101,13,5953.016546
101,14,5649.995737
101,15,4911.802458
101,16,4651.772565
101,17,4610.425206
101,18,4336.571266
101,21,4258.272494
101,22,4050.932053
102,13,5821.386027
102,14,5551.097531
102,15,4819.493432
102,16,4651.637422
102,17,4609.624411
102,18,4336.571266
102,21,4257.818104
102,22,4050.932053
103,13,5821.386027
103,14,5551.097531
103,15,4819.493432
103,16,4651.637422
103,17,4609.624411
103,18,4336.571266
103,20,4305.483328
103,21,4257.818104
103,22,4050.932053
104,13,5821.386027
104,14,5551.097531
104,15,4819.493432
104,16,4651.637422
104,17,4609.624411
104,18,4336.571266
104,20,4305.483328
104,21,4257.818104
104,22,4050.932053
105,13,5701.191921
105,14,5505.582869
105,15,4809.712152
105,16,4608.806430
105,17,4323.648988
105,20,4302.042219
105,21,4233.525411
105,22,4047.834236
106,13,5701.191921
106,14,5505.582869
106,15,4809.712152
106,16,4608.806430
106,17,4323.648988
106,20,4302.042219
106,21,4233.525411
106,22,4047.834236
107,13,5701.191921
107,14,5505.582869
107,15,4809.712152
107,16,4608.806430
107,17,4323.648988
107,20,4302.042219
107,21,4233.525411
107,22,4047.834236
108,13,5701.191921
108,14,5475.973978
108,15,4790.147035
108,16,4313.082345
108,19,4306.021960
108,20,4288.437823
108,21,4232.237538
108,22,4047.834236
109,13,5701.191921
109,14,5475.973978
109,15,4790.147035
109,16,4313.082345
109,19,4306.021960
109,20,4288.437823
109,21,4232.237538
109,22,4047.834236
110,13,5701.191921
110,14,5452.631128
110,15,4790.147035
110,16,4313.082345
110,19,4306.021960
110,20,4288.437823
110,21,4232.237538
110,22,4047.834236
111,13,5701.191921
111,14,5246.805939
111,15,4790.147035
111,16,4312.946798
111,19,4304.707732
111,20,4249.148268
111,21,4225.094637
111,22,4047.834236
112,13,5701.191921
112,14,5246.805939
112,15,4790.147035
112,16,4312.946798
112,19,4304.707732
112,20,4249.148268
112,21,4225.094637
112,22,4047.834236
112,24,4034.725094
113,13,5701.191921
113,14,5246.805939
113,15,4790.147035
113,16,4312.946798
113,19,4299.600545
113,20,4249.148268
113,21,4225.094637
113,22,4047.834236
113,24,4034.725094
114,13,5605.633504
114,14,5238.780349
114,15,4780.066813
114,16,4294.188392
114,20,4214.507479
114,22,4047.399828
114,24,4028.015010
115,13,5605.633504
115,14,5238.780349
115,15,4780.066813
115,16,4294.188392
115,19,4264.983329
115,20,4214.507479
115,22,4032.930284
115,24,4028.015010
116,13,5605.633504
116,14,5238.780349
116,15,4780.066813
116,16,4294.188392
116,19,4264.983329
116,20,4214.507479
116,22,4032.930284
116,24,4028.015010
117,13,5601.769485
117,14,5123.991276
117,15,4780.066813
117,16,4294.188392
117,19,4256.955126
117,20,4210.553514
117,22,4032.930284
117,24,4028.015010
118,13,5601.769485
118,14,5123.991276
118,15,4780.066813
118,16,4294.188392
118,19,4256.955126
118,20,4210.553514
118,22,4032.930284
118,24,4028.015010
119,13,5601.769485
119,14,5123.991276
119,15,4780.066813
119,16,4294.188392
119,19,4256.955126
119,20,4210.553514
119,22,4032.930284
119,24,4028.015010
120,13,5590.694254
120,14,5123.991276
120,15,4764.312195
120,16,4279.293077
120,19,4240.969340
120,20,4192.849249
120,22,4032.930284
120,24,4010.087007
121,13,5590.694254
121,14,5112.174319
121,15,4713.464428
121,16,4279.293077
121,19,4240.969340
121,20,4192.849249
121,21,4103.381301
121,22,4032.930284
121,24,4010.087007
122,13,5590.694254
122,14,5112.174319
122,15,4698.949216
122,16,4279.293077
122,19,4240.969340
122,20,4192.849249
122,21,4024.303825
122,24,4010.087007
123,13,5590.694254
123,14,4972.918804
123,15,4698.949216
123,16,4273.938248
123,19,4229.673004
123,20,4192.687827
123,21,4024.303825
123,24,3985.262427
124,13,5590.694254
124,14,4972.918804
124,15,4698.949216
124,16,4273.938248
124,19,4229.673004
124,20,4192.687827
124,21,4024.303825
124,24,3985.262427
125,13,5590.694254
125,14,4972.918804
125,15,4698.949216
125,16,4273.938248
125,19,4229.673004
125,20,4192.687827
125,21,4024.303825
125,24,3985.262427
126,13,5583.348613
126,14,4972.918804
126,15,4698.949216
126,16,4273.034926
126,19,4225.583844
126,20,4191.596641
126,21,4023.040774
126,23,3978.981787
127,13,5583.348613
127,14,4972.918804
127,15,4698.949216
127,16,4273.034926
127,19,4225.583844
127,20,4191.596641
127,21,4023.040774
127,22,4022.119345
127,23,3978.981787
128,13,5583.348613
128,14,4972.918804
128,15,4698.949216
128,16,4273.034926
128,19,4225.583844
128,20,4191.596641
128,21,4023.040774
128,22,4022.119345
128,23,3978.981787
129,13,5470.272513
129,14,4972.918804
129,15,4698.949216
129,16,4270.743386
129,19,4225.583844
129,20,4191.534914
129,21,4005.207013
129,23,3978.981787
130,13,5470.272513
130,14,4972.918804
130,15,4698.949216
130,16,4270.743386
130,19,4225.583844
130,20,4191.534914
130,21,4005.207013
130,23,3978.981787
131,13,5470.272513
131,14,4972.918804
131,15,4698.672364
131,16,4270.743386
131,19,4225.583844
131,20,4191.534914
131,21,4005.207013
131,23,3978.981787
132,13,5470.272513
132,14,4854.412630
132,15,4660.166215
132,16,4270.743386
132,19,4224.770404
132,20,4189.043363
132,21,4005.207013
132,23,3976.641642
133,13,5470.272513
133,14,4854.412630
133,15,4660.166215
133,16,4270.743386
133,17,4254.245659
133,19,4224.770404
133,20,4100.908841
133,21,4005.207013
133,23,3976.641642
134,13,5470.272513
134,14,4854.412630
134,15,4660.166215
134,16,4270.743386
134,17,4254.245659
134,19,4224.770404
134,20,4100.908841
134,21,4005.207013
134,23,3976.641642
135,13,5470.272513
135,14,4783.142333
135,15,4660.166215
135,16,4268.889379
135,17,4253.850251
135,19,4224.770404
135,20,4100.831439
135,21,4005.207013
135,23,3976.641642
136,13,5470.272513
136,14,4697.550196
136,15,4660.166215
136,16,4268.889379
136,17,4253.850251
136,19,4224.770404
136,20,4100.831439
136,21,4005.207013
136,22,3983.482638
136,23,3976.641642
137,13,5470.272513
137,14,4559.803350
137,16,4268.889379
137,17,4253.850251
137,19,4224.770404
137,20,4100.831439
137,21,4005.207013
137,22,3983.482638
137,23,3976.641642
138,13,5452.677246
138,14,4549.736536
138,16,4268.303901
138,17,4234.802710
138,19,4221.919785
138,20,4095.052897
138,21,4001.422978
138,22,3983.002083
138,23,3976.641642
139,13,5452.677246
139,14,4549.736536
139,16,4268.303901
139,17,4234.802710
139,19,4211.484871
139,20,4095.052897
139,21,4001.422978
139,22,3983.002083
139,23,3976.641642
140,13,5452.677246
140,14,4549.736536
140,16,4268.303901
140,17,4234.802710
140,19,4211.389800
140,20,4095.052897
140,21,4001.422978
140,22,3983.002083
140,23,3976.641642
141,13,5452.677246
141,14,4549.736536
141,16,4265.005147
141,17,4234.802710
141,19,4198.504786
141,20,4095.052897
141,21,4001.422978
141,22,3977.894466
141,23,3976.641642
142,13,5452.677246
142,14,4549.736536
142,16,4265.005147
142,17,4234.802710
142,19,4187.196812
142,20,4095.052897
142,21,4001.422978
142,22,3977.894466
142,23,3944.282043
143,13,5452.677246
143,14,4549.736536
143,16,4265.005147
143,17,4234.802710
143,19,4162.277480
143,20,4027.807874
143,21,4001.422978
143,22,3977.894466
143,23,3944.282043
144,13,5340.825028
144,14,4549.736536
144,16,4261.349624
144,17,4234.324031
144,18,4106.483832
144,19,4012.264892
144,21,3977.595447
144,23,3937.933687
145,13,5340.825028
145,14,4549.736536
145,15,4520.647890
145,16,4242.950749
145,17,4234.324031
145,18,4106.483832
145,19,4012.264892
145,21,3977.595447
145,23,3937.933687
146,13,5340.825028
146,14,4549.736536
146,15,4520.647890
146,16,4242.950749
146,17,4234.324031
146,18,4106.483832
146,19,4012.264892
146,21,3977.595447
146,23,3937.933687
147,13,5275.536338
147,14,4537.615625
147,15,4520.647890
147,16,4242.950749
147,17,4234.324031
147,18,4020.739437
147,19,4009.563744
147,21,3977.595447
147,23,3937.933687
148,13,5275.536338
148,14,4537.615625
148,15,4520.647890
148,16,4242.950749
148,17,4234.324031
148,18,4020.739437
148,19,4009.563744
148,21,3977.595447
148,23,3937.933687
149,13,5275.536338
149,14,4537.615625
149,15,4520.647890
149,16,4242.950749
149,17,4234.324031
149,18,4020.739437
149,19,4009.563744
149,21,3977.595447
149,23,3937.933687
150,13,5068.316082
150,14,4537.615625
150,15,4493.067124
150,16,4242.950749
150,17,4234.324031
150,18,4008.203201
150,21,3977.595447
150,23,3937.933687
151,13,5068.316082
151,14,4537.615625
151,15,4493.067124
151,16,4242.950749
151,17,4234.324031
151,18,4008.203201
151,21,3977.595447
151,23,3937.933687
152,13,5068.316082
152,14,4537.615625
152,15,4444.945542
152,16,4242.950749
152,17,4234.324031
152,18,4008.203201
152,21,3977.595447
152,23,3937.933687
153,13,5068.316082
153,14,4535.722175
153,15,4444.945542
153,16,4242.950749
153,17,4232.352361
153,18,4008.203201
153,20,3993.056401
153,21,3977.595447
153,22,3973.615093
153,23,3937.933687
154,13,5068.316082
154,14,4535.722175
154,15,4444.945542
154,16,4242.950749
154,17,4232.352361
154,18,4008.203201
154,20,3993.056401
154,21,3977.595447
154,22,3973.615093
154,23,3937.933687
155,13,5068.316082
155,14,4535.722175
155,15,4444.945542
155,16,4242.950749
155,17,4232.352361
155,18,4008.203201
155,20,3993.056401
155,21,3977.595447
155,22,3973.615093
155,23,3937.933687
156,13,5041.321656
156,14,4511.831809
156,15,4443.472968
156,16,4202.448819
156,18,4000.415399
156,20,3988.388509
156,21,3977.595447
156,22,3973.175401
156,23,3936.450826
157,13,5041.321656
157,14,4487.377568
157,15,4443.472968
157,16,4166.016819
157,18,4000.415399
157,20,3988.388509
157,21,3977.595447
157,22,3973.175401
157,23,3936.450826
158,13,5041.321656
158,14,4487.377568
158,15,4443.472968
158,16,4166.016819
158,18,4000.415399
158,19,3962.481470
158,23,3936.450826
159,13,4993.147806
159,14,4487.377568
159,15,4201.898833
159,16,4166.016819
159,18,3997.705955
159,19,3962.481470
159,23,3928.278885
160,13,4993.147806
160,14,4487.377568
160,15,4188.587099
160,16,4166.016819
160,18,3997.705955
160,19,3962.481470
160,23,3928.278885
161,13,4993.147806
161,14,4487.377568
161,15,4188.587099
161,16,4166.016819
161,18,3997.705955
161,19,3962.481470
161,23,3928.278885
162,13,4947.357858
162,14,4483.210082
162,15,4188.587099
162,16,4139.638505
162,18,3997.705955
162,19,3962.481470
162,23,3928.278885
163,13,4947.357858
163,14,4483.210082
163,15,4188.587099
163,16,4139.638505
163,18,3997.705955
163,19,3962.481470
163,23,3928.278885
164,13,4947.357858
164,14,4483.210082
164,15,4188.021578
164,16,4139.638505
164,18,3992.772675
164,19,3962.481470
164,23,3928.278885
165,13,4935.713282
165,14,4467.627450
165,15,4187.390158
165,16,4130.037659
165,18,3992.772675
165,19,3961.980904
165,23,3928.278885
166,13,4784.462505
166,14,4459.118763
166,15,4186.209222
166,16,4130.037659
166,17,3993.807071
166,18,3992.772675
166,19,3961.980904
166,23,3928.278885
167,13,4784.462505
167,14,4459.118763
167,15,4177.631300
167,16,4130.037659
167,17,3993.807071
167,18,3992.772675
167,19,3961.980904
167,23,3928.278885
168,13,4712.857265
168,14,4458.542462
168,15,4177.631300
168,16,4130.037659
168,17,3993.807071
168,18,3992.772675
168,19,3960.515230
168,23,3910.920256
169,13,4712.857265
169,14,4458.542462
169,15,4177.631300
169,16,4130.037659
169,17,3993.807071
169,18,3992.772675
169,19,3960.515230
169,23,3910.920256
170,13,4712.857265
170,14,4458.542462
170,15,4177.357357
170,16,4130.037659
170,17,3993.807071
170,18,3992.772675
170,19,3960.515230
170,23,3910.920256
171,13,4672.006027
171,14,4458.542462
171,15,4177.291968
171,16,4130.037659
171,17,3993.807071
171,18,3992.772675
171,19,3944.491835
171,20,3939.431201
171,23,3908.397429
172,13,4672.006027
172,14,4458.542462
172,15,4177.291968
172,16,4130.037659
172,17,3993.807071
172,18,3992.772675
172,19,3944.491835
172,20,3939.431201
172,23,3908.397429
173,13,4672.006027
173,14,4458.542462
173,15,4177.291968
173,16,4130.037659
173,17,3993.807071
173,18,3992.772675
173,19,3944.491835
173,20,3939.431201
173,23,3908.397429
174,13,4672.006027
174,14,4458.542462
174,15,4176.743674
174,16,4130.037659
174,17,3993.807071
174,18,3991.465052
174,19,3944.491835
174,20,3939.431201
174,23,3891.255652
175,13,4672.006027
175,14,4458.542462
175,15,4175.548283
175,16,4130.037659
175,17,3993.807071
175,18,3980.649704
175,19,3944.491835
175,20,3939.431201
175,23,3891.255652
176,13,4672.006027
176,14,4443.712487
176,15,4175.548283
176,16,4130.037659
176,17,3993.807071
176,18,3963.825616
176,19,3944.491835
176,20,3939.431201
176,23,3891.255652
177,13,4672.006027
177,14,4426.876570
177,15,4175.548283
177,16,4113.113953
177,17,3978.693409
177,18,3951.019718
177,19,3939.823943
177,20,3939.431201
177,23,3891.255652
178,13,4672.006027
178,14,4395.879184
178,15,4175.548283
178,16,4113.113953
178,17,3978.693409
178,18,3951.019718
178,19,3939.823943
178,20,3935.527800
178,23,3891.255652
179,13,4672.006027
179,14,4395.879184
179,15,4175.548283
179,16,4113.113953
179,17,3978.693409
179,18,3951.019718
179,19,3939.823943
179,20,3935.527800
179,23,3891.255652
180,13,4672.006027
180,14,4380.763600
180,15,4175.548283
180,16,3989.670206
180,17,3970.905606
180,18,3951.019718
180,19,3939.823943
180,20,3935.527800
180,23,3891.255652
181,13,4573.768883
181,14,4380.763600
181,15,4175.548283
181,16,3989.670206
181,17,3970.905606
181,18,3951.019718
181,19,3928.372894
181,23,3891.255652
182,13,4573.768883
182,14,4380.763600
182,15,4175.548283
182,16,3989.670206
182,17,3970.905606
182,18,3951.019718
182,19,3928.372894
182,23,3891.255652
183,13,4568.188863
183,14,4375.624049
183,15,4175.548283
183,16,3989.670206
183,17,3970.905606
183,18,3941.946047
183,19,3910.120256
183,21,3875.085338
184,13,4493.033370
184,14,4375.624049
184,15,4175.548283
184,16,3989.670206
184,17,3970.905606
184,18,3941.946047
184,19,3910.120256
184,21,3875.085338
185,13,4493.033370
185,14,4375.624049
185,15,4175.548283
185,16,3989.670206
185,17,3970.905606
185,18,3920.892648
185,19,3910.120256
185,21,3875.085338
186,13,4429.177176
186,14,4375.624049
186,15,4175.548283
186,16,3978.580678
186,17,3959.845908
186,18,3920.892648
186,19,3910.120256
186,21,3875.085338
187,13,4429.177176
187,14,4375.624049
187,15,4175.548283
187,16,3978.580678
187,17,3959.845908
187,18,3920.892648
187,19,3910.120256
187,21,3875.085338
188,13,4429.177176
188,14,4375.624049
188,15,4175.548283
188,16,3978.580678
188,17,3959.845908
188,18,3920.892648
188,19,3910.120256
188,21,3875.085338
189,13,4428.789872
189,14,4345.174473
189,15,4175.548283
189,16,3978.580678
189,17,3959.845908
189,18,3920.892648
189,19,3910.120256
189,21,3874.851917
190,13,4405.736704
190,14,4345.174473
190,15,4175.548283
190,16,3978.580678
190,17,3959.845908
190,18,3920.892648
190,19,3910.120256
190,21,3874.851917
191,13,4405.736704
191,14,4345.174473
191,15,4175.548283
191,16,3978.580678
191,17,3940.522132
191,18,3920.892648
191,19,3910.120256
191,21,3874.851917
192,13,4405.736704
192,14,4315.267655
192,15,4175.548283
192,16,3960.249893
192,17,3940.522132
192,18,3920.892648
192,19,3910.120256
192,21,3874.851917
193,13,4405.736704
193,14,4315.267655
193,15,4171.371146
193,16,3944.553638
193,17,3940.522132
193,18,3920.892648
193,19,3910.120256
193,21,3874.851917
194,13,4405.736704
194,14,4217.578571
194,15,4171.371146
194,16,3944.553638
194,17,3940.522132
194,18,3920.892648
194,19,3910.120256
194,21,3874.851917
195,13,4405.736704
195,14,4216.617071
195,15,4171.371146
195,16,3938.154338
195,18,3920.892648
195,19,3910.120256
195,21,3874.851917
196,12,4583.880863
196,13,4405.736704
196,14,4216.617071
196,15,4149.128390
196,16,3938.154338
196,18,3920.892648
196,19,3910.120256
196,21,3874.851917
197,12,4583.880863
197,13,4388.784004
197,14,4216.617071
197,15,4149.128390
197,16,3938.154338
197,18,3920.892648
197,19,3910.120256
197,21,3874.851917
198,12,4468.891345
198,13,4388.784004
198,14,4216.617071
198,15,4149.128390
198,16,3938.154338
198,18,3920.892648
198,19,3910.120256
198,21,3874.851917
199,12,4468.891345
199,13,4388.784004
199,14,4199.803021
199,15,4149.128390
199,16,3938.154338
199,18,3920.892648
199,19,3910.120256
199,21,3874.851917
200,12,4468.891345
200,13,4388.784004
200,14,4199.803021
200,15,4142.153755
200,16,3938.154338
200,18,3920.892648
200,19,3910.120256
200,21,3874.851917
201,12,4444.940934
201,13,4388.784004
201,14,4199.803021
201,15,4142.153755
201,16,3935.507604
201,17,3918.804088
201,19,3910.120256
201,21,3864.827149
202,12,4444.940934
202,13,4388.784004
202,14,4199.803021
202,15,4142.153755
202,16,3935.507604
202,17,3918.804088
202,19,3910.120256
202,21,3864.827149
203,12,4444.940934
203,13,4388.784004
203,14,4199.803021
203,15,4142.153755
203,16,3935.507604
203,17,3918.097118
203,19,3910.120256
203,21,3864.827149
204,12,4444.940934
204,13,4377.992689
204,14,4199.803021
204,15,4142.153755
204,16,3935.507604
204,17,3918.097118
204,19,3910.120256
204,21,3864.827149
205,12,4444.940934
205,13,4377.992689
205,14,4199.803021
205,15,4142.153755
205,16,3935.507604
205,17,3918.097118
205,19,3910.120256
205,21,3864.827149
206,12,4444.940934
206,13,4377.992689
206,14,4199.803021
206,15,4142.153755
206,16,3935.507604
206,17,3918.097118
206,19,3910.120256
206,21,3864.827149
207,12,4444.940934
207,13,4377.992689
207,14,4199.803021
207,15,4142.153755
207,16,3935.507604
207,17,3918.039728
207,19,3910.120256
207,21,3864.100063
208,12,4444.940934
208,13,4377.992689
208,14,4199.803021
208,15,4142.153755
208,16,3919.733042
208,17,3918.039728
208,19,3910.120256
208,20,3869.197361
208,21,3864.100063
209,12,4444.940934
209,13,4377.992689
209,14,4199.803021
209,15,4142.153755
209,16,3919.733042
209,17,3918.039728
209,19,3904.531857
209,20,3869.197361
209,21,3864.100063
210,12,4444.940934
210,13,4377.992689
210,14,4170.186339
210,15,4142.153755
210,16,3919.733042
210,17,3918.039728
210,18,3882.706517
210,20,3869.197361
210,21,3864.100063
211,12,4444.940934
211,13,4377.992689
211,14,4170.186339
211,15,3923.764548
211,16,3919.733042
211,17,3918.039728
211,18,3882.706517
211,20,3869.197361
211,21,3864.100063
212,12,4444.940934
212,13,4377.992689
212,14,4170.186339
212,15,3923.764548
212,16,3919.733042
212,17,3918.039728
212,18,3882.706517
212,20,3869.197361
212,21,3864.100063
213,12,4444.940934
213,13,4377.992689
213,14,4158.896245
213,15,3923.764548
213,16,3919.733042
213,17,3918.039728
213,18,3882.706517
213,20,3866.482303
213,21,3862.734695
214,12,4444.940934
214,13,4377.992689
214,14,4158.896245
214,15,3923.764548
214,16,3919.733042
214,17,3918.039728
214,18,3882.706517
214,20,3866.482303
214,21,3862.734695
215,12,4444.940934
215,13,4377.992689
215,14,4158.896245
215,15,3923.764548
215,16,3919.733042
215,17,3918.039728
215,18,3882.706517
215,20,3866.482303
215,21,3862.734695
216,12,4428.813447
216,13,4377.992689
216,14,4158.896245
216,15,3923.764548
216,16,3919.733042
216,17,3918.039728
216,18,3882.706517
216,19,3837.831172
217,12,4428.813447
217,13,4377.992689
217,14,4158.896245
217,15,3923.764548
217,16,3919.733042
217,17,3918.039728
217,18,3882.706517
217,19,3837.831172
218,12,4428.813447
218,13,4377.992689
218,14,4158.896245
218,15,3923.764548
218,16,3910.291179
218,18,3882.706517
218,19,3837.831172
219,12,4428.813447
219,13,4377.925293
219,14,4158.896245
219,15,3911.345831
219,16,3910.291179
219,18,3844.695932
219,19,3837.831172
220,12,4428.813447
220,13,4371.523370
220,14,4091.025282
220,15,3911.345831
220,16,3910.291179
220,18,3844.695932
220,19,3837.831172
221,12,4428.813447
221,13,4363.059329
221,14,4091.025282
221,15,3911.345831
221,16,3910.291179
221,18,3844.695932
221,19,3837.831172
222,12,4428.813447
222,13,4363.059329
222,14,4016.108157
222,15,3911.345831
222,16,3910.291179
222,18,3844.695932
222,19,3837.831172
223,12,4428.813447
223,13,4363.059329
223,14,4016.108157
223,15,3911.345831
223,16,3910.291179
223,18,3844.695932
223,19,3837.831172
224,12,4428.813447
224,13,4169.538351
224,14,4016.108157
224,15,3911.345831
224,16,3910.291179
224,18,3844.695932
224,19,3837.831172
225,12,4428.813447
225,13,4169.347443
225,14,4015.219142
225,15,3911.345831
225,16,3910.291179
225,18,3843.203688
225,19,3829.243676
226,12,4428.813447
226,13,4169.347443
226,14,4015.219142
226,15,3911.345831
226,16,3910.291179
226,18,3843.203688
226,19,3829.243676
227,12,4428.813447
227,13,4169.347443
227,14,4015.219142
227,15,3911.345831
227,16,3910.291179
227,18,3843.203688
227,19,3829.243676
228,12,4411.482905
228,13,4169.347443
228,14,4013.952436
228,15,3904.302712
228,18,3842.169148
228,19,3829.243676
229,12,4411.482905
229,13,4160.887883
229,14,4013.952436
229,15,3904.302712
229,18,3842.169148
229,19,3829.243676
230,12,4411.482905
230,13,4160.887883
230,14,4013.952436
230,15,3904.302712
230,18,3819.822354
231,12,4411.482905
231,13,4160.887883
231,14,4011.856008
231,15,3904.302712
231,18,3819.822354
232,12,4411.482905
232,13,4160.887883
232,14,4011.856008
232,15,3904.302712
232,18,3819.822354
233,12,4411.482905
233,13,4160.887883
233,14,4011.856008
233,15,3904.302712
233,18,3819.822354
233,23,3819.169927
234,12,4411.482905
234,13,4160.887883
234,14,4011.856008
234,15,3898.772580
234,18,3819.822354
234,23,3819.169927
235,12,4411.482905
235,13,4160.887883
235,14,4011.856008
235,15,3898.772580
235,18,3819.822354
235,23,3819.169927
236,12,4411.482905
236,13,4152.482727
236,14,4011.856008
236,15,3898.772580
236,18,3819.822354
236,23,3819.169927
237,12,4411.482905
237,13,4152.482727
237,14,4011.856008
237,15,3898.504222
237,18,3819.822354
237,23,3819.169927
238,12,4372.710648
238,13,4134.117710
238,14,4011.856008
238,15,3898.504222
238,18,3819.822354
238,23,3819.169927
239,12,4372.710648
239,13,4134.117710
239,14,4011.856008
239,15,3898.504222
239,18,3819.822354
239,23,3819.169927
240,12,4372.710648
240,13,4133.892596
240,14,4009.858957
240,15,3898.504222
240,18,3819.822354
240,23,3818.039443
241,12,4372.710648
241,13,4133.892596
241,14,4009.858957
241,15,3898.504222
241,17,3821.490639
241,18,3819.822354
241,23,3818.039443
242,12,4372.710648
242,13,4133.892596
242,14,4009.858957
242,15,3898.504222
242,17,3821.490639
242,18,3819.822354
242,23,3818.039443
243,12,4371.992322
243,13,4133.892596
243,14,4009.858957
243,15,3898.504222
243,17,3821.490639
243,18,3819.338330
243,23,3818.039443
244,12,4371.992322
244,13,4133.892596
244,14,4009.858957
244,15,3896.373477
244,17,3821.490639
244,18,3819.338330
244,23,3818.039443
245,12,4371.992322
245,13,4133.892596
245,14,4009.858957
245,15,3896.373477
245,17,3810.602113
246,12,4356.283254
246,13,4133.892596
246,14,4009.858957
246,15,3890.130001
246,17,3810.602113
247,12,4356.283254
247,13,4133.892596
247,14,3988.912846
247,15,3890.130001
247,17,3810.602113
248,12,4356.283254
248,13,4133.892596
248,14,3988.912846
248,15,3890.130001
248,17,3810.602113
249,12,4297.843145
249,13,4127.631757
249,14,3988.912846
249,15,3890.130001
249,17,3810.602113
250,12,4297.843145
250,13,4127.631757
250,14,3982.239651
250,15,3890.130001
250,17,3810.602113
251,12,4297.843145
251,13,4125.521646
251,14,3962.502171
251,15,3890.130001
251,17,3810.602113
251,18,3800.315925
252,12,4278.321140
252,13,4055.783599
252,14,3957.196928
252,15,3890.130001
252,17,3796.442367
253,12,4278.321140
253,13,4055.783599
253,14,3957.196928
253,15,3890.130001
253,17,3796.442367
254,11,4462.325654
254,12,4239.057959
254,13,4055.783599
254,14,3957.196928
254,15,3890.130001
254,17,3796.442367
255,11,4448.693266
255,12,4239.057959
255,13,3983.052491
255,14,3925.628185
255,15,3890.130001
255,17,3794.939889
256,11,4448.693266
256,12,4239.057959
256,13,3983.052491
256,14,3925.628185
256,15,3890.130001
256,17,3794.939889
257,11,4448.693266
257,12,4239.057959
257,13,3983.052491
257,14,3925.628185
257,15,3890.130001
257,16,3886.098494
257,17,3794.939889
258,11,4318.708775
258,12,4239.057959
258,13,3980.301085
258,14,3925.566976
258,15,3890.130001
258,16,3886.098494
258,17,3794.939889
259,11,4318.708775
259,12,4239.057959
259,13,3980.301085
259,14,3925.566976
259,15,3881.631630
259,17,3794.939889
260,11,4318.708775
260,12,4239.057959
260,13,3980.301085
260,14,3925.566976
260,15,3881.631630
260,17,3794.939889
261,11,4318.708775
261,12,4239.057959
261,13,3980.301085
261,14,3913.221629
261,15,3881.631630
261,17,3794.939889
262,11,4318.708775
262,12,4239.057959
262,13,3980.301085
262,14,3913.221629
262,15,3881.631630
262,17,3794.939889
263,11,4318.708775
263,12,4239.057959
263,13,3980.301085
263,14,3913.221629
263,15,3881.631630
263,16,3877.600124
263,17,3794.939889
264,11,4314.844259
264,12,4239.057959
264,13,3974.757242
264,14,3913.221629
264,15,3881.631630
264,16,3876.764671
264,17,3794.939889
265,11,4314.844259
265,12,4239.057959
265,13,3974.757242
265,14,3913.221629
265,15,3881.631630
265,16,3876.764671
265,17,3794.939889
266,11,4314.844259
266,12,4216.024206
266,13,3974.757242
266,14,3913.221629
266,15,3881.631630
266,16,3876.764671
266,17,3794.939889
267,11,4306.714337
267,12,4216.024206
267,13,3974.757242
267,14,3911.616208
267,15,3881.631630
267,16,3876.764671
267,17,3792.215085
268,11,4306.714337
268,12,4216.024206
268,13,3974.757242
268,14,3911.616208
268,15,3881.631630
268,16,3876.764671
268,17,3792.215085
269,11,4279.521371
269,12,4216.024206
269,13,3974.757242
269,14,3911.616208
269,15,3881.631630
269,16,3876.764671
269,17,3792.215085
270,11,4279.521371
270,12,4216.024206
270,13,3972.025295
270,14,3909.988072
270,15,3865.200330
270,17,3780.003876
271,11,4279.521371
271,12,4216.024206
271,13,3972.025295
271,14,3909.988072
271,15,3852.145168
271,17,3780.003876
272,11,4253.803801
272,12,4216.024206
272,13,3972.025295
272,14,3909.988072
272,15,3852.145168
272,17,3780.003876
273,11,4253.803801
273,12,4216.024206
273,13,3970.559621
273,14,3909.988072
273,15,3847.436912
273,17,3780.003876
274,11,4253.803801
274,12,4216.024206
274,13,3970.559621
274,14,3909.988072
274,15,3847.436912
274,17,3780.003876
275,11,4253.803801
275,12,4216.024206
275,13,3970.559621
275,14,3909.988072
275,15,3847.436912
275,17,3780.003876
276,11,4253.803801
276,12,4216.024206
276,13,3960.500222
276,14,3909.988072
276,15,3847.436912
276,17,3780.003876
277,11,4253.803801
277,12,4216.024206
277,13,3960.500222
277,14,3909.988072
277,15,3847.436912
277,17,3780.003876
278,11,4253.803801
278,12,4216.024206
278,13,3960.500222
278,14,3909.988072
278,15,3847.436912
278,17,3780.003876
279,11,4252.628870
279,12,4192.605054
279,13,3958.825558
279,14,3909.988072
279,15,3847.436912
279,17,3780.003876
280,11,4252.628870
280,12,4192.605054
280,13,3958.825558
280,14,3909.988072
280,15,3847.436912
280,17,3780.003876
281,11,4252.628870
281,12,4192.605054
281,13,3958.825558
281,14,3909.988072
281,15,3847.436912
281,17,3780.003876
282,11,4252.628870
282,12,4192.605054
282,13,3958.656287
282,14,3909.988072
282,15,3846.455254
282,17,3780.003876
283,11,4236.352873
283,12,4192.605054
283,13,3958.656287
283,14,3909.988072
283,15,3846.455254
283,17,3780.003876
284,11,4236.352873
284,12,4192.605054
284,13,3958.656287
284,14,3909.988072
284,15,3846.455254
284,17,3780.003876
285,11,4236.352873
285,12,4192.605054
285,13,3948.208062
285,14,3903.019116
285,15,3846.455254
285,17,3780.003876
286,11,4233.356866
286,12,4192.605054
286,13,3948.208062
286,14,3903.019116
286,15,3846.455254
286,17,3780.003876
287,11,4233.356866
287,12,4192.605054
287,13,3948.208062
287,14,3903.019116
287,15,3846.455254
287,17,3780.003876
288,11,4233.356866
288,12,4190.605388
288,13,3944.778978
288,14,3903.019116
288,15,3846.455254
288,17,3780.003876
289,11,4233.356866
289,12,4094.918622
289,13,3944.778978
289,14,3903.019116
289,15,3846.455254
289,17,3780.003876
290,11,4227.691183
290,12,4094.918622
290,13,3944.778978
290,14,3903.019116
290,15,3846.455254
290,16,3842.547061
290,17,3780.003876
291,11,4217.152605
291,12,4094.918622
291,13,3944.778978
291,14,3903.019116
291,15,3846.455254
291,16,3842.547061
291,17,3780.003876
292,11,4214.107147
292,12,4094.918622
292,13,3944.778978
292,14,3899.950728
292,15,3846.455254
292,16,3842.547061
292,17,3780.003876
293,11,4214.107147
293,12,4094.918622
293,13,3944.778978
293,14,3899.950728
293,15,3846.455254
293,16,3842.547061
293,17,3780.003876
294,11,4186.751656
294,12,4094.918622
294,13,3944.645810
294,14,3899.950728
294,15,3846.455254
294,16,3842.547061
294,17,3780.003876
295,11,4186.751656
295,12,4094.918622
295,13,3942.226311
295,14,3899.950728
295,15,3846.455254
295,16,3841.125916
295,17,3780.003876
296,11,4186.751656
296,12,4094.918622
296,13,3942.226311
296,14,3899.950728
296,15,3846.455254
296,16,3841.125916
296,17,3780.003876
297,11,4184.353171
297,12,4071.472885
297,13,3942.226311
297,14,3899.950728
297,15,3846.455254
297,16,3841.125916
297,17,3780.003876
298,11,4184.353171
298,12,4053.200123
298,13,3942.226311
298,14,3899.950728
298,15,3846.455254
298,16,3841.125916
298,17,3780.003876
299,11,4184.353171
299,12,4053.200123
299,13,3942.226311
299,14,3899.950728
299,15,3846.455254
299,16,3841.125916
299,17,3780.003876
300,11,4184.353171
300,12,4049.073790
300,13,3938.837592
300,14,3899.950728
300,15,3846.455254
300,16,3841.125916
300,17,3780.003876
301,11,4184.353171
301,12,4044.241105
301,13,3938.837592
301,14,3899.950728
301,15,3846.455254
301,16,3841.125916
301,17,3780.003876
302,11,4184.353171
302,12,4044.241105
302,13,3938.837592
302,14,3899.950728
302,15,3846.455254
302,16,3841.125916
302,17,3780.003876
303,11,4184.353171
303,12,4044.241105
303,13,3938.837592
303,14,3879.524538
303,15,3845.930871
303,16,3841.125916
303,17,3780.003876
304,11,4184.353171
304,12,4044.241105
304,13,3938.837592
304,14,3879.524538
304,15,3845.930871
304,16,3841.125916
304,17,3780.003876
305,11,4184.353171
305,12,4044.241105
305,13,3938.837592
305,14,3879.524538
305,15,3845.930871
305,16,3841.125916
305,17,3780.003876
306,11,4172.326236
306,12,4014.122237
306,13,3938.837592
306,14,3879.524538
306,15,3845.930871
306,16,3841.125916
306,17,3780.003876
307,11,4172.326236
307,12,4014.122237
307,13,3938.837592
307,14,3867.688097
307,15,3845.930871
307,16,3841.125916
307,17,3780.003876
308,11,4172.326236
308,12,4014.122237
308,13,3938.837592
308,14,3867.688097
308,15,3845.930871
308,16,3841.125916
308,17,3780.003876
309,11,4172.326236
309,12,4013.131336
309,13,3936.528167
309,14,3867.688097
309,15,3845.930871
309,16,3840.956488
309,17,3780.003876
310,11,4157.813952
310,12,4013.131336
310,13,3936.528167
310,14,3867.688097
310,15,3845.930871
310,16,3840.956488
310,17,3780.003876
311,11,4157.813952
311,12,4013.131336
311,13,3936.528167
311,14,3867.688097
311,15,3845.930871
311,16,3840.956488
311,17,3780.003876
312,11,4157.813952
312,12,4012.532829
312,13,3936.528167
312,14,3867.688097
312,15,3845.930871
312,16,3840.956488
312,17,3780.003876
313,11,4157.813952
313,12,4012.532829
313,13,3936.528167
313,14,3864.346085
313,15,3845.930871
313,16,3840.956488
313,17,3780.003876
314,11,4157.813952
314,12,4012.532829
314,13,3936.528167
314,14,3864.346085
314,15,3845.930871
314,16,3840.956488
314,17,3780.003876
315,11,4157.813952
315,12,4012.532829
315,13,3936.528167
315,14,3864.346085
315,15,3845.930871
315,16,3840.956488
315,17,3766.004079
316,11,4157.813952
316,12,4012.532829
316,13,3936.528167
316,14,3864.346085
316,15,3845.930871
316,16,3840.956488
316,17,3766.004079
317,11,4157.813952
317,12,4012.532829
317,13,3936.528167
317,14,3864.346085
317,15,3845.930871
317,16,3840.956488
317,17,3766.004079
318,11,4156.461051
318,12,3994.372882
318,13,3936.528167
318,14,3864.346085
318,15,3845.930871
318,16,3840.956488
318,17,3766.004079
318,18,3761.155996
319,11,4156.461051
319,12,3994.372882
319,13,3936.528167
319,14,3864.346085
319,15,3845.930871
319,16,3840.956488
319,17,3766.004079
319,18,3761.155996
320,11,4146.568970
320,12,3994.372882
320,13,3936.528167
320,14,3864.346085
320,15,3845.930871
320,16,3840.956488
320,17,3766.004079
320,18,3761.155996
321,11,4146.568970
321,12,3994.372882
321,13,3936.528167
321,14,3864.176656
321,15,3845.930871
321,16,3840.956488
321,17,3766.004079
321,18,3760.911668
322,11,4146.568970
322,12,3994.372882
322,13,3936.528167
322,14,3864.176656
322,15,3845.930871
322,16,3840.956488
322,17,3766.004079
322,18,3760.911668
323,11,4146.568970
323,12,3994.372882
323,13,3914.920439
323,14,3864.176656
323,15,3845.930871
323,16,3840.956488
323,17,3766.004079
323,18,3760.911668
324,11,4145.873521
324,12,3994.372882
324,13,3914.920439
324,14,3864.176656
324,15,3845.930871
324,16,3840.956488
324,17,3766.004079
324,18,3760.101533
325,11,4145.873521
325,12,3994.372882
325,13,3914.920439
325,14,3864.176656
325,15,3845.930871
325,16,3840.956488
325,17,3766.004079
325,18,3760.101533
326,11,4145.873521
326,12,3994.372882
326,13,3914.063771
326,14,3864.176656
326,15,3845.930871
326,16,3840.956488
326,17,3766.004079
326,18,3760.101533
