Generation,NV,TOC
1,59,26521.695210
1,69,23987.272142
1,73,23757.621941
1,75,22755.925687
1,78,22502.020548
1,79,22390.701628
1,107,21656.510097
1,115,21598.615170
1,116,21586.084480
1,118,21579.953915
1,119,21529.670423
1,120,21483.020215
1,122,21474.387588
1,125,21235.066754
2,59,25740.391256
2,69,23987.272142
2,71,23361.809234
2,74,22353.048545
2,79,22160.595850
2,92,21939.535044
2,104,21751.972417
2,107,21656.510097
2,112,21415.778404
2,121,21254.644116
2,122,21188.866483
3,59,25740.391256
3,63,24421.768797
3,67,23861.865374
3,69,23179.602802
3,72,22982.264939
3,74,22353.048545
3,79,22160.595850
3,81,21970.560050
3,88,21786.140751
3,98,21529.230535
3,99,21483.318393
3,110,21448.088167
3,112,21415.778404
3,117,21377.770518
3,120,21240.268213
3,122,21188.866483
3,129,20984.811660
3,131,20863.872309
4,59,25740.391256
4,61,25271.928108
4,63,24167.695193
4,66,23914.007020
4,67,23861.865374
4,69,23179.602802
4,71,23162.830179
4,72,22982.264939
4,74,22353.048545
4,79,22002.996916
4,81,21970.560050
4,85,21447.477725
4,106,21361.848723
4,108,21317.408696
4,110,21203.301456
4,111,21166.761929
4,116,20756.364075
4,118,20741.146365
5,59,25740.391256
5,60,25637.006265
5,61,24878.864001
5,63,24167.695193
5,66,23914.007020
5,67,23347.637232
5,69,23179.602802
5,71,23162.830179
5,72,22978.450399
5,74,22353.048545
5,78,21604.805717
5,85,21447.477725
5,93,21443.290822
5,105,21370.515347
5,106,21361.848723
5,107,20790.307621
5,116,20756.364075
5,118,20741.146365
5,122,20718.443595
5,133,20566.295225
6,57,25331.983737
6,59,25171.505604
6,61,24878.864001
6,62,23309.247993
6,65,22484.859717
6,74,22280.954375
6,78,21604.805717
6,84,21435.744620
6,96,21429.446686
6,102,20794.124890
6,104,20789.600434
6,109,20768.593733
6,116,20756.364075
6,118,20522.795005
6,119,20514.813713
6,122,20184.206772
7,54,26580.432550
7,56,25591.644798
7,57,25331.983737
7,59,25171.505604
7,61,24878.864001
7,62,23038.431546
7,63,22895.679182
7,65,22475.947042
7,73,21829.584432
7,78,21604.805717
7,84,21435.744620
7,88,21377.077135
7,90,21214.985318
7,92,21189.168911
7,97,21171.007508
7,98,20969.173382
7,99,20913.922274
7,102,20794.124890
7,104,20395.070163
7,114,20375.854866
7,116,20372.915729
7,119,20305.227691
7,120,20251.131245
7,122,20119.584664
7,123,19865.019787
8,54,26580.432550
8,56,25061.489225
8,59,24639.097604
8,62,23038.431546
8,63,22895.679182
8,65,22475.947042
8,69,22456.425020
8,73,21829.584432
8,75,21368.343762
8,81,21150.289961
8,86,21115.029040
8,98,20969.173382
8,99,20649.242293
8,104,20395.070163
8,110,20385.621137
8,114,20375.854866
8,116,20238.757628
8,119,20164.551278
8,120,19733.835341
9,54,25969.918568
9,56,25061.489225
9,58,24583.092829
9,61,23882.901881
9,62,23038.431546
9,63,22895.679182
9,65,22475.947042
9,69,22456.425020
9,73,21578.726801
9,74,21153.311308
9,79,20549.067105
9,98,20412.988531
9,104,20323.999846
9,108,19807.419765
9,111,19326.274608
9,117,19188.503723
10,54,23776.150087
10,62,22649.107501
10,65,22475.947042
10,69,22456.425020
10,70,22184.029293
10,72,22016.713038
10,73,21006.968270
10,79,20549.067105
10,80,20514.873952
10,96,20479.747256
10,98,20412.988531
10,101,20398.529344
10,102,20302.892756
10,108,19807.419765
10,110,19234.769070
10,111,19060.649065
11,54,23776.150087
11,62,22507.006462
11,63,22135.702459
11,68,21963.866779
11,71,21660.293927
11,73,21006.968270
11,77,20247.980216
11,100,19953.474338
11,108,19807.419765
11,110,19234.769070
11,111,18736.852229
12,54,23776.150087
12,61,22326.586529
12,63,22135.702459
12,66,22127.087735
12,68,21963.866779
12,69,21870.890321
12,70,21569.419047
12,72,21032.385779
12,73,20973.942784
12,77,20247.980216
12,79,20110.185040
12,92,19799.613314
12,107,19214.240853
12,111,18736.852229
13,54,23776.150087
13,57,23408.006454
13,60,23253.805449
13,61,22326.586529
13,63,22135.702459
13,64,22042.713444
13,65,21933.779962
13,66,21923.292478
13,67,21180.855958
13,69,20748.660787
13,70,20476.239875
13,76,20021.643672
13,77,19957.965465
13,92,19537.804211
13,98,19264.078648
13,107,19214.240853
13,108,18656.852116
14,54,23776.150087
14,56,23519.805456
14,57,23009.673095
14,59,22557.422583
14,61,22326.586529
14,63,21871.803388
14,67,21180.855958
14,69,19823.595440
14,92,19537.804211
14,98,19264.078648
14,106,19124.713367
14,107,19022.013963
14,108,18656.852116
15,54,23776.150087
15,56,23519.805456
15,57,23009.673095
15,58,22797.628379
15,59,22557.422583
15,61,22326.586529
15,63,21871.803388
15,67,21180.855958
15,68,20897.257021
15,69,19823.595440
15,71,19815.229325
15,92,19537.804211
15,94,19158.344982
15,105,19144.343173
15,106,18825.813393
15,108,18656.852116
16,52,24873.132183
16,53,24699.504335
16,54,23776.150087
16,55,23523.933898
16,56,23519.805456
16,57,23009.673095
16,58,22797.628379
16,59,22557.422583
16,61,22326.586529
16,62,21745.529999
16,64,21702.807035
16,67,21180.855958
16,68,20897.257021
16,69,19823.595440
16,71,19815.229325
16,92,19537.804211
16,94,19158.344982
16,105,19144.343173
16,106,18825.813393
16,108,18656.852116
17,52,24873.132183
17,53,24266.868955
17,54,23776.150087
17,55,22361.664468
17,61,22326.586529
17,62,21626.696016
17,63,21616.978631
17,66,21578.431842
17,67,21180.855958
17,68,20897.257021
17,69,19671.522298
17,77,19522.407653
17,82,19433.349507
17,88,19199.259269
17,94,19158.344982
17,96,18830.335745
17,104,18657.749695
17,107,18507.849081
17,112,18376.348541
18,52,24873.132183
18,53,24266.868955
18,54,23142.958933
18,55,22361.664468
18,61,22032.797648
18,62,21626.696016
18,63,21093.360302
18,66,20816.411689
18,68,20680.118037
18,69,19671.522298
18,77,19522.407653
18,82,19433.349507
18,88,19199.259269
18,94,19158.344982
18,96,18830.335745
18,103,18775.616596
18,104,18657.749695
18,107,18507.849081
18,112,18376.348541
19,52,24873.132183
19,53,24254.486038
19,54,23142.958933
19,55,22361.664468
19,61,22032.797648
19,62,21135.042409
19,63,21093.360302
19,66,20816.411689
19,68,20680.118037
19,69,19671.522298
19,76,19097.424561
19,90,18903.774724
19,96,18830.335745
19,103,18775.616596
19,104,18657.749695
19,107,18507.849081
19,112,18376.348541
20,52,24873.132183
20,53,24254.486038
20,54,23142.958933
20,55,22361.664468
20,58,22011.040511
20,61,21162.343838
20,62,21135.042409
20,63,21093.360302
20,66,20816.411689
20,67,20598.058841
20,69,19671.522298
20,76,19097.424561
20,90,18903.774724
20,91,18611.730303
20,106,18488.626960
20,112,18376.348541
21,52,24502.983173
21,53,24254.486038
21,54,23142.958933
21,55,22361.664468
21,58,22011.040511
21,61,21162.343838
21,62,21135.042409
21,63,21093.360302
21,66,20816.411689
21,67,20598.058841
21,69,19671.522298
21,76,19097.424561
21,90,18903.774724
21,91,18611.730303
21,106,18488.626960
21,112,18376.348541
22,52,23611.527421
22,53,22866.416868
22,55,22361.664468
22,58,22011.040511
22,60,21997.630524
22,61,21162.343838
22,62,21135.042409
22,63,20985.544335
22,66,20816.411689
22,67,20598.058841
22,69,19671.522298
22,76,19097.424561
22,90,18903.774724
22,91,18611.730303
22,105,18451.159865
22,110,18384.621154
22,112,18376.348541
23,52,23389.196504
23,53,22866.416868
23,54,22855.280173
23,55,22361.664468
23,58,22011.040511
23,60,21138.945847
23,62,21135.042409
23,63,20985.544335
23,66,20816.411689
23,67,20598.058841
23,69,19671.522298
23,72,19606.281185
23,74,19583.965076
23,76,19009.156859
23,90,18903.774724
23,91,18611.730303
23,104,18330.177803
24,52,23389.196504
24,53,22651.138733
24,54,22501.013863
24,55,22137.124108
24,58,20812.681349
24,62,19908.642956
24,68,19549.470227
24,74,18945.027570
24,82,18623.718897
24,89,18572.342918
24,104,18243.240684
24,106,17988.261002
25,51,23471.630896
25,52,22821.985317
25,53,22388.340003
25,54,22078.079086
25,55,21998.770316
25,58,20812.681349
25,62,19908.642956
25,68,19549.470227
25,74,18945.027570
25,82,18623.718897
25,89,18572.342918
25,104,18085.079664
25,106,17988.261002
26,51,23471.630896
26,52,22574.523881
26,53,22388.340003
26,54,22044.645787
26,55,21804.801664
26,58,20812.681349
26,61,19628.435353
26,68,19549.470227
26,74,18945.027570
26,82,18623.718897
26,89,18572.342918
26,94,18411.539224
26,97,18332.646307
26,104,17978.698384
27,51,23471.630896
27,52,22574.523881
27,53,22008.832981
27,55,21804.801664
27,57,21323.034756
27,58,20812.681349
27,61,19628.435353
27,62,19609.633911
27,68,19549.470227
27,74,18945.027570
27,82,18623.718897
27,89,18572.342918
27,94,18411.539224
27,97,18332.646307
27,98,18194.681901
27,102,17947.667766
27,104,17882.430651
27,106,17864.103935
28,51,22847.754558
28,52,22574.523881
28,53,22008.832981
28,55,21761.927971
28,57,20731.507786
28,60,19483.075129
28,62,19414.327710
28,65,19242.205988
28,72,18814.459877
28,80,18107.982315
28,99,17765.065235
29,50,22617.182899
29,51,22511.244964
29,52,22400.110703
29,53,22008.832981
29,54,21425.818443
29,55,21102.756156
29,57,20731.507786
29,59,19966.834694
29,60,19483.075129
29,62,19414.327710
29,65,19242.205988
29,72,18814.459877
29,80,18107.982315
29,99,17765.065235
30,50,22617.182899
30,51,22511.244964
30,52,22007.190523
30,53,21887.574097
30,54,21425.818443
30,55,21102.756156
30,57,20731.507786
30,59,19966.834694
30,60,19483.075129
30,62,19414.327710
30,65,19242.205988
30,66,19129.860129
30,71,19087.833521
30,72,18814.459877
30,80,18107.982315
30,98,17878.477292
30,99,17765.065235
31,50,22617.182899
31,51,22511.244964
31,52,22007.190523
31,53,21887.574097
31,54,21425.818443
31,55,20986.519798
31,56,20946.432723
31,57,20230.705975
31,59,19966.834694
31,60,19483.075129
31,62,19414.327710
31,65,19242.205988
31,66,19129.860129
31,71,19087.833521
31,72,18814.459877
31,77,18319.924664
31,80,18107.982315
31,93,18085.365949
31,98,17878.477292
31,99,17765.065235
32,50,22431.312854
32,52,21986.780335
32,53,21887.574097
32,54,21425.818443
32,55,20986.519798
32,56,20946.432723
32,57,20230.705975
32,59,19966.834694
32,60,19483.075129
32,62,19257.467265
32,64,19127.918097
32,65,18947.868187
32,72,18659.024537
32,76,17997.633458
32,97,17873.251411
32,99,17652.613985
33,50,22431.312854
33,52,21590.919324
33,53,21452.063979
33,54,21425.818443
33,55,20986.519798
33,56,20632.317929
33,57,20230.705975
33,59,19966.834694
33,60,19483.075129
33,62,19257.467265
33,64,19127.918097
33,65,18947.868187
33,69,18711.141624
33,72,18659.024537
33,76,17997.633458
33,97,17873.251411
33,99,17652.613985
34,50,22116.977846
34,51,21411.993329
34,55,20986.519798
34,56,20632.317929
34,57,20230.705975
34,59,19966.834694
34,60,19483.075129
34,62,19257.467265
34,64,19127.918097
34,65,18947.868187
34,66,18933.776739
34,67,18876.756735
34,68,18531.583768
34,76,17997.633458
34,97,17873.251411
34,99,17652.613985
35,50,22116.977846
35,51,21411.993329
35,52,21266.891995
35,54,21208.405407
35,55,20986.519798
35,56,20560.230119
35,57,20230.705975
35,59,19966.834694
35,60,19483.075129
35,61,19115.495900
35,65,18947.868187
35,66,18760.324389
35,68,18531.583768
35,76,17997.633458
35,97,17873.251411
35,99,17652.613985
35,102,17585.886917
36,50,22116.977846
36,51,21411.993329
36,52,21266.891995
36,54,21208.405407
36,55,20925.406549
36,56,19458.951712
36,60,18769.065872
36,64,18725.976585
36,65,18379.184647
36,75,17906.100956
36,89,17552.207139
36,100,17430.577851
37,50,22116.977846
37,51,21410.114475
37,52,21266.891995
37,53,20503.906764
37,56,19458.951712
37,60,18769.065872
37,64,18725.976585
37,65,18379.184647
37,70,18300.055606
37,72,18217.600977
37,75,17906.100956
37,89,17552.207139
37,100,17430.577851
38,50,22116.977846
38,51,21410.114475
38,52,21045.203246
38,53,20503.906764
38,56,19458.951712
38,60,18769.065872
38,63,18764.453634
38,64,18725.976585
38,65,18379.184647
38,70,18300.055606
38,72,18217.600977
38,75,17906.100956
38,89,17552.207139
38,100,17430.577851
39,50,22116.977846
39,51,21032.762894
39,52,20951.010235
39,53,20279.393461
39,55,19504.074991
39,56,19458.951712
39,57,19307.781905
39,60,18769.065872
39,63,18764.453634
39,64,18725.976585
39,65,18379.184647
39,70,18200.581402
39,75,17906.100956
39,86,17686.310060
39,89,17552.207139
39,100,17430.577851
40,50,22116.977846
40,51,21032.762894
40,52,20824.694636
40,53,20279.393461
40,54,19595.616505
40,55,19504.074991
40,56,19458.951712
40,57,19307.781905
40,60,18769.065872
40,63,18764.453634
40,64,18725.976585
40,65,18379.184647
40,68,18303.827335
40,70,18200.581402
40,75,17906.100956
40,81,17868.371711
40,86,17686.310060
40,89,17552.207139
40,100,17430.577851
41,50,20695.367239
41,52,20362.068740
41,53,20279.393461
41,54,19121.194799
41,59,18623.879827
41,64,18382.591499
41,65,18379.184647
41,68,18303.827335
41,70,18200.581402
41,75,17906.100956
41,81,17868.371711
41,86,17686.310060
41,89,17552.207139
41,100,17430.577851
42,50,20695.367239
42,52,20362.068740
42,53,20142.190545
42,54,19121.194799
42,59,18623.879827
42,63,18588.209346
42,64,18382.591499
42,65,18379.184647
42,68,18303.827335
42,69,18165.315492
42,71,17918.193452
42,75,17906.100956
42,81,17868.371711
42,82,17866.317760
42,83,17687.123452
42,84,17629.510327
42,89,17552.207139
42,100,17430.577851
43,49,20471.917993
43,52,20362.068740
43,53,20142.190545
43,54,19121.194799
43,59,18623.879827
43,63,18168.774629
43,67,18138.072928
43,69,18021.479648
43,71,17918.193452
43,74,17823.564970
43,83,17687.123452
43,84,17629.510327
43,89,17552.207139
43,98,17435.421198
43,100,17430.577851
44,49,20471.917993
44,51,20353.717665
44,53,19970.022937
44,54,19121.194799
44,58,18552.825546
44,63,18168.774629
44,67,17983.800980
44,71,17918.193452
44,72,17642.489025
44,82,17560.193003
44,83,17553.475383
44,87,17445.238986
44,98,17355.329261
45,49,20469.614038
45,51,20353.717665
45,53,19463.021256
45,54,19121.194799
45,58,18552.825546
45,59,18535.790843
45,62,18147.239665
45,67,17983.800980
45,68,17578.049075
45,79,17432.675254
45,98,17355.329261
46,49,20469.614038
46,50,19195.926330
46,54,19121.194799
46,56,19095.221857
46,58,18552.825546
46,59,18461.643444
46,61,17978.092663
46,68,17578.049075
46,70,17161.526299
47,48,20957.991151
47,49,20469.614038
47,50,19195.926330
47,53,18846.593134
47,58,18289.760146
47,61,17978.092663
47,68,17578.049075
47,70,17161.526299
48,48,20806.452086
48,49,20239.375910
48,50,19100.925501
48,52,18643.044282
48,58,18175.227914
48,61,17978.092663
48,68,17578.049075
48,70,16908.916576
49,48,20806.452086
49,49,20239.375910
49,50,19100.925501
49,52,18643.044282
49,58,18175.227914
49,59,17803.692648
49,68,17578.049075
49,70,16908.916576
50,48,20806.452086
50,49,20239.375910
50,50,19100.925501
50,52,18643.044282
50,58,18175.227914
50,59,17803.692648
50,68,17578.049075
50,70,16908.916576
51,48,20806.452086
51,49,20239.375910
51,50,19100.925501
51,52,18643.044282
51,57,18415.009900
51,58,18175.227914
51,59,17803.692648
51,68,17578.049075
51,70,16908.916576
52,48,20115.219037
52,49,20050.986132
52,50,19077.394131
52,52,18440.984030
52,57,18248.336303
52,58,17738.334562
52,67,17495.880911
52,70,16908.916576
52,71,16738.437132
53,48,20115.219037
53,49,20050.986132
53,50,19077.394131
53,52,18440.984030
53,56,18261.606855
53,57,18248.336303
53,58,17738.334562
53,67,17495.880911
53,70,16908.916576
53,71,16738.437132
53,76,16672.168865
54,48,20103.855657
54,49,20050.986132
54,50,19077.394131
54,51,19040.152201
54,52,18440.984030
54,56,18193.818167
54,58,17738.334562
54,67,17495.880911
54,69,16765.514503
54,71,16738.437132
54,72,16730.986366
54,76,16672.168865
55,47,20595.093266
55,48,20103.855657
55,49,19997.569739
55,50,19077.394131
55,51,19040.152201
55,52,18440.984030
55,55,18360.621417
55,56,18193.818167
55,57,18125.582346
55,58,17738.334562
55,67,17495.880911
55,69,16765.514503
55,71,16738.437132
55,72,16730.986366
55,73,16717.947893
55,74,16707.352213
55,76,16672.168865
56,47,20595.093266
56,48,20103.855657
56,49,19997.569739
56,50,19077.394131
56,51,19040.152201
56,52,18440.984030
56,55,18360.621417
56,56,18193.818167
56,57,17688.142699
56,59,17544.347719
56,61,17017.775883
56,67,16609.958083
57,47,20547.542133
57,48,20103.855657
57,49,19997.569739
57,50,19077.394131
57,51,19040.152201
57,52,18440.984030
57,54,18099.952096
57,57,17688.142699
57,59,17544.347719
57,61,17017.775883
57,67,16609.958083
57,72,16578.804362
58,47,20547.542133
58,48,20103.855657
58,49,19997.569739
58,50,19077.394131
58,51,18898.725033
58,52,18440.984030
58,54,18099.952096
58,55,17910.438241
58,57,17688.142699
58,59,17544.347719
58,61,17017.775883
58,67,16609.958083
58,72,16520.614118
59,47,20547.542133
59,48,19942.897112
59,50,19077.394131
59,51,18898.725033
59,52,18440.984030
59,54,18099.952096
59,55,17910.438241
59,57,17688.142699
59,59,17544.347719
59,61,17017.775883
59,67,16609.958083
59,72,16520.614118
60,47,20547.542133
60,48,19942.897112
60,49,19399.803480
60,50,19072.722532
60,51,18898.725033
60,52,18421.103213
60,54,18021.114210
60,55,17848.202364
60,56,17324.629877
60,61,16908.562916
60,67,16576.266011
60,70,16330.307370
61,47,20547.542133
61,48,19942.897112
61,49,19399.803480
61,50,19072.722532
61,51,18793.020907
61,52,18421.103213
61,54,18021.114210
61,55,17848.202364
61,56,17324.629877
61,61,16908.562916
61,67,16576.266011
61,70,16330.307370
62,47,20547.542133
62,48,19942.897112
62,49,19399.803480
62,50,19072.722532
62,51,18793.020907
62,52,18421.103213
62,54,18021.114210
62,55,17848.202364
62,56,17324.629877
62,61,16908.562916
62,66,16906.688252
62,67,16576.266011
62,70,16330.307370
63,47,20547.542133
63,48,19942.897112
63,49,19354.950960
63,50,19072.722532
63,51,18793.020907
63,52,18421.103213
63,54,18021.114210
63,55,17848.202364
63,56,17324.629877
63,61,16908.562916
63,66,16906.688252
63,67,16576.266011
63,70,16330.307370
64,47,20547.542133
64,48,19761.477669
64,49,19354.950960
64,50,19072.722532
64,51,18521.533996
64,52,18407.696192
64,53,18018.858341
64,55,17748.008200
64,56,17282.569127
64,60,16862.318076
64,66,16847.572520
64,67,16576.266011
64,70,16330.307370
65,47,20547.542133
65,48,19437.930092
65,49,19354.950960
65,50,19072.722532
65,51,18521.533996
65,52,18407.696192
65,53,18018.858341
65,55,17748.008200
65,56,17282.569127
65,60,16862.318076
65,66,16847.572520
65,67,16576.266011
65,68,16566.995973
65,70,16330.307370
66,47,20242.935664
66,48,19437.930092
66,49,19137.785594
66,50,19072.722532
66,51,18521.533996
66,52,18407.696192
66,53,18018.858341
66,55,17748.008200
66,56,17282.569127
66,60,16862.318076
66,66,16847.572520
66,67,16576.266011
66,68,16566.995973
66,70,16330.307370
67,47,20242.935664
67,48,19437.930092
67,49,19137.785594
67,50,19072.722532
67,51,18521.533996
67,52,18407.696192
67,53,18018.858341
67,55,17748.008200
67,56,16889.183618
67,60,16862.318076
67,65,16606.698311
67,66,16526.930819
67,70,16330.307370
68,47,20242.935664
68,48,19437.930092
68,49,19137.785594
68,50,18743.930085
68,51,18521.533996
68,52,18339.910179
68,53,17920.568571
68,55,17677.352782
68,56,16806.228639
68,60,16663.556801
68,65,16575.964641
68,66,16482.792852
68,70,16320.182848
69,47,19835.397284
69,48,19437.930092
69,49,19137.785594
69,50,18743.930085
69,51,18521.533996
69,52,17931.214789
69,53,17920.568571
69,55,17677.352782
69,56,16806.228639
69,60,16663.556801
69,65,16575.964641
69,66,16482.792852
69,70,16320.182848
70,47,19748.820257
70,48,19437.930092
70,49,18920.131351
70,50,18743.930085
70,51,18521.533996
70,52,17931.214789
70,53,17920.568571
70,55,17677.352782
70,56,16806.228639
70,60,16663.556801
70,65,16575.964641
70,66,16482.792852
70,70,16320.182848
71,47,19748.820257
71,48,19437.930092
71,49,18614.978165
71,51,18521.533996
71,52,17931.214789
71,53,17920.568571
71,55,17677.352782
71,56,16806.228639
71,59,16657.339816
71,65,16575.964641
71,66,16482.792852
71,70,16320.182848
72,47,19748.820257
72,48,19437.930092
72,49,18614.978165
72,50,18491.487581
72,52,17931.214789
72,53,17920.568571
72,55,17409.731263
72,56,16750.889445
72,59,16631.709895
72,65,16557.206298
72,66,16478.228104
72,68,16270.064126
73,47,19177.069253
73,49,18614.978165
73,50,18491.487581
73,52,17931.214789
73,53,17920.568571
73,55,17409.731263
73,56,16750.889445
73,59,16631.709895
73,65,16557.206298
73,66,16478.228104
73,68,16270.064126
74,47,19177.069253
74,49,18614.978165
74,50,18491.487581
74,51,18442.675245
74,52,17861.069259
74,54,17557.698663
74,55,17409.731263
74,56,16750.889445
74,59,16631.709895
74,65,16557.206298
74,66,16478.228104
74,68,16270.064126
75,46,19990.568155
75,47,18794.827295
75,48,18767.149357
75,49,18566.221137
75,50,18491.487581
75,51,18442.675245
75,52,17861.069259
75,54,17557.698663
75,55,17409.731263
75,56,16750.889445
75,59,16631.709895
75,65,16557.206298
75,66,16478.228104
75,68,16270.064126
76,46,19440.075371
76,47,18121.140791
76,52,17861.069259
76,54,17523.478246
76,55,17338.637654
76,56,16712.795867
76,58,16582.719639
76,64,16466.045262
76,66,16202.179824
77,46,19440.075371
77,47,18121.140791
77,52,17861.069259
77,54,17523.478246
77,55,17335.605570
77,56,16712.795867
77,58,16582.719639
77,64,16466.045262
77,66,16202.179824
78,46,19440.075371
78,47,18121.140791
78,52,17861.069259
78,54,17523.478246
78,55,17335.605570
78,56,16712.795867
78,58,16582.719639
78,64,16466.045262
78,66,16202.179824
79,46,18520.799712
79,47,18121.140791
79,49,18022.432211
79,50,17828.179462
79,53,17624.662773
79,54,17523.478246
79,55,17335.605570
79,56,16712.795867
79,58,16582.719639
79,63,16520.157121
79,64,16466.045262
79,66,16202.179824
80,45,19903.625056
80,46,18520.799712
80,47,18121.140791
80,49,17895.873741
80,50,17499.405418
80,52,17433.838397
80,54,17363.544812
80,55,16686.405637
80,58,16581.188284
80,63,16520.157121
80,64,16362.545296
80,66,16163.444011
81,45,19903.625056
81,46,18520.799712
81,47,18121.140791
81,48,17704.923663
81,50,17499.405418
81,52,17433.838397
81,54,17363.544812
81,55,16686.405637
81,56,16580.382332
81,63,16520.157121
81,64,16362.545296
81,66,16163.444011
82,45,19247.996987
82,46,18520.799712
82,47,18121.140791
82,48,17290.554940
82,55,16686.405637
82,56,16580.382332
82,63,16520.157121
82,64,16362.545296
82,66,16163.444011
83,45,19247.996987
83,46,18520.799712
83,47,16961.621842
83,55,16686.405637
83,56,16580.382332
83,63,16520.157121
83,64,16362.545296
83,65,16286.060999
83,66,16163.444011
84,45,18920.920746
84,46,18253.189695
84,47,16882.694522
84,55,16670.485443
84,56,16580.382332
84,63,16267.987697
84,65,16206.633577
84,66,16154.738254
85,45,18920.920746
85,46,18253.189695
85,47,16882.694522
85,55,16670.485443
85,56,16580.382332
85,63,16267.987697
85,65,16094.275634
86,45,18920.920746
86,46,18253.189695
86,47,16882.694522
86,55,16670.485443
86,56,16580.382332
86,63,16267.987697
86,65,16094.275634
87,45,18920.920746
87,46,18253.189695
87,47,16882.694522
87,55,16670.485443
87,56,16580.382332
87,63,16267.987697
87,65,16094.275634
88,44,18878.122438
88,46,17913.162119
88,47,16682.473792
88,55,16670.485443
88,56,16534.024666
88,63,16267.987697
88,65,16077.199601
89,44,18878.122438
89,46,17913.162119
89,47,16682.473792
89,55,16670.485443
89,56,16534.024666
89,61,16327.539637
89,63,16267.987697
89,65,16077.199601
90,44,18878.122438
90,46,17370.287375
90,47,16682.473792
90,55,16549.524402
90,56,16534.024666
90,61,16327.539637
90,63,16267.987697
90,65,16077.199601
91,44,18878.122438
91,46,17370.287375
91,47,16682.473792
91,55,16549.524402
91,56,16534.024666
91,61,16327.539637
91,63,16267.987697
91,64,16216.462857
91,65,16077.199601
92,44,18877.434378
92,46,17359.712366
92,47,16575.842007
92,55,16549.524402
92,56,16534.024666
92,58,16355.094749
92,61,16292.254785
92,63,16226.286182
92,64,16216.462857
92,65,16062.731518
93,44,18877.434378
93,46,17359.712366
93,47,16575.842007
93,55,16549.524402
93,56,16534.024666
93,58,16355.094749
93,61,16292.254785
93,63,16226.286182
93,64,16216.462857
93,65,16062.731518
94,44,18877.434378
94,46,17359.712366
94,47,16575.842007
94,55,16549.524402
94,56,16534.024666
94,58,16355.094749
94,61,16292.254785
94,63,16056.053284
95,44,18877.434378
95,45,18484.587809
95,46,17359.712366
95,47,16575.842007
95,55,16477.532745
95,58,16355.094749
95,61,16292.254785
95,63,16056.053284
96,43,19188.306073
96,44,18710.112945
96,45,18484.587809
96,46,17358.551610
96,47,16544.168054
96,55,16435.442382
96,58,16298.985905
96,61,16261.299606
96,63,16033.254919
97,43,19188.306073
97,44,18710.112945
97,45,18484.587809
97,46,17358.551610
97,47,16544.168054
97,55,16435.442382
97,57,16367.737737
97,58,16298.985905
97,61,16261.299606
97,62,16223.603294
97,63,16033.254919
98,43,19188.306073
98,44,18694.689814
98,45,18250.853422
98,46,17358.551610
98,47,16544.168054
98,54,16497.549351
98,55,16435.442382
98,57,16367.737737
98,58,16298.985905
98,59,16188.764608
98,61,16171.375461
98,63,16033.254919
99,43,19188.306073
99,44,18504.907170
99,45,18250.853422
99,46,17358.551610
99,47,16544.168054
99,51,16352.518915
99,58,16298.985905
99,59,16188.764608
99,61,16171.375461
99,63,15998.715914
100,42,18768.203972
100,44,18374.666321
100,45,18124.999205
100,46,17058.836519
100,47,16544.168054
100,51,16352.518915
100,57,16281.678489
100,59,16173.263559
100,61,16119.818963
100,63,15998.715914
101,42,18768.203972
101,44,18374.666321
101,45,17551.648550
101,46,17058.836519
101,47,16544.168054
101,51,16352.518915
101,57,16281.678489
101,59,16173.263559
101,61,16119.818963
101,63,15998.715914
102,42,18768.203972
102,44,18374.666321
102,45,17551.648550
102,46,17058.836519
102,47,16544.168054
102,51,16352.518915
102,57,16281.678489
102,59,16173.263559
102,61,16119.818963
102,63,15960.465973
103,42,18768.203972
103,44,18374.666321
103,45,17551.648550
103,46,17058.836519
103,47,16544.168054
103,51,16352.518915
103,57,16281.678489
103,59,16173.263559
103,61,16119.818963
103,63,15960.465973
104,42,18768.203972
104,43,18483.122075
104,44,18374.666321
104,45,17541.940377
104,46,17052.867480
104,47,16544.168054
104,51,16317.107371
104,56,16219.383065
104,59,16173.263559
104,61,16105.980523
104,63,15959.173066
104,64,15957.496039
105,42,18768.203972
105,43,18483.122075
105,44,18322.174829
105,45,17541.940377
105,46,17052.867480
105,47,16544.168054
105,51,16317.107371
105,56,16219.383065
105,59,16173.263559
105,61,16105.980523
105,63,15959.173066
105,64,15957.496039
105,65,15919.465755
106,42,18768.203972
106,43,18483.122075
106,44,18322.174829
106,45,17541.940377
106,46,17052.867480
106,47,16544.168054
106,51,16317.107371
106,56,16219.383065
106,58,16118.184960
106,61,16105.980523
106,63,15959.173066
106,64,15957.496039
106,65,15919.465755
107,42,18768.203972
107,43,18483.122075
107,44,18322.174829
107,45,17541.940377
107,46,17052.867480
107,47,16544.168054
107,51,16317.107371
107,56,16219.383065
107,58,16118.184960
107,60,16045.185458
107,63,15959.173066
107,64,15957.496039
107,65,15919.465755
108,42,18712.803292
108,43,18483.122075
108,44,18257.548122
108,45,17541.940377
108,46,17052.867480
108,47,16540.169546
108,50,16297.603992
108,51,16146.613315
108,57,16074.194214
108,60,15970.043456
108,62,15926.714400
108,65,15896.221695
109,42,18712.803292
109,43,18483.122075
109,44,18257.548122
109,45,17541.940377
109,46,17052.867480
109,47,16540.169546
109,49,16483.468859
109,50,16241.537039
109,51,16146.613315
109,57,16074.194214
109,60,15970.043456
109,62,15926.714400
109,65,15896.221695
110,42,18712.803292
110,43,18483.122075
110,44,18257.548122
110,45,17541.940377
110,46,17052.867480
110,47,16540.169546
110,49,16483.468859
110,50,16241.537039
110,51,16146.613315
110,57,16074.194214
110,60,15970.043456
110,62,15820.252839
111,42,18712.803292
111,43,18483.122075
111,44,18257.548122
111,45,17541.940377
111,46,16895.966289
111,47,16540.169546
111,48,16487.923743
111,49,16483.468859
111,50,16241.537039
111,51,16146.613315
111,57,16074.194214
111,59,16065.100626
111,60,15970.043456
111,62,15820.252839
112,42,18712.803292
112,43,18483.122075
112,44,18257.548122
112,45,17413.826706
112,46,16895.966289
112,47,16372.490550
112,50,16227.529805
112,51,16146.264279
112,56,16070.428205
112,58,15955.750206
112,62,15805.948187
113,42,18712.803292
113,43,18483.122075
113,44,18178.950561
113,45,17166.468637
113,46,16895.966289
113,47,16310.350869
113,50,16227.529805
113,51,16146.264279
113,56,16070.428205
113,58,15955.750206
113,62,15805.948187
114,42,18712.803292
114,43,18431.984973
114,44,17635.811869
114,45,17166.468637
114,46,16895.966289
114,47,16310.350869
114,50,16227.529805
114,51,16146.264279
114,56,16070.428205
114,58,15955.750206
114,62,15805.948187
115,42,18646.998316
115,43,18431.984973
115,44,17635.811869
115,45,17166.468637
115,46,16852.725391
115,47,16310.350869
115,50,16227.529805
115,51,16146.264279
115,56,16070.428205
115,58,15955.750206
115,62,15805.948187
116,42,18646.998316
116,43,18419.421373
116,44,17593.390374
116,45,16726.190542
116,47,16293.265170
116,50,16227.529805
116,51,16130.347139
116,56,16068.897633
116,58,15908.578088
116,61,15813.557126
116,62,15803.166603
117,42,18573.460101
117,43,18419.421373
117,44,17593.390374
117,45,16717.291236
117,47,16242.911618
117,50,16227.529805
117,51,16130.347139
117,56,16068.897633
117,57,16027.289270
117,58,15908.578088
117,61,15813.557126
117,62,15803.166603
118,42,18573.460101
118,43,18419.421373
118,44,17448.319532
118,45,16717.291236
118,47,16242.911618
118,50,16227.529805
118,51,16130.347139
118,55,16118.052544
118,56,16068.897633
118,57,16027.289270
118,58,15908.578088
118,61,15813.557126
118,62,15803.166603
119,42,18573.460101
119,43,18228.373038
119,44,17448.319532
119,45,16717.291236
119,47,16242.911618
119,50,16227.529805
119,51,16130.347139
119,55,16061.648804
119,57,16027.289270
119,58,15908.578088
119,61,15813.557126
119,62,15782.827508
120,42,18573.460101
120,43,17378.538144
120,44,16843.845046
120,45,16717.291236
120,47,16218.179149
120,50,16206.297000
120,51,16129.904739
120,55,16061.648804
120,57,16027.289270
120,58,15827.181756
120,61,15813.557126
120,62,15782.827508
120,64,15666.756365
120,65,15640.956391
121,42,18573.460101
121,43,17378.538144
121,44,16818.545333
121,45,16717.291236
121,47,16218.179149
121,50,16206.297000
121,51,16129.904739
121,53,15963.693991
121,58,15827.181756
121,61,15813.557126
121,62,15782.827508
121,63,15733.405033
121,64,15666.756365
121,65,15640.956391
122,42,18573.460101
122,43,17378.538144
122,44,16818.545333
122,45,16717.291236
122,47,16218.179149
122,50,16206.297000
122,51,16129.904739
122,53,15963.693991
122,58,15827.181756
122,61,15813.557126
122,62,15782.827508
122,63,15733.405033
122,64,15666.756365
122,65,15640.956391
123,42,18573.460101
123,43,17378.538144
123,44,16818.545333
123,45,16636.650230
123,47,16218.179149
123,50,16206.297000
123,51,15937.545744
123,58,15827.181756
123,60,15816.769340
123,61,15813.557126
123,62,15741.753049
123,63,15733.405033
123,64,15666.756365
123,65,15640.956391
124,42,18573.460101
124,43,16877.038731
124,44,16818.545333
124,45,16608.111315
124,47,16218.179149
124,50,16056.533657
124,51,15937.545744
124,58,15827.181756
124,60,15725.880209
124,64,15666.756365
124,65,15640.956391
125,42,18573.460101
125,43,16877.038731
125,44,16805.291255
125,45,16608.111315
125,46,16376.032942
125,47,16218.179149
125,50,16056.533657
125,51,15937.545744
125,58,15827.181756
125,60,15725.880209
125,64,15666.756365
125,65,15640.956391
126,42,18464.212120
126,43,16877.038731
126,44,16748.081477
126,45,16608.111315
126,46,16376.032942
126,47,16218.179149
126,50,16056.533657
126,51,15937.545744
126,58,15827.181756
126,60,15725.880209
126,62,15694.366670
126,63,15659.057072
126,65,15640.956391
127,42,18464.212120
127,43,16726.307905
127,45,16608.111315
127,46,16376.032942
127,47,16218.179149
127,50,16056.533657
127,51,15937.545744
127,58,15827.181756
127,60,15725.880209
127,61,15722.938577
127,62,15694.366670
127,63,15650.410647
127,65,15640.956391
128,41,18749.056141
128,42,18464.212120
128,43,16726.307905
128,45,16608.111315
128,46,16376.032942
128,47,16218.179149
128,50,16056.533657
128,51,15927.809989
128,57,15790.245124
128,60,15704.955068
128,62,15694.366670
128,63,15628.816961
129,41,18663.186313
129,42,18464.212120
129,43,16726.307905
129,45,16608.111315
129,46,16376.032942
129,47,16218.179149
129,50,16056.533657
129,51,15927.809989
129,57,15790.245124
129,60,15704.955068
129,62,15608.699358
130,41,18663.186313
130,42,18464.212120
130,43,16726.307905
130,45,16608.111315
130,46,16376.032942
130,47,16218.179149
130,50,16056.533657
130,51,15927.809989
130,57,15790.245124
130,60,15704.955068
130,62,15608.699358
131,41,18663.186313
131,42,18464.212120
131,43,16726.307905
131,45,16608.111315
131,46,16376.032942
131,47,16218.179149
131,50,16056.533657
131,51,15927.809989
131,57,15790.245124
131,60,15704.955068
131,61,15567.570455
131,63,15520.218112
132,41,18663.186313
132,42,18394.216055
132,43,16601.672586
132,46,16165.929276
132,50,16056.533657
132,51,15927.809989
132,57,15766.425839
132,59,15615.973769
132,61,15559.785917
132,63,15520.218112
133,41,18663.186313
133,42,18394.216055
133,43,16601.672586
133,46,16165.929276
133,47,16116.626807
133,50,16056.533657
133,51,15927.809989
133,57,15766.425839
133,59,15615.973769
133,61,15559.785917
133,63,15520.218112
134,41,18663.186313
134,42,18394.216055
134,43,16422.614995
134,46,16165.929276
134,47,16116.626807
134,50,16056.533657
134,51,15927.809989
134,53,15880.010636
134,57,15766.425839
134,59,15615.973769
134,61,15559.785917
134,63,15520.218112
135,40,19281.010042
135,41,18663.186313
135,42,18394.216055
135,43,16422.614995
135,46,16165.929276
135,47,16116.626807
135,50,16056.533657
135,51,15927.809989
135,53,15880.010636
135,57,15766.425839
135,59,15615.973769
135,61,15559.785917
135,62,15551.406665
135,63,15520.218112
136,40,19281.010042
136,41,18041.053427
136,43,16422.614995
136,45,16314.266173
136,46,16110.485097
136,47,15952.174894
136,51,15927.809989
136,53,15863.168961
136,57,15761.346901
136,59,15613.061017
136,61,15475.671333
137,40,19281.010042
137,41,18041.053427
137,42,17192.607726
137,43,16422.614995
137,45,16314.266173
137,46,16110.485097
137,47,15952.174894
137,51,15927.809989
137,53,15863.168961
137,57,15761.346901
137,59,15613.061017
137,61,15475.671333
138,40,19137.545945
138,41,18041.053427
138,42,17192.607726
138,43,16422.614995
138,45,16314.266173
138,46,16110.485097
138,47,15952.174894
138,51,15927.809989
138,53,15863.168961
138,57,15761.346901
138,59,15613.061017
138,60,15535.560347
138,61,15475.671333
139,40,19137.545945
139,41,18041.053427
139,42,17192.607726
139,43,16422.614995
139,45,16314.266173
139,46,16110.485097
139,47,15952.174894
139,51,15927.809989
139,53,15863.168961
139,54,15857.782813
139,57,15761.346901
139,59,15613.061017
139,60,15535.560347
139,61,15475.671333
140,40,19137.545945
140,41,18041.053427
140,42,17192.607726
140,43,16422.614995
140,44,16365.726025
140,45,16305.083631
140,46,16093.701294
140,47,15938.795268
140,51,15927.809989
140,52,15842.319148
140,54,15834.581204
140,57,15751.662405
140,59,15608.800671
140,60,15533.235422
140,61,15475.671333
141,40,18825.360843
141,41,18041.053427
141,42,17192.607726
141,43,16385.053438
141,44,16365.726025
141,45,16150.850993
141,46,16093.701294
141,47,15938.795268
141,51,15927.809989
141,52,15842.319148
141,54,15834.581204
141,56,15669.285440
141,59,15442.909663
142,39,19062.953685
142,40,18825.360843
142,41,18041.053427
142,42,16736.192668
142,43,16385.053438
142,44,16069.436818
142,47,15938.795268
142,51,15927.809989
142,52,15842.319148
142,54,15834.581204
142,56,15669.285440
142,59,15442.909663
143,38,19511.495165
143,39,19062.953685
143,40,18825.360843
143,41,18041.053427
143,42,16736.192668
143,43,16376.478363
143,44,16069.436818
143,47,15938.795268
143,51,15927.809989
143,52,15842.319148
143,54,15834.581204
143,56,15669.285440
143,59,15442.909663
144,38,19511.495165
144,39,19062.953685
144,40,18825.360843
144,41,18041.053427
144,42,16736.192668
144,43,16368.823601
144,44,16069.098018
144,47,15904.776389
144,52,15799.186434
144,56,15669.285440
144,59,15442.909663
145,38,19511.495165
145,39,19062.953685
145,40,18825.360843
145,41,18041.053427
145,42,16736.192668
145,43,16368.823601
145,44,16069.098018
145,47,15904.776389
145,52,15799.186434
145,56,15669.285440
145,59,15442.909663
146,38,19498.482562
146,39,19062.953685
146,40,18825.360843
146,41,18041.053427
146,42,16736.192668
146,43,16368.823601
146,44,16069.098018
146,47,15904.776389
146,52,15799.186434
146,55,15748.310581
146,56,15669.285440
146,59,15442.909663
147,38,19498.482562
147,39,19062.953685
147,40,18398.684072
147,41,18041.053427
147,42,16692.417535
147,43,16368.823601
147,44,16069.098018
147,47,15904.776389
147,52,15799.186434
147,55,15748.310581
147,56,15669.285440
147,58,15465.163860
147,59,15442.909663
148,38,19498.482562
148,39,19062.953685
148,40,18398.684072
148,41,17886.797240
148,42,16692.417535
148,43,16316.314086
148,44,16069.098018
148,47,15874.573296
148,52,15796.721636
148,55,15719.049962
148,56,15638.515498
148,58,15465.163860
148,59,15420.966806
149,38,19498.482562
149,39,19062.953685
149,40,18398.684072
149,41,17886.797240
149,42,16692.417535
149,43,16316.314086
149,44,16069.098018
149,47,15874.573296
149,52,15796.721636
149,54,15648.494439
149,56,15638.515498
149,58,15465.163860
149,59,15420.966806
150,38,19498.482562
150,39,19062.953685
150,40,18398.684072
150,41,17886.797240
150,42,16692.417535
150,43,16316.314086
150,44,16069.098018
150,47,15874.573296
150,52,15796.721636
150,54,15648.494439
150,56,15638.515498
150,58,15465.163860
150,59,15420.966806
151,38,19498.482562
151,39,19062.953685
151,40,18323.720552
151,41,17886.797240
151,42,16692.417535
151,43,16316.314086
151,44,16069.098018
151,46,16010.769092
151,47,15874.573296
151,52,15796.721636
151,54,15648.494439
151,56,15638.515498
151,58,15465.163860
151,59,15420.966806
152,38,19498.482562
152,39,18447.844543
152,40,18323.720552
152,41,17886.797240
152,42,16642.142395
152,43,16266.210517
152,44,16017.671046
152,46,15784.934575
152,54,15648.494439
152,56,15638.515498
152,57,15446.191595
152,58,15406.775821
153,38,19498.482562
153,39,18447.844543
153,40,18323.720552
153,41,17886.797240
153,42,16642.142395
153,43,16266.210517
153,44,16017.671046
153,46,15784.934575
153,54,15648.494439
153,56,15638.515498
153,57,15446.191595
153,58,15406.775821
154,38,19465.443745
154,39,18245.272909
154,41,17886.797240
154,42,16642.142395
154,43,16266.210517
154,44,16017.671046
154,46,15784.934575
154,54,15648.494439
154,56,15638.515498
154,57,15446.191595
154,58,15406.775821
155,38,19465.443745
155,39,18245.272909
155,41,17886.797240
155,42,16642.142395
155,43,16266.210517
155,44,16017.671046
155,46,15784.934575
155,54,15648.494439
155,56,15638.515498
155,57,15446.191595
155,58,15406.775821
156,38,19465.443745
156,39,18245.272909
156,40,17909.728505
156,41,17843.729637
156,42,16631.736996
156,43,15893.216847
156,46,15701.580285
156,54,15648.494439
156,56,15498.927791
156,57,15363.447257
157,38,19299.513635
157,39,18245.272909
157,40,17909.728505
157,41,17843.729637
157,42,16631.736996
157,43,15893.216847
157,46,15701.580285
157,51,15626.450126
157,56,15498.927791
157,57,15363.447257
158,38,19299.513635
158,39,18245.272909
158,40,17909.728505
158,41,17747.653477
158,42,16631.736996
158,43,15893.216847
158,46,15701.580285
158,51,15626.450126
158,56,15498.927791
158,57,15363.447257
159,38,18584.234005
159,39,18245.272909
159,40,17909.728505
159,41,17625.200496
159,42,16631.736996
159,43,15893.216847
159,46,15701.580285
159,51,15626.450126
159,56,15498.927791
159,57,15363.447257
160,38,18432.207427
160,39,18141.038211
160,40,17683.288663
160,41,17589.236538
160,42,16273.080788
160,43,15893.216847
160,46,15664.761335
160,51,15609.629992
160,56,15483.916405
160,57,15358.534183
161,38,18432.207427
161,39,17695.701087
161,40,17590.823526
161,41,17589.236538
161,42,16273.080788
161,43,15893.216847
161,46,15664.761335
161,51,15609.629992
161,53,15573.232266
161,54,15572.135874
161,56,15483.916405
161,57,15358.534183
162,38,18331.328617
162,39,17695.701087
162,40,17468.729309
162,41,17363.851748
162,42,16273.080788
162,43,15893.216847
162,46,15664.761335
162,50,15647.429404
162,51,15609.629992
162,53,15573.232266
162,54,15572.135874
162,56,15483.916405
162,57,15358.534183
163,38,17826.954940
163,39,17498.332386
163,40,17367.914819
163,41,17363.851748
163,42,16273.080788
163,43,15893.216847
163,45,15865.245575
163,46,15664.761335
163,50,15647.429404
163,51,15609.629992
163,53,15573.232266
163,54,15572.135874
163,56,15483.916405
163,57,15358.534183
164,38,17826.954940
164,39,17383.715387
164,40,17313.445076
164,42,16270.019778
164,43,15893.216847
164,45,15830.733383
164,46,15664.761335
164,50,15647.429404
164,51,15572.066350
164,54,15563.212710
164,56,15483.565813
164,57,15353.198335
165,37,18046.777586
165,38,17826.954940
165,39,17383.715387
165,40,17313.445076
165,42,16270.019778
165,43,15893.216847
165,45,15830.733383
165,46,15664.761335
165,49,15528.521589
165,56,15483.565813
165,57,15353.198335
165,59,15282.008124
166,37,18046.777586
166,38,17826.954940
166,39,17383.715387
166,40,17279.342235
166,42,16124.831530
166,43,15893.216847
166,45,15830.733383
166,46,15664.761335
166,49,15528.521589
166,54,15476.766172
166,57,15353.198335
166,59,15282.008124
167,37,18046.777586
167,38,17826.954940
167,39,17383.715387
167,40,17183.073061
167,41,16616.320831
167,42,16124.831530
167,43,15893.216847
167,45,15830.733383
167,46,15664.761335
167,49,15528.521589
167,54,15476.766172
167,57,15353.198335
167,59,15282.008124
168,37,18046.777586
168,38,17826.954940
168,39,17383.715387
168,40,17078.673340
168,41,16572.923077
168,42,16124.831530
168,43,15764.606847
168,46,15651.908206
168,49,15518.574721
168,52,15421.182015
168,57,15353.198335
168,59,15267.738650
169,37,18046.777586
169,38,17826.954940
169,39,17383.715387
169,40,17078.673340
169,41,16385.005829
169,42,16124.831530
169,43,15764.606847
169,46,15651.908206
169,49,15518.574721
169,52,15421.182015
169,57,15353.198335
169,59,15267.738650
170,37,18046.777586
170,38,17296.960550
170,40,16934.249125
170,41,16385.005829
170,42,16124.831530
170,43,15764.606847
170,46,15651.908206
170,49,15518.574721
170,52,15421.182015
170,57,15353.198335
170,59,15267.738650
171,37,18021.192065
171,38,17296.960550
171,39,17077.962497
171,40,16934.249125
171,41,16385.005829
171,42,16124.831530
171,43,15764.606847
171,46,15651.908206
171,49,15518.574721
171,52,15421.182015
171,57,15353.198335
171,59,15267.738650
172,37,18021.192065
172,38,17296.960550
172,39,17077.962497
172,40,16507.418234
172,41,16296.524474
172,42,16091.558390
172,43,15764.606847
172,46,15647.355709
172,48,15633.218568
172,49,15503.439532
172,52,15412.521508
172,57,15323.895743
172,59,15249.419202
173,37,18021.192065
173,38,17296.960550
173,39,17028.327800
173,40,16507.418234
173,41,16296.524474
173,42,16091.558390
173,43,15764.606847
173,46,15647.355709
173,48,15633.218568
173,49,15503.439532
173,52,15412.521508
173,57,15323.895743
173,59,15249.419202
174,37,18021.192065
174,38,17296.960550
174,39,17028.327800
174,40,16507.418234
174,41,16296.524474
174,42,16091.558390
174,43,15764.606847
174,46,15647.355709
174,48,15633.218568
174,49,15503.439532
174,52,15412.521508
174,57,15323.895743
174,58,15227.265173
175,37,17650.576296
175,38,17296.960550
175,39,16484.459702
175,41,16296.524474
175,42,16091.558390
175,43,15764.606847
175,46,15647.355709
175,48,15633.218568
175,49,15503.439532
175,52,15412.521508
175,57,15323.895743
175,58,15227.265173
176,37,17650.576296
176,38,17296.960550
176,39,16484.459702
176,41,16225.780681
176,42,16069.400395
176,43,15753.237785
176,46,15634.051318
176,48,15559.562652
176,49,15478.976190
176,51,15332.357986
176,57,15279.089078
176,58,15167.188259
177,37,17650.576296
177,38,17296.960550
177,39,16436.905435
177,41,16225.780681
177,42,16069.400395
177,43,15753.237785
177,46,15634.051318
177,48,15559.562652
177,49,15478.976190
177,51,15332.357986
177,57,15279.089078
177,58,15167.188259
178,37,17650.576296
178,38,16930.856986
178,39,16436.905435
178,40,16332.782951
178,41,16225.780681
178,42,16069.400395
178,43,15753.237785
178,46,15634.051318
178,48,15559.562652
178,49,15478.976190
178,51,15332.357986
178,57,15279.089078
178,58,15167.188259
179,37,17650.576296
179,38,16711.290396
179,39,16436.905435
179,40,16332.782951
179,41,16225.780681
179,42,16039.951372
179,43,15753.237785
179,46,15634.051318
179,48,15559.562652
179,49,15478.976190
179,51,15332.357986
179,57,15279.089078
179,58,15167.188259
180,37,17650.576296
180,38,16711.290396
180,39,16436.905435
180,40,16290.765912
180,41,16184.659258
180,42,16008.266957
180,43,15712.861906
180,46,15623.113448
180,48,15559.562652
180,49,15466.123061
180,51,15299.435132
180,57,15279.089078
180,58,15167.188259
181,37,17650.576296
181,38,16539.601045
181,39,16436.905435
181,40,16254.202817
181,41,16184.659258
181,42,15924.190005
181,43,15712.861906
181,46,15623.113448
181,48,15544.399943
181,49,15466.123061
181,51,15299.435132
181,57,15279.089078
181,58,15167.188259
182,37,17650.576296
182,38,16539.601045
182,39,16436.905435
182,40,16254.202817
182,41,16184.659258
182,42,15924.190005
182,43,15712.861906
182,46,15623.113448
182,48,15544.399943
182,49,15466.123061
182,51,15299.435132
182,57,15279.089078
182,58,15167.188259
183,37,17587.083924
183,38,16539.601045
183,39,16321.793576
183,40,16234.075187
183,41,16184.659258
183,42,15924.190005
183,43,15712.861906
183,46,15623.113448
183,48,15544.399943
183,49,15466.123061
183,50,15367.367952
183,51,15299.435132
183,57,15279.089078
183,58,15167.188259
184,37,17493.640732
184,38,16499.534654
184,39,16202.454244
184,41,16098.173820
184,42,15888.582096
184,43,15710.242665
184,46,15623.113448
184,47,15475.054589
184,49,15438.800402
184,50,15367.367952
184,51,15295.495815
184,57,15267.939439
184,58,15167.188259
185,37,17493.640732
185,38,16499.534654
185,39,16202.454244
185,41,16055.265247
185,42,15888.582096
185,43,15710.242665
185,46,15623.113448
185,47,15475.054589
185,49,15438.800402
185,50,15367.367952
185,51,15229.744715
185,58,15167.188259
186,37,16385.144233
186,39,16202.454244
186,41,16055.265247
186,42,15888.582096
186,43,15710.242665
186,46,15623.113448
186,47,15475.054589
186,49,15438.800402
186,50,15367.367952
186,51,15229.744715
186,58,15167.188259
187,37,16385.144233
187,39,16202.454244
187,41,16055.265247
187,42,15888.582096
187,43,15677.253998
187,46,15623.113448
187,47,15475.054589
187,49,15438.800402
187,50,15367.367952
187,51,15197.049714
187,58,15167.188259
188,37,16385.144233
188,39,16202.454244
188,41,15938.110671
188,42,15887.762117
188,43,15677.253998
188,45,15616.553447
188,47,15472.692551
188,49,15438.800402
188,50,15363.439124
188,51,15197.049714
188,58,15167.010713
189,37,16385.144233
189,39,16202.454244
189,41,15938.110671
189,42,15887.762117
189,43,15677.253998
189,45,15616.553447
189,47,15472.692551
189,49,15438.800402
189,50,15363.439124
189,51,15197.049714
189,52,15137.182249
190,37,16385.144233
190,39,16138.249928
190,41,15938.110671
190,42,15887.762117
190,43,15677.253998
190,45,15616.553447
190,46,15522.203878
190,47,15472.692551
190,49,15438.800402
190,50,15363.439124
190,51,15197.049714
190,52,15081.968895
191,37,16385.144233
191,39,16138.249928
191,41,15865.822970
191,43,15677.253998
191,45,15616.553447
191,46,15522.203878
191,47,15472.692551
191,49,15438.800402
191,50,15363.439124
191,51,15197.049714
191,52,15081.968895
192,36,16828.568754
192,37,16385.144233
192,39,16123.739112
192,41,15865.822970
192,43,15668.805834
192,45,15616.553447
192,46,15522.203878
192,47,15436.317819
192,50,15363.439124
192,51,15197.049714
192,52,15081.968895
193,36,16828.568754
193,37,16385.144233
193,39,16123.739112
193,41,15865.822970
193,42,15810.728096
193,43,15668.805834
193,45,15616.553447
193,46,15522.203878
193,47,15436.317819
193,50,15363.439124
193,51,15197.049714
193,52,15081.968895
194,36,16828.568754
194,37,16354.075653
194,39,16123.739112
194,40,16078.705830
194,41,15865.822970
194,42,15810.728096
194,43,15668.805834
194,45,15616.553447
194,46,15522.203878
194,47,15436.317819
194,50,15363.439124
194,51,15197.049714
194,52,15081.968895
194,53,15078.730797
195,36,16828.568754
195,37,16354.075653
195,38,16311.649595
195,39,16123.739112
195,40,16078.705830
195,41,15865.822970
195,42,15810.728096
195,43,15668.805834
195,45,15616.553447
195,46,15522.203878
195,47,15436.317819
195,50,15363.439124
195,51,15197.049714
195,52,15064.657251
196,36,16828.568754
196,37,16354.075653
196,38,16311.649595
196,39,16123.739112
196,40,16078.705830
196,41,15792.097793
196,43,15574.334147
196,46,15479.545195
196,47,15436.317819
196,50,15363.439124
196,51,15166.002677
196,52,15062.907859
196,53,15010.636881
197,36,16828.568754
197,37,16354.075653
197,38,16311.649595
197,39,16011.040929
197,41,15792.097793
197,43,15574.334147
197,46,15479.545195
197,47,15436.317819
197,50,15212.804307
197,51,15166.002677
197,52,15062.907859
197,53,15010.636881
198,36,16828.568754
198,37,16354.075653
198,38,16311.649595
198,39,16011.040929
198,40,16003.718076
198,41,15792.097793
198,43,15574.334147
198,46,15479.545195
198,47,15436.317819
198,50,15212.804307
198,51,15166.002677
198,52,15062.907859
198,53,15010.636881
199,36,16828.568754
199,37,16303.927790
199,39,16011.040929
199,40,16003.718076
199,41,15792.097793
199,43,15574.334147
199,46,15479.545195
199,47,15436.317819
199,48,15393.087583
199,50,15212.804307
199,51,15166.002677
199,52,15062.907859
199,53,15010.636881
200,36,16580.480532
200,37,16303.927790
200,39,16011.040929
200,40,15890.652154
200,41,15758.773838
200,43,15572.483071
200,46,15476.418631
200,47,15436.317819
200,48,15382.177685
200,49,15126.435701
200,52,15054.749606
200,53,15003.098535
201,36,16580.480532
201,37,16303.927790
201,39,16011.040929
201,40,15890.652154
201,41,15758.773838
201,43,15572.483071
201,44,15570.486710
201,46,15476.418631
201,47,15436.317819
201,48,15382.177685
201,49,15126.435701
201,52,15054.749606
201,53,15003.098535
202,36,16580.480532
202,37,16303.927790
202,38,16278.505045
202,39,16011.040929
202,40,15890.652154
202,41,15758.773838
202,43,15572.483071
202,44,15570.486710
202,46,15476.418631
202,47,15436.317819
202,48,15382.177685
202,49,15126.435701
202,52,15054.749606
202,53,15003.098535
203,36,16526.339602
203,37,16303.927790
203,38,16278.505045
203,39,16011.040929
203,40,15890.652154
203,41,15758.773838
203,43,15572.483071
203,44,15570.486710
203,46,15476.418631
203,47,15436.317819
203,48,15382.177685
203,49,15126.435701
203,52,15054.749606
203,53,15003.098535
204,36,16526.339602
204,37,16207.717467
204,39,15972.376251
204,40,15887.632681
204,41,15758.773838
204,43,15298.595533
204,49,15102.700734
204,51,15004.817779
204,53,14980.961799
205,36,16322.495065
205,37,16207.717467
205,39,15972.376251
205,40,15887.632681
205,41,15758.773838
205,43,15298.595533
205,49,15074.106957
205,51,15004.817779
205,53,14980.961799
206,36,16322.495065
206,37,16207.717467
206,39,15972.376251
206,40,15887.632681
206,41,15758.773838
206,43,15298.595533
206,49,15074.106957
206,51,15004.817779
206,53,14980.961799
207,36,16322.495065
207,37,16207.717467
207,39,15972.376251
207,40,15887.632681
207,41,15758.773838
207,43,15298.595533
207,49,15074.106957
207,51,15004.817779
207,53,14980.961799
208,36,16290.943973
208,37,16207.717467
208,39,15967.814771
208,40,15887.632681
208,41,15704.441891
208,42,15616.012887
208,43,15298.595533
208,48,15200.405861
208,49,15065.407591
208,50,14962.056668
209,36,16231.232611
209,37,16207.717467
209,38,16184.140582
209,39,15967.814771
209,40,15887.632681
209,41,15704.441891
209,42,15616.012887
209,43,15298.595533
209,48,15200.405861
209,49,15065.407591
209,50,14962.056668
210,36,16231.232611
210,37,16207.717467
210,38,16025.914957
210,39,15967.814771
210,40,15887.632681
210,41,15704.441891
210,42,15616.012887
210,43,15298.595533
210,44,15215.099069
210,48,15200.405861
210,49,15065.407591
210,50,14962.056668
211,35,17145.225114
211,36,16199.172725
211,38,16025.914957
211,39,15967.814771
211,40,15887.632681
211,41,15704.441891
211,42,15616.012887
211,43,15298.595533
211,44,15215.099069
211,48,15200.405861
211,49,15065.407591
211,50,14962.056668
212,35,17145.225114
212,36,16199.172725
212,38,16025.914957
212,39,15930.562067
212,40,15883.137202
212,41,15704.441891
212,42,15615.879856
212,43,15263.293611
212,44,15209.251315
212,48,15200.405861
212,49,15065.407591
212,50,14905.249061
213,35,17145.225114
213,36,16199.172725
213,38,16025.914957
213,39,15930.562067
213,40,15883.137202
213,41,15704.441891
213,42,15615.879856
213,43,15263.293611
213,44,15209.251315
213,48,15200.405861
213,49,15065.407591
213,50,14847.142122
214,35,17145.225114
214,36,16199.172725
214,38,15933.006030
214,39,15930.562067
214,40,15883.137202
214,41,15704.441891
214,42,15615.879856
214,43,15263.293611
214,44,15209.251315
214,46,15179.973915
214,49,15065.407591
214,50,14847.142122
215,35,16350.086681
215,36,16177.573477
215,37,16125.066644
215,38,15933.006030
215,39,15930.562067
215,40,15883.137202
215,41,15704.441891
215,42,15615.879856
215,43,15263.293611
215,44,14932.952938
215,50,14847.142122
216,35,16350.086681
216,36,16163.020908
216,37,15984.488718
216,38,15933.006030
216,39,15858.890409
216,40,15802.412253
216,41,15704.441891
216,42,15610.066788
216,43,15263.293611
216,44,14932.952938
216,49,14815.417220
217,35,16350.086681
217,36,16163.020908
217,37,15984.488718
217,38,15933.006030
217,39,15784.911501
217,41,15704.441891
217,42,15610.066788
217,43,15263.293611
217,44,14932.952938
217,49,14815.417220
218,35,16350.086681
218,36,16163.020908
218,37,15984.488718
218,38,15933.006030
218,39,15784.911501
218,41,15704.441891
218,42,15610.066788
218,43,15263.293611
218,44,14932.952938
218,45,14908.233318
218,49,14815.417220
219,35,16350.086681
219,36,16163.020908
219,37,15984.488718
219,38,15933.006030
219,39,15784.911501
219,40,15721.268841
219,41,15704.441891
219,42,15610.066788
219,43,15263.293611
219,44,14932.952938
219,45,14908.233318
219,46,14881.456675
219,49,14815.417220
220,35,16350.086681
220,36,16163.020908
220,37,15984.488718
220,38,15933.006030
220,39,15784.911501
220,40,15719.955029
220,41,15604.326705
220,42,15592.061528
220,43,15263.293611
220,44,14932.952938
220,45,14905.871280
220,46,14831.857604
220,48,14791.808724
221,35,16350.086681
221,36,16163.020908
221,37,15984.488718
221,38,15933.006030
221,39,15784.911501
221,40,15719.955029
221,41,15604.326705
221,42,15592.061528
221,43,15263.293611
221,44,14932.952938
221,45,14905.871280
221,46,14831.857604
221,48,14791.808724
222,35,16350.086681
222,36,16163.020908
222,37,15984.488718
222,38,15933.006030
222,39,15784.911501
222,40,15719.955029
222,41,15604.326705
222,42,15592.061528
222,43,15263.293611
222,44,14932.952938
222,45,14838.248532
222,46,14831.857604
222,48,14791.808724
223,35,16350.086681
223,36,16163.020908
223,37,15984.488718
223,38,15918.963984
223,39,15784.911501
223,40,15719.955029
223,41,15604.326705
223,42,15592.061528
223,43,15263.293611
223,44,14932.952938
223,45,14831.774154
223,48,14791.808724
224,35,16350.086681
224,36,16163.020908
224,37,15975.930443
224,38,15918.963984
224,39,15652.712213
224,40,15617.959907
224,41,15541.380812
224,43,15235.637834
224,44,14932.935530
224,45,14829.405358
224,48,14791.808724
225,35,16350.086681
225,36,16094.332350
225,37,15975.930443
225,38,15918.963984
225,39,15652.712213
225,40,15617.959907
225,41,15541.380812
225,43,15235.637834
225,44,14932.935530
225,45,14829.405358
225,48,14791.808724
226,35,16209.341256
226,36,16094.332350
226,37,15975.930443
226,38,15918.963984
226,39,15652.712213
226,40,15617.959907
226,41,15541.380812
226,43,15235.637834
226,44,14932.935530
226,45,14829.405358
226,48,14791.808724
227,35,16173.168342
227,36,16057.394470
227,37,15945.048464
227,38,15807.709252
227,39,15652.712213
227,40,15617.959907
227,41,15541.380812
227,43,15235.637834
227,44,14932.935530
227,45,14829.405358
227,48,14791.808724
228,35,16173.168342
228,36,16057.394470
228,37,15945.048464
228,38,15803.642077
228,39,15645.644851
228,40,15616.341550
228,41,15497.460805
228,42,15468.926183
228,43,15160.726737
228,44,14780.296713
229,35,16147.614623
229,36,16057.394470
229,37,15941.336429
229,38,15803.642077
229,39,15645.644851
229,40,15616.341550
229,41,15497.460805
229,42,15468.926183
229,43,15160.726737
229,44,14780.296713
229,54,14759.476401
230,35,16080.708034
230,36,16057.394470
230,37,15941.336429
230,38,15803.642077
230,39,15645.644851
230,40,15616.341550
230,41,15497.460805
230,42,15468.926183
230,43,15160.726737
230,44,14780.296713
230,54,14759.476401
231,35,16080.708034
231,36,16057.394470
231,37,15941.336429
231,38,15803.642077
231,39,15645.644851
231,40,15616.341550
231,41,15497.460805
231,42,15468.926183
231,43,15160.726737
231,44,14780.296713
231,54,14759.476401
232,35,16080.708034
232,36,16057.394470
232,37,15851.513280
232,38,15776.197383
232,39,15641.461314
232,40,15616.341550
232,41,15475.248357
232,42,15468.926183
232,43,15128.204486
232,44,14758.395279
232,47,14700.230960
233,35,16080.708034
233,36,16057.394470
233,37,15851.513280
233,38,15776.197383
233,39,15641.461314
233,40,15616.341550
233,41,15475.248357
233,42,15468.926183
233,43,15128.204486
233,44,14758.395279
233,47,14700.230960
234,35,16013.177889
234,37,15851.513280
234,38,15776.197383
234,39,15641.461314
234,40,15616.341550
234,41,15475.248357
234,42,15468.926183
234,43,15128.204486
234,44,14758.395279
234,47,14700.230960
235,35,16013.177889
235,36,16012.572137
235,37,15851.513280
235,38,15776.197383
235,39,15641.461314
235,40,15616.341550
235,41,15475.248357
235,42,15224.767448
235,43,15128.204486
235,44,14758.395279
235,47,14700.230960
236,35,16013.177889
236,36,15999.419924
236,37,15850.876718
236,38,15749.370433
236,39,15641.461314
236,40,15595.464269
236,41,15452.175083
236,42,15224.767448
236,43,15128.204486
236,44,14758.395279
236,47,14691.829866
237,35,16013.177889
237,36,15999.419924
237,37,15850.876718
237,38,15749.370433
237,39,15641.461314
237,40,15595.464269
237,41,15279.990144
237,42,15198.637289
237,43,15128.204486
237,44,14758.395279
237,47,14691.829866
238,35,16013.177889
238,36,15999.419924
238,37,15850.876718
238,38,15749.370433
238,39,15641.461314
238,40,15595.464269
238,41,15279.990144
238,42,15194.230296
238,43,15128.204486
238,44,14758.395279
238,47,14691.829866
239,35,16013.177889
239,36,15999.419924
239,37,15850.876718
239,38,15749.370433
239,39,15641.461314
239,40,15595.464269
239,41,15279.990144
239,42,15194.230296
239,43,15128.204486
239,44,14758.395279
239,47,14691.829866
240,35,15931.346715
240,37,15850.876718
240,38,15743.327922
240,39,15581.421468
240,40,15490.612497
240,41,15163.681356
240,43,14960.268175
240,44,14758.395279
240,47,14689.452109
241,35,15931.346715
241,37,15850.876718
241,38,15743.327922
241,39,15581.421468
241,40,15490.612497
241,41,15163.681356
241,42,15061.275566
241,43,14960.268175
241,44,14758.395279
241,47,14689.452109
242,35,15931.346715
242,37,15850.876718
242,38,15743.327922
242,39,15581.421468
242,40,15490.612497
242,41,15163.681356
242,42,15061.275566
242,43,14960.268175
242,44,14758.395279
242,47,14689.452109
242,52,14650.049192
243,35,15931.346715
243,37,15850.876718
243,38,15743.327922
243,39,15581.421468
243,40,15490.612497
243,41,15163.681356
243,42,15061.275566
243,43,14960.268175
243,44,14758.395279
243,47,14689.452109
243,52,14632.784533
244,35,15931.346715
244,37,15850.876718
244,38,15739.833450
244,39,15577.050396
244,40,15490.612497
244,41,15135.957118
244,42,15061.275566
244,43,14954.039332
244,44,14754.087550
244,47,14689.452109
244,51,14654.087472
244,52,14632.784533
245,35,15931.346715
245,37,15824.571463
245,38,15739.833450
245,39,15577.050396
245,40,15490.612497
245,41,15135.957118
245,42,15061.275566
245,43,14952.476776
245,44,14754.087550
245,47,14689.452109
245,51,14654.087472
245,52,14632.784533
246,35,15931.346715
246,37,15824.571463
246,38,15739.833450
246,39,15577.050396
246,40,15459.049292
246,41,15135.957118
246,42,15061.275566
246,43,14952.476776
246,44,14754.087550
246,47,14689.452109
246,51,14654.087472
246,52,14632.784533
247,34,16325.999950
247,35,15931.346715
247,37,15824.571463
247,38,15739.833450
247,39,15577.050396
247,40,15459.049292
247,41,15135.957118
247,42,15061.275566
247,43,14952.476776
247,44,14754.087550
247,46,14709.286514
247,47,14689.452109
247,51,14654.087472
247,52,14632.784533
248,34,16325.999950
248,35,15931.346715
248,37,15824.571463
248,38,15739.833450
248,39,15577.050396
248,40,15447.813259
248,41,15000.427790
248,43,14860.941299
248,44,14754.087550
248,46,14695.650868
248,47,14689.086669
248,51,14654.087472
248,52,14612.115115
249,34,16325.999950
249,35,15931.346715
249,37,15754.321770
249,38,15739.833450
249,39,15577.050396
249,40,15447.813259
249,41,15000.427790
249,43,14860.941299
249,44,14754.087550
249,46,14695.650868
249,47,14689.086669
249,49,14672.713361
249,51,14654.087472
249,52,14612.115115
250,34,16325.999950
250,35,15931.346715
250,37,15754.321770
250,38,15739.833450
250,39,15577.050396
250,40,15422.832794
250,41,15000.427790
250,43,14860.941299
250,44,14754.087550
250,46,14695.650868
250,47,14689.086669
250,49,14666.804002
250,51,14654.087472
250,52,14612.115115
251,34,16212.580297
251,35,15931.346715
251,37,15754.321770
251,38,15739.833450
251,39,15577.050396
251,40,15328.791380
251,41,15000.427790
251,43,14860.941299
251,44,14754.087550
251,46,14695.650868
251,47,14689.086669
251,49,14666.804002
251,51,14654.087472
251,52,14612.115115
252,34,16212.580297
252,35,15931.346715
252,37,15740.627284
252,38,15680.280393
252,39,15577.050396
252,40,15319.874529
252,41,15000.427790
252,43,14837.722960
252,44,14752.528249
252,46,14688.438886
252,49,14666.804002
252,51,14654.087472
252,52,14612.115115
253,34,16212.580297
253,35,15931.346715
253,37,15740.627284
253,38,15680.280393
253,39,15577.050396
253,40,15319.874529
253,41,15000.427790
253,42,14792.811818
253,44,14752.528249
253,46,14688.438886
253,49,14666.804002
253,51,14654.087472
253,52,14612.115115
254,34,16212.580297
254,35,15931.346715
254,37,15740.627284
254,38,15559.467885
254,40,15319.874529
254,41,15000.427790
254,42,14792.811818
254,44,14752.528249
254,46,14688.438886
254,49,14666.804002
254,51,14654.087472
254,52,14612.115115
255,34,16212.580297
255,35,15931.346715
255,36,15919.184259
255,37,15740.627284
255,38,15559.467885
255,40,15319.874529
255,41,15000.427790
255,42,14792.811818
255,44,14752.528249
255,46,14672.959772
255,49,14666.804002
255,51,14654.087472
255,52,14612.115115
256,34,16212.580297
256,35,15888.888426
256,37,15665.741189
256,38,15500.907289
256,40,15319.874529
256,41,15000.427790
256,42,14792.811818
256,44,14751.582522
256,46,14652.013218
256,51,14566.497533
257,34,16212.580297
257,35,15888.888426
257,36,15858.707644
257,37,15665.741189
257,38,15500.907289
257,40,15319.874529
257,41,15000.427790
257,42,14792.811818
257,44,14751.582522
257,46,14652.013218
257,51,14566.497533
258,34,16212.580297
258,35,15888.888426
258,36,15840.666779
258,37,15665.741189
258,38,15476.165619
258,40,15319.874529
258,41,15000.427790
258,42,14792.811818
258,44,14745.030720
258,46,14652.013218
258,51,14566.497533
259,34,16212.580297
259,35,15888.888426
259,36,15840.666779
259,37,15665.741189
259,38,15476.165619
259,40,15319.874529
259,41,15000.427790
259,42,14792.811818
259,44,14745.030720
259,46,14652.013218
259,51,14566.497533
260,34,16212.580297
260,35,15888.888426
260,36,15787.930104
260,37,15665.741189
260,38,15476.165619
260,40,15319.874529
260,41,15000.427790
260,42,14761.643145
260,44,14745.030720
260,46,14652.013218
260,51,14556.999504
261,34,16212.580297
261,35,15880.370915
261,36,15787.930104
261,37,15665.741189
261,38,15476.165619
261,40,15117.203253
261,41,15000.427790
261,42,14761.643145
261,44,14745.030720
261,46,14652.013218
261,51,14556.999504
262,34,16212.580297
262,35,15880.370915
262,36,15787.930104
262,37,15665.741189
262,38,15476.165619
262,40,15117.203253
262,41,14873.770583
262,42,14761.643145
262,43,14732.921850
262,46,14652.013218
262,51,14556.999504
263,34,16212.580297
263,35,15875.648887
263,36,15787.930104
263,37,15665.741189
263,38,15476.165619
263,40,15117.203253
263,41,14873.770583
263,42,14761.643145
263,43,14732.921850
263,46,14652.013218
263,51,14556.999504
264,34,16209.859269
264,35,15831.441470
264,36,15785.890313
264,37,15588.764772
264,38,15473.714940
264,40,15117.203253
264,41,14873.770583
264,42,14753.481724
264,43,14732.153109
264,46,14647.852731
264,48,14600.049579
264,51,14539.420043
265,34,16095.143619
265,35,15831.441470
265,36,15785.890313
265,37,15588.764772
265,38,15473.714940
265,40,15117.203253
265,41,14873.770583
265,42,14753.481724
265,43,14674.265674
265,46,14647.852731
265,48,14600.049579
265,51,14539.420043
266,34,16095.143619
266,35,15831.441470
266,36,15785.890313
266,37,15588.764772
266,38,15473.714940
266,40,15117.203253
266,41,14873.770583
266,42,14753.481724
266,43,14674.265674
266,46,14647.852731
266,48,14600.049579
266,49,14597.978382
266,51,14539.420043
267,34,16095.143619
267,35,15831.441470
267,36,15785.890313
267,37,15588.764772
267,38,15473.714940
267,40,15117.203253
267,41,14867.838983
267,42,14753.481724
267,43,14637.163670
267,48,14600.049579
267,49,14597.978382
267,51,14539.420043
268,34,16095.143619
268,35,15811.354113
268,36,15785.890313
268,37,15577.172489
268,38,15473.714940
268,40,15090.743148
268,41,14864.612194
268,42,14738.110217
268,43,14637.163670
268,46,14630.508733
268,47,14583.547649
268,48,14559.428187
268,51,14539.420043
269,34,16095.143619
269,35,15811.354113
269,36,15785.890313
269,37,15577.172489
269,38,15473.714940
269,40,15090.743148
269,41,14864.612194
269,42,14738.110217
269,43,14637.163670
269,46,14586.833668
269,47,14583.547649
269,48,14559.428187
269,51,14539.420043
270,34,16095.143619
270,35,15811.354113
270,36,15629.938178
270,37,15577.172489
270,38,15473.714940
270,40,15090.743148
270,41,14864.612194
270,42,14738.110217
270,43,14637.163670
270,46,14586.833668
270,47,14583.547649
270,48,14559.428187
270,51,14539.420043
271,34,16095.143619
271,35,15811.354113
271,36,15629.938178
271,37,15577.172489
271,38,15473.714940
271,40,15090.743148
271,41,14864.612194
271,42,14738.110217
271,43,14637.163670
271,46,14586.833668
271,47,14583.547649
271,48,14559.428187
271,51,14539.420043
272,34,16095.143619
272,35,15759.448832
272,36,15629.938178
272,37,15577.172489
272,38,15473.714940
272,40,15090.743148
272,41,14851.757715
272,42,14737.202968
272,43,14603.855199
272,46,14586.833668
272,47,14583.547649
272,48,14559.428187
272,51,14539.420043
273,33,16497.095129
273,34,16095.143619
273,35,15742.020212
273,36,15629.938178
273,37,15577.172489
273,38,15473.714940
273,40,15090.743148
273,41,14851.757715
273,42,14737.202968
273,43,14603.855199
273,44,14600.214175
273,46,14586.833668
273,47,14583.547649
273,48,14559.428187
273,51,14539.420043
274,33,16497.095129
274,34,16095.143619
274,35,15742.020212
274,36,15629.938178
274,37,15577.172489
274,38,15473.714940
274,40,15090.743148
274,41,14851.757715
274,42,14737.202968
274,43,14603.855199
274,44,14600.214175
274,46,14586.833668
274,47,14583.547649
274,48,14559.428187
274,51,14539.420043
275,33,16497.095129
275,34,16083.664030
275,35,15742.020212
275,36,15629.938178
275,37,15577.172489
275,38,15473.714940
275,40,15090.743148
275,41,14851.757715
275,42,14737.202968
275,43,14603.855199
275,44,14600.214175
275,46,14586.833668
275,47,14583.547649
275,48,14559.428187
275,51,14539.420043
276,33,16497.095129
276,34,16043.758028
276,35,15742.020212
276,36,15629.938178
276,37,15577.172489
276,38,15473.714940
276,40,15090.743148
276,41,14768.536402
276,42,14732.007804
276,43,14583.040951
276,48,14559.428187
276,51,14539.420043
277,33,16465.099054
277,34,16043.758028
277,35,15742.020212
277,36,15598.344988
277,37,15577.172489
277,38,15473.714940
277,40,15090.743148
277,41,14768.536402
277,42,14732.007804
277,43,14583.040951
277,48,14559.428187
277,51,14539.420043
278,33,16465.099054
278,34,16043.758028
278,35,15742.020212
278,36,15598.344988
278,37,15577.172489
278,38,15473.714940
278,40,15090.743148
278,41,14768.536402
278,42,14732.007804
278,43,14583.040951
278,48,14559.428187
278,51,14539.420043
279,33,16465.099054
279,34,16043.758028
279,35,15742.020212
279,36,15598.344988
279,37,15577.172489
279,38,15473.714940
279,40,15090.743148
279,41,14768.536402
279,42,14709.314213
279,43,14583.040951
279,48,14559.428187
279,51,14539.420043
280,33,16465.099054
280,34,16014.830424
280,35,15695.035997
280,36,15577.850180
280,37,15577.172489
280,38,15473.714940
280,40,15088.811199
280,41,14765.077345
280,42,14709.314213
280,43,14583.040951
280,48,14559.428187
280,50,14497.129886
281,32,16690.726007
281,33,16358.086980
281,34,16014.830424
281,35,15695.035997
281,36,15577.850180
281,37,15577.172489
281,38,15473.714940
281,40,15088.811199
281,41,14765.077345
281,42,14709.314213
281,43,14583.040951
281,48,14559.428187
281,50,14497.129886
282,32,16690.726007
282,33,16327.244241
282,34,16014.830424
282,35,15695.035997
282,36,15502.661586
282,38,15473.714940
282,40,15088.811199
282,41,14757.652758
282,42,14709.314213
282,43,14583.040951
282,48,14559.428187
282,50,14497.129886
283,32,16690.726007
283,33,16327.244241
283,34,16014.830424
283,35,15695.035997
283,36,15502.661586
283,38,15473.714940
283,40,15088.811199
283,41,14757.652758
283,42,14709.314213
283,43,14583.040951
283,48,14559.355052
283,50,14497.129886
284,32,16690.726007
284,33,16327.244241
284,34,15919.088749
284,35,15624.288442
284,36,15502.661586
284,38,15464.247590
284,40,15088.811199
284,41,14757.652758
284,42,14694.090588
284,43,14583.040951
284,48,14478.273125
285,32,16690.726007
285,33,16327.244241
285,34,15919.088749
285,35,15624.288442
285,36,15502.661586
285,37,15458.319963
285,38,15372.601861
285,40,15088.811199
285,41,14757.652758
285,42,14694.090588
285,43,14583.040951
285,48,14478.273125
286,32,16690.726007
286,33,16327.244241
286,34,15891.802837
286,35,15624.288442
286,36,15502.661586
286,37,15458.319963
286,38,15372.601861
286,40,15088.811199
286,41,14757.652758
286,42,14694.090588
286,43,14583.040951
286,48,14478.273125
287,32,16690.726007
287,33,16327.244241
287,34,15891.802837
287,35,15624.288442
287,36,15462.203437
287,37,15458.319963
287,38,15372.601861
287,40,15088.811199
287,41,14757.652758
287,42,14694.090588
287,43,14583.040951
287,48,14478.273125
288,32,16690.726007
288,33,16273.855107
288,34,15891.802837
288,35,15624.288442
288,36,15454.057927
288,38,15370.231308
288,40,15088.811199
288,41,14757.652758
288,42,14694.090588
288,43,14569.665547
288,48,14478.273125
289,32,16674.347461
289,33,16273.855107
289,34,15891.802837
289,35,15624.288442
289,36,15454.057927
289,38,15370.231308
289,40,15088.811199
289,41,14757.652758
289,42,14694.090588
289,43,14569.665547
289,48,14478.273125
290,32,16403.417739
290,33,16273.855107
290,34,15891.802837
290,35,15624.288442
290,36,15454.057927
290,38,15370.231308
290,40,15088.811199
290,41,14757.652758
290,42,14694.090588
290,43,14569.665547
290,48,14478.273125
291,32,16403.417739
291,33,16247.583120
291,34,15891.802837
291,35,15624.288442
291,36,15454.057927
291,38,15338.672673
291,40,15088.811199
291,41,14757.652758
291,42,14694.090588
291,43,14569.665547
291,48,14478.273125
292,32,16403.417739
292,33,16247.583120
292,34,15891.802837
292,35,15605.770520
292,36,15454.057927
292,38,15313.324187
292,40,15088.811199
292,41,14757.652758
292,42,14694.090588
292,43,14569.665547
292,48,14478.273125
293,32,16403.417739
293,33,16247.583120
293,34,15891.802837
293,35,15605.770520
293,36,15454.057927
293,38,15313.324187
293,40,15088.811199
293,41,14757.652758
293,42,14694.090588
293,43,14569.665547
293,48,14478.273125
294,32,16403.417739
294,33,16247.583120
294,34,15891.802837
294,35,15605.770520
294,36,15454.057927
294,38,15313.324187
294,40,15088.811199
294,41,14757.652758
294,42,14694.090588
294,43,14569.665547
294,48,14478.273125
295,32,16403.417739
295,33,16247.583120
295,34,15891.802837
295,35,15555.080248
295,36,15454.057927
295,38,15313.324187
295,40,14950.307445
295,41,14757.652758
295,42,14694.090588
295,43,14569.665547
295,48,14478.273125
296,32,16403.417739
296,33,16191.868352
296,34,15694.046421
296,35,15549.574536
296,36,15439.390162
296,38,15313.324187
296,39,15284.906605
296,40,14950.130923
296,41,14702.422262
296,42,14691.927457
296,43,14569.571892
296,48,14454.279273
297,32,16403.417739
297,33,16191.868352
297,34,15694.046421
297,35,15549.574536
297,36,15439.390162
297,38,15313.324187
297,39,15284.906605
297,40,14781.480782
297,41,14702.422262
297,42,14691.927457
297,43,14569.571892
297,48,14454.279273
298,32,16403.417739
298,33,16175.698655
298,34,15694.046421
298,35,15549.574536
298,36,15439.390162
298,38,15313.324187
298,39,15284.906605
298,40,14781.480782
298,41,14702.422262
298,42,14637.217862
298,43,14569.571892
298,48,14454.279273
299,32,16403.417739
299,33,16162.374998
299,34,15694.046421
299,35,15549.574536
299,36,15439.390162
299,38,15313.324187
299,39,15284.906605
299,40,14781.480782
299,41,14702.422262
299,42,14637.217862
299,43,14569.571892
299,48,14454.279273
300,32,16403.417739
300,33,16132.823644
300,34,15694.046421
300,35,15536.794519
300,36,15399.332405
300,38,15230.081566
300,40,14781.480782
300,41,14702.422262
300,42,14637.217862
300,43,14568.371206
300,47,14426.094240
301,32,16403.417739
301,33,16132.823644
301,34,15694.046421
301,35,15536.794519
301,36,15335.755503
301,38,15230.081566
301,40,14781.480782
301,41,14702.422262
301,42,14637.217862
301,43,14568.371206
301,47,14426.094240
302,32,16403.417739
302,33,16132.823644
302,34,15694.046421
302,35,15536.794519
302,36,15335.755503
302,38,15230.081566
302,40,14781.480782
302,41,14702.422262
302,42,14637.217862
302,43,14568.371206
302,47,14426.094240
303,32,16216.471580
303,33,16132.823644
303,34,15694.046421
303,35,15526.627912
303,36,15335.755503
303,38,15230.081566
303,40,14781.480782
303,41,14702.422262
303,42,14637.217862
303,43,14568.371206
303,45,14568.288610
303,47,14426.094240
304,32,16216.471580
304,33,16132.823644
304,34,15694.046421
304,35,15526.627912
304,36,15332.132447
304,37,15270.920409
304,38,15190.313300
304,39,15116.905658
304,40,14781.480782
304,41,14702.422262
304,42,14516.404737
304,47,14418.039889
305,32,16216.471580
305,33,16132.823644
305,34,15694.046421
305,35,15526.627912
305,36,15332.132447
305,37,15270.920409
305,38,15190.313300
305,39,15116.905658
305,40,14781.480782
305,41,14672.626796
305,42,14516.404737
305,47,14418.039889
306,32,16216.471580
306,33,16132.823644
306,34,15694.046421
306,35,15526.627912
306,36,15332.132447
306,37,15270.920409
306,38,15190.313300
306,39,15116.905658
306,40,14781.480782
306,41,14672.626796
306,42,14516.404737
306,45,14487.066169
306,47,14418.039889
307,32,16216.471580
307,33,16115.073934
307,34,15694.046421
307,35,15526.627912
307,36,15332.132447
307,37,15270.920409
307,38,15172.624282
307,39,15116.905658
307,40,14781.480782
307,41,14672.626796
307,42,14516.404737
307,45,14487.066169
307,47,14418.039889
308,32,16216.471580
308,33,16115.073934
308,34,15694.046421
308,35,15526.627912
308,36,15326.214946
308,37,15247.990528
308,38,15172.624282
308,39,15116.905658
308,40,14771.103743
308,41,14656.297172
308,42,14507.924297
308,45,14487.066169
308,47,14417.468283
309,32,16216.471580
309,33,16115.073934
309,34,15483.235898
309,36,15326.214946
309,37,15200.477142
309,38,15172.624282
309,39,15116.905658
309,40,14771.103743
309,41,14656.297172
309,42,14507.924297
309,45,14411.547667
310,32,16216.471580
310,33,16084.523902
310,34,15483.235898
310,36,15326.214946
310,37,15163.046366
310,39,15116.905658
310,40,14771.103743
310,41,14656.297172
310,42,14507.924297
310,45,14411.547667
311,32,16216.471580
311,33,16084.523902
311,34,15483.235898
311,36,15326.214946
311,37,15163.046366
311,39,15116.905658
311,40,14771.103743
311,41,14656.297172
311,42,14507.924297
311,45,14411.547667
312,32,16216.471580
312,33,15981.700497
312,34,15483.235898
312,36,15326.214946
312,37,15156.946043
312,39,15116.905658
312,40,14763.082175
312,41,14656.297172
312,42,14473.078173
312,45,14411.547667
313,32,16216.471580
313,33,15981.700497
313,34,15444.317223
313,36,15326.214946
313,37,15156.946043
313,39,15116.905658
313,40,14763.082175
313,41,14656.297172
313,42,14473.078173
313,45,14411.547667
314,32,16216.471580
314,33,15981.700497
314,34,15444.317223
314,36,15326.214946
314,37,15156.946043
314,39,15116.905658
314,40,14763.082175
314,41,14656.297172
314,42,14473.078173
314,45,14372.370165
315,32,16056.817995
315,33,15981.700497
315,34,15444.317223
315,36,15326.214946
315,37,15156.946043
315,39,15116.905658
315,40,14763.082175
315,41,14656.297172
315,42,14473.078173
315,45,14372.370165
316,32,15977.766249
316,34,15371.114422
316,36,15326.214946
316,37,15121.254943
316,39,15116.905658
316,40,14761.891292
316,41,14593.131743
316,42,14458.283601
316,45,14372.370165
317,32,15950.806698
317,34,15371.114422
317,36,15326.214946
317,37,15121.254943
317,39,15116.905658
317,40,14761.891292
317,41,14593.131743
317,42,14458.283601
317,44,14434.437741
317,45,14372.370165
318,31,16720.015672
318,32,15950.806698
318,34,15371.114422
318,36,15326.214946
318,37,15121.254943
318,39,14919.490377
318,40,14761.891292
318,41,14593.131743
318,42,14458.283601
318,44,14434.437741
318,45,14372.370165
319,31,16720.015672
319,32,15950.806698
319,33,15837.643892
319,34,15371.114422
319,36,15304.230349
319,37,15121.254943
319,39,14919.490377
319,40,14761.891292
319,41,14593.131743
319,42,14458.283601
319,44,14434.437741
319,45,14372.370165
320,31,16720.015672
320,32,15950.806698
320,33,15834.990260
320,34,15347.988168
320,36,15295.623883
320,37,15121.254943
320,39,14905.195119
320,40,14742.297791
320,41,14593.131743
320,42,14458.283601
320,44,14434.437741
320,45,14372.370165
321,31,16720.015672
321,32,15950.806698
321,33,15834.990260
321,34,15347.988168
321,36,15295.623883
321,37,15121.254943
321,39,14905.195119
321,40,14742.297791
321,41,14593.131743
321,42,14458.283601
321,44,14434.437741
321,45,14372.370165
322,31,16490.719796
322,32,15950.806698
322,33,15834.990260
322,34,15347.988168
322,36,15295.623883
322,37,15121.254943
322,39,14905.195119
322,40,14742.297791
322,41,14593.131743
322,42,14458.283601
322,44,14434.437741
322,45,14372.370165
322,47,14371.024633
323,31,16490.719796
323,32,15950.806698
323,33,15834.990260
323,34,15347.988168
323,36,15295.623883
323,37,15121.254943
323,39,14905.195119
323,40,14742.297791
323,41,14593.131743
323,42,14458.283601
323,44,14434.437741
323,45,14372.370165
323,47,14371.024633
324,31,16490.719796
324,32,15950.806698
324,33,15834.990260
324,34,15347.988168
324,36,15295.153155
324,37,15121.254943
324,39,14886.705686
324,40,14742.297791
324,41,14591.832709
324,42,14458.283601
324,44,14434.437741
324,45,14359.767873
324,47,14355.946416
325,31,16490.719796
325,32,15950.806698
325,33,15834.990260
325,34,15347.988168
325,36,15295.153155
325,37,15121.254943
325,39,14886.705686
325,40,14742.297791
325,41,14591.832709
325,42,14458.283601
325,43,14443.046786
325,44,14434.437741
325,45,14359.767873
325,47,14355.946416
326,31,16490.719796
326,32,15950.806698
326,33,15834.990260
326,34,15347.988168
326,36,15295.153155
326,37,15121.254943
326,39,14886.705686
326,40,14742.297791
326,41,14591.832709
326,42,14458.283601
326,43,14402.322433
326,45,14359.767873
326,47,14355.946416
327,31,16124.987022
327,32,15894.371186
327,33,15834.990260
327,34,15347.988168
327,36,15295.153155
327,37,15121.254943
327,39,14886.705686
327,40,14742.297791
327,41,14591.832709
327,42,14458.283601
327,43,14402.322433
327,45,14359.767873
327,47,14355.946416
