Generation,NV,TOC
1,6,1551.455241
1,7,1208.202474
1,8,1183.059495
1,9,1148.880834
1,10,1130.507627
1,12,1124.142448
2,6,1345.392970
2,7,1208.202474
2,8,1139.104379
2,9,1054.000985
3,6,1216.253063
3,7,1028.948766
3,8,1025.627587
3,11,1013.670549
4,5,1390.116974
4,6,1142.075884
4,7,1028.948766
4,8,997.534396
5,5,1390.116974
5,6,1094.975178
5,7,1028.948766
5,8,966.536111
6,5,1247.685088
6,6,986.755712
6,8,966.536111
7,3,1375.244284
7,5,1105.328016
7,6,986.755712
7,7,965.505149
8,3,1375.244284
8,4,1334.842885
8,5,1105.328016
8,6,986.755712
8,7,965.505149
8,8,946.325653
9,3,1375.244284
9,4,1334.842885
9,5,1026.624039
9,6,982.373031
9,7,960.953218
9,8,946.325653
10,3,1375.244284
10,4,1334.842885
10,5,1026.624039
10,6,982.373031
10,7,960.953218
10,8,941.078278
11,3,1375.244284
11,4,1100.054789
11,5,1026.624039
11,6,982.373031
11,7,938.785336
11,8,937.451747
12,3,1375.244284
12,4,1100.054789
12,5,996.094254
12,6,947.989485
12,7,916.604540
13,3,1375.244284
13,4,1100.038579
13,5,976.342607
13,6,947.989485
13,7,916.604540
14,3,1375.244284
14,4,1027.891105
14,5,976.342607
14,6,947.989485
14,7,913.029571
15,3,1330.357151
15,4,1027.891105
15,5,976.342607
15,6,935.250240
15,7,908.210201
16,3,1330.357151
16,4,1027.891105
16,5,976.342607
16,6,935.250240
16,7,908.210201
17,3,1330.357151
17,4,1027.891105
17,5,976.342607
17,6,935.250240
17,7,908.210201
18,3,1330.357151
18,4,1027.891105
18,5,975.735808
18,6,931.752266
18,7,908.210201
19,3,1281.059664
19,4,1027.891105
19,5,954.787261
19,6,931.752266
19,7,908.210201
20,3,1281.059664
20,4,1027.891105
20,5,946.712013
20,6,924.515162
20,7,908.210201
21,3,1281.059664
21,4,1027.891105
21,5,945.541976
21,6,917.321244
21,7,907.798090
22,3,1281.059664
22,4,1027.891105
22,5,931.163743
22,6,917.321244
22,7,907.798090
23,3,1281.059664
23,4,1027.891105
23,5,931.163743
23,6,898.990046
24,3,1281.059664
24,4,1027.891105
24,5,931.163743
24,6,898.990046
25,3,1281.059664
25,4,1027.891105
25,5,931.163743
25,6,898.990046
25,7,897.389548
26,3,1247.861081
26,4,1027.891105
26,5,931.163743
26,6,898.990046
26,7,897.389548
27,3,1247.861081
27,4,1027.891105
27,5,931.163743
27,6,898.990046
27,7,897.389548
28,3,1247.861081
28,4,1027.891105
28,5,931.163743
28,6,898.990046
28,7,897.389548
29,3,1247.861081
29,4,1027.485404
29,5,931.163743
29,6,898.990046
29,7,897.389548
30,3,1247.861081
30,4,1027.485404
30,5,931.163743
30,6,898.990046
30,7,897.389548
31,3,1247.861081
31,4,1027.485404
31,5,929.779258
31,6,898.990046
31,7,897.389548
32,3,1247.861081
32,4,1027.485404
32,5,929.779258
32,6,898.990046
32,7,897.389548
33,3,1247.861081
33,4,1027.485404
33,5,929.779258
33,6,898.990046
33,7,897.389548
34,3,1247.861081
34,4,1027.485404
34,5,929.779258
34,6,898.990046
34,7,897.389548
35,3,1247.861081
35,4,1027.485404
35,5,929.779258
35,6,898.990046
35,7,897.389548
36,3,1247.861081
36,4,1027.485404
36,5,929.779258
36,6,898.990046
36,7,897.389548
37,3,1247.861081
37,4,1027.485404
37,5,929.779258
37,6,898.990046
37,7,897.389548
38,3,1247.861081
38,4,1027.485404
38,5,929.779258
38,6,898.990046
38,7,897.389548
39,3,1247.861081
39,4,1027.319382
39,5,929.779258
39,6,898.990046
39,7,897.389548
40,3,1247.861081
40,4,1027.319382
40,5,929.779258
40,6,898.990046
40,7,897.389548
41,3,1247.861081
41,4,1027.319382
41,5,929.779258
41,6,898.990046
41,7,897.389548
42,3,1247.861081
42,4,1027.319382
42,5,929.779258
42,6,898.990046
42,7,897.389548
43,3,1247.861081
43,4,1027.319382
43,5,929.779258
43,6,898.990046
43,7,897.389548
44,3,1247.861081
44,4,1027.319382
44,5,929.779258
44,6,898.990046
44,7,897.389548
45,3,1247.861081
45,4,1027.319382
45,5,929.779258
45,6,898.990046
45,7,897.389548
46,3,1247.861081
46,4,1027.319382
46,5,929.779258
46,6,898.990046
46,7,897.389548
47,3,1247.861081
47,4,1027.319382
47,5,929.779258
47,6,898.990046
47,7,897.389548
48,3,1247.861081
48,4,1027.319382
48,5,929.779258
48,6,898.990046
48,7,897.389548
49,3,1247.861081
49,4,1027.319382
49,5,929.779258
49,6,898.990046
49,7,897.389548
50,3,1247.861081
50,4,1027.319382
50,5,929.779258
50,6,898.990046
50,7,897.389548
51,3,1247.861081
51,4,1027.319382
51,5,929.779258
51,6,898.990046
51,7,897.389548
52,3,1247.861081
52,4,1027.319382
52,5,929.779258
52,6,898.990046
52,7,897.389548
53,3,1247.861081
53,4,1018.688264
53,5,929.779258
53,6,898.990046
53,7,897.389548
54,3,1247.861081
54,4,1018.688264
54,5,929.779258
54,6,898.990046
54,7,897.389548
55,3,1247.861081
55,4,1018.688264
55,5,928.616197
55,6,898.990046
55,7,897.389548
56,3,1247.861081
56,4,997.337150
56,5,928.616197
56,6,898.990046
56,7,897.389548
57,3,1247.861081
57,4,997.337150
57,5,928.616197
57,6,898.990046
57,7,897.389548
58,3,1247.861081
58,4,997.337150
58,5,928.616197
58,6,898.990046
58,7,897.389548
59,3,1247.861081
59,4,997.337150
59,5,928.616197
59,6,898.990046
59,7,897.389548
60,3,1247.861081
60,4,997.337150
60,5,928.616197
60,6,898.990046
60,7,897.389548
61,3,1247.861081
61,4,997.337150
61,5,928.616197
61,6,898.990046
61,7,897.389548
62,3,1247.861081
62,4,997.337150
62,5,928.616197
62,6,898.990046
62,7,897.389548
63,3,1247.861081
63,4,997.337150
63,5,928.616197
63,6,898.990046
63,7,897.389548
64,3,1247.861081
64,4,997.337150
64,5,928.616197
64,6,898.990046
64,7,897.389548
65,3,1247.861081
65,4,997.337150
65,5,927.635271
65,6,898.657049
65,7,897.389548
66,3,1247.861081
66,4,997.337150
66,5,927.635271
66,6,898.104667
66,7,897.389548
67,3,1247.861081
67,4,997.337150
67,5,927.635271
67,6,898.104667
67,7,897.389548
68,3,1247.861081
68,4,997.337150
68,5,927.635271
68,6,898.104667
68,7,897.389548
69,3,1247.861081
69,4,997.337150
69,5,927.635271
69,6,898.104667
69,7,897.389548
70,3,1247.861081
70,4,997.337150
70,5,927.152051
70,6,898.104667
70,7,897.389548
71,3,1247.861081
71,4,997.337150
71,5,926.250786
71,6,898.104667
71,7,897.389548
72,3,1247.861081
72,4,997.337150
72,5,926.250786
72,6,898.104667
72,7,897.389548
73,3,1247.861081
73,4,997.337150
73,5,926.250786
73,6,898.104667
73,7,897.389548
74,3,1247.861081
74,4,997.337150
74,5,919.837920
74,6,898.104667
74,7,897.389548
75,3,1247.861081
75,4,997.337150
75,5,919.837920
75,6,898.104667
75,7,897.389548
76,3,1247.861081
76,4,997.337150
76,5,919.837920
76,6,898.104667
76,7,897.389548
77,3,1247.861081
77,4,997.337150
77,5,919.837920
77,6,898.104667
77,7,897.389548
78,3,1247.861081
78,4,997.337150
78,5,919.837920
78,6,898.104667
78,7,897.389548
79,3,1247.861081
79,4,987.153533
79,5,919.837920
79,6,898.104667
79,7,897.389548
80,3,1247.861081
80,4,987.153533
80,5,919.837920
80,6,898.104667
80,7,897.389548
81,3,1247.861081
81,4,987.153533
81,5,919.837920
81,6,898.104667
81,7,897.389548
82,3,1247.861081
82,4,987.153533
82,5,919.837920
82,6,898.104667
82,7,897.389548
83,3,1247.861081
83,4,987.153533
83,5,919.837920
83,6,898.104667
83,7,897.389548
84,3,1247.861081
84,4,987.153533
84,5,919.837920
84,6,898.104667
84,7,897.389548
85,3,1247.861081
85,4,987.153533
85,5,919.837920
85,6,898.104667
85,7,897.389548
86,3,1247.861081
86,4,987.153533
86,5,919.837920
86,6,898.104667
86,7,897.389548
87,3,1247.861081
87,4,987.153533
87,5,919.837920
87,6,898.104667
87,7,897.389548
88,3,1247.861081
88,4,987.153533
88,5,919.837920
88,6,898.104667
88,7,897.389548
89,3,1247.861081
89,4,987.153533
89,5,919.837920
89,6,898.104667
89,7,897.389548
90,3,1247.861081
90,4,987.153533
90,5,919.837920
90,6,898.104667
90,7,897.389548
91,3,1247.861081
91,4,987.153533
91,5,919.837920
91,6,898.104667
91,7,897.389548
92,3,1247.861081
92,4,987.153533
92,5,919.837920
92,6,898.104667
92,7,897.389548
93,3,1247.861081
93,4,987.153533
93,5,919.837920
93,6,898.104667
93,7,897.389548
94,3,1247.861081
94,4,973.733270
94,5,919.837920
94,6,898.104667
94,7,897.389548
95,3,1247.861081
95,4,973.733270
95,5,919.837920
95,6,898.104667
95,7,897.389548
96,3,1247.861081
96,4,973.733270
96,5,919.837920
96,6,898.104667
96,7,897.389548
97,3,1247.861081
97,4,973.733270
97,5,919.837920
97,6,898.104667
97,7,897.389548
98,3,1247.861081
98,4,973.733270
98,5,919.837920
98,6,898.104667
98,7,897.389548
99,3,1247.861081
99,4,973.733270
99,5,919.837920
99,6,898.104667
99,7,897.389548
100,3,1247.861081
100,4,973.733270
100,5,919.837920
100,6,898.104667
100,7,897.389548
101,3,1247.861081
101,4,973.733270
101,5,919.837920
101,6,898.104667
101,7,897.389548
102,3,1247.861081
102,4,973.733270
102,5,919.837920
102,6,898.104667
102,7,897.389548
103,3,1247.861081
103,4,973.733270
103,5,919.837920
103,6,898.104667
103,7,897.389548
104,3,1247.861081
104,4,973.733270
104,5,919.837920
104,6,898.104667
104,7,897.389548
105,3,1247.861081
105,4,973.733270
105,5,919.837920
105,6,898.104667
105,7,897.389548
106,3,1247.861081
106,4,973.733270
106,5,919.837920
106,6,898.104667
106,7,897.389548
107,3,1247.861081
107,4,973.733270
107,5,919.837920
107,6,898.104667
107,7,897.389548
108,3,1247.861081
108,4,973.733270
108,5,919.837920
108,6,898.104667
108,7,897.389548
109,3,1247.861081
109,4,973.733270
109,5,919.837920
109,6,898.104667
109,7,897.389548
110,3,1247.861081
110,4,973.733270
110,5,919.837920
110,6,898.104667
110,7,897.389548
111,3,1247.861081
111,4,973.733270
111,5,919.837920
111,6,898.104667
111,7,897.389548
112,3,1247.861081
112,4,973.733270
112,5,919.837920
112,6,898.104667
112,7,897.389548
113,3,1247.861081
113,4,973.733270
113,5,919.837920
113,6,898.104667
113,7,897.389548
114,3,1247.861081
114,4,973.733270
114,5,919.837920
114,6,898.104667
114,7,897.389548
115,3,1247.861081
115,4,973.733270
115,5,919.837920
115,6,898.104667
115,7,897.389548
116,3,1247.861081
116,4,973.733270
116,5,919.837920
116,6,898.104667
116,7,897.389548
117,3,1247.861081
117,4,973.733270
117,5,919.837920
117,6,898.104667
117,7,897.389548
118,3,1247.861081
118,4,973.733270
118,5,919.837920
118,6,898.104667
118,7,897.389548
119,3,1247.861081
119,4,973.733270
119,5,919.837920
119,6,898.104667
119,7,897.389548
120,3,1247.861081
120,4,973.733270
120,5,919.837920
120,6,898.104667
120,7,897.389548
121,3,1247.861081
121,4,971.250731
121,5,919.837920
121,6,898.104667
121,7,897.389548
122,3,1247.861081
122,4,971.250731
122,5,919.837920
122,6,898.104667
122,7,897.389548
123,3,1247.861081
123,4,971.250731
123,5,919.837920
123,6,898.104667
123,7,897.389548
124,3,1247.861081
124,4,971.250731
124,5,919.837920
124,6,898.104667
124,7,897.389548
125,3,1247.861081
125,4,971.250731
125,5,919.837920
125,6,898.104667
125,7,897.389548
126,3,1247.861081
126,4,971.250731
126,5,919.837920
126,6,898.104667
126,7,897.389548
127,3,1247.861081
127,4,971.250731
127,5,919.837920
127,6,898.104667
127,7,897.389548
128,3,1247.861081
128,4,971.250731
128,5,919.837920
128,6,898.104667
128,7,897.389548
129,3,1247.861081
129,4,971.250731
129,5,919.837920
129,6,898.104667
129,7,897.389548
130,3,1247.861081
130,4,971.250731
130,5,919.837920
130,6,898.104667
130,7,897.389548
131,3,1247.861081
131,4,971.250731
131,5,919.837920
131,6,898.104667
131,7,897.389548
132,3,1247.861081
132,4,971.250731
132,5,919.837920
132,6,898.104667
132,7,897.389548
133,3,1247.861081
133,4,971.250731
133,5,919.837920
133,6,898.104667
133,7,897.389548
134,3,1247.861081
134,4,971.250731
134,5,919.837920
134,6,898.104667
134,7,897.389548
135,3,1247.861081
135,4,971.250731
135,5,919.837920
135,6,898.104667
135,7,897.389548
136,3,1247.861081
136,4,971.250731
136,5,919.837920
136,6,898.104667
136,7,897.389548
137,3,1247.861081
137,4,971.250731
137,5,919.837920
137,6,898.104667
137,7,897.389548
138,3,1247.861081
138,4,971.250731
138,5,919.837920
138,6,898.104667
138,7,897.389548
139,3,1247.861081
139,4,971.250731
139,5,919.837920
139,6,898.104667
139,7,897.389548
140,3,1247.861081
140,4,971.250731
140,5,919.837920
140,6,898.104667
140,7,897.389548
141,3,1247.861081
141,4,971.250731
141,5,919.837920
141,6,898.104667
141,7,897.389548
142,3,1247.861081
142,4,971.250731
142,5,919.837920
142,6,898.104667
142,7,897.389548
143,3,1247.861081
143,4,971.250731
143,5,919.837920
143,6,898.104667
143,7,897.389548
144,3,1243.881222
144,4,971.250731
144,5,919.837920
144,6,898.104667
144,7,897.389548
145,3,1243.881222
145,4,971.250731
145,5,919.837920
145,6,898.104667
145,7,897.389548
146,3,1243.881222
146,4,971.250731
146,5,919.837920
146,6,898.104667
146,7,897.389548
147,3,1243.881222
147,4,971.250731
147,5,919.837920
147,6,898.104667
147,7,897.389548
148,3,1243.881222
148,4,971.250731
148,5,919.837920
148,6,898.104667
148,7,897.389548
149,3,1243.881222
149,4,971.250731
149,5,919.837920
149,6,898.104667
149,7,897.389548
150,3,1243.881222
150,4,971.250731
150,5,919.837920
150,6,898.104667
150,7,897.389548
151,3,1243.881222
151,4,971.250731
151,5,919.837920
151,6,898.104667
151,7,897.389548
152,3,1243.881222
152,4,971.250731
152,5,919.837920
152,6,898.104667
152,7,897.389548
153,3,1243.881222
153,4,971.250731
153,5,919.837920
153,6,898.104667
153,7,897.389548
154,3,1243.881222
154,4,970.605194
154,5,919.837920
154,6,898.104667
154,7,897.389548
155,3,1243.881222
155,4,970.605194
155,5,919.837920
155,6,898.104667
155,7,897.389548
156,3,1235.919562
156,4,970.605194
156,5,919.837920
156,6,898.104667
156,7,897.389548
157,3,1235.919562
157,4,970.605194
157,5,919.837920
157,6,898.104667
157,7,897.389548
158,3,1235.919562
158,4,970.605194
158,5,919.837920
158,6,898.104667
158,7,897.389548
159,3,1235.919562
159,4,970.605194
159,5,919.837920
159,6,898.104667
159,7,897.389548
160,3,1235.919562
160,4,970.605194
160,5,919.837920
160,6,898.104667
160,7,897.389548
161,3,1235.919562
161,4,970.605194
161,5,919.837920
161,6,898.104667
161,7,897.389548
162,3,1235.919562
162,4,970.605194
162,5,919.837920
162,6,898.104667
162,7,897.389548
163,3,1235.919562
163,4,970.605194
163,5,919.837920
163,6,898.104667
163,7,897.389548
164,3,1235.919562
164,4,970.605194
164,5,919.837920
164,6,898.104667
164,7,897.389548
165,3,1235.919562
165,4,970.605194
165,5,919.837920
165,6,898.104667
165,7,897.389548
166,3,1235.919562
166,4,970.605194
166,5,919.837920
166,6,898.104667
166,7,897.389548
167,3,1235.919562
167,4,970.605194
167,5,919.837920
167,6,898.104667
167,7,897.389548
168,3,1235.919562
168,4,970.605194
168,5,919.837920
168,6,898.104667
168,7,897.389548
169,3,1235.919562
169,4,970.605194
169,5,919.837920
169,6,898.104667
169,7,897.389548
170,3,1235.919562
170,4,970.605194
170,5,919.837920
170,6,898.104667
170,7,897.389548
171,3,1235.919562
171,4,970.605194
171,5,919.837920
171,6,898.104667
171,7,897.389548
172,3,1235.919562
172,4,970.605194
172,5,919.837920
172,6,898.104667
172,7,897.389548
173,3,1235.919562
173,4,970.605194
173,5,919.837920
173,6,898.104667
173,7,897.389548
174,3,1235.919562
174,4,970.605194
174,5,919.837920
174,6,898.104667
174,7,897.389548
175,3,1235.919562
175,4,970.605194
175,5,919.837920
175,6,898.104667
175,7,897.389548
176,3,1235.919562
176,4,970.605194
176,5,919.837920
176,6,898.104667
176,7,897.389548
177,3,1235.919562
177,4,970.605194
177,5,919.837920
177,6,898.104667
177,7,897.389548
178,3,1235.919562
178,4,970.605194
178,5,919.837920
178,6,898.104667
178,7,897.389548
179,3,1235.919562
179,4,970.605194
179,5,919.837920
179,6,898.104667
179,7,897.389548
180,3,1235.919562
180,4,970.605194
180,5,919.837920
180,6,898.104667
180,7,897.389548
181,3,1235.919562
181,4,970.605194
181,5,919.837920
181,6,898.104667
181,7,897.389548
182,3,1235.919562
182,4,970.605194
182,5,919.837920
182,6,898.104667
182,7,897.389548
183,3,1235.919562
183,4,970.605194
183,5,919.837920
183,6,898.104667
183,7,897.389548
184,3,1235.919562
184,4,970.605194
184,5,919.837920
184,6,898.104667
184,7,897.389548
185,3,1235.919562
185,4,970.605194
185,5,919.837920
185,6,898.104667
185,7,897.389548
186,3,1235.919562
186,4,970.605194
186,5,919.837920
186,6,898.104667
186,7,897.389548
187,3,1235.919562
187,4,970.605194
187,5,918.266051
187,6,898.104667
187,7,897.389548
188,3,1235.919562
188,4,968.940274
188,5,918.266051
188,6,898.104667
188,7,897.389548
189,3,1235.919562
189,4,968.122656
189,5,918.266051
189,6,898.104667
189,7,897.389548
190,3,1235.919562
190,4,968.122656
190,5,918.266051
190,6,898.104667
190,7,897.389548
191,3,1235.919562
191,4,968.122656
191,5,918.266051
191,6,898.104667
191,7,897.389548
192,3,1235.919562
192,4,968.122656
192,5,918.266051
192,6,898.104667
192,7,897.389548
193,3,1235.919562
193,4,968.122656
193,5,918.266051
193,6,898.104667
193,7,897.389548
194,3,1235.919562
194,4,968.122656
194,5,918.266051
194,6,898.104667
194,7,897.389548
195,3,1235.919562
195,4,968.122656
195,5,918.266051
195,6,898.104667
195,7,897.389548
196,3,1235.919562
196,4,968.122656
196,5,918.266051
196,6,898.104667
196,7,897.389548
197,3,1235.919562
197,4,968.122656
197,5,918.266051
197,6,898.104667
197,7,897.389548
198,3,1235.919562
198,4,968.122656
198,5,918.266051
198,6,898.104667
198,7,897.389548
199,3,1235.919562
199,4,968.122656
199,5,918.266051
199,6,898.104667
199,7,897.389548
200,3,1235.919562
200,4,968.122656
200,5,918.266051
200,6,898.104667
200,7,897.389548
201,3,1235.919562
201,4,968.122656
201,5,918.266051
201,6,898.104667
201,7,897.389548
202,3,1235.919562
202,4,968.122656
202,5,915.719414
202,6,898.104667
202,7,897.389548
203,3,1235.919562
203,4,968.122656
203,5,915.719414
203,6,898.104667
203,7,897.389548
204,3,1235.919562
204,4,968.122656
204,5,915.719414
204,6,898.104667
204,7,897.389548
205,3,1235.919562
205,4,968.122656
205,5,915.719414
205,6,898.104667
205,7,897.389548
206,3,1235.919562
206,4,968.122656
206,5,915.719414
206,6,898.104667
206,7,897.389548
207,3,1235.919562
207,4,968.122656
207,5,915.719414
207,6,898.104667
207,7,897.389548
208,3,1235.919562
208,4,968.122656
208,5,915.719414
208,6,898.104667
208,7,897.389548
209,3,1235.919562
209,4,968.122656
209,5,915.719414
209,6,898.104667
209,7,897.389548
210,3,1235.919562
210,4,968.122656
210,5,915.719414
210,6,898.104667
210,7,897.389548
211,3,1235.919562
211,4,968.122656
211,5,915.719414
211,6,898.104667
211,7,897.389548
212,3,1235.919562
212,4,968.122656
212,5,915.719414
212,6,898.104667
212,7,897.389548
213,3,1235.919562
213,4,968.122656
213,5,915.719414
213,6,898.104667
213,7,897.389548
214,3,1235.919562
214,4,968.122656
214,5,915.719414
214,6,898.104667
214,7,897.389548
215,3,1235.919562
215,4,968.122656
215,5,915.719414
215,6,898.104667
215,7,897.389548
216,3,1235.919562
216,4,968.122656
216,5,915.719414
216,6,898.104667
216,7,897.389548
217,3,1235.919562
217,4,968.122656
217,5,915.719414
217,6,898.104667
217,7,897.389548
218,3,1235.919562
218,4,968.122656
218,5,915.719414
218,6,898.104667
218,7,897.389548
219,3,1235.919562
219,4,968.122656
219,5,915.719414
219,6,898.104667
219,7,897.389548
220,3,1235.919562
220,4,968.122656
220,5,915.719414
220,6,898.104667
220,7,897.389548
221,3,1235.919562
221,4,968.122656
221,5,915.719414
221,6,897.771670
221,7,897.389548
222,3,1235.919562
222,4,968.122656
222,5,915.719414
222,6,897.771670
222,7,897.389548
223,3,1235.919562
223,4,968.122656
223,5,915.719414
223,6,897.771670
223,7,897.389548
224,3,1235.919562
224,4,968.122656
224,5,915.719414
224,6,897.771670
224,7,897.389548
225,3,1235.919562
225,4,968.122656
225,5,915.719414
225,6,897.771670
225,7,897.389548
226,3,1235.919562
226,4,968.122656
226,5,915.719414
226,6,897.771670
226,7,897.389548
227,3,1235.919562
227,4,968.122656
227,5,915.719414
227,6,897.771670
227,7,897.389548
228,3,1235.919562
228,4,968.122656
228,5,915.719414
228,6,897.771670
228,7,897.389548
229,3,1235.919562
229,4,968.122656
229,5,915.719414
229,6,897.771670
229,7,897.389548
230,3,1235.919562
230,4,968.122656
230,5,915.719414
230,6,897.771670
230,7,897.389548
231,3,1235.919562
231,4,968.122656
231,5,915.719414
231,6,897.771670
231,7,897.389548
232,3,1235.919562
232,4,968.122656
232,5,915.719414
232,6,897.771670
232,7,897.389548
233,3,1235.919562
233,4,968.122656
233,5,915.719414
233,6,897.771670
233,7,897.389548
234,3,1235.919562
234,4,968.122656
234,5,915.719414
234,6,897.771670
234,7,897.389548
235,3,1235.919562
235,4,968.122656
235,5,915.719414
235,6,897.771670
235,7,897.389548
236,3,1235.919562
236,4,968.122656
236,5,915.719414
236,6,897.771670
236,7,897.389548
237,3,1235.919562
237,4,968.122656
237,5,915.719414
237,6,897.771670
237,7,897.389548
238,3,1235.919562
238,4,968.122656
238,5,915.719414
238,6,897.771670
238,7,897.389548
239,3,1235.919562
239,4,968.122656
239,5,915.719414
239,6,897.771670
239,7,897.389548
240,3,1235.919562
240,4,968.122656
240,5,915.719414
240,6,897.771670
240,7,897.389548
241,3,1235.919562
241,4,968.122656
241,5,915.719414
241,6,897.771670
241,7,897.389548
242,3,1235.919562
242,4,968.122656
242,5,915.719414
242,6,897.771670
242,7,897.389548
243,3,1235.919562
243,4,968.122656
243,5,915.719414
243,6,897.771670
243,7,897.389548
244,3,1235.919562
244,4,968.122656
244,5,915.719414
244,6,897.771670
244,7,897.389548
245,3,1235.919562
245,4,968.122656
245,5,915.719414
245,6,897.771670
245,7,897.389548
246,3,1235.919562
246,4,968.122656
246,5,915.719414
246,6,897.771670
246,7,897.389548
247,3,1235.919562
247,4,968.122656
247,5,915.719414
247,6,897.771670
247,7,897.389548
248,3,1235.919562
248,4,968.122656
248,5,915.719414
248,6,897.771670
248,7,897.389548
249,3,1235.919562
249,4,968.122656
249,5,915.719414
249,6,897.771670
249,7,897.389548
250,3,1235.919562
250,4,968.122656
250,5,915.719414
250,6,897.771670
250,7,897.389548
251,3,1235.919562
251,4,968.122656
251,5,915.719414
251,6,897.771670
251,7,897.389548
252,3,1235.919562
252,4,968.122656
252,5,915.719414
252,6,897.771670
252,7,897.389548
253,3,1235.919562
253,4,968.122656
253,5,915.719414
253,6,897.771670
253,7,897.389548
254,3,1235.919562
254,4,968.122656
254,5,915.719414
254,6,897.771670
254,7,897.389548
255,3,1235.919562
255,4,968.122656
255,5,915.719414
255,6,897.771670
255,7,897.389548
256,3,1235.919562
256,4,968.122656
256,5,915.719414
256,6,897.771670
256,7,897.389548
257,3,1235.919562
257,4,968.122656
257,5,915.719414
257,6,897.771670
257,7,897.389548
258,3,1235.919562
258,4,968.122656
258,5,915.719414
258,6,897.771670
258,7,897.389548
259,3,1235.919562
259,4,968.122656
259,5,915.719414
259,6,897.771670
259,7,897.389548
260,3,1235.919562
260,4,968.122656
260,5,915.719414
260,6,897.771670
260,7,897.389548
261,3,1235.919562
261,4,968.122656
261,5,915.719414
261,6,897.771670
261,7,897.389548
262,3,1235.919562
262,4,968.122656
262,5,915.719414
262,6,897.771670
262,7,897.389548
263,3,1235.919562
263,4,968.122656
263,5,915.719414
263,6,897.771670
263,7,897.389548
264,3,1235.919562
264,4,968.122656
264,5,915.719414
264,6,897.771670
264,7,897.389548
265,3,1235.919562
265,4,968.122656
265,5,915.719414
265,6,897.771670
265,7,897.389548
266,3,1235.919562
266,4,968.122656
266,5,915.719414
266,6,897.771670
266,7,897.389548
267,3,1235.919562
267,4,968.122656
267,5,915.719414
267,6,897.771670
267,7,897.389548
268,3,1235.919562
268,4,968.122656
268,5,915.719414
268,6,897.771670
268,7,897.389548
269,3,1235.919562
269,4,968.122656
269,5,915.719414
269,6,897.771670
269,7,897.389548
270,3,1235.919562
270,4,968.122656
270,5,915.719414
270,6,897.771670
270,7,897.389548
271,3,1235.919562
271,4,968.122656
271,5,915.719414
271,6,897.771670
271,7,897.389548
272,3,1235.919562
272,4,968.122656
272,5,915.719414
272,6,897.771670
272,7,897.389548
273,3,1235.919562
273,4,968.122656
273,5,915.719414
273,6,897.771670
273,7,897.389548
274,3,1235.919562
274,4,968.122656
274,5,915.719414
274,6,897.771670
274,7,897.389548
275,3,1235.919562
275,4,968.122656
275,5,915.719414
275,6,897.771670
275,7,897.389548
276,3,1235.919562
276,4,968.122656
276,5,915.719414
276,6,897.771670
276,7,897.389548
277,3,1235.919562
277,4,968.122656
277,5,915.719414
277,6,897.771670
277,7,897.389548
278,3,1235.919562
278,4,968.122656
278,5,915.719414
278,6,897.771670
278,7,897.389548
279,3,1235.919562
279,4,968.122656
279,5,915.719414
279,6,897.771670
279,7,897.389548
280,3,1235.919562
280,4,968.122656
280,5,915.719414
280,6,897.771670
280,7,897.389548
281,3,1235.919562
281,4,968.122656
281,5,915.719414
281,6,897.771670
281,7,897.389548
282,3,1235.919562
282,4,968.122656
282,5,915.719414
282,6,897.771670
282,7,897.389548
283,3,1235.919562
283,4,968.122656
283,5,915.719414
283,6,897.771670
283,7,897.389548
284,3,1235.919562
284,4,968.122656
284,5,915.719414
284,6,897.771670
284,7,897.389548
285,3,1235.919562
285,4,968.122656
285,5,915.719414
285,6,897.771670
285,7,897.389548
286,3,1235.919562
286,4,968.122656
286,5,915.719414
286,6,897.771670
286,7,897.389548
287,3,1235.919562
287,4,968.122656
287,5,915.719414
287,6,897.771670
287,7,897.389548
288,3,1235.919562
288,4,968.122656
288,5,915.719414
288,6,897.771670
288,7,897.389548
289,3,1235.919562
289,4,968.122656
289,5,915.719414
289,6,897.771670
289,7,897.389548
290,3,1235.919562
290,4,968.122656
290,5,915.719414
290,6,897.771670
290,7,897.389548
291,3,1235.919562
291,4,968.122656
291,5,915.719414
291,6,897.771670
291,7,897.389548
292,3,1235.919562
292,4,968.122656
292,5,915.719414
292,6,897.771670
292,7,897.389548
293,3,1235.919562
293,4,968.122656
293,5,915.719414
293,6,897.771670
293,7,897.389548
294,3,1235.919562
294,4,968.122656
294,5,915.719414
294,6,897.771670
294,7,897.389548
295,3,1235.919562
295,4,968.122656
295,5,915.719414
295,6,897.771670
295,7,897.389548
296,3,1235.919562
296,4,968.122656
296,5,915.719414
296,6,897.771670
296,7,897.389548
297,3,1235.919562
297,4,968.122656
297,5,915.719414
297,6,897.771670
297,7,897.389548
298,3,1235.919562
298,4,968.122656
298,5,915.719414
298,6,897.771670
298,7,897.389548
299,3,1235.919562
299,4,968.122656
299,5,915.719414
299,6,897.771670
299,7,897.389548
300,3,1235.919562
300,4,968.122656
300,5,915.719414
300,6,897.771670
300,7,897.389548
301,3,1235.919562
301,4,968.122656
301,5,915.719414
301,6,897.771670
301,7,897.389548
302,3,1235.919562
302,4,968.122656
302,5,915.719414
302,6,897.771670
302,7,897.389548
303,3,1235.919562
303,4,968.122656
303,5,915.719414
303,6,897.771670
303,7,897.389548
304,3,1235.919562
304,4,968.122656
304,5,915.719414
304,6,897.771670
304,7,897.389548
305,3,1235.919562
305,4,968.122656
305,5,915.719414
305,6,897.771670
305,7,897.389548
306,3,1235.919562
306,4,968.122656
306,5,915.719414
306,6,897.771670
306,7,897.389548
307,3,1235.919562
307,4,968.122656
307,5,915.719414
307,6,897.771670
307,7,897.389548
308,3,1235.919562
308,4,968.122656
308,5,915.719414
308,6,897.771670
308,7,897.389548
309,3,1235.919562
309,4,968.122656
309,5,915.719414
309,6,897.771670
309,7,897.389548
310,3,1235.919562
310,4,968.122656
310,5,915.719414
310,6,897.771670
310,7,897.389548
311,3,1235.919562
311,4,968.122656
311,5,915.719414
311,6,897.771670
311,7,897.389548
312,3,1235.919562
312,4,968.122656
312,5,915.719414
312,6,897.771670
312,7,897.389548
313,3,1235.919562
313,4,968.122656
313,5,915.719414
313,6,897.771670
313,7,897.389548
314,3,1235.919562
314,4,968.122656
314,5,915.719414
314,6,897.771670
314,7,897.389548
315,3,1235.919562
315,4,968.122656
315,5,915.719414
315,6,897.771670
315,7,897.389548
316,3,1235.919562
316,4,968.122656
316,5,915.719414
316,6,897.771670
316,7,897.389548
317,3,1235.919562
317,4,968.122656
317,5,915.719414
317,6,897.771670
317,7,897.389548
318,3,1235.919562
318,4,968.122656
318,5,915.719414
318,6,897.771670
318,7,897.389548
319,3,1235.919562
319,4,968.122656
319,5,915.719414
319,6,897.771670
319,7,897.389548
320,3,1235.919562
320,4,968.122656
320,5,915.719414
320,6,897.771670
320,7,897.389548
321,3,1235.919562
321,4,968.122656
321,5,915.719414
321,6,897.771670
321,7,897.389548
322,3,1235.919562
322,4,968.122656
322,5,915.719414
322,6,897.771670
322,7,897.389548
323,3,1235.919562
323,4,968.122656
323,5,915.719414
323,6,897.771670
323,7,897.389548
324,3,1235.919562
324,4,968.122656
324,5,915.719414
324,6,897.771670
324,7,897.389548
325,3,1235.919562
325,4,968.122656
325,5,915.719414
325,6,897.771670
325,7,897.389548
326,3,1235.919562
326,4,968.122656
326,5,915.719414
326,6,897.771670
326,7,897.389548
327,3,1235.919562
327,4,968.122656
327,5,915.719414
327,6,897.771670
327,7,897.389548
328,3,1235.919562
328,4,968.122656
328,5,915.719414
328,6,897.771670
328,7,897.389548
329,3,1235.919562
329,4,968.122656
329,5,915.719414
329,6,897.771670
329,7,897.389548
330,3,1235.919562
330,4,968.122656
330,5,915.719414
330,6,897.771670
330,7,897.389548
331,3,1235.919562
331,4,968.122656
331,5,915.719414
331,6,897.771670
331,7,897.389548
