Generation,NV,TOC
1,45,16529.555086
1,49,16053.418045
1,52,15521.744142
1,56,15085.024475
1,69,14475.216204
1,70,14398.097175
1,72,14282.691434
1,74,14268.680937
2,45,16388.218648
2,49,16053.418045
2,52,15509.623463
2,56,15085.024475
2,68,14444.819021
2,70,14398.097175
2,72,14257.868709
3,44,16644.313682
3,45,16388.218648
3,47,16190.717265
3,48,15922.832630
3,52,15509.623463
3,54,15097.924648
3,56,15085.024475
3,57,14927.621904
3,58,14918.166021
3,67,14515.611990
3,68,14444.819021
3,70,14398.097175
3,72,14257.868709
3,73,14107.345212
4,44,16644.313682
4,45,16388.218648
4,46,15793.420148
4,52,15509.623463
4,54,15097.924648
4,55,15073.331979
4,57,14927.621904
4,58,14914.100537
4,59,14777.831094
4,60,14709.585102
4,67,14515.611990
4,68,14444.819021
4,69,14435.157972
4,70,14398.097175
4,71,14275.907514
4,72,14257.868709
4,73,14107.345212
5,44,16481.018480
5,45,16054.559575
5,46,15793.420148
5,49,15499.310457
5,52,15235.270095
5,53,15179.366523
5,54,15069.511995
5,56,14846.374409
5,59,14463.045140
5,61,14420.167954
5,65,14407.653677
5,67,14210.148385
5,72,14072.742161
5,75,14050.423188
6,43,16884.734314
6,44,16111.908756
6,45,16054.559575
6,46,15793.420148
6,47,15646.168366
6,49,15499.310457
6,50,15201.722217
6,53,15179.366523
6,54,15042.794233
6,55,14799.181965
6,58,14679.589000
6,59,14463.045140
6,61,14420.167954
6,65,14357.222445
6,67,14210.148385
6,68,14047.305267
6,70,14020.246153
6,72,13972.240252
6,73,13929.911771
7,43,16884.734314
7,44,16111.908756
7,45,16054.559575
7,46,15793.420148
7,47,15646.168366
7,48,15457.014442
7,50,15201.722217
7,51,14980.819082
7,53,14922.100044
7,55,14663.159809
7,58,14606.184469
7,59,14437.506673
7,61,14395.120752
7,65,14357.222445
7,67,14210.148385
7,68,14047.305267
7,70,14020.246153
7,72,13972.240252
7,73,13929.911771
8,43,16884.734314
8,44,16111.908756
8,45,15886.769437
8,46,15793.420148
8,47,15646.168366
8,48,15457.014442
8,50,15201.722217
8,51,14980.819082
8,53,14883.682206
8,54,14786.255458
8,55,14663.159809
8,56,14589.264256
8,57,14445.249196
8,59,14437.506673
8,61,14395.120752
8,64,14353.505763
8,65,14051.373721
8,67,13992.190036
8,71,13908.327524
9,42,17323.798262
9,43,16259.537724
9,44,16018.846968
9,45,15886.769437
9,46,15793.420148
9,47,15562.232828
9,48,15420.048000
9,49,15031.093864
9,50,14807.245283
9,52,14713.687068
9,55,14378.481662
9,58,14168.691588
9,62,13842.386772
10,42,17323.798262
10,43,15721.235783
10,47,15562.232828
10,48,15420.048000
10,49,15031.093864
10,50,14807.245283
10,51,14619.549282
10,55,14378.481662
10,58,14168.691588
10,60,14160.294080
10,62,13842.386772
11,42,17323.798262
11,43,15721.235783
11,47,15431.811567
11,48,15294.749437
11,49,15031.093864
11,50,14807.245283
11,51,14619.549282
11,54,14352.838590
11,57,13916.533197
11,62,13842.386772
12,42,17323.798262
12,43,15721.235783
12,46,15470.108868
12,47,15431.811567
12,48,15294.749437
12,49,15031.093864
12,50,14807.245283
12,51,14619.549282
12,54,14352.838590
12,57,13916.533197
12,62,13842.386772
13,42,16071.936230
13,43,15721.235783
13,46,15470.108868
13,47,15292.913962
13,48,14912.740207
13,49,14565.242864
13,50,14197.851068
13,54,14096.473144
13,56,13574.534735
14,42,16071.936230
14,43,15721.235783
14,45,15704.163900
14,46,15470.108868
14,47,15292.913962
14,48,14912.740207
14,49,14565.242864
14,50,14197.851068
14,54,14096.473144
14,56,13574.534735
14,60,13507.346196
14,62,13451.161716
15,42,16071.936230
15,43,15413.343096
15,47,14942.495296
15,48,14476.905947
15,50,14121.470584
15,54,13987.228635
15,55,13554.330242
15,59,13492.292866
15,62,13380.534506
15,64,13316.641672
16,42,16071.936230
16,43,15351.570759
16,45,15350.931201
16,46,14550.775421
16,48,14476.905947
16,50,14121.470584
16,54,13874.893503
16,55,13463.036128
16,62,13380.534506
16,64,13316.641672
17,42,16071.936230
17,43,14934.361765
17,46,14371.509396
17,49,13997.223277
17,54,13793.457070
17,55,13385.923901
17,58,13234.568204
18,42,15475.549028
18,43,14934.361765
18,46,14371.509396
18,48,14165.569629
18,49,13997.223277
18,54,13727.427484
18,55,13385.923901
18,58,13234.568204
19,42,15203.450519
19,43,14905.247619
19,45,14307.084801
19,47,14019.461051
19,49,13957.043860
19,52,13715.241169
19,53,13294.456319
19,58,13208.049259
20,41,15669.328176
20,42,15203.450519
20,43,14905.247619
20,45,14307.084801
20,47,14019.461051
20,49,13957.043860
20,52,13660.706576
20,53,13294.456319
20,58,13208.049259
21,40,15500.283276
21,42,15203.450519
21,43,14905.247619
21,44,14161.962107
21,47,14019.461051
21,49,13800.953379
21,51,13485.463664
21,52,13240.114950
21,54,13164.064315
21,56,13155.249209
21,58,13140.121442
21,60,13136.742865
21,62,13112.294151
22,40,15500.283276
22,42,15203.450519
22,43,14905.247619
22,44,14161.962107
22,47,14019.461051
22,49,13800.953379
22,50,13721.520660
22,51,13485.463664
22,52,13240.114950
22,53,13181.536475
22,54,13164.064315
22,56,13155.249209
22,58,13140.121442
22,60,13136.742865
22,62,13112.294151
23,40,15500.283276
23,42,15203.450519
23,43,14712.218877
23,44,13966.870611
23,47,13907.786610
23,49,13777.826057
23,50,13192.881643
23,53,13042.520764
23,55,12981.376031
24,40,15500.283276
24,42,15203.450519
24,43,14712.218877
24,44,13966.870611
24,47,13907.786610
24,48,13326.980476
24,50,13192.881643
24,53,13042.520764
24,55,12981.376031
25,40,15075.644250
25,41,15044.770272
25,43,14574.737678
25,44,13865.759001
25,47,13798.415709
25,48,13115.361485
25,53,12887.310776
26,40,15075.644250
26,41,15044.770272
26,43,14574.737678
26,44,13865.759001
26,47,13798.415709
26,48,13115.361485
26,53,12887.310776
27,39,14979.478739
27,41,14866.341475
27,42,14091.795294
27,44,13814.591462
27,45,13763.712233
27,46,13731.133545
27,48,13115.361485
27,50,13020.843736
27,53,12820.612036
28,39,14979.478739
28,41,14866.341475
28,42,14091.795294
28,44,13814.591462
28,45,13763.712233
28,46,13731.133545
28,48,13115.361485
28,50,13020.843736
28,53,12820.612036
29,39,14900.738013
29,41,14866.341475
29,42,14079.655273
29,44,13775.440221
29,45,13575.199899
29,46,13223.134431
29,48,13115.361485
29,49,12953.952017
29,53,12771.431722
30,39,14900.738013
30,41,14866.341475
30,42,14079.655273
30,44,13775.440221
30,45,13529.220192
30,46,13223.134431
30,48,13115.361485
30,49,12953.952017
30,53,12771.431722
31,39,14879.694306
31,41,14546.634477
31,42,13844.332462
31,44,13738.619893
31,45,13529.220192
31,46,13162.997619
31,48,13078.285798
31,49,12952.013289
31,53,12599.565061
32,39,14879.694306
32,41,14546.634477
32,42,13844.332462
32,44,13503.357908
32,46,13162.997619
32,47,12822.678075
32,53,12599.565061
32,55,12532.747265
33,38,14732.625172
33,41,14353.085126
33,42,13828.609969
33,43,13457.272523
33,46,12994.387745
33,47,12738.816571
33,53,12568.273003
33,54,12477.718594
33,55,12464.628826
34,38,14731.448122
34,41,14353.085126
34,42,13098.385182
34,43,12954.680806
34,45,12697.536350
34,53,12568.273003
34,54,12477.718594
34,55,12464.628826
35,37,17791.812488
35,38,14731.448122
35,41,14353.085126
35,42,13098.385182
35,43,12954.680806
35,45,12697.536350
35,53,12568.273003
35,54,12477.718594
35,55,12464.628826
36,37,17791.812488
36,38,14731.448122
36,41,14353.085126
36,42,13098.385182
36,43,12954.680806
36,45,12697.536350
36,53,12568.273003
36,54,12477.718594
36,55,12464.628826
37,37,14688.172448
37,41,14261.448637
37,42,13055.419611
37,43,12883.442628
37,45,12697.397936
37,53,12497.213675
37,54,12477.718594
37,55,12415.804872
38,37,14688.172448
38,39,14208.394668
38,40,13384.343807
38,42,13055.419611
38,43,12883.442628
38,45,12697.397936
38,46,12606.021638
38,48,12585.569496
38,53,12497.213675
38,54,12477.718594
38,55,12415.804872
39,37,14688.172448
39,39,14088.414688
39,40,13251.651751
39,42,13055.419611
39,43,12883.442628
39,45,12650.653574
39,46,12600.300815
39,48,12509.648865
39,53,12497.213675
39,54,12452.438149
39,55,12401.576562
40,37,14688.172448
40,39,13540.575654
40,40,13251.651751
40,42,13055.419611
40,43,12883.442628
40,44,12743.009432
40,45,12650.653574
40,46,12600.300815
40,48,12509.648865
40,52,12452.976365
40,54,12452.438149
40,55,12401.576562
40,56,12315.934472
41,37,14688.172448
41,39,13540.575654
41,40,13202.624127
41,42,12975.280186
41,43,12880.926386
41,44,12728.020517
41,45,12650.653574
41,46,12564.767434
41,48,12489.667455
41,52,12253.248250
42,37,14688.172448
42,39,13540.575654
42,40,13202.624127
42,42,12975.280186
42,43,12880.926386
42,44,12728.020517
42,45,12531.339623
42,48,12489.667455
42,52,12253.248250
42,56,12235.814009
43,37,14688.172448
43,39,13540.575654
43,40,13202.624127
43,42,12855.807334
43,44,12514.218766
43,48,12481.054734
43,51,12389.635032
43,52,12210.563545
43,54,12156.308664
44,37,14688.172448
44,39,13540.575654
44,40,13202.624127
44,42,12855.807334
44,44,12514.218766
44,48,12481.054734
44,49,12299.415081
44,52,12210.563545
44,54,12156.308664
45,37,14403.028016
45,38,13417.719386
45,39,13188.333380
45,42,12828.069732
45,44,12490.916204
45,45,12417.063759
45,49,12299.415081
45,52,12151.488755
46,37,14403.028016
46,38,13417.719386
46,39,13188.333380
46,40,12744.520928
46,42,12663.211389
46,44,12490.916204
46,45,12417.063759
46,48,12296.920851
46,52,12151.488755
47,37,13316.163294
47,38,13314.463465
47,39,13188.333380
47,40,12566.394827
47,44,12331.513539
47,47,12279.678296
47,51,12135.402651
48,36,13615.720331
48,37,13316.163294
48,38,13314.463465
48,39,13188.333380
48,40,12566.394827
48,44,12331.513539
48,47,12279.678296
48,51,12135.402651
49,36,13179.923419
49,40,12560.489709
49,44,12302.928718
49,47,12269.127974
49,50,12099.345538
50,36,13179.923419
50,38,12847.455527
50,40,12560.489709
50,43,12427.776208
50,44,12302.928718
50,45,12278.562527
50,47,12269.127974
50,50,12099.345538
50,51,12075.312954
51,35,13965.950850
51,36,13166.447135
51,38,12840.861590
51,39,12466.500585
51,41,12150.596386
51,50,12085.869043
51,51,12058.281094
52,35,13965.950850
52,36,13072.406807
52,38,12830.992215
52,39,12466.500585
52,41,12150.596386
52,46,12122.004787
52,49,12064.272718
52,51,12058.281094
53,35,12898.138983
53,36,12859.491593
53,37,12751.876187
53,39,12318.373107
53,41,12150.596386
53,46,12051.300108
53,50,12017.352289
54,35,12898.138983
54,36,12859.491593
54,37,12737.397058
54,39,12318.373107
54,41,12150.596386
54,46,12051.300108
54,50,11939.610756
55,35,12736.612640
55,37,12734.859788
55,39,12318.373107
55,41,12143.615737
55,46,12047.545099
55,50,11939.610756
56,34,13256.526623
56,35,12736.612640
56,37,12734.859788
56,39,12318.373107
56,41,12143.615737
56,46,12047.545099
56,50,11939.610756
57,34,13179.100065
57,35,12714.320161
57,39,12318.373107
57,41,12114.150500
57,45,11976.682688
57,49,11914.699657
58,34,13179.100065
58,35,12714.320161
58,36,12602.045459
58,39,12318.373107
58,41,12114.150500
58,45,11976.682688
58,49,11914.699657
59,34,12939.151489
59,35,12711.794555
59,36,12467.263185
59,39,12318.373107
59,41,12110.081046
59,45,11973.700031
59,47,11875.129175
60,34,12939.151489
60,35,12711.794555
60,36,12467.263185
60,39,12318.373107
60,41,12110.081046
60,45,11973.700031
60,47,11875.129175
61,34,12898.119031
61,35,12654.978475
61,36,12388.087963
61,39,12273.361613
61,41,12099.397367
61,45,11973.700031
61,46,11814.840541
62,34,12898.119031
62,35,12654.978475
62,36,12388.087963
62,39,12273.361613
62,41,12099.397367
62,45,11973.700031
62,46,11814.840541
63,33,15316.458106
63,34,12896.476889
63,35,12654.372736
63,36,12387.446180
63,39,12273.361613
63,41,12098.120086
63,45,11929.379200
63,46,11794.899256
64,33,15316.458106
64,34,12896.476889
64,35,12654.372736
64,36,12387.446180
64,39,12273.361613
64,41,12098.120086
64,45,11929.379200
64,46,11794.899256
65,33,15265.967303
65,34,12857.231532
65,35,12634.892806
65,36,12366.235962
65,39,12216.041745
65,41,12093.126513
65,45,11899.780542
65,46,11794.899256
66,33,15265.967303
66,34,12857.231532
66,35,12634.892806
66,36,12366.235962
66,39,12216.041745
66,41,12093.126513
66,43,12031.073258
66,45,11899.780542
66,46,11794.899256
67,33,15136.186882
67,34,12833.976945
67,35,12577.094347
67,36,12366.235962
67,39,12136.258905
67,40,12113.878347
67,41,12093.126513
67,43,12021.014880
67,45,11810.332047
67,46,11786.849063
68,33,15136.186882
68,34,12833.976945
68,35,12577.094347
68,36,12366.235962
68,39,12136.258905
68,40,12113.878347
68,41,12093.126513
68,43,12021.014880
68,45,11810.075405
68,46,11786.849063
69,33,15136.186882
69,34,12782.933102
69,35,12557.209758
69,36,12365.820103
69,38,12255.357342
69,39,12128.694322
69,40,12113.878347
69,41,12092.486923
69,43,12021.014880
69,45,11800.427269
69,46,11764.127125
70,33,15136.186882
70,34,12782.933102
70,35,12557.209758
70,36,12365.820103
70,38,12140.926556
70,39,12128.694322
70,40,12113.878347
70,41,12092.486923
70,43,12021.014880
70,45,11800.427269
70,46,11764.127125
71,33,15126.986317
71,34,12782.933102
71,35,12557.209758
71,36,12253.237175
71,38,12131.013705
71,39,12032.368103
71,43,12021.014880
71,44,11794.028163
71,46,11741.981377
72,33,15126.986317
72,34,12782.933102
72,35,12557.209758
72,36,12253.237175
72,38,12131.013705
72,39,12032.368103
72,43,12021.014880
72,44,11794.028163
72,46,11741.981377
73,33,15040.169342
73,34,12749.643938
73,35,12557.209758
73,36,12253.237175
73,38,12051.927450
73,39,12032.368103
73,43,11913.591497
73,44,11794.028163
73,46,11726.369672
74,33,14014.115939
74,34,12749.643938
74,35,12557.209758
74,36,12253.237175
74,38,11993.473024
74,40,11962.857970
74,43,11913.591497
74,44,11794.028163
74,46,11726.369672
75,33,13854.108231
75,34,12731.142500
75,35,12313.474041
75,36,12252.438468
75,37,11913.040662
75,43,11781.160350
75,46,11726.369672
76,33,13854.108231
76,34,12731.142500
76,35,12313.474041
76,36,12252.438468
76,37,11913.040662
76,43,11781.160350
76,46,11726.369672
77,33,13655.241791
77,34,12658.798807
77,35,12287.850184
77,36,12245.408435
77,37,11890.374557
77,43,11781.160350
77,46,11706.872926
77,47,11696.740951
78,33,12632.227753
78,35,12287.850184
78,36,12245.408435
78,37,11890.374557
78,43,11781.160350
78,44,11741.530793
78,46,11706.872926
78,47,11696.740951
79,33,12569.983393
79,34,12233.913467
79,37,11890.374557
79,41,11847.294093
79,43,11781.160350
79,44,11738.357786
79,46,11689.088099
79,47,11686.741468
80,33,12569.983393
80,34,12233.913467
80,37,11890.374557
80,41,11847.294093
80,43,11781.160350
80,44,11738.357786
80,46,11689.088099
80,47,11686.741468
81,33,12380.453931
81,34,12140.717016
81,35,12107.362500
81,36,12058.121741
81,37,11876.325889
81,41,11742.624807
81,44,11691.815329
81,46,11689.088099
81,47,11685.457656
82,33,12380.453931
82,34,12140.717016
82,35,12107.362500
82,36,12058.121741
82,37,11876.325889
82,41,11742.624807
82,44,11691.815329
82,46,11689.088099
82,47,11685.457656
83,33,12370.456207
83,34,12133.437592
83,35,12107.362500
83,36,11834.893963
83,41,11742.038457
83,44,11691.815329
83,46,11689.088099
83,47,11685.457656
84,33,12370.456207
84,34,12133.437592
84,35,12107.362500
84,36,11834.893963
84,41,11742.038457
84,44,11691.815329
84,46,11689.088099
84,47,11685.457656
85,33,12261.099427
85,34,12074.249442
85,35,12066.456932
85,36,11813.058729
85,41,11740.451070
85,44,11680.633423
86,32,14224.096278
86,33,12261.099427
86,34,12074.249442
86,35,12066.456932
86,36,11813.058729
86,41,11740.451070
86,44,11680.633423
87,32,14224.096278
87,33,12261.099427
87,34,12074.249442
87,35,12066.456932
87,36,11813.058729
87,41,11740.451070
87,44,11680.633423
88,32,14012.328316
88,33,12249.989215
88,34,12006.383277
88,36,11813.058729
88,37,11742.727111
88,41,11735.624043
88,44,11680.633423
89,32,14012.328316
89,33,12249.989215
89,34,12006.383277
89,36,11813.058729
89,37,11742.727111
89,41,11735.624043
89,44,11680.633423
90,32,14012.328316
90,33,12249.989215
90,34,12006.383277
90,36,11813.058729
90,37,11742.727111
90,41,11735.624043
90,44,11680.633423
91,32,13893.960884
91,33,12244.854288
91,34,11987.770628
91,35,11971.339832
91,36,11813.058729
91,37,11742.727111
91,41,11725.732837
91,44,11672.934522
92,32,13893.960884
92,33,12244.854288
92,34,11987.770628
92,35,11971.339832
92,36,11803.331206
92,37,11742.727111
92,41,11725.732837
92,44,11672.934522
93,32,13428.391652
93,33,12236.273146
93,34,11889.014592
93,35,11859.445571
93,36,11803.331206
93,37,11742.727111
93,41,11633.993669
94,31,14365.562857
94,32,13428.391652
94,33,12236.273146
94,34,11885.046849
94,35,11859.445571
94,36,11749.480614
94,37,11742.727111
94,41,11633.993669
95,31,14046.030368
95,32,13317.904158
95,33,12236.273146
95,34,11884.765595
95,35,11817.215113
95,36,11744.406186
95,37,11716.325663
95,39,11606.986282
96,31,14046.030368
96,32,13317.904158
96,33,12236.273146
96,34,11884.765595
96,35,11779.512757
96,36,11625.269102
96,39,11606.986282
97,30,13947.152397
97,32,13266.821932
97,33,12171.113447
97,34,11860.683786
97,35,11779.512757
97,36,11600.853025
97,39,11551.819147
98,30,13947.152397
98,32,13266.821932
98,33,12171.113447
98,34,11860.683786
98,35,11779.512757
98,36,11600.853025
98,39,11551.819147
99,30,13923.253507
99,32,13261.621798
99,33,12171.113447
99,34,11815.514971
99,35,11762.111129
99,36,11561.252989
99,38,11509.429678
100,30,13923.253507
100,32,12451.535172
100,33,12171.113447
100,34,11815.514971
100,35,11762.111129
100,36,11561.252989
100,38,11509.429678
101,30,13766.088886
101,32,12451.535172
101,33,12095.186495
101,34,11673.437155
101,36,11543.299552
101,38,11490.000847
102,30,13766.088886
102,32,12451.535172
102,33,12095.186495
102,34,11673.437155
102,36,11543.299552
102,38,11490.000847
103,30,13432.627005
103,32,12423.498488
103,33,12095.186495
103,34,11667.019583
103,35,11506.534014
103,38,11483.584162
104,30,13432.627005
104,32,12423.498488
104,33,12095.186495
104,34,11510.778394
104,35,11506.534014
104,38,11483.584162
105,30,13329.433910
105,32,12248.205817
105,33,11904.584722
105,34,11500.928836
105,35,11493.590094
105,38,11453.243534
105,43,11428.005268
106,30,13329.433910
106,32,12248.205817
106,33,11675.398217
106,34,11500.928836
106,35,11493.590094
106,38,11453.243534
106,41,11438.740952
106,43,11428.005268
107,30,13306.327308
107,32,12190.314094
107,33,11656.071892
107,34,11500.928836
107,35,11457.018518
107,37,11390.608708
108,30,13306.327308
108,32,12190.314094
108,33,11656.071892
108,34,11500.928836
108,35,11457.018518
108,37,11390.608708
109,30,13240.928074
109,32,12157.579652
109,33,11631.652412
109,34,11484.836036
109,35,11449.762126
109,36,11343.615855
109,40,11305.883192
110,30,13240.928074
110,32,12157.579652
110,33,11631.652412
110,34,11484.836036
110,35,11449.762126
110,36,11343.615855
110,40,11305.883192
111,30,13240.706694
111,32,12155.510311
111,33,11613.226573
111,34,11482.979327
111,35,11411.654452
111,36,11327.202067
111,40,11276.279490
112,30,13240.706694
112,32,12155.510311
112,33,11613.226573
112,34,11482.979327
112,35,11411.654452
112,36,11327.202067
112,40,11276.279490
113,30,13230.758987
113,32,11910.114422
113,33,11581.399631
113,34,11468.789689
113,35,11296.929648
113,40,11269.515849
114,29,13313.814637
114,30,13230.758987
114,32,11910.114422
114,33,11581.399631
114,34,11468.789689
114,35,11296.929648
114,40,11269.515849
115,29,13087.187642
115,32,11886.596151
115,33,11553.561869
115,34,11468.789689
115,35,11282.688813
115,40,11251.732249
116,29,13087.187642
116,30,13076.464629
116,32,11871.688248
116,33,11553.561869
116,34,11468.789689
116,35,11282.688813
116,40,11251.732249
117,29,13026.707374
117,30,12875.868688
117,32,11860.034413
117,33,11552.878517
117,34,11462.107795
117,35,11260.786397
117,40,11251.732249
118,29,13026.707374
118,30,12875.868688
118,32,11860.034413
118,33,11552.878517
118,34,11462.107795
118,35,11213.079787
119,29,13003.406600
119,30,12831.904165
119,32,11688.217763
119,33,11532.532315
119,34,11455.375893
119,35,11213.079787
120,29,13003.406600
120,30,12831.904165
120,32,11688.217763
120,33,11532.532315
120,34,11455.375893
120,35,11213.079787
121,29,12971.056613
121,30,12823.014575
121,32,11688.217763
121,33,11532.532315
121,34,11455.251616
121,35,11204.339939
122,29,12971.056613
122,30,12823.014575
122,32,11688.217763
122,33,11532.532315
122,34,11455.251616
122,35,11187.865442
123,29,12898.303045
123,30,12722.966712
123,32,11626.147059
123,33,11532.532315
123,34,11435.142958
123,35,11187.251091
124,29,12898.303045
124,30,12722.966712
124,32,11626.147059
124,33,11532.532315
124,34,11435.142958
124,35,11187.251091
125,29,12869.182969
125,30,12693.661839
125,32,11619.402245
125,33,11532.532315
125,34,11403.127342
125,35,11160.566121
126,29,12869.182969
126,30,12693.661839
126,32,11619.402245
126,33,11532.532315
126,34,11403.127342
126,35,11160.566121
127,29,12869.182969
127,30,12693.661839
127,31,11893.141153
127,32,11602.105384
127,33,11532.532315
127,34,11403.127342
127,35,11160.566121
128,29,12869.182969
128,30,12693.661839
128,31,11893.141153
128,32,11602.105384
128,33,11532.532315
128,34,11389.248288
128,35,11160.566121
129,29,12869.182969
129,30,12689.657086
129,31,11848.654328
129,32,11567.702073
129,33,11321.672530
129,35,11118.873482
130,29,12869.182969
130,30,12689.657086
130,31,11848.654328
130,32,11567.702073
130,33,11321.672530
130,35,11118.873482
131,28,12954.629638
131,29,12855.083509
131,30,12686.424185
131,31,11845.505627
131,32,11567.702073
131,33,11321.672530
131,35,11118.873482
132,28,12748.226679
132,30,12686.424185
132,31,11845.505627
132,32,11567.702073
132,33,11296.424987
132,35,11118.873482
133,28,12699.798433
133,30,12666.334010
133,31,11823.063225
133,32,11567.702073
133,33,11296.424987
133,35,11116.745551
134,28,12699.798433
134,30,12112.179938
134,31,11656.300426
134,32,11567.702073
134,33,11296.424987
134,35,11116.745551
135,28,12699.798433
135,30,11842.984737
135,31,11626.393246
135,32,11548.444839
135,33,11279.583851
135,34,11271.801432
135,35,11115.328577
136,28,12699.798433
136,30,11842.984737
136,31,11626.393246
136,32,11548.444839
136,33,11279.583851
136,34,11271.801432
136,35,11115.328577
137,28,12610.587389
137,30,11781.467540
137,31,11595.175573
137,32,11246.526466
137,35,11103.686837
138,27,12801.281620
138,28,12610.587389
138,30,11781.467540
138,31,11583.220444
138,32,11246.526466
138,35,11103.686837
139,27,12702.066056
139,28,12543.084053
139,30,11779.886462
139,31,11583.220444
139,32,11246.526466
139,35,11072.099075
140,27,12702.066056
140,28,12543.084053
140,29,12505.972262
140,30,11779.886462
140,31,11528.112539
140,32,11246.526466
140,34,11242.307359
140,35,11072.099075
141,27,12702.066056
141,28,12377.784058
141,30,11779.886462
141,31,11498.208983
141,32,11233.336205
141,35,11051.254058
142,27,12702.066056
142,28,12377.784058
142,30,11779.886462
142,31,11498.208983
142,32,11233.336205
142,35,11051.254058
143,27,12702.066056
143,28,12342.005889
143,30,11730.508042
143,31,11430.955349
143,32,11221.706501
143,35,11047.500950
144,27,12702.066056
144,28,12342.005889
144,30,11730.508042
144,31,11430.955349
144,32,11221.706501
144,35,11047.500950
145,27,12651.141433
145,28,12232.071216
145,30,11718.107165
145,31,11430.239587
145,32,11221.706501
145,35,11040.853437
146,27,12651.141433
146,28,12232.071216
146,30,11718.107165
146,31,11430.239587
146,32,11221.706501
146,33,11188.398947
146,35,11040.853437
147,27,12609.188377
147,28,12199.135175
147,30,11718.107165
147,31,11430.239587
147,32,11214.851739
147,33,11188.398947
147,35,11037.275384
148,27,12296.607252
148,28,12199.135175
148,30,11718.107165
148,31,11428.183452
148,32,11214.851739
148,33,11188.398947
148,35,11037.275384
149,27,12296.229733
149,28,11926.839247
149,30,11713.782286
149,31,11426.134961
149,32,11193.338579
149,33,11181.429069
149,35,11035.065115
150,27,12296.229733
150,28,11926.839247
150,29,11893.457715
150,30,11713.782286
150,31,11403.882563
150,32,11193.338579
150,33,11135.974862
150,35,11035.065115
151,27,12153.529469
151,28,11903.587594
151,29,11836.778516
151,30,11713.782286
151,31,11403.882563
151,32,11192.526478
151,33,11104.136682
151,35,11035.065115
151,36,11029.966411
152,27,12153.529469
152,28,11903.587594
152,29,11836.778516
152,30,11713.782286
152,31,11403.882563
152,32,11192.526478
152,33,11104.136682
152,35,11035.065115
152,36,11029.966411
153,27,12109.635076
153,28,11843.454179
153,29,11836.778516
153,30,11711.841303
153,31,11313.851277
153,32,11099.796729
153,33,11089.252295
153,35,11030.314771
153,36,11029.966411
154,27,12109.635076
154,28,11843.454179
154,29,11836.778516
154,30,11711.841303
154,31,11313.851277
154,32,11099.796729
154,33,11083.666059
154,35,11025.341872
154,36,11007.796262
155,27,12104.828257
155,28,11826.461868
155,29,11790.184315
155,30,11708.900757
155,31,11313.851277
155,32,11080.254332
155,33,11063.782505
155,34,11020.981340
155,36,11003.446490
156,27,12104.828257
156,28,11725.086030
156,30,11708.900757
156,31,11313.851277
156,32,11080.254332
156,33,11063.782505
156,34,11020.981340
156,36,11003.446490
157,27,11930.365928
157,28,11707.824375
157,30,11695.542891
157,31,11300.689546
157,32,11080.254332
157,33,11062.673878
157,34,11020.981340
157,35,11017.210330
157,36,10983.945322
158,27,11930.365928
158,28,11707.824375
158,29,11706.783782
158,30,11695.542891
158,31,11300.689546
158,32,11079.841975
158,33,11005.251184
158,36,10983.945322
159,27,11624.100437
159,31,11300.689546
159,32,11064.906239
159,33,11005.251184
159,36,10982.836696
160,27,11624.100437
160,31,11300.689546
160,32,11064.906239
160,33,11005.251184
160,36,10982.836696
161,26,12116.738399
161,27,11621.207220
161,31,11230.766623
161,32,11000.022251
161,36,10982.836696
162,26,12055.597401
162,27,11621.207220
162,31,11230.766623
162,32,11000.022251
162,36,10982.836696
163,26,12046.580572
163,27,11621.207220
163,31,11170.154527
163,32,11000.022251
163,36,10982.836696
164,26,12046.580572
164,27,11621.207220
164,31,11170.154527
164,32,11000.022251
164,36,10982.836696
165,26,12031.089035
165,27,11620.996870
165,29,11607.647494
165,31,11168.898426
165,32,11000.022251
165,35,10972.138106
166,26,12031.089035
166,27,11620.996870
166,29,11607.647494
166,31,11168.898426
166,32,10997.273927
166,33,10992.303701
166,35,10972.138106
167,26,11952.875770
167,27,11620.996870
167,29,11583.332143
167,31,11166.147112
167,32,10997.273927
167,33,10975.202361
167,35,10972.138106
168,26,11952.875770
168,27,11620.996870
168,29,11582.520035
168,31,11166.147112
168,32,10997.273927
168,33,10975.202361
168,35,10972.138106
169,26,11949.867308
169,27,11548.504869
169,31,11165.932824
169,32,10996.719341
169,33,10972.138427
169,35,10972.138106
170,26,11949.867308
170,27,11548.504869
170,31,10991.294205
170,33,10972.138427
170,35,10972.138106
171,26,11780.565760
171,27,11545.084756
171,31,10991.294205
171,32,10910.438402
172,26,11780.565760
172,27,11545.084756
172,31,10964.296748
172,32,10910.438402
173,26,11763.803764
173,27,11486.898412
173,31,10960.899043
173,32,10910.438402
174,26,11763.803764
174,27,11486.898412
174,31,10913.755237
174,32,10910.438402
175,26,11722.573295
175,27,11483.368418
175,31,10912.506100
175,32,10910.438402
176,26,11722.573295
176,27,11483.368418
176,31,10912.506100
176,32,10910.438402
177,26,11719.825951
177,27,11479.297934
177,31,10912.506100
177,32,10910.438402
178,26,11719.825951
178,27,11479.297934
178,29,11469.254362
178,30,11412.179897
178,31,10912.506100
178,32,10910.438402
179,26,11719.825951
179,27,11470.257978
179,29,11427.592352
179,30,11411.427608
179,31,10899.358542
179,32,10898.190739
180,26,11719.825951
180,27,11470.257978
180,28,11445.767971
180,29,11427.592352
180,30,11411.427608
180,31,10899.358542
180,32,10898.190739
181,26,11716.181033
181,27,11470.257978
181,28,11433.334717
181,29,11424.722816
181,30,11411.427608
181,31,10881.987627
182,26,11716.181033
182,27,11470.257978
182,28,11433.334717
182,29,11424.722816
182,30,11411.427608
182,31,10881.987627
183,26,11700.942135
183,27,11470.073112
183,28,11422.523656
183,29,11409.646029
183,31,10879.689806
184,26,11700.942135
184,27,11470.073112
184,28,11422.523656
184,29,11409.646029
184,31,10879.689806
185,26,11610.172083
185,27,11431.188554
185,28,11414.308040
185,29,11394.815979
185,31,10879.689806
186,26,11610.172083
186,27,11431.188554
186,28,11414.308040
186,29,11394.815979
186,31,10879.689806
187,26,11608.255998
187,27,11431.188554
187,28,11412.093738
187,29,11389.666609
187,31,10865.037007
188,26,11608.255998
188,27,11431.188554
188,28,11359.611832
188,31,10865.037007
189,26,11604.308290
189,27,11400.742337
189,28,11354.883705
189,31,10865.037007
190,26,11604.308290
190,27,11400.742337
190,28,11354.883705
190,31,10865.037007
191,26,11604.308290
191,27,11400.742337
191,28,11343.779384
191,30,11301.602563
191,31,10865.037007
192,26,11604.308290
192,27,11400.742337
192,28,11343.779384
192,30,11301.602563
192,31,10865.037007
193,26,11598.497562
193,27,11400.742337
193,28,11324.755104
193,30,11301.602563
193,31,10862.197639
194,26,11568.907236
194,27,11400.742337
194,28,11324.755104
194,30,11301.602563
194,31,10844.108037
195,26,11568.907236
195,27,11348.273553
195,28,11305.897865
195,30,11301.602563
195,31,10840.052057
196,26,11389.712635
196,27,11348.273553
196,28,11305.897865
196,30,11301.602563
196,31,10840.052057
197,26,11388.808035
197,27,11249.526230
197,31,10840.052057
198,26,11388.808035
198,27,11249.526230
198,30,11023.537335
198,31,10840.052057
199,26,11248.478109
199,30,11019.411786
199,31,10839.408776
200,26,11248.478109
200,30,11019.411786
200,31,10839.408776
201,26,11224.307385
201,30,10997.844408
201,31,10839.408776
202,26,11224.307385
202,30,10997.844408
202,31,10839.408776
203,26,11203.052920
203,30,10982.843365
203,31,10839.408776
204,26,11203.052920
204,30,10982.843365
204,31,10828.469304
205,26,11200.368931
205,30,10982.843365
205,31,10823.309974
206,26,11177.137632
206,30,10982.843365
206,31,10823.309974
207,26,11176.377090
207,30,10982.001550
207,31,10823.213522
208,26,11176.377090
208,30,10982.001550
208,31,10823.213522
209,26,11175.609353
209,27,11143.109991
209,30,10982.001550
209,31,10816.290054
210,26,11175.609353
210,27,11090.498304
210,30,10982.001550
210,31,10816.290054
211,26,11170.348355
211,27,11082.782665
211,30,10974.079066
211,31,10790.023574
212,26,11170.348355
212,27,11082.782665
212,30,10974.079066
212,31,10790.023574
213,26,11163.015771
213,27,11080.349183
213,30,10974.079066
213,31,10757.214638
214,26,11163.015771
214,27,11080.349183
214,30,10974.079066
214,31,10757.214638
215,26,11160.396381
215,27,11080.333284
215,30,10883.515572
215,31,10757.214638
216,26,11160.396381
216,27,11080.333284
216,30,10883.515572
216,31,10757.214638
217,26,11160.396381
217,27,11080.333284
217,30,10883.515572
217,31,10757.214638
218,26,11160.396381
218,27,11080.333284
218,30,10883.515572
218,31,10757.214638
219,26,11137.980646
219,27,11080.333284
219,30,10861.798983
219,31,10754.094626
220,26,11137.980646
220,27,11080.333284
220,30,10861.798983
220,31,10754.094626
221,26,11125.617326
221,27,11080.016520
221,29,11032.226213
221,30,10861.798983
221,31,10746.279209
222,26,11125.617326
222,27,11080.016520
222,28,10994.555305
222,30,10861.798983
222,31,10746.279209
223,26,11048.497991
223,28,10991.525837
223,30,10861.798983
223,31,10736.027763
224,26,11048.497991
224,27,11033.770651
224,28,10991.525837
224,30,10861.798983
224,31,10736.027763
225,26,11030.130001
225,27,11012.317386
225,28,10986.261282
225,30,10861.031626
225,31,10736.027763
226,26,11030.130001
226,27,10981.975621
226,30,10852.298102
226,31,10736.027763
227,26,11030.130001
227,27,10981.975621
227,30,10844.602200
227,31,10735.389682
228,26,11030.130001
228,27,10945.732131
228,30,10844.602200
228,31,10735.389682
229,26,10994.148267
229,27,10935.655702
229,30,10844.602200
229,31,10733.164694
230,26,10994.148267
230,27,10935.655702
230,30,10844.602200
230,31,10733.164694
231,26,10988.883713
231,27,10934.652326
231,30,10836.984305
231,31,10733.164694
232,26,10988.883713
232,27,10934.652326
232,30,10836.984305
232,31,10733.164694
233,26,10979.531911
233,27,10934.652326
233,30,10836.984305
233,31,10733.164694
234,26,10979.531911
234,27,10934.652326
234,30,10836.984305
234,31,10733.164694
235,26,10942.687829
235,27,10928.555577
235,30,10776.805968
235,31,10733.164694
236,26,10942.687829
236,27,10928.555577
236,30,10776.805968
236,31,10733.164694
237,26,10937.575210
237,27,10901.649340
237,30,10776.805968
237,31,10733.164694
238,26,10937.575210
238,27,10901.649340
238,30,10776.805968
238,31,10733.164694
239,26,10934.208282
239,27,10881.166224
239,30,10776.307319
239,31,10732.163861
240,26,10934.208282
240,27,10843.881091
240,30,10769.490637
240,31,10723.300496
241,26,10922.805078
241,27,10843.865678
241,30,10769.490637
241,31,10723.300496
242,26,10922.805078
242,27,10843.865678
242,30,10769.490637
242,31,10723.300496
243,26,10901.772654
243,27,10838.270263
243,30,10769.490637
243,31,10723.300496
244,26,10901.772654
244,27,10838.270263
244,30,10769.490637
244,31,10723.300496
245,26,10892.199556
245,27,10823.948235
245,30,10766.079035
245,31,10719.078016
246,26,10892.199556
246,27,10823.948235
246,30,10766.079035
246,31,10719.078016
247,26,10892.199556
247,27,10812.915185
247,30,10766.079035
247,31,10717.715657
248,26,10892.199556
248,27,10812.915185
248,30,10766.079035
248,31,10717.715657
249,26,10892.044955
249,27,10812.915185
249,30,10744.358107
249,31,10717.715657
250,26,10892.044955
250,27,10812.915185
250,30,10744.358107
250,31,10691.481669
251,26,10879.950916
251,27,10812.915185
251,30,10744.358107
251,31,10684.532122
252,26,10879.950916
252,27,10789.660867
252,30,10744.358107
252,31,10684.532122
253,26,10862.846273
253,27,10786.105799
253,30,10744.358107
253,31,10684.532122
254,26,10824.844070
254,27,10786.105799
254,30,10734.099757
254,31,10684.532122
255,26,10817.778747
255,27,10782.921557
255,30,10731.529483
255,31,10683.817377
256,26,10802.781266
256,27,10781.794190
256,30,10731.529483
256,31,10683.817377
257,26,10802.781266
257,27,10764.318934
257,30,10703.175395
257,31,10683.817377
258,26,10802.781266
258,27,10764.318934
258,30,10703.175395
258,31,10683.817377
259,26,10800.769248
259,27,10757.303405
259,30,10703.175395
259,31,10682.749812
259,33,10664.525504
260,26,10800.769248
260,27,10757.303405
260,30,10703.175395
260,31,10682.749812
260,33,10664.525504
261,26,10800.494355
261,27,10756.971883
261,30,10703.175395
261,31,10682.749812
261,32,10642.305714
262,26,10800.494355
262,27,10756.971883
262,30,10703.175395
262,31,10682.749812
262,32,10642.305714
263,26,10797.177870
263,27,10756.971883
263,30,10703.175395
263,31,10679.481162
263,32,10641.457876
264,26,10797.177870
264,27,10756.971883
264,30,10703.175395
264,31,10666.776171
264,32,10641.457876
265,26,10797.177870
265,27,10754.030556
265,30,10695.665553
265,31,10666.277523
265,32,10641.457876
266,26,10797.177870
266,27,10754.030556
266,30,10695.665553
266,31,10666.277523
266,32,10641.457876
267,26,10762.118466
267,27,10743.850509
267,30,10693.147722
267,31,10666.277523
267,32,10634.006003
268,26,10762.118466
268,27,10743.519664
268,30,10693.147722
268,31,10666.277523
268,32,10634.006003
269,26,10759.244021
269,27,10732.971218
269,30,10693.147722
269,31,10666.277523
269,32,10634.006003
270,26,10759.244021
270,27,10732.971218
270,30,10693.147722
270,31,10666.277523
270,32,10634.006003
271,26,10759.244021
271,27,10732.853410
271,30,10693.147722
271,31,10666.277523
271,32,10634.006003
272,26,10759.244021
272,27,10732.853410
272,30,10693.147722
272,31,10666.277523
272,32,10634.006003
273,26,10750.420614
273,27,10716.469104
273,30,10693.120510
273,31,10666.277523
273,32,10634.006003
274,26,10750.420614
274,27,10716.469104
274,30,10693.120510
274,31,10662.917919
274,32,10634.006003
275,26,10741.024309
275,27,10701.821048
275,30,10688.444800
275,31,10642.894978
275,32,10627.056456
276,26,10741.024309
276,27,10701.821048
276,30,10688.444800
276,31,10642.894978
276,32,10627.056456
277,26,10741.024309
277,27,10700.253870
277,30,10688.444800
277,31,10642.894978
277,32,10627.056456
278,26,10741.024309
278,27,10700.253870
278,30,10688.444800
278,31,10642.894978
278,32,10627.056456
279,26,10740.558399
279,27,10699.357734
279,30,10658.468857
279,31,10642.894978
279,32,10616.304164
280,26,10740.558399
280,27,10699.357734
280,30,10658.468857
280,31,10642.894978
280,32,10616.304164
281,26,10739.981853
281,27,10699.357734
281,30,10658.468857
281,31,10618.276805
281,32,10616.304164
282,26,10739.981853
282,27,10699.357734
282,30,10658.468857
282,31,10618.276805
282,32,10616.304164
283,26,10728.873648
283,27,10699.357734
283,30,10657.914082
283,31,10610.415285
284,26,10728.873648
284,27,10699.357734
284,30,10657.914082
284,31,10610.415285
285,26,10728.873648
285,27,10699.357734
285,30,10637.864165
285,31,10610.415285
286,26,10728.873648
286,27,10699.357734
286,30,10637.864165
286,31,10610.415285
287,26,10728.681845
287,27,10699.357734
287,30,10620.348510
287,31,10609.808805
288,26,10728.681845
288,27,10699.357734
288,30,10620.348510
288,31,10594.116991
289,26,10728.681845
289,27,10695.162405
289,30,10619.060537
289,31,10594.116991
290,26,10728.681845
290,27,10680.606180
290,30,10619.060537
290,31,10594.116991
291,26,10692.174275
291,27,10680.119797
291,30,10619.060537
291,31,10593.424126
292,26,10692.174275
292,27,10677.245633
292,30,10608.029266
292,31,10584.394511
293,25,10895.374075
293,26,10682.216662
293,27,10677.245633
293,30,10608.029266
293,31,10575.584341
294,25,10895.374075
294,26,10682.216662
294,27,10659.012503
294,30,10608.029266
294,31,10575.584341
295,25,10895.374075
295,26,10678.540939
295,27,10659.012503
295,30,10600.713935
295,31,10575.584341
296,25,10895.374075
296,26,10678.540939
296,27,10659.012503
296,30,10600.713935
296,31,10575.584341
297,25,10808.538083
297,26,10678.462971
297,27,10651.446340
297,30,10591.135736
297,31,10575.584341
298,25,10808.538083
298,26,10678.462971
298,27,10651.446340
298,30,10591.135736
298,31,10575.584341
299,25,10799.714676
299,26,10662.776445
299,27,10649.652690
299,30,10591.135736
299,31,10575.584341
300,25,10799.714676
300,26,10662.776445
300,27,10649.652690
300,30,10589.449806
300,31,10575.584341
301,25,10799.714676
301,26,10655.662160
301,27,10649.652690
301,30,10586.742547
301,31,10575.584341
302,25,10799.714676
302,26,10655.662160
302,27,10649.652690
302,30,10586.742547
302,31,10575.584341
303,25,10799.684944
303,26,10654.662758
303,27,10649.652690
303,30,10586.742547
303,31,10575.584341
304,25,10799.192222
304,26,10654.662758
304,27,10649.652690
304,30,10586.742547
304,31,10575.584341
305,25,10790.368814
305,26,10654.634520
305,27,10641.576354
305,30,10586.456145
305,31,10575.584341
306,25,10790.368814
306,26,10654.634520
306,27,10641.576354
306,30,10586.456145
306,31,10575.584341
307,25,10790.368814
307,26,10652.209688
307,27,10641.576354
307,29,10551.769702
308,25,10790.368814
308,26,10652.209688
308,27,10641.576354
308,29,10551.769702
309,25,10788.145454
309,26,10634.316362
309,29,10550.294512
310,25,10788.145454
310,26,10634.316362
310,27,10633.350650
310,29,10550.294512
311,25,10784.365406
311,26,10632.522217
311,27,10611.090557
311,29,10550.294512
312,25,10784.365406
312,26,10632.522217
312,27,10611.090557
312,29,10550.294512
313,25,10783.899496
313,26,10632.522217
313,27,10611.090557
313,29,10547.995054
314,25,10783.899496
314,26,10632.522217
314,27,10611.090557
314,29,10547.995054
315,25,10782.341003
315,26,10623.387052
315,27,10611.022473
315,29,10546.887898
316,25,10773.814923
316,26,10623.387052
316,27,10611.022473
316,29,10546.887898
317,25,10773.730919
317,26,10623.387052
317,27,10604.999711
317,29,10546.887898
318,25,10773.730919
318,26,10623.387052
318,27,10604.999711
318,29,10546.887898
319,25,10756.701581
319,26,10623.387052
319,27,10604.999711
319,29,10546.887898
320,25,10756.701581
320,26,10623.387052
320,27,10604.999711
320,29,10546.887898
321,25,10753.956071
321,26,10623.387052
321,27,10604.999711
321,29,10542.434187
322,25,10753.956071
322,26,10610.394086
322,27,10604.999711
322,28,10599.888713
322,29,10542.434187
323,25,10748.357996
323,26,10610.394086
323,27,10604.999711
323,28,10596.962875
323,29,10535.282338
324,25,10748.357996
324,26,10610.394086
324,27,10604.999711
324,28,10596.962875
324,29,10535.282338
325,25,10746.718062
325,26,10593.200632
325,29,10535.282338
