Generation,NV,TOC
1,43,16746.143350
1,45,16443.836878
1,47,16063.628307
1,50,15693.389660
1,51,15578.698727
1,56,15435.100809
1,60,14995.913438
1,62,14782.929004
1,71,14307.294324
2,43,16746.143350
2,45,16443.836878
2,47,15907.607681
2,49,15554.026458
2,54,14872.189660
2,55,14817.555169
2,62,14782.929004
2,64,14437.903744
2,69,14232.960978
2,72,14130.553593
3,42,17012.721312
3,43,16746.143350
3,45,16443.836878
3,47,15907.607681
3,49,15432.326776
3,52,15132.092593
3,54,14872.189660
3,55,14817.555169
3,58,14809.149352
3,62,14782.929004
3,63,14683.825519
3,64,14437.903744
3,66,14228.845671
3,67,14166.507192
3,68,14136.119414
3,72,14130.553593
4,42,17012.721312
4,43,16569.584218
4,44,16363.879558
4,46,16290.281602
4,47,15907.607681
4,48,15587.766490
4,49,15363.710954
4,52,15048.842453
4,54,14849.823118
4,55,14817.555169
4,57,14800.934160
4,59,14547.297266
4,60,14529.065880
4,61,14366.286672
4,66,14228.845671
4,67,14166.507192
4,68,14044.917408
5,42,17012.721312
5,43,16569.584218
5,44,16363.879558
5,46,16150.918077
5,47,15907.607681
5,48,15587.766490
5,49,15363.710954
5,51,14784.205467
5,55,14454.371481
5,61,14366.286672
5,65,14036.506983
5,68,13956.920277
6,42,16870.038350
6,43,16431.035872
6,44,16233.278267
6,46,16150.918077
6,47,15907.607681
6,48,15587.766490
6,49,15363.710954
6,50,15221.313984
6,51,14784.205467
6,53,14662.472994
6,55,14454.371481
6,58,14258.968470
6,65,14036.506983
6,68,13956.920277
6,71,13760.938925
7,42,16348.224660
7,44,16233.278267
7,45,15880.835240
7,47,15642.737718
7,48,15371.435608
7,49,15214.693174
7,50,14777.155423
7,53,14506.561596
7,55,14423.279166
7,57,14148.547264
7,65,13946.700271
7,66,13927.698915
7,69,13736.629415
7,71,13679.304828
8,42,16348.224660
8,43,16242.289117
8,44,15770.309582
8,47,15578.895589
8,48,15371.435608
8,49,15214.693174
8,50,14777.155423
8,52,14709.097851
8,53,14506.561596
8,55,14423.279166
8,56,14244.154646
8,57,14148.547264
8,61,14020.234370
8,65,13946.700271
8,66,13895.096285
8,69,13736.629415
8,71,13679.304828
9,42,16348.224660
9,43,16242.289117
9,44,15770.309582
9,45,15536.410423
9,48,15366.864072
9,49,15214.693174
9,50,14553.324999
9,53,14445.652170
9,54,14259.560103
9,55,14085.695917
9,59,13820.632410
9,66,13802.148156
9,69,13523.070868
10,42,16348.224660
10,43,16148.378232
10,44,15721.225118
10,45,15473.257180
10,48,15366.864072
10,49,15214.693174
10,50,14553.324999
10,53,14445.652170
10,54,14259.560103
10,55,14085.695917
10,59,13820.632410
10,61,13685.170876
10,69,13523.070868
11,42,16348.224660
11,43,16114.084010
11,44,15721.225118
11,45,15473.257180
11,46,15139.668549
11,48,14322.593922
11,54,14191.076291
11,55,13890.770563
11,57,13879.759526
11,59,13530.095581
11,66,13394.038203
12,42,16348.224660
12,43,16114.084010
12,44,15721.225118
12,45,15433.682293
12,46,15139.668549
12,48,14322.593922
12,54,14191.076291
12,55,13890.770563
12,57,13879.759526
12,58,13873.813099
12,59,13530.095581
12,66,13394.038203
13,42,15779.132383
13,44,15208.858788
13,46,15139.668549
13,48,14322.593922
13,53,14019.140690
13,55,13890.770563
13,57,13879.759526
13,58,13873.813099
13,59,13530.095581
13,66,13394.038203
14,42,15779.132383
14,43,15687.472550
14,44,15208.858788
14,46,14228.637361
14,51,13968.959336
14,55,13821.390412
14,58,13741.360093
14,59,13437.904129
14,64,13274.196134
15,41,16248.595486
15,42,15779.132383
15,43,15687.472550
15,44,15208.858788
15,46,14228.637361
15,51,13968.959336
15,55,13821.390412
15,56,13745.057315
15,58,13741.360093
15,59,13437.904129
15,63,13397.519580
15,64,13274.196134
16,40,17297.157079
16,41,15653.196546
16,42,15565.890850
16,44,15208.858788
16,46,14228.637361
16,51,13968.959336
16,55,13821.390412
16,56,13745.057315
16,57,13723.497554
16,59,13437.904129
16,63,13397.519580
16,64,13274.196134
17,40,15621.059888
17,42,15363.596087
17,44,15208.858788
17,46,14228.637361
17,48,14222.252311
17,51,13968.959336
17,55,13821.390412
17,56,13714.268957
17,58,13697.913486
17,59,13437.904129
17,63,13397.519580
17,64,13274.196134
18,40,15621.059888
18,42,15363.596087
18,44,15005.628686
18,45,14099.899158
18,50,13904.702419
18,53,13674.053261
18,54,13477.852032
18,59,13437.904129
18,62,13376.304749
18,64,13234.319899
18,65,13131.385898
19,39,15762.229804
19,40,15549.584680
19,42,15192.934820
19,43,15002.185939
19,44,14648.421696
19,45,14099.899158
19,50,13444.320919
19,51,13381.764223
19,62,13238.151080
19,64,13234.319899
19,65,13131.385898
20,39,15762.229804
20,40,14656.477777
20,43,14567.702026
20,45,14026.055643
20,49,13388.818774
20,51,13343.918539
20,61,13254.719692
20,62,13193.113077
20,63,12987.769324
21,39,15762.229804
21,40,14656.477777
21,43,14567.702026
21,45,14026.055643
21,47,13721.531502
21,49,13388.818774
21,51,13343.918539
21,57,13319.417857
21,61,13254.719692
21,62,13193.113077
21,63,12987.769324
22,39,15762.229804
22,40,14656.477777
22,42,14424.309663
22,45,13851.643301
22,47,13618.549620
22,49,13388.818774
22,50,13290.621125
22,57,13266.436688
22,61,12939.668809
23,39,15762.229804
23,40,14656.477777
23,42,14424.309663
23,45,13851.643301
23,47,13618.549620
23,49,13388.818774
23,50,13290.621125
23,52,13258.414100
23,53,13195.118162
23,61,12939.668809
24,39,15449.912098
24,40,14656.477777
24,41,14249.992889
24,45,13814.938964
24,47,13556.812765
24,49,13349.728411
24,50,13268.763061
24,52,13169.503833
24,61,12939.668809
25,39,14649.427837
25,41,14249.992889
25,43,14133.495177
25,45,13814.938964
25,47,13556.812765
25,49,13349.728411
25,50,13268.763061
25,52,13169.503833
25,54,13118.176151
25,61,12939.668809
26,39,14649.427837
26,41,14249.992889
26,43,14133.495177
26,45,13770.297848
26,46,13685.539190
26,47,13490.700548
26,49,13280.305338
26,50,13234.163534
26,51,13058.841188
26,61,12914.005170
27,39,14649.427837
27,41,14249.992889
27,43,13963.036085
27,45,13770.297848
27,46,13685.539190
27,47,13490.700548
27,49,13280.305338
27,50,13234.163534
27,51,13058.841188
27,61,12914.005170
28,39,14649.427837
28,41,14094.859522
28,42,13947.658040
28,45,13701.599350
28,46,13520.151090
28,47,13415.157686
28,49,13280.305338
28,50,13162.145905
28,51,13058.841188
28,56,12967.563050
28,61,12840.964742
29,39,14649.427837
29,41,14094.859522
29,42,13947.658040
29,45,13701.599350
29,46,13520.151090
29,47,13401.908983
29,49,13280.305338
29,50,13162.145905
29,51,13058.841188
29,56,12967.563050
29,61,12840.964742
30,38,16173.110894
30,39,14649.427837
30,41,14094.859522
30,42,13947.658040
30,45,13701.599350
30,46,13520.151090
30,47,13280.947050
30,49,13280.305338
30,50,13162.145905
30,51,13058.841188
30,56,12967.563050
30,61,12840.964742
31,38,15747.892775
31,39,14649.427837
31,41,14094.859522
31,42,13947.658040
31,45,13701.599350
31,46,13520.151090
31,47,13280.947050
31,48,13272.038650
31,50,13162.145905
31,51,13058.841188
31,56,12915.013277
31,61,12840.964742
32,38,15747.892775
32,39,14649.427837
32,41,13722.585306
32,44,13695.047438
32,46,13117.306464
32,48,13053.008531
32,51,13037.254597
32,55,12811.102192
33,38,15613.291601
33,39,14649.427837
33,40,14553.681293
33,41,13722.585306
33,43,13686.685486
33,45,13307.750813
33,46,13117.306464
33,48,13053.008531
33,51,13037.254597
33,54,13009.263412
33,55,12811.102192
34,38,15613.291601
34,39,14649.427837
34,40,14531.193796
34,41,13603.003269
34,43,13568.018234
34,45,13232.586236
34,46,13117.306464
34,48,13037.237006
34,51,13016.199522
34,54,12738.742592
35,38,14844.012920
35,39,14035.548738
35,41,13603.003269
35,43,13568.018234
35,45,13232.586236
35,46,13117.306464
35,48,13037.237006
35,51,13016.199522
35,54,12738.742592
36,38,14844.012920
36,39,13882.105266
36,40,13482.974218
36,45,13160.964121
36,46,13117.306464
36,48,12964.520076
36,51,12959.927345
36,53,12691.665330
36,54,12647.282704
37,38,14425.142119
37,39,13882.105266
37,40,13482.974218
37,43,13298.664400
37,45,13160.964121
37,46,13117.306464
37,48,12964.520076
37,51,12705.714507
37,53,12691.665330
37,54,12647.282704
38,37,14471.646719
38,38,13977.146710
38,39,13640.424242
38,40,13425.382341
38,43,13236.320178
38,45,13060.361162
38,48,12964.520076
38,50,12704.531293
38,52,12608.691972
39,37,14471.646719
39,38,13977.146710
39,39,13640.424242
39,40,13425.382341
39,43,13236.320178
39,45,13060.361162
39,48,12964.520076
39,50,12667.677094
39,52,12608.691972
40,37,14433.290003
40,38,13884.882603
40,39,13640.424242
40,40,13216.330995
40,43,13110.144013
40,44,12940.542471
40,50,12643.911309
40,51,12489.081510
41,37,14433.290003
41,38,13854.921748
41,39,13640.424242
41,40,13216.330995
41,43,13110.144013
41,44,12940.542471
41,47,12780.354738
41,50,12643.911309
41,51,12489.081510
42,37,14396.135142
42,38,13607.993747
42,40,13212.733670
42,42,13072.201255
42,44,12900.176058
42,45,12763.619559
42,50,12609.977569
42,51,12466.375615
43,37,14396.135142
43,38,13607.993747
43,40,13212.733670
43,42,13072.201255
43,44,12900.176058
43,45,12763.619559
43,50,12609.977569
43,51,12466.375615
44,37,14307.905327
44,38,13566.475392
44,40,13176.275251
44,42,13012.490787
44,43,12842.326953
44,45,12739.750577
44,50,12569.040948
44,51,12466.375615
44,54,12416.620957
45,37,14307.905327
45,38,13566.475392
45,40,13176.275251
45,42,13012.490787
45,43,12842.326953
45,45,12739.750577
45,49,12568.411248
45,51,12466.375615
45,54,12416.620957
46,36,15032.991947
46,37,14247.953593
46,38,13394.323635
46,40,13169.856770
46,42,12826.562897
46,44,12822.285784
46,45,12732.526473
46,48,12489.102086
46,51,12443.042791
46,53,12332.591375
47,36,15032.991947
47,37,14003.978752
47,38,13394.323635
47,40,13169.856770
47,41,13145.752124
47,42,12826.562897
47,44,12822.285784
47,45,12732.526473
47,46,12659.985830
47,48,12489.102086
47,51,12443.042791
47,53,12332.591375
48,36,14629.752980
48,37,13797.479630
48,38,13386.158338
48,40,13152.993965
48,41,13030.383164
48,42,12821.098049
48,44,12722.859720
48,46,12548.568782
48,48,12444.148229
48,51,12436.216644
48,52,12283.228673
49,36,14629.752980
49,37,13797.479630
49,38,13386.158338
49,40,13152.993965
49,41,13014.182000
49,42,12821.098049
49,44,12722.859720
49,46,12548.568782
49,48,12444.148229
49,51,12436.216644
49,52,12283.228673
50,36,14629.752980
50,37,13682.017999
50,38,13341.463692
50,39,13188.281872
50,40,12961.514617
50,42,12795.118846
50,44,12661.623753
50,46,12548.568782
50,48,12431.425460
50,52,12283.228673
51,36,14629.752980
51,37,13682.017999
51,38,13341.463692
51,39,13188.281872
51,40,12961.514617
51,42,12795.118846
51,44,12661.623753
51,45,12529.242307
51,48,12431.425460
51,52,12283.228673
52,36,14268.343381
52,37,13508.849952
52,38,13341.463692
52,39,13175.211830
52,40,12919.775292
52,42,12795.118846
52,44,12661.623753
52,45,12529.242307
52,48,12408.930876
52,52,12226.803640
53,36,13761.885882
53,37,13508.849952
53,38,13341.463692
53,39,13175.211830
53,40,12919.775292
53,42,12795.118846
53,44,12661.623753
53,45,12529.242307
53,48,12408.930876
53,52,12226.803640
54,36,13761.885882
54,37,13508.849952
54,38,13341.463692
54,39,13104.858009
54,40,12911.183727
54,41,12804.764895
54,42,12736.102200
54,44,12661.623753
54,45,12529.242307
54,46,12515.374983
54,48,12385.735759
54,51,12178.730644
55,36,13694.380256
55,37,13508.849952
55,38,13341.463692
55,39,13104.858009
55,40,12911.154925
55,41,12804.764895
55,42,12736.102200
55,44,12661.623753
55,45,12468.287020
55,46,12428.097763
55,48,12385.735759
55,51,12178.730644
56,36,13694.380256
56,37,13508.849952
56,38,13336.365475
56,39,13005.272831
56,40,12814.946282
56,41,12724.178050
56,44,12661.623753
56,45,12466.314566
56,46,12329.331606
56,51,12178.689185
57,36,13694.380256
57,37,13508.849952
57,38,13336.365475
57,39,13005.272831
57,40,12814.946282
57,41,12724.178050
57,44,12435.276593
57,46,12329.331606
57,50,12267.283437
57,51,12178.689185
58,36,13694.380256
58,37,13385.056726
58,38,13311.541778
58,39,12920.255495
58,40,12777.522843
58,41,12663.019008
58,43,12641.742573
58,44,12387.405417
58,46,12316.715449
58,49,12290.574360
58,50,12113.079843
59,36,13694.380256
59,37,13385.056726
59,38,13311.541778
59,39,12920.255495
59,40,12777.522843
59,41,12663.019008
59,43,12630.492563
59,44,12387.405417
59,46,12316.715449
59,49,12290.574360
59,50,12113.079843
60,35,14742.447440
60,36,13694.380256
60,37,13385.056726
60,38,13311.529290
60,39,12900.022610
60,40,12698.245658
60,41,12641.897233
60,43,12606.859292
60,44,12350.409257
60,46,12267.408759
60,49,12210.269859
60,50,12111.628534
61,35,14742.447440
61,36,13694.380256
61,37,13381.504208
61,38,13311.529290
61,39,12900.022610
61,40,12698.245658
61,41,12641.897233
61,43,12587.986710
61,44,12350.409257
61,46,12267.408759
61,47,12106.797363
61,49,12091.861042
61,53,12067.927664
62,35,14396.935264
62,36,13559.001157
62,37,13208.811164
62,38,13164.887792
62,39,12883.792170
62,40,12698.245658
62,41,12614.793979
62,43,12501.730744
62,44,12344.862228
62,45,12202.057253
62,46,12080.427445
62,50,12060.368960
63,35,14396.935264
63,36,13385.182789
63,37,13208.811164
63,38,13164.887792
63,39,12883.792170
63,40,12698.245658
63,41,12614.793979
63,43,12501.730744
63,44,12344.862228
63,45,12202.057253
63,46,12080.427445
63,50,12060.368960
64,34,14890.649160
64,35,14396.935264
64,36,13385.182789
64,37,13192.202862
64,38,12897.373843
64,39,12861.787275
64,40,12670.023911
64,41,12614.793979
64,43,12501.467527
64,44,12344.862228
64,45,12190.257210
64,46,12043.905879
64,49,12039.695216
65,34,14890.649160
65,35,14396.935264
65,36,13385.182789
65,37,13192.202862
65,38,12897.373843
65,39,12861.787275
65,40,12670.023911
65,41,12614.793979
65,43,12501.467527
65,44,12344.862228
65,45,12190.257210
65,46,12043.905879
65,49,12039.695216
66,34,14890.649160
66,35,14396.935264
66,36,13385.182789
66,37,13192.202862
66,38,12897.373843
66,39,12836.105011
66,40,12670.023911
66,41,12590.067760
66,43,12495.239981
66,44,12344.862228
66,45,12190.257210
66,46,12017.486698
66,48,12016.805790
66,49,12016.483425
67,34,14890.649160
67,35,14396.935264
67,36,13385.182789
67,37,13192.202862
67,38,12897.373843
67,39,12810.383661
67,40,12670.023911
67,41,12590.067760
67,43,12471.786457
67,44,12344.862228
67,45,12190.257210
67,46,12017.486698
67,48,12016.805790
67,49,12016.483425
68,34,14890.649160
68,35,14396.935264
68,36,13385.182789
68,37,13192.202862
68,38,12720.858481
68,40,12625.441706
68,41,12586.674249
68,42,12461.309888
68,44,12342.935273
68,45,12099.576019
68,46,11980.508508
69,34,14890.649160
69,35,14396.935264
69,36,13380.905299
69,37,13164.924258
69,38,12720.858481
69,40,12625.441706
69,41,12586.674249
69,42,12461.309888
69,44,12342.935273
69,45,12099.576019
69,46,11980.508508
70,34,14890.649160
70,35,14352.375366
70,36,13295.850482
70,37,13164.924258
70,38,12720.858481
70,40,12516.595358
70,42,12449.634731
70,44,12225.728425
70,45,12078.835362
70,46,11971.223238
71,34,14890.649160
71,35,14352.375366
71,36,13295.850482
71,37,13096.504634
71,38,12720.858481
71,40,12440.963110
71,44,12225.728425
71,45,12078.835362
71,46,11971.223238
72,34,14754.384333
72,35,13001.309520
72,38,12720.858481
72,39,12685.458916
72,40,12343.498730
72,44,12064.204325
72,46,11971.223238
73,34,14754.384333
73,35,13001.309520
73,38,12720.858481
73,39,12685.458916
73,40,12332.840249
73,44,12064.204325
73,46,11971.223238
74,33,14941.090658
74,34,14578.398168
74,35,12932.781253
74,38,12683.513055
74,40,12326.198954
74,44,12064.204325
74,45,11964.802193
75,33,14941.090658
75,34,14552.210702
75,35,12932.781253
75,38,12683.513055
75,40,12326.198954
75,41,12316.964889
75,44,12064.204325
75,45,11964.802193
76,33,14859.397573
76,34,14552.210702
76,35,12830.439905
76,38,12683.513055
76,40,12322.910272
76,41,12316.964889
76,43,12026.849593
76,45,11962.615057
77,33,14859.397573
77,34,14552.210702
77,35,12830.439905
77,37,12731.864410
77,38,12546.593230
77,40,12322.910272
77,41,12316.964889
77,43,12026.849593
77,45,11962.615057
78,32,14714.527220
78,34,14429.620580
78,35,12801.230990
78,36,12686.592482
78,37,12476.591531
78,39,12307.292740
78,42,12301.261915
78,43,12026.849593
78,45,11942.404998
79,32,14635.626207
79,34,14429.620580
79,35,12801.230990
79,36,12686.592482
79,37,12476.591531
79,39,12307.292740
79,42,12301.261915
79,43,12026.849593
79,45,11942.404998
80,32,14565.426202
80,34,13838.190747
80,35,12768.603177
80,36,12686.592482
80,37,12476.591531
80,39,12286.685200
80,42,12252.455258
80,43,11985.035305
80,45,11942.404998
81,32,14565.426202
81,34,13838.190747
81,35,12768.603177
81,36,12686.592482
81,37,12476.591531
81,39,12286.685200
81,40,12149.756717
81,43,11985.035305
81,45,11942.404998
82,32,14520.946223
82,34,13766.456482
82,35,12755.166334
82,36,12667.245323
82,37,12476.591531
82,39,12192.879561
82,40,12126.970228
82,43,11957.544830
82,44,11916.025955
83,32,14520.946223
83,33,14298.055306
83,34,13766.456482
83,35,12694.538790
83,36,12667.245323
83,37,12476.591531
83,39,12192.879561
83,40,12126.970228
83,43,11957.544830
83,44,11916.025955
84,31,14403.145365
84,33,14251.970085
84,34,13766.456482
84,35,12603.592727
84,37,12476.591531
84,39,12109.988076
84,40,12070.575420
84,43,11957.544830
84,44,11885.370062
85,31,14403.145365
85,33,14185.563644
85,34,13766.456482
85,35,12603.592727
85,37,12476.591531
85,39,12109.988076
85,40,12070.575420
85,43,11957.544830
85,44,11885.370062
86,31,14286.611001
86,33,14185.563644
86,34,13748.196846
86,35,12602.647887
86,37,12462.335299
86,38,12240.150649
86,39,12013.448646
86,43,11795.674811
87,31,14286.611001
87,33,14185.563644
87,34,13748.196846
87,35,12602.647887
87,36,12549.440248
87,37,12462.335299
87,38,12240.150649
87,39,12013.448646
87,41,11989.099111
87,43,11795.674811
88,31,14119.295105
88,34,13728.962247
88,35,12548.453621
88,36,12536.008437
88,37,12320.111283
88,38,12197.697358
88,39,12013.448646
88,41,11986.557970
88,43,11795.674811
89,31,14119.295105
89,34,13728.962247
89,35,12548.453621
89,36,12536.008437
89,37,12320.111283
89,38,12197.697358
89,39,12013.448646
89,41,11986.557970
89,43,11795.674811
90,31,14119.295105
90,34,13680.135774
90,35,12548.453621
90,36,12426.726277
90,37,12275.873706
90,38,12090.143886
90,39,11873.032707
90,42,11745.793296
91,31,14119.295105
91,34,13680.135774
91,35,12548.453621
91,36,12426.726277
91,37,11906.115150
91,39,11873.032707
91,42,11745.793296
92,31,14119.295105
92,34,13564.281036
92,35,12531.992152
92,36,11891.220406
92,39,11747.611960
92,42,11745.453647
93,31,14119.295105
93,34,13564.281036
93,35,12531.992152
93,36,11891.220406
93,39,11747.611960
93,42,11745.453647
94,31,14119.295105
94,34,13315.282808
94,35,12496.180227
94,36,11891.220406
94,39,11746.778116
94,42,11745.453647
95,31,14119.295105
95,34,13315.282808
95,35,12496.180227
95,36,11891.220406
95,39,11746.778116
95,42,11737.299447
96,31,14119.295105
96,32,13807.718311
96,34,13263.876158
96,35,12491.017193
96,36,11891.220406
96,39,11746.778116
96,42,11718.811721
97,31,14119.295105
97,32,13807.718311
97,34,13263.876158
97,35,12256.712274
97,36,11891.220406
97,39,11746.778116
97,42,11718.811721
98,31,14109.862255
98,32,13520.880374
98,34,13149.777016
98,35,12228.596753
98,36,11891.220406
98,39,11719.457586
98,42,11712.004025
99,31,14109.862255
99,32,13520.880374
99,34,13149.777016
99,35,12228.596753
99,36,11891.220406
99,39,11719.457586
99,42,11712.004025
100,31,14109.862255
100,32,13434.642321
100,34,13030.634476
100,35,12224.852356
100,36,11883.899424
100,38,11718.085014
100,42,11711.335115
101,31,14109.862255
101,32,13434.642321
101,33,13409.713468
101,34,13030.634476
101,35,12224.852356
101,36,11883.899424
101,38,11718.085014
101,39,11704.398079
102,31,14109.862255
102,32,13432.561545
102,33,13409.713468
102,34,13030.075111
102,35,12174.449780
102,36,11879.141566
102,37,11678.418153
103,31,14109.862255
103,32,13432.561545
103,33,13409.713468
103,34,13030.075111
103,35,12174.449780
103,36,11879.141566
103,37,11678.418153
104,31,14045.620456
104,32,13310.209205
104,34,12975.286483
104,35,12174.161638
104,36,11873.079403
104,37,11664.193657
105,31,14045.620456
105,32,13170.082894
105,34,12575.266422
105,35,12174.161638
105,36,11873.079403
105,37,11664.193657
106,31,13831.010314
106,32,13169.347208
106,34,12547.810003
106,35,12173.946484
106,36,11830.092592
106,37,11664.193657
106,38,11635.912975
107,31,13601.721206
107,32,13169.347208
107,34,12547.810003
107,35,12173.946484
107,36,11830.092592
107,37,11664.193657
107,38,11635.912975
108,31,13467.912762
108,32,13163.383205
108,34,12376.388165
108,35,12139.199562
108,36,11830.030487
108,37,11661.341878
108,38,11619.334813
109,31,13467.912762
109,32,13163.383205
109,34,12376.388165
109,35,12139.199562
109,36,11830.030487
109,37,11661.341878
109,38,11619.334813
110,31,13407.989392
110,32,13045.534084
110,34,12311.462771
110,35,12127.121856
110,36,11801.183232
110,37,11615.605568
111,30,14617.299151
111,31,13407.989392
111,32,13045.534084
111,34,12311.462771
111,35,12119.491043
111,36,11801.183232
111,37,11615.605568
112,30,14131.571026
112,31,13407.989392
112,32,12985.239601
112,34,12307.622837
112,35,12030.386348
112,36,11801.183232
112,37,11615.605568
113,30,14131.571026
113,31,13407.989392
113,32,12985.239601
113,34,12307.622837
113,35,12030.386348
113,36,11801.183232
113,37,11615.605568
114,30,14037.435295
114,31,13407.989392
114,32,12726.015109
114,34,12266.998920
114,35,11979.087182
114,36,11765.711925
114,37,11598.165192
115,30,14037.435295
115,31,13407.989392
115,32,12726.015109
115,34,12266.998920
115,35,11979.087182
115,36,11765.711925
115,37,11598.165192
116,30,14037.435295
116,31,13361.545737
116,32,12655.131316
116,34,12256.489492
116,35,11958.872534
116,36,11754.962524
116,37,11598.165192
117,30,14037.435295
117,31,13361.545737
117,32,12655.131316
117,34,12256.489492
117,35,11958.872534
117,36,11740.245148
117,37,11598.165192
118,30,14037.435295
118,31,13282.933099
118,32,12622.840243
118,34,12256.337617
118,35,11951.149368
118,36,11740.245148
118,37,11598.165192
119,30,14037.435295
119,31,12871.673045
119,32,12622.840243
119,34,12256.337617
119,35,11951.149368
119,36,11740.245148
119,37,11598.165192
120,30,14004.988067
120,31,12871.673045
120,32,12622.575612
120,34,12255.037418
120,35,11827.997716
120,36,11732.425507
120,37,11597.871085
121,29,14796.787444
121,30,14004.988067
121,31,12871.673045
121,32,12622.575612
121,34,12255.037418
121,35,11827.997716
121,36,11695.563690
121,37,11597.871085
122,29,14561.944034
122,30,13837.312970
122,31,12720.459723
122,32,12606.993484
122,33,12205.251543
122,35,11817.048515
122,36,11586.351514
123,29,14561.944034
123,30,13837.312970
123,31,12720.459723
123,32,12606.993484
123,33,12205.251543
123,35,11817.048515
123,36,11586.351514
124,29,14275.539138
124,30,13100.101219
124,31,12720.280835
124,32,12477.372023
124,33,12199.384369
124,34,11756.523065
124,36,11586.351514
125,29,14275.539138
125,30,13100.101219
125,31,12720.280835
125,32,12477.372023
125,33,12199.384369
125,34,11756.523065
125,36,11586.351514
126,29,14275.539138
126,30,13054.911406
126,31,12625.179049
126,32,12393.715243
126,33,12199.384369
126,34,11703.701227
126,36,11568.253235
127,29,14275.539138
127,30,13054.911406
127,31,12625.179049
127,32,12393.715243
127,33,12199.384369
127,34,11703.701227
127,36,11568.253235
128,29,14274.684465
128,30,13014.898924
128,31,12620.524247
128,32,12389.163099
128,33,12199.384369
128,34,11621.437738
128,35,11542.327600
129,29,14274.684465
129,30,13014.898924
129,31,12620.524247
129,32,12389.163099
129,33,12199.384369
129,34,11594.819474
129,35,11542.327600
130,29,14158.996385
130,30,13014.898924
130,31,12591.316007
130,32,12385.976017
130,33,12130.938292
130,34,11524.017062
131,29,14158.996385
131,30,13014.898924
131,31,12591.316007
131,32,12385.976017
131,33,12130.938292
131,34,11524.017062
132,29,13925.612519
132,30,13006.471073
132,31,12488.321912
132,32,12385.757566
132,33,12129.219048
132,34,11483.163790
133,29,13925.612519
133,30,13006.471073
133,31,12488.321912
133,32,12385.757566
133,33,12129.219048
133,34,11483.163790
134,29,13799.946471
134,30,13001.755904
134,31,12459.607032
134,32,12385.757566
134,33,12079.196757
134,34,11477.836064
135,29,13799.946471
135,30,13001.755904
135,31,12459.607032
135,32,12385.757566
135,33,12079.196757
135,34,11477.836064
136,29,13544.482388
136,30,12976.182697
136,31,12350.786913
136,33,12079.196757
136,34,11477.836064
137,29,13544.482388
137,30,12976.182697
137,31,12350.786913
137,33,12079.196757
137,34,11477.836064
137,37,11412.380446
138,29,13382.680785
138,30,12953.576635
138,31,12347.926551
138,33,12068.975212
138,34,11477.836064
138,35,11444.330163
138,37,11397.755766
139,29,13382.680785
139,30,12953.576635
139,31,12347.926551
139,33,12068.975212
139,34,11477.836064
139,35,11444.330163
139,37,11397.755766
140,29,13382.680785
140,30,12892.403983
140,31,12337.532911
140,33,11973.940962
140,34,11470.202905
140,35,11444.330163
140,37,11390.540425
141,29,13382.680785
141,30,12699.437099
141,31,12337.532911
141,33,11973.940962
141,34,11470.202905
141,35,11444.330163
141,37,11390.540425
142,29,13319.777373
142,30,12667.010248
142,31,12337.532911
142,32,12303.476993
142,33,11756.058454
142,34,11455.601775
142,35,11444.078455
142,37,11383.354779
143,29,13319.777373
143,30,12667.010248
143,31,12315.374670
143,32,12273.214575
143,33,11756.058454
143,34,11455.601775
143,35,11444.078455
143,36,11430.357526
143,37,11383.354779
144,29,13319.777373
144,30,12640.208227
144,31,12313.557504
144,32,12273.214575
144,33,11755.905009
144,34,11453.654942
144,35,11442.902182
144,36,11429.398210
144,37,11360.013203
145,29,13319.777373
145,30,12640.208227
145,31,12313.557504
145,32,12273.214575
145,33,11755.905009
145,34,11453.654942
145,35,11438.370394
145,36,11428.756364
145,37,11360.013203
146,29,13319.241338
146,30,12581.538525
146,31,12201.660737
146,33,11718.558650
146,34,11451.409372
146,35,11432.838437
146,36,11413.905375
146,37,11356.118427
147,29,13319.241338
147,30,12581.538525
147,31,12201.660737
147,33,11718.558650
147,34,11451.409372
147,35,11432.838437
147,36,11397.798632
147,37,11356.118427
148,29,13201.309522
148,30,12581.538525
148,31,12198.672939
148,33,11716.928615
148,34,11433.302190
148,35,11432.838437
148,36,11378.239118
148,37,11356.118427
149,29,13201.309522
149,30,12581.538525
149,31,12198.672939
149,33,11654.865071
149,34,11433.302190
149,35,11432.311982
149,36,11341.495967
150,29,13181.272806
150,30,12508.051119
150,31,12183.115795
150,32,11948.259505
150,33,11636.735297
150,34,11433.302190
150,35,11432.311982
150,36,11332.097188
151,29,13181.272806
151,30,12508.051119
151,31,12183.115795
151,32,11948.259505
151,33,11636.735297
151,34,11433.302190
151,35,11420.885718
151,36,11332.097188
152,29,13176.758114
152,30,12449.340772
152,31,12183.115795
152,32,11948.259505
152,33,11636.735297
152,34,11399.269992
152,35,11285.759246
153,29,13176.758114
153,30,12428.729516
153,31,12144.744079
153,32,11948.259505
153,33,11636.735297
153,34,11399.269992
153,35,11259.630487
154,29,13176.758114
154,30,12304.569247
154,31,12144.744079
154,32,11946.672205
154,33,11636.735297
154,34,11391.168951
154,35,11259.630487
155,29,13176.758114
155,30,12304.569247
155,31,12144.744079
155,32,11946.672205
155,33,11636.735297
155,34,11391.168951
155,35,11259.630487
155,36,11256.679499
156,29,13167.939642
156,30,12217.645514
156,31,12125.463368
156,32,11910.803040
156,33,11636.735297
156,34,11391.168951
156,35,11259.630487
156,36,11242.658106
157,29,13167.939642
157,30,12217.645514
157,31,12125.463368
157,32,11910.803040
157,33,11622.031388
157,34,11391.168951
157,35,11259.630487
157,36,11242.658106
158,29,13092.550706
158,30,12217.645514
158,31,12067.878537
158,32,11870.393248
158,33,11619.156750
158,34,11391.168951
158,35,11231.057844
159,29,13091.594108
159,30,12217.645514
159,31,12067.878537
159,32,11530.023570
159,33,11391.926299
159,34,11391.168951
159,35,11231.057844
160,29,13091.594108
160,30,12213.041583
160,31,12059.272677
160,32,11466.937761
160,33,11391.849046
160,34,11386.882328
160,35,11226.685747
161,29,13091.594108
161,30,12198.111104
161,31,12027.253210
161,32,11466.937761
161,33,11391.849046
161,34,11386.882328
161,35,11226.685747
162,29,13089.824892
162,30,12197.594370
162,31,12027.253210
162,32,11466.937761
162,33,11376.786896
162,35,11223.927238
163,29,13089.824892
163,30,12197.594370
163,31,11990.435711
163,32,11466.937761
163,33,11376.786896
163,35,11223.927238
164,29,12945.538621
164,30,12193.263934
164,31,11938.414150
164,32,11460.311385
164,33,11350.150975
164,34,11326.002846
164,35,11208.835227
165,29,12945.538621
165,30,12193.263934
165,31,11938.414150
165,32,11460.311385
165,33,11350.150975
165,34,11326.002846
165,35,11208.835227
166,29,12915.771473
166,30,12188.996305
166,31,11910.941924
166,32,11445.710255
166,33,11350.150975
166,34,11311.854035
166,35,11206.713163
167,29,12915.771473
167,30,12132.782800
167,31,11910.941924
167,32,11445.710255
167,33,11350.150975
167,34,11311.854035
167,35,11206.713163
168,29,12853.654466
168,30,12067.719233
168,31,11847.770032
168,32,11440.307649
168,33,11349.206411
168,34,11306.559544
168,35,11206.713163
169,29,12853.654466
169,30,12067.719233
169,31,11847.770032
169,32,11440.307649
169,33,11349.206411
169,34,11306.559544
169,35,11206.713163
170,29,12795.211776
170,30,12055.759993
170,31,11841.169989
170,32,11439.746428
170,33,11349.206411
170,34,11245.261948
170,35,11205.004982
171,29,12795.211776
171,30,11947.585583
171,31,11742.838602
171,32,11439.746428
171,33,11349.206411
171,34,11245.261948
171,35,11205.004982
171,36,11201.187877
172,29,12777.376716
172,30,11943.705747
172,31,11697.963230
172,32,11439.746428
172,33,11336.648209
172,34,11245.261948
172,35,11204.729360
172,36,11196.055967
173,29,12777.376716
173,30,11943.705747
173,31,11697.963230
173,32,11439.746428
173,33,11336.648209
173,34,11243.644381
173,35,11204.729360
173,36,11196.055967
174,29,12762.640990
174,30,11943.705747
174,31,11644.005015
174,32,11439.746428
174,33,11332.626875
174,34,11239.389617
174,35,11185.886019
175,29,12762.640990
175,30,11943.705747
175,31,11644.005015
175,32,11433.910064
175,33,11332.626875
175,34,11203.155984
175,35,11185.886019
176,29,12762.640990
176,30,11943.705747
176,31,11490.485486
176,32,11422.426059
176,33,11329.212169
176,34,11203.155984
176,35,11182.084119
177,29,12762.640990
177,30,11943.705747
177,31,11490.485486
177,32,11422.426059
177,33,11329.212169
177,34,11203.155984
177,35,11182.084119
178,29,12762.640990
178,30,11787.647185
178,31,11480.986627
178,32,11417.336386
178,33,11309.542130
178,34,11192.183716
178,35,11182.084119
179,29,12762.640990
179,30,11787.647185
179,31,11480.986627
179,32,11417.336386
179,33,11309.542130
179,34,11192.183716
179,35,11182.084119
180,27,13992.739225
180,28,13613.804738
180,29,12742.792162
180,30,11782.269727
180,31,11408.367447
180,32,11294.834435
180,34,11188.429010
180,35,11182.084119
181,27,13992.739225
181,28,13613.804738
181,29,12742.792162
181,30,11782.269727
181,31,11408.367447
181,32,11294.834435
181,34,11188.429010
181,35,11176.528891
182,27,13684.070317
182,28,13581.118596
182,29,12742.769924
182,30,11774.050831
182,31,11405.689826
182,32,11278.961253
182,33,11183.060177
182,35,11176.528891
183,27,13684.070317
183,28,13581.118596
183,29,12742.769924
183,30,11774.050831
183,31,11405.689826
183,32,11278.961253
183,33,11183.060177
183,35,11176.528891
184,27,13608.775312
184,28,13253.753903
184,29,12742.769924
184,30,11702.531110
184,31,11399.657622
184,32,11208.788603
184,33,11157.174440
185,27,13608.775312
185,28,13253.753903
185,29,12742.769924
185,30,11702.531110
185,31,11399.657622
185,32,11208.788603
185,33,11151.536028
186,27,13602.446083
186,28,13202.554863
186,29,12742.769924
186,30,11702.483527
186,31,11397.792757
186,32,11194.440060
186,33,11141.979797
187,27,13602.446083
187,28,13202.554863
187,29,12742.769924
187,30,11702.483527
187,31,11369.886801
187,32,11194.440060
187,33,11141.979797
188,27,13602.446083
188,28,13200.633550
188,29,12733.872874
188,30,11702.338900
188,31,11180.609715
188,33,11127.998567
189,27,13602.446083
189,28,13200.633550
189,29,12733.872874
189,30,11702.338900
189,31,11180.609715
189,33,11127.998567
190,27,13314.725902
190,28,13200.633550
190,29,12723.112948
190,30,11673.149091
190,31,11178.517023
190,33,11127.998567
191,27,13314.725902
191,28,13200.633550
191,29,12723.112948
191,30,11673.149091
191,31,11178.517023
191,33,11127.998567
192,27,13311.547890
192,28,13116.370233
192,29,12723.112948
192,30,11632.286639
192,31,11174.146510
192,32,11119.029628
193,27,13311.547890
193,28,13116.370233
193,29,12723.112948
193,30,11632.286639
193,31,11174.146510
193,32,11119.029628
194,27,13272.900491
194,28,12908.911614
194,29,12723.112948
194,30,11632.286639
194,31,11174.146510
194,32,11119.029628
195,27,13272.900491
195,28,12908.911614
195,29,12723.112948
195,30,11632.286639
195,31,11174.146510
195,32,11119.029628
196,27,12790.580665
196,29,12639.442712
196,30,11610.916813
196,31,11174.146510
196,32,11111.591749
197,27,12790.580665
197,29,12639.442712
197,30,11610.916813
197,31,11174.146510
197,32,11111.591749
198,27,12536.091795
198,30,11604.059862
198,31,11173.596126
198,32,11111.591749
199,27,12536.091795
199,29,11854.727386
199,30,11604.059862
199,31,11161.647079
199,32,11111.591749
200,27,12498.129893
200,29,11854.303227
200,30,11592.543761
200,31,11159.054160
200,32,11111.591749
201,27,12498.129893
201,29,11854.303227
201,30,11592.543761
201,31,11159.054160
201,32,11111.591749
202,27,12448.143432
202,29,11849.391878
202,30,11580.851679
202,31,11159.054160
202,32,11111.591749
203,27,12448.143432
203,29,11849.391878
203,30,11580.851679
203,31,11159.054160
203,32,11111.591749
204,27,12437.599123
204,29,11758.262017
204,30,11089.971761
205,27,12437.599123
205,29,11758.262017
205,30,11089.971761
206,27,12437.405218
206,28,12397.855586
206,29,11758.262017
206,30,11062.510998
207,27,12437.405218
207,28,12389.801143
207,29,11758.262017
207,30,11062.510998
208,27,12426.709941
208,28,12389.801143
208,29,11739.122084
208,30,11050.476178
209,27,12426.709941
209,28,12389.801143
209,29,11739.122084
209,30,11050.476178
210,27,12419.543908
210,28,12332.699666
210,29,11734.448353
210,30,11033.738090
211,27,12419.543908
211,28,12332.699666
211,29,11734.448353
211,30,11033.738090
212,27,12209.315483
212,29,11707.390880
212,30,11027.106278
213,27,12209.315483
213,29,10993.106981
214,27,11951.753665
214,29,10986.399257
215,27,11951.753665
215,29,10986.399257
216,27,11951.753665
216,29,10986.399257
217,27,11951.753665
217,29,10986.399257
218,27,11951.650762
218,29,10986.399257
219,27,11951.650762
219,28,11840.660049
219,29,10971.892934
220,27,11897.842937
220,28,11581.662556
220,29,10954.478648
220,30,10920.542080
221,27,11897.842937
221,28,11581.662556
221,29,10954.478648
221,30,10920.542080
222,27,11698.426644
222,28,11581.662556
222,29,10944.731949
222,30,10917.381181
223,27,11698.426644
223,28,11581.662556
223,29,10944.731949
223,30,10917.381181
224,27,11663.118876
224,28,11557.594696
224,29,10940.612334
224,30,10917.381181
225,26,12763.368072
225,27,11663.118876
225,28,11557.594696
225,29,10940.612334
225,30,10917.381181
226,26,12717.408333
226,27,11657.949301
226,28,11556.492769
226,29,10940.612334
226,30,10916.891090
227,26,12717.408333
227,27,11619.615375
227,28,11556.492769
227,29,10940.612334
227,30,10916.891090
228,26,12589.284905
228,27,11611.593877
228,28,11525.199764
228,29,10937.124372
228,30,10914.906070
229,26,12589.284905
229,27,11574.777451
229,28,11282.234034
229,29,10921.920509
229,30,10914.906070
230,26,12587.927059
230,27,11573.608377
230,28,11281.019277
230,29,10912.117470
230,30,10897.905637
231,26,12587.927059
231,27,11573.608377
231,28,11281.019277
231,29,10912.117470
231,30,10897.905637
232,26,12534.424800
232,27,11554.838208
232,28,11000.136146
232,29,10894.468973
232,30,10892.996068
233,26,12534.424800
233,27,11554.838208
233,28,11000.136146
233,29,10894.468973
233,30,10892.996068
234,26,12516.134057
234,27,11554.451092
234,28,11000.136146
234,29,10894.468973
234,30,10892.055641
235,26,12516.134057
235,27,11554.451092
235,28,11000.136146
235,29,10894.468973
235,30,10892.055641
236,26,12510.803714
236,27,11301.936584
236,28,10984.443976
236,29,10894.468973
236,30,10881.436335
237,26,12510.803714
237,27,11301.936584
237,28,10984.443976
237,29,10894.468973
237,30,10881.436335
238,26,12066.511660
238,27,11301.936584
238,28,10930.925342
238,29,10893.158710
238,30,10879.570452
239,26,12066.511660
239,27,11301.936584
239,28,10930.925342
239,29,10859.294080
240,26,12042.941923
240,27,11301.770115
240,28,10926.315229
240,29,10859.294080
241,26,12042.941923
241,27,11301.770115
241,28,10926.315229
241,29,10859.294080
242,26,12041.861630
242,27,11292.707164
242,28,10836.602129
243,26,12041.861630
243,27,11292.707164
243,28,10836.602129
244,26,12029.439598
244,27,11287.376821
244,28,10836.602129
245,26,11855.687850
245,27,11287.376821
245,28,10836.602129
246,26,11786.806510
246,27,11272.668914
246,28,10833.655372
246,29,10800.375712
247,26,11786.806510
247,27,11272.668914
247,28,10833.655372
247,29,10800.375712
248,26,11778.346777
248,27,11218.584701
248,28,10833.655372
248,29,10798.766748
249,26,11778.346777
249,27,11218.584701
249,28,10833.655372
249,29,10798.766748
250,26,11725.300284
250,27,11216.088841
250,28,10833.655372
250,29,10769.207131
251,26,11725.300284
251,27,11216.088841
251,28,10827.508533
251,29,10769.207131
252,26,11725.300284
252,27,11180.833476
252,28,10797.805376
252,29,10769.207131
253,26,11725.300284
253,27,11180.833476
253,28,10797.805376
253,29,10744.780607
254,26,11725.156537
254,27,11180.833476
254,28,10789.956284
254,29,10733.373299
255,26,11725.156537
255,27,11180.833476
255,28,10789.956284
255,29,10733.373299
256,26,11725.156537
256,27,11177.305094
256,28,10789.956284
256,29,10733.373299
257,26,11725.156537
257,27,11177.305094
257,28,10789.956284
257,29,10733.373299
258,26,11725.156537
258,27,11172.183519
258,28,10743.923627
258,29,10733.373299
259,26,11725.156537
259,27,11172.183519
259,28,10743.923627
259,29,10733.373299
260,26,11722.004800
260,27,11162.182167
260,28,10727.440331
261,26,11722.004800
261,27,11161.733611
261,28,10727.440331
262,26,11688.366235
262,27,11127.082409
262,28,10724.194766
263,26,11688.366235
263,27,11127.082409
263,28,10724.194766
264,26,11687.379889
264,27,11100.417983
264,28,10723.578482
265,26,11687.379889
265,27,11100.417983
265,28,10723.578482
266,26,11687.379889
266,27,11081.147985
266,28,10723.578482
267,26,11687.379889
267,27,10886.308848
267,28,10723.578482
268,26,11620.237109
268,27,10871.864676
268,28,10715.407441
269,26,11620.237109
269,27,10871.864676
269,28,10715.407441
270,26,11607.510447
270,27,10865.615446
270,28,10699.669398
271,26,11607.510447
271,27,10839.873011
271,28,10699.669398
272,26,11607.510447
272,27,10839.873011
272,28,10699.251065
273,26,11607.510447
273,27,10757.469207
273,28,10699.251065
274,26,11564.334145
274,27,10757.164132
274,28,10673.614652
275,26,11564.334145
275,27,10757.164132
275,28,10673.614652
276,26,11563.723363
276,27,10756.349796
276,28,10669.076908
277,26,11563.723363
277,27,10756.349796
277,28,10669.076908
278,26,11509.927047
278,27,10756.349796
278,28,10669.076908
279,26,11509.927047
279,27,10726.492820
279,28,10669.076908
280,26,11509.927047
280,27,10726.492820
280,28,10668.762688
281,26,11509.927047
281,27,10695.558311
281,28,10668.762688
282,26,11476.721198
282,27,10695.558311
282,28,10668.762688
283,26,11476.721198
283,27,10695.558311
283,28,10668.762688
283,29,10661.393483
284,26,11461.812335
284,27,10686.097812
284,28,10668.762688
284,29,10653.750034
285,26,11461.812335
285,27,10686.097812
285,28,10668.762688
285,29,10653.750034
286,26,11461.244300
286,27,10686.097812
286,28,10662.515962
286,29,10636.603311
287,26,11408.779669
287,27,10686.097812
287,28,10662.515962
287,29,10636.603311
288,26,11354.933211
288,27,10685.661252
288,28,10639.461440
288,29,10633.083609
289,26,11354.933211
289,27,10663.023536
289,28,10639.461440
289,29,10633.083609
290,26,11354.178272
290,27,10659.763025
290,28,10639.420791
290,29,10633.083609
291,26,11354.178272
291,27,10659.763025
291,28,10627.079178
292,26,11285.274415
292,27,10656.208010
292,28,10627.079178
293,26,10685.099672
293,27,10656.208010
293,28,10627.079178
294,26,10685.099672
294,27,10644.681633
294,28,10627.079178
295,26,10685.099672
295,27,10644.681633
295,28,10627.079178
296,26,10684.986279
296,27,10641.271372
296,28,10623.735843
297,26,10684.986279
297,27,10641.271372
297,28,10623.735843
298,26,10684.986279
298,27,10641.271372
298,28,10620.860909
299,26,10684.986279
299,27,10641.271372
299,28,10620.860909
300,26,10684.986279
300,27,10640.307207
300,28,10614.923765
301,26,10684.986279
301,27,10637.017130
301,28,10614.923765
302,26,10682.242377
302,27,10637.017130
302,28,10593.380968
303,26,10656.760746
303,27,10637.017130
303,28,10593.380968
304,26,10650.848600
304,27,10629.249706
304,28,10593.372087
305,26,10650.848600
305,27,10629.249706
305,28,10593.372087
306,26,10650.848600
306,27,10628.297647
306,28,10592.420826
307,26,10650.848600
307,27,10628.297647
307,28,10592.420826
308,26,10649.435935
308,27,10628.297647
308,28,10592.138958
309,26,10649.435935
309,27,10617.818056
309,28,10592.138958
310,26,10643.563163
310,27,10617.818056
310,28,10592.104749
311,26,10643.563163
311,27,10617.818056
311,28,10592.104749
312,26,10637.963059
312,27,10616.571732
312,28,10587.553228
313,26,10637.963059
313,27,10616.571732
313,28,10587.553228
314,26,10635.016302
314,27,10616.571732
314,28,10587.553228
314,29,10575.693967
315,26,10635.016302
315,27,10616.571732
315,28,10587.553228
315,29,10575.693967
316,26,10623.597793
316,27,10616.571732
316,28,10587.192701
316,29,10573.536712
317,26,10623.597793
317,27,10616.571732
317,28,10587.192701
317,29,10573.536712
318,26,10619.769683
318,27,10608.551671
318,28,10579.591371
318,29,10566.515559
319,26,10589.790664
319,28,10579.591371
319,29,10566.515559
320,26,10589.790664
320,28,10579.591371
320,29,10566.393030
321,26,10589.790664
321,28,10579.591371
321,29,10566.393030
322,26,10589.790664
322,28,10576.117622
322,29,10566.393030
323,26,10589.790664
323,28,10576.117622
323,29,10566.393030
324,26,10589.790664
324,28,10576.117622
324,29,10566.393030
325,26,10584.673506
325,28,10575.621637
325,29,10566.393030
