Generation,NV,TOC
1,12,3330.416442
1,13,3155.585941
1,14,2980.357558
1,16,2776.241802
1,18,2579.426476
1,19,2505.097403
1,21,2461.598542
2,12,3330.416442
2,13,3048.231049
2,14,2980.357558
2,15,2835.239148
2,16,2776.241802
2,18,2473.141479
2,19,2399.817383
3,12,3330.416442
3,13,2811.924777
3,15,2782.790923
3,16,2776.241802
3,17,2349.779770
4,12,2993.496060
4,13,2626.360564
4,15,2330.311963
5,12,2765.047082
5,13,2490.958299
5,15,2330.311963
6,11,3713.316660
6,12,2687.845360
6,13,2490.958299
6,15,2330.311963
6,19,2329.785772
7,11,2697.253615
7,12,2590.877583
7,13,2461.725834
7,15,2330.311963
7,18,2309.587559
8,10,2900.110899
8,11,2697.253615
8,12,2590.877583
8,13,2461.725834
8,14,2402.407503
8,15,2330.311963
8,16,2321.950266
8,18,2309.587559
9,10,2900.110899
9,11,2510.889295
9,12,2388.348104
9,13,2362.086925
9,14,2355.707870
9,15,2330.311963
9,16,2319.005256
9,18,2291.324459
10,10,2869.587919
10,11,2510.889295
10,12,2388.348104
10,13,2362.086925
10,14,2274.781231
10,17,2252.321542
11,10,2716.073955
11,11,2510.889295
11,12,2256.802788
11,17,2252.321542
12,9,2825.997915
12,10,2716.073955
12,11,2312.361188
12,12,2256.802788
12,15,2256.368512
12,17,2252.321542
13,9,2798.133897
13,10,2647.340185
13,11,2312.361188
13,12,2256.802788
13,15,2256.368512
13,17,2252.321542
14,9,2798.133897
14,10,2647.340185
14,11,2312.361188
14,12,2256.802788
14,14,2196.096263
15,9,2798.133897
15,10,2647.340185
15,11,2312.361188
15,12,2256.802788
15,14,2196.096263
15,15,2162.398849
16,9,2717.997262
16,10,2647.340185
16,11,2306.976049
16,12,2236.888544
16,14,2194.986808
16,15,2153.578344
17,9,2717.997262
17,10,2530.582831
17,11,2306.976049
17,12,2231.751739
17,14,2194.986808
17,15,2153.578344
18,9,2717.997262
18,10,2530.582831
18,11,2234.705426
18,12,2231.751739
18,14,2194.986808
18,15,2153.578344
19,9,2717.997262
19,10,2530.582831
19,11,2234.705426
19,12,2231.751739
19,13,2156.177043
19,15,2153.578344
20,9,2717.997262
20,10,2482.953812
20,11,2234.705426
20,12,2231.751739
20,13,2156.177043
20,15,2153.578344
21,9,2717.997262
21,10,2482.953812
21,11,2234.705426
21,12,2229.900649
21,13,2156.177043
21,14,2136.905670
21,15,2123.784896
22,9,2666.321055
22,10,2482.953812
22,11,2234.705426
22,12,2215.502947
22,13,2156.177043
22,14,2136.905670
22,15,2123.784896
23,9,2666.321055
23,10,2482.953812
23,11,2138.620737
23,14,2136.905670
23,15,2123.784896
24,9,2557.512124
24,10,2482.953812
24,11,2111.833871
25,9,2528.153567
25,10,2345.784316
25,11,2111.833871
25,13,2107.313619
25,15,2103.861580
26,9,2527.676382
26,10,2345.784316
26,11,2109.258156
26,13,2104.561645
26,15,2097.436201
27,9,2527.676382
27,10,2345.784316
27,11,2109.258156
27,13,2104.561645
27,15,2097.436201
28,9,2498.254908
28,10,2332.213462
28,11,2109.258156
28,13,2104.561645
28,15,2097.436201
29,9,2498.254908
29,10,2332.213462
29,11,2109.258156
29,12,2103.476621
29,13,2085.832311
30,9,2498.254908
30,10,2261.657563
30,11,2109.258156
30,12,2099.950257
30,13,2085.832311
31,9,2498.254908
31,10,2261.657563
31,11,2109.258156
31,12,2099.950257
31,13,2080.623245
32,9,2280.494999
32,10,2261.657563
32,11,2106.339006
32,12,2099.950257
32,13,2080.623245
33,9,2215.360793
33,11,2106.339006
33,12,2091.227671
33,13,2080.623245
34,9,2215.360793
34,11,2103.400266
34,12,2091.227671
34,13,2080.623245
35,9,2215.360793
35,11,2103.400266
35,12,2091.227671
35,13,2077.778839
35,15,2075.466900
36,9,2202.831765
36,10,2161.575103
36,11,2103.211549
36,12,2091.227671
36,13,2077.778839
36,15,2068.181857
37,9,2202.831765
37,10,2161.575103
37,11,2103.211549
37,12,2091.227671
37,13,2077.778839
37,15,2068.181857
38,9,2202.831765
38,10,2161.575103
38,11,2103.211549
38,12,2075.203383
38,15,2068.181857
39,8,2609.301228
39,9,2202.831765
39,10,2161.575103
39,11,2086.521291
39,12,2075.203383
39,15,2068.181857
40,8,2609.301228
40,9,2202.831765
40,10,2161.575103
40,11,2086.521291
40,12,2075.203383
40,15,2068.181857
41,8,2609.301228
41,9,2202.831765
41,10,2156.046989
41,11,2086.521291
41,12,2075.203383
41,15,2068.181857
42,8,2609.301228
42,9,2202.831765
42,10,2156.046989
42,11,2086.521291
42,12,2075.203383
42,15,2068.181857
43,8,2609.301228
43,9,2202.831765
43,10,2156.046989
43,11,2086.521291
43,12,2075.203383
43,15,2068.181857
44,8,2609.301228
44,9,2202.831765
44,10,2156.046989
44,11,2078.980217
44,12,2069.346747
44,15,2068.181857
45,8,2609.301228
45,9,2202.831765
45,10,2156.046989
45,11,2077.705455
45,12,2069.346747
45,15,2056.773958
46,8,2609.301228
46,9,2202.831765
46,10,2156.046989
46,11,2064.405206
46,12,2051.494615
47,8,2609.301228
47,9,2167.765041
47,10,2143.099039
47,11,2064.405206
47,12,2051.494615
48,8,2609.301228
48,9,2167.765041
48,10,2143.099039
48,11,2064.405206
48,12,2051.494615
49,8,2357.321777
49,9,2167.765041
49,10,2143.099039
49,11,2064.405206
49,12,2051.494615
50,8,2357.321777
50,9,2167.765041
50,10,2143.099039
50,11,2064.405206
50,12,2051.494615
51,8,2357.321777
51,9,2167.765041
51,10,2136.767165
51,11,2064.405206
51,12,2051.494615
52,8,2357.321777
52,9,2167.765041
52,10,2136.767165
52,11,2064.405206
52,12,2051.494615
53,8,2357.321777
53,9,2167.765041
53,10,2128.389314
53,11,2064.405206
53,12,2051.494615
54,8,2329.635373
54,9,2167.765041
54,10,2128.389314
54,11,2064.405206
54,12,2051.494615
55,8,2329.635373
55,9,2167.765041
55,10,2128.389314
55,11,2064.405206
55,12,2051.494615
56,8,2263.195161
56,9,2167.765041
56,10,2128.389314
56,11,2064.405206
56,12,2050.828531
57,8,2263.195161
57,9,2167.765041
57,10,2127.538890
57,11,2064.405206
57,12,2048.843124
58,8,2263.195161
58,9,2159.259845
58,10,2127.538890
58,11,2064.405206
58,12,2040.511374
59,8,2263.195161
59,9,2159.259845
59,10,2127.538890
59,11,2064.405206
59,12,2040.511374
60,8,2200.208316
60,9,2159.259845
60,10,2120.944446
60,11,2064.405206
60,12,2040.511374
61,8,2200.208316
61,9,2159.259845
61,10,2120.944446
61,11,2064.405206
61,12,2032.411587
62,8,2200.208316
62,9,2140.938863
62,10,2108.427185
62,11,2064.405206
62,12,2032.411587
63,8,2154.986058
63,9,2140.938863
63,10,2108.427185
63,11,2064.405206
63,12,2032.411587
64,8,2154.986058
64,9,2140.938863
64,10,2101.461881
64,11,2064.405206
64,12,2032.411587
65,8,2154.986058
65,9,2140.938863
65,10,2101.461881
65,11,2064.405206
65,12,2024.133156
66,8,2153.257372
66,9,2116.944578
66,10,2098.248952
66,11,2063.041136
66,12,2024.133156
67,8,2139.067728
67,9,2116.944578
67,10,2063.556201
67,11,2055.799145
67,12,2024.133156
68,8,2139.067728
68,9,2116.944578
68,10,2063.556201
68,11,2055.799145
68,12,2024.133156
69,8,2139.067728
69,9,2116.944578
69,10,2063.556201
69,11,2055.799145
69,12,2024.133156
70,8,2139.067728
70,9,2116.944578
70,10,2063.556201
70,11,2055.799145
70,12,2013.947769
71,8,2135.152302
71,9,2116.944578
71,10,2056.691889
71,11,2055.799145
71,12,2012.243089
72,8,2123.310660
72,9,2116.944578
72,10,2056.691889
72,11,2055.799145
72,12,2012.243089
73,8,2115.874545
73,9,2103.068129
73,10,2056.691889
73,11,2055.799145
73,12,2012.243089
74,8,2115.874545
74,9,2103.068129
74,10,2056.691889
74,11,2055.799145
74,12,2012.243089
75,8,2115.874545
75,9,2103.068129
75,10,2026.873325
75,12,2012.243089
76,8,2082.192821
76,10,2026.873325
76,12,2012.243089
77,8,2082.192821
77,10,2026.873325
77,12,2012.243089
78,8,2082.192821
78,9,2050.276411
78,10,2026.873325
78,12,2012.243089
79,8,2050.985411
79,9,2050.276411
79,10,2026.873325
79,12,2012.243089
80,8,2050.985411
80,9,2050.276411
80,10,2026.873325
80,12,2012.243089
81,8,2050.985411
81,9,2050.276411
81,10,2026.873325
81,12,2012.243089
82,8,2050.985411
82,9,2050.276411
82,10,2026.873325
82,12,2012.243089
83,8,2050.985411
83,9,2050.276411
83,10,2025.454076
83,12,2012.243089
84,7,2156.947970
84,8,2050.985411
84,9,2044.877766
84,10,2025.454076
84,12,2012.243089
85,7,2156.947970
85,8,2050.985411
85,9,2044.877766
85,10,2025.454076
85,12,2012.243089
86,7,2156.947970
86,8,2042.978501
86,9,2040.473498
86,10,2020.132940
86,11,2018.868209
86,12,2012.243089
87,7,2156.947970
87,8,2042.978501
87,9,2040.473498
87,10,2020.132940
87,11,2018.868209
87,12,2012.243089
88,7,2156.947970
88,8,2042.978501
88,9,2040.473498
88,10,2020.132940
88,11,2018.868209
88,12,2012.243089
89,7,2156.947970
89,8,2042.978501
89,9,2040.473498
89,10,2020.132940
89,11,2018.868209
89,12,2012.243089
90,7,2156.947970
90,8,2042.978501
90,9,2040.473498
90,10,2020.132940
90,11,2018.868209
90,12,2012.243089
91,7,2156.947970
91,8,2042.978501
91,9,2040.473498
91,10,2020.132940
91,11,2018.868209
91,12,2012.243089
92,7,2156.947970
92,8,2042.978501
92,9,2040.473498
92,10,2019.231784
92,11,2018.868209
92,12,2010.164793
93,7,2156.947970
93,8,2029.458839
93,10,2019.231784
93,11,2018.868209
93,12,2010.164793
94,7,2156.947970
94,8,2029.458839
94,10,2019.231784
94,11,2018.868209
94,12,2010.164793
95,7,2132.947626
95,8,2029.458839
95,10,2019.231784
95,11,2018.868209
95,12,2010.164793
96,7,2132.947626
96,8,2029.458839
96,10,2017.625951
96,12,2010.164793
97,7,2132.947626
97,8,2015.590090
97,10,2013.446865
97,12,2010.164793
98,7,2132.947626
98,8,2015.590090
98,10,2013.446865
98,12,2010.164793
99,7,2132.947626
99,8,2013.620958
99,10,2013.446865
99,12,2010.164793
100,7,2132.947626
100,8,2013.620958
100,10,2013.446865
100,12,2010.164793
101,7,2132.947626
101,8,2007.903697
102,7,2132.947626
102,8,2007.903697
103,7,2132.947626
103,8,2007.903697
104,7,2132.947626
104,8,2007.903697
105,7,2121.421822
105,8,2007.903697
106,7,2107.148846
106,8,2007.903697
107,7,2107.148846
107,8,2007.903697
108,7,2107.148846
108,8,2007.903697
109,7,2049.871734
109,8,2007.903697
110,7,2049.871734
110,8,2007.903697
111,7,2048.994119
111,8,2007.903697
112,7,2048.994119
112,8,2007.903697
112,9,2003.261971
113,7,2048.994119
113,8,2006.176762
113,9,2003.261971
114,7,2048.994119
114,8,1995.874347
115,7,2038.393875
115,8,1995.874347
116,7,2038.393875
116,8,1995.874347
117,7,2028.039558
117,8,1995.874347
118,7,2028.039558
118,8,1995.874347
119,7,2028.039558
119,8,1995.874347
120,7,2028.039558
120,8,1995.874347
121,7,2028.039558
121,8,1995.874347
122,7,2028.039558
122,8,1995.874347
123,7,2028.039558
123,8,1995.874347
124,7,2028.039558
124,8,1995.874347
125,7,2028.039558
125,8,1995.874347
126,7,2028.039558
126,8,1995.874347
127,7,2028.039558
127,8,1995.874347
128,7,2028.039558
128,8,1995.874347
129,7,2028.039558
129,8,1995.874347
130,7,2028.039558
130,8,1993.547056
131,7,2028.039558
131,8,1993.547056
132,7,2028.039558
132,8,1993.547056
133,7,2028.039558
133,8,1993.547056
134,7,2028.039558
134,8,1993.547056
135,7,2028.039558
135,8,1993.547056
136,7,2028.039558
136,8,1993.547056
137,7,2028.039558
137,8,1993.547056
138,7,2028.039558
138,8,1993.547056
139,7,2028.039558
139,8,1993.547056
140,7,2028.039558
140,8,1993.547056
141,7,2028.039558
141,8,1993.547056
142,7,2028.039558
142,8,1993.547056
143,7,2028.039558
143,8,1993.547056
144,7,2028.039558
144,8,1993.547056
145,7,2028.039558
145,8,1993.547056
146,7,2028.039558
146,8,1993.547056
147,7,2028.039558
147,8,1993.547056
148,7,2028.039558
148,8,1993.547056
149,7,2028.039558
149,8,1993.547056
150,7,2025.165124
150,8,1993.547056
151,7,2025.165124
151,8,1993.547056
152,7,2025.165124
152,8,1993.547056
153,7,2025.165124
153,8,1993.547056
154,7,2025.165124
154,8,1993.547056
155,7,2025.165124
155,8,1993.547056
156,7,2025.165124
156,8,1993.547056
157,7,2025.165124
157,8,1993.547056
158,7,2025.165124
158,8,1993.547056
159,7,2025.165124
159,8,1993.547056
160,7,2024.815431
160,8,1993.547056
161,7,2024.815431
161,8,1993.547056
161,9,1991.311906
162,7,2019.293609
162,8,1993.547056
162,9,1991.311906
163,7,2019.293609
163,8,1993.547056
163,9,1991.311906
164,7,2019.293609
164,8,1993.547056
164,9,1991.311906
165,7,2019.293609
165,8,1993.547056
165,9,1991.311906
166,7,2019.293609
166,8,1993.547056
166,9,1991.311906
167,7,2019.293609
167,8,1993.547056
167,9,1991.311906
168,7,2019.293609
168,8,1993.547056
168,9,1991.311906
169,7,2019.293609
169,8,1993.547056
169,9,1991.311906
170,7,2017.036969
170,8,1993.547056
170,9,1991.311906
171,7,2017.036969
171,8,1993.547056
171,9,1991.311906
172,7,2017.036969
172,8,1993.547056
172,9,1991.311906
173,7,2017.036969
173,8,1993.547056
173,9,1991.311906
174,7,2017.036969
174,8,1993.547056
174,9,1991.311906
175,7,2017.036969
175,8,1993.547056
175,9,1991.311906
176,7,2017.036969
176,8,1993.547056
176,9,1991.311906
177,7,2017.036969
177,8,1993.547056
177,9,1991.311906
178,7,2017.036969
178,8,1993.547056
178,9,1991.311906
179,7,2017.036969
179,8,1993.547056
179,9,1991.311906
180,7,2017.036969
180,8,1993.547056
180,9,1991.311906
181,7,2017.036969
181,8,1993.547056
181,9,1991.311906
182,7,2002.570921
182,8,1993.547056
182,9,1991.311906
183,7,2002.570921
183,8,1993.547056
183,9,1991.311906
184,7,2002.570921
184,8,1993.547056
184,9,1991.311906
185,7,1990.351539
186,7,1990.351539
187,7,1990.351539
188,7,1990.351539
189,7,1990.351539
189,8,1988.088815
190,7,1990.351539
190,8,1988.088815
191,7,1990.351539
191,8,1988.088815
192,7,1990.351539
192,8,1988.088815
193,7,1990.351539
193,8,1988.088815
194,7,1990.351539
194,8,1988.088815
195,7,1990.351539
195,8,1988.088815
196,7,1990.351539
196,8,1988.088815
197,7,1990.351539
197,8,1988.088815
198,7,1990.351539
198,8,1988.088815
199,7,1990.351539
199,8,1988.088815
200,7,1990.351539
200,8,1988.088815
201,7,1990.351539
201,8,1988.088815
202,7,1990.351539
202,8,1988.088815
203,7,1990.351539
203,8,1988.088815
204,7,1990.351539
204,8,1988.088815
205,7,1989.191330
205,8,1988.088815
206,7,1989.191330
206,8,1988.088815
207,7,1989.191330
207,8,1988.088815
208,7,1989.191330
208,8,1988.088815
209,7,1989.191330
209,8,1988.088815
210,7,1989.191330
210,8,1988.088815
211,7,1989.191330
211,8,1988.088815
212,7,1989.191330
212,8,1988.088815
213,7,1989.191330
213,8,1985.698596
214,7,1989.191330
214,8,1985.698596
215,7,1989.191330
215,8,1985.698596
216,7,1989.191330
216,8,1985.698596
216,9,1985.146372
217,7,1989.191330
217,8,1985.698596
217,9,1985.146372
218,7,1989.191330
218,8,1985.698596
218,9,1985.146372
219,7,1989.191330
219,8,1985.698596
219,9,1985.146372
220,7,1989.191330
220,8,1984.122895
221,7,1989.191330
221,8,1984.122895
222,7,1989.191330
222,8,1984.122895
223,7,1989.191330
223,8,1984.122895
224,7,1989.191330
224,8,1984.122895
225,7,1989.191330
225,8,1984.122895
226,7,1989.191330
226,8,1984.122895
227,7,1989.191330
227,8,1984.122895
228,7,1989.191330
228,8,1984.122895
229,7,1989.191330
229,8,1984.122895
230,7,1989.191330
230,8,1984.122895
231,7,1989.191330
231,8,1984.122895
232,7,1989.191330
232,8,1984.122895
233,7,1989.191330
233,8,1984.122895
234,7,1989.191330
234,8,1984.122895
235,7,1989.191330
235,8,1984.122895
236,7,1989.191330
236,8,1984.122895
237,7,1989.191330
237,8,1984.122895
238,7,1989.191330
238,8,1984.122895
239,7,1989.191330
239,8,1980.901078
240,7,1989.191330
240,8,1980.901078
241,7,1989.191330
241,8,1980.901078
242,7,1989.191330
242,8,1980.901078
243,7,1989.191330
243,8,1980.267840
244,7,1989.191330
244,8,1980.267840
245,7,1989.191330
245,8,1980.267840
246,7,1989.191330
246,8,1980.267840
247,7,1989.191330
247,8,1980.267840
248,7,1989.191330
248,8,1980.267840
249,7,1989.191330
249,8,1980.267840
250,7,1989.191330
250,8,1980.267840
251,7,1989.191330
251,8,1980.267840
252,7,1989.191330
252,8,1980.267840
253,7,1989.191330
253,8,1980.267840
254,7,1989.191330
254,8,1980.267840
255,7,1989.191330
255,8,1980.267840
256,7,1989.191330
256,8,1980.267840
257,7,1989.191330
257,8,1980.267840
258,7,1989.191330
258,8,1980.267840
259,7,1989.191330
259,8,1980.267840
260,7,1989.191330
260,8,1980.267840
261,7,1989.191330
261,8,1980.267840
262,7,1989.191330
262,8,1980.267840
263,7,1989.191330
263,8,1980.267840
264,7,1989.191330
264,8,1980.267840
265,7,1989.191330
265,8,1980.267840
266,7,1989.191330
266,8,1980.267840
267,7,1989.191330
267,8,1980.267840
268,7,1989.191330
268,8,1980.267840
269,7,1989.191330
269,8,1980.267840
270,7,1989.191330
270,8,1980.267840
271,7,1989.191330
271,8,1980.267840
272,7,1989.191330
272,8,1980.267840
273,7,1989.191330
273,8,1980.267840
274,7,1989.191330
274,8,1980.267840
275,7,1989.191330
275,8,1980.267840
276,7,1989.191330
276,8,1980.267840
277,7,1989.191330
277,8,1980.267840
278,7,1989.191330
278,8,1980.267840
279,7,1989.191330
279,8,1980.267840
280,7,1989.191330
280,8,1980.267840
281,7,1989.191330
281,8,1980.267840
282,7,1989.191330
282,8,1980.267840
283,7,1989.191330
283,8,1980.267840
284,7,1989.191330
284,8,1980.267840
285,7,1989.191330
285,8,1980.267840
286,7,1989.191330
286,8,1980.267840
287,7,1989.191330
287,8,1980.267840
288,7,1989.191330
288,8,1980.267840
289,7,1989.191330
289,8,1980.267840
290,7,1989.191330
290,8,1980.267840
291,7,1989.191330
291,8,1980.267840
292,7,1989.191330
292,8,1980.267840
293,7,1989.191330
293,8,1980.267840
294,7,1989.191330
294,8,1980.267840
295,7,1989.191330
295,8,1980.267840
296,7,1989.191330
296,8,1980.267840
297,7,1989.191330
297,8,1980.267840
298,7,1989.191330
298,8,1980.267840
299,7,1989.191330
299,8,1980.267840
300,7,1989.191330
300,8,1980.267840
301,7,1989.191330
301,8,1980.267840
302,7,1989.191330
302,8,1980.267840
303,7,1989.191330
303,8,1980.267840
304,7,1989.191330
304,8,1980.267840
305,7,1989.191330
305,8,1980.267840
306,7,1989.191330
306,8,1980.267840
307,7,1989.191330
307,8,1980.267840
308,7,1989.191330
308,8,1980.267840
309,7,1989.191330
309,8,1980.267840
310,7,1989.191330
310,8,1980.267840
311,7,1989.191330
311,8,1980.267840
312,7,1989.191330
312,8,1980.267840
313,7,1989.191330
313,8,1980.267840
314,7,1989.191330
314,8,1980.267840
315,7,1989.191330
315,8,1980.267840
316,7,1989.191330
316,8,1980.267840
317,7,1989.191330
317,8,1980.267840
318,7,1989.191330
318,8,1980.267840
319,7,1989.191330
319,8,1980.267840
320,7,1989.191330
320,8,1980.267840
321,7,1989.191330
321,8,1980.267840
322,7,1989.191330
322,8,1980.267840
323,7,1989.191330
323,8,1980.267840
324,7,1989.191330
324,8,1980.267840
325,7,1989.191330
325,8,1980.267840
326,7,1989.191330
326,8,1980.267840
327,7,1989.191330
327,8,1980.267840
328,7,1989.191330
328,8,1980.267840
329,7,1989.191330
329,8,1980.267840
330,7,1989.191330
330,8,1980.267840
331,7,1989.191330
331,8,1980.267840
