Generation,NV,TOC
1,19,5640.622496
1,23,4827.923176
1,30,4693.644452
1,37,4415.389656
1,38,4268.020745
1,39,4063.009977
1,40,3973.867807
1,43,3863.081750
1,51,3802.304954
2,19,5640.622496
2,20,5199.579418
2,22,4667.082492
2,26,4614.263815
2,27,4578.557812
2,31,4574.837987
2,32,4158.646819
2,39,4063.009977
2,40,3973.867807
2,41,3749.411964
3,19,5640.622496
3,20,5199.579418
3,21,4888.565023
3,22,4667.082492
3,23,4617.207982
3,25,4429.862700
3,30,4421.160698
3,31,4376.359059
3,32,4158.646819
3,39,4005.608173
3,40,3973.867807
3,41,3749.411964
3,47,3729.701592
4,18,6113.606836
4,19,5345.090872
4,20,4878.077737
4,22,4667.082492
4,23,4617.207982
4,24,4531.904894
4,25,4429.862700
4,29,4027.097059
4,32,4022.913280
4,36,3996.213697
4,37,3932.392532
4,38,3753.487120
4,40,3750.322066
4,41,3749.411964
4,44,3676.525036
5,18,5278.129387
5,19,5172.216024
5,20,4878.077737
5,22,4493.117969
5,25,4429.862700
5,28,3988.606211
5,33,3965.671231
5,35,3905.904679
5,36,3852.026493
5,38,3730.945140
5,39,3663.398248
5,46,3561.922236
6,17,6538.515094
6,18,5278.129387
6,19,5172.216024
6,20,4878.077737
6,21,4713.350151
6,22,4493.117969
6,23,4403.324795
6,24,4339.498773
6,26,4311.031957
6,27,4239.153196
6,28,3988.606211
6,30,3880.542010
6,31,3861.248795
6,36,3852.026493
6,37,3779.777611
6,38,3730.945140
6,39,3663.398248
6,42,3646.306891
6,46,3561.922236
6,48,3539.299894
7,17,6538.515094
7,18,4678.372237
7,22,4453.684315
7,23,4120.085818
7,26,3989.822245
7,28,3988.606211
7,29,3968.865663
7,30,3880.542010
7,31,3749.969012
7,37,3743.489064
7,38,3562.585689
7,45,3506.749892
8,17,5804.063870
8,18,4678.372237
8,19,4111.976813
8,22,3649.595427
8,38,3562.585689
8,45,3506.749892
9,17,5005.803604
9,18,4678.372237
9,19,3973.057494
9,20,3907.553131
9,22,3649.595427
9,30,3642.472723
9,34,3584.818833
9,38,3535.896489
9,45,3506.749892
10,17,3594.690345
10,34,3584.818833
10,37,3564.162654
10,38,3535.896489
10,39,3457.663702
11,16,3564.102051
11,29,3319.100639
12,16,3564.102051
12,28,3548.436706
12,29,3319.100639
13,16,3564.102051
13,17,3546.984470
13,18,3528.477178
13,29,3319.100639
14,16,3564.102051
14,17,3546.984470
14,18,3528.477178
14,22,3442.868598
14,23,3411.916283
14,29,3319.100639
15,15,4325.705371
15,16,3564.102051
15,17,3546.984470
15,18,3528.477178
15,22,3442.868598
15,23,3411.916283
15,27,3402.586733
15,28,3401.137152
15,29,3319.100639
16,15,4325.705371
16,16,3508.362283
16,17,3487.048536
16,22,3442.868598
16,23,3411.916283
16,27,3402.586733
16,28,3349.224371
16,29,3319.100639
17,15,4325.705371
17,16,3508.362283
17,17,3487.048536
17,22,3442.868598
17,23,3411.916283
17,27,3402.586733
17,28,3349.224371
17,29,3306.404466
18,15,4325.705371
18,16,3508.362283
18,17,3487.048536
18,22,3442.868598
18,23,3411.916283
18,27,3332.466640
18,29,3306.404466
18,31,3291.230687
19,15,4325.705371
19,16,3508.362283
19,17,3487.048536
19,21,3461.822082
19,22,3442.868598
19,23,3411.916283
19,25,3406.007592
19,26,3394.681925
19,27,3311.168562
19,29,3306.404466
19,31,3291.230687
20,15,4109.187655
20,16,3508.362283
20,17,3487.048536
20,21,3461.822082
20,22,3440.217299
20,23,3411.916283
20,25,3406.007592
20,26,3365.865212
20,27,3311.168562
20,29,3306.404466
20,31,3291.230687
21,15,4109.187655
21,16,3508.362283
21,17,3487.048536
21,21,3461.822082
21,22,3440.217299
21,23,3411.916283
21,25,3386.848776
21,26,3365.865212
21,27,3311.168562
21,29,3306.404466
21,31,3291.230687
22,15,3636.275786
22,16,3508.362283
22,17,3365.462226
22,18,3351.294567
22,27,3311.168562
22,28,3309.785301
22,29,3269.345458
22,30,3211.325351
23,15,3636.275786
23,16,3508.362283
23,17,3365.462226
23,18,3315.300304
23,27,3311.168562
23,28,3309.785301
23,29,3269.345458
23,30,3211.325351
24,14,4666.287834
24,15,3636.275786
24,16,3508.362283
24,17,3360.515397
24,18,3315.300304
24,22,3313.862763
24,24,3304.695369
24,26,3260.711432
24,30,3211.325351
25,14,4666.287834
25,15,3631.200580
25,16,3438.933708
25,17,3360.515397
25,18,3315.300304
25,22,3313.862763
25,24,3257.775279
25,26,3191.794991
26,14,3982.138018
26,15,3631.200580
26,16,3438.933708
26,17,3360.515397
26,18,3315.300304
26,20,3312.391096
26,21,3308.943654
26,24,3257.775279
26,25,3167.632672
26,26,3161.418798
27,14,3982.138018
27,15,3631.200580
27,16,3295.130895
27,21,3264.528889
27,24,3257.775279
27,25,3167.632672
27,26,3161.418798
28,13,4717.336599
28,14,3967.323799
28,15,3294.530694
28,21,3237.637077
28,24,3197.330964
28,25,3131.032610
29,13,4717.336599
29,14,3967.323799
29,15,3239.067276
29,21,3237.637077
29,23,3209.670979
29,24,3197.330964
29,25,3131.032610
30,13,4301.310336
30,14,3187.416559
30,24,3150.976009
30,25,3131.032610
31,13,4301.310336
31,14,3187.416559
31,24,3150.976009
31,25,3131.032610
31,29,3130.359390
32,13,4301.310336
32,14,3187.416559
32,15,3178.562954
32,22,3069.041045
33,13,4301.310336
33,14,3187.416559
33,15,3166.777326
33,22,3069.041045
34,13,4301.310336
34,14,3187.416559
34,15,3145.164877
34,22,3069.041045
34,25,3015.986659
35,13,4301.310336
35,14,3187.416559
35,15,3145.164877
35,22,3069.041045
35,25,3015.986659
36,13,4301.310336
36,14,3187.416559
36,15,3145.164877
36,22,3069.041045
36,24,3062.594610
36,25,3015.986659
37,13,3754.993256
37,14,3187.416559
37,15,3145.164877
37,22,3069.041045
37,24,3062.594610
37,25,3015.986659
38,13,3740.246010
38,14,3187.416559
38,15,3145.164877
38,20,3051.864244
38,25,3015.986659
39,13,3647.350763
39,14,3187.416559
39,15,3145.164877
39,20,3051.864244
39,25,3015.986659
40,12,4218.285669
40,13,3598.181079
40,14,3187.416559
40,15,3145.164877
40,16,3129.798918
40,20,3051.864244
40,25,3015.986659
41,12,4218.285669
41,13,3503.837040
41,14,3187.416559
41,15,3145.164877
41,16,3129.798918
41,20,3051.864244
41,25,3015.986659
42,12,4013.623031
42,13,3490.533053
42,14,3187.416559
42,15,3145.164877
42,16,3129.798918
42,20,3051.864244
42,25,3015.986659
43,12,3731.256335
43,13,3490.533053
43,14,3187.416559
43,15,3145.164877
43,16,3129.798918
43,20,3051.864244
43,25,3015.986659
44,12,3731.256335
44,13,3471.941468
44,14,3187.416559
44,15,3145.164877
44,16,3129.798918
44,20,3051.864244
44,24,3049.953500
44,25,3015.986659
45,12,3586.039493
45,13,3471.941468
45,14,3187.416559
45,15,3145.164877
45,16,3129.798918
45,18,3123.821535
45,20,3051.864244
45,24,3049.953500
45,25,3015.986659
46,11,4900.434086
46,12,3586.039493
46,13,3471.941468
46,14,3187.416559
46,15,3145.164877
46,16,3129.798918
46,17,3122.336104
46,20,3051.864244
46,24,3049.953500
46,25,3003.298350
47,11,4900.434086
47,12,3586.039493
47,13,3471.941468
47,14,3187.416559
47,15,3145.164877
47,16,3129.798918
47,17,3122.336104
47,18,3120.309970
47,20,3051.864244
47,24,3049.953500
47,25,3003.298350
48,11,4900.434086
48,12,3586.039493
48,13,3471.941468
48,14,3187.416559
48,15,3145.164877
48,16,3129.798918
48,17,3122.336104
48,18,3120.309970
48,20,3051.864244
48,24,3049.953500
48,25,3003.298350
49,11,4784.338208
49,12,3586.039493
49,13,3471.941468
49,14,3187.416559
49,15,3145.164877
49,16,3129.798918
49,17,3122.336104
49,18,3120.309970
49,20,3051.864244
49,24,3049.953500
49,25,3003.298350
50,11,4784.338208
50,12,3586.039493
50,13,3426.995163
50,14,3187.416559
50,15,3145.164877
50,16,3129.798918
50,17,3122.336104
50,18,3120.309970
50,20,3051.864244
50,21,3049.521214
50,23,3016.083134
50,25,3003.298350
51,11,3974.150506
51,12,3533.128565
51,13,3347.499287
51,14,3165.060892
51,15,3123.430501
51,17,3078.502757
51,20,3044.697045
51,23,2985.981660
52,11,3974.150506
52,12,3533.128565
52,13,3347.499287
52,14,3165.060892
52,15,3123.430501
52,16,3117.300274
52,17,3078.502757
52,20,3044.697045
52,23,2985.981660
53,11,3974.150506
53,12,3420.121782
53,13,3347.499287
53,14,3165.060892
53,15,3123.430501
53,16,3117.300274
53,17,3078.502757
53,20,3044.697045
53,23,2985.981660
54,11,3974.150506
54,12,3420.121782
54,13,3347.499287
54,14,3165.060892
54,15,3123.430501
54,16,3117.300274
54,17,3078.502757
54,20,3044.697045
54,23,2985.981660
55,11,3974.150506
55,12,3420.121782
55,13,3347.499287
55,14,3165.060892
55,15,3123.430501
55,16,3117.300274
55,17,3078.502757
55,20,3044.697045
55,23,2985.981660
56,11,3974.150506
56,12,3420.121782
56,13,3347.499287
56,14,3165.060892
56,15,3054.119631
56,20,3044.697045
56,23,2985.981660
56,24,2974.397599
57,11,3974.150506
57,12,3420.121782
57,13,3347.499287
57,14,3165.060892
57,15,3054.119631
57,20,3044.697045
57,23,2985.981660
57,24,2974.397599
58,11,3974.150506
58,12,3420.121782
58,13,3347.499287
58,14,3165.060892
58,15,3054.119631
58,17,3050.173288
58,20,3044.697045
58,23,2985.981660
58,24,2961.571902
59,11,3899.079656
59,12,3420.121782
59,13,3347.499287
59,14,3165.060892
59,15,3054.119631
59,17,3050.173288
59,20,3044.697045
59,23,2985.981660
59,24,2961.571902
60,11,3899.079656
60,12,3420.121782
60,13,3347.499287
60,14,3165.060892
60,15,3054.119631
60,17,3050.173288
60,20,3044.697045
60,23,2985.981660
60,24,2947.321662
61,11,3899.079656
61,12,3420.121782
61,13,3347.499287
61,14,3165.060892
61,15,3054.119631
61,17,3050.173288
61,19,2996.248212
61,23,2985.981660
61,24,2947.321662
62,11,3899.079656
62,12,3420.121782
62,13,3347.499287
62,14,3165.060892
62,15,3054.119631
62,17,3050.173288
62,19,2996.248212
62,23,2985.981660
62,24,2947.321662
63,11,3899.079656
63,12,3420.121782
63,13,3347.499287
63,14,3165.060892
63,15,3020.159908
63,19,2996.248212
63,23,2985.981660
63,24,2947.321662
63,25,2945.592087
64,11,3899.079656
64,12,3420.121782
64,13,3347.499287
64,14,3165.060892
64,15,3020.159908
64,19,2996.248212
64,23,2985.981660
64,24,2947.321662
64,25,2945.592087
65,11,3842.346747
65,12,3420.121782
65,13,3347.499287
65,14,3165.060892
65,15,3020.159908
65,19,2996.248212
65,23,2985.981660
65,24,2921.471408
66,11,3798.538602
66,12,3420.121782
66,13,3347.499287
66,14,3165.060892
66,15,3020.159908
66,19,2996.248212
66,23,2985.981660
66,24,2921.471408
67,11,3798.538602
67,12,3404.975602
67,13,3347.499287
67,14,3165.060892
67,15,3020.159908
67,19,2996.248212
67,23,2985.981660
67,24,2921.471408
68,11,3798.538602
68,12,3404.975602
68,13,3345.044328
68,14,3165.060892
68,15,3020.159908
68,19,2996.248212
68,23,2985.981660
68,24,2921.471408
69,11,3798.538602
69,12,3404.975602
69,13,3345.044328
69,14,3165.060892
69,15,3020.159908
69,19,2996.248212
69,23,2985.981660
69,24,2921.471408
70,11,3798.538602
70,12,3404.975602
70,13,3345.044328
70,14,3165.060892
70,15,3020.159908
70,19,2996.248212
70,23,2982.340134
70,24,2921.471408
71,11,3755.067079
71,12,3303.106596
71,13,3280.310173
71,14,3156.903580
71,15,3014.391288
71,19,2996.248212
71,23,2982.340134
71,24,2921.086212
72,11,3755.067079
72,12,3303.106596
72,13,3280.310173
72,14,3156.903580
72,15,2973.614375
72,23,2955.281251
72,24,2921.086212
73,11,3755.067079
73,12,3303.106596
73,13,3280.310173
73,14,3156.903580
73,15,2973.614375
73,23,2955.281251
73,24,2921.086212
74,11,3755.067079
74,12,3303.106596
74,13,3280.310173
74,14,3156.903580
74,15,2973.614375
74,23,2955.281251
74,24,2921.086212
75,11,3695.603909
75,12,3303.106596
75,13,3280.310173
75,14,3156.903580
75,15,2973.614375
75,23,2955.281251
75,24,2921.086212
76,11,3695.603909
76,12,3303.106596
76,13,3280.310173
76,14,3149.162703
76,15,2973.614375
76,23,2955.281251
76,24,2921.086212
77,11,3577.562662
77,12,3303.106596
77,13,3280.310173
77,14,3127.510725
77,15,2953.974526
77,24,2921.086212
77,26,2904.858092
78,11,3577.562662
78,12,3303.106596
78,13,3280.310173
78,14,3127.510725
78,15,2953.974526
78,24,2921.086212
78,26,2904.858092
79,11,3577.562662
79,12,3303.106596
79,13,3280.310173
79,14,3127.510725
79,15,2953.974526
79,24,2921.086212
79,26,2904.858092
80,11,3577.562662
80,12,3303.106596
80,13,3280.310173
80,14,3127.510725
80,15,2953.974526
80,24,2921.086212
80,26,2904.858092
80,28,2898.731772
81,11,3577.562662
81,12,3287.430792
81,13,3280.310173
81,14,3127.510725
81,15,2953.974526
81,24,2921.086212
81,26,2904.858092
81,28,2898.731772
82,11,3552.168057
82,12,3287.430792
82,13,3171.888855
82,14,3036.377428
82,15,2953.974526
82,24,2921.086212
82,26,2904.858092
82,28,2898.731772
83,11,3552.168057
83,12,3287.430792
83,13,3171.888855
83,14,3036.377428
83,15,2953.974526
83,24,2921.086212
83,26,2904.858092
83,28,2898.731772
84,11,3552.168057
84,12,3287.430792
84,13,3155.387621
84,14,3036.377428
84,15,2953.974526
84,16,2942.200550
84,18,2934.921235
84,24,2921.086212
84,26,2904.858092
84,28,2898.731772
85,11,3552.168057
85,12,3190.897238
85,13,3155.387621
85,14,3036.377428
85,15,2953.974526
85,16,2942.200550
85,18,2934.921235
85,24,2921.086212
85,26,2904.858092
85,28,2898.731772
86,11,3431.291764
86,12,3190.897238
86,13,3155.387621
86,14,3036.377428
86,15,2953.974526
86,16,2942.200550
86,18,2934.921235
86,24,2921.086212
86,26,2904.858092
86,28,2898.731772
87,11,3411.472825
87,12,3190.897238
87,13,3155.387621
87,14,3036.377428
87,15,2916.609711
87,26,2904.858092
87,28,2898.731772
88,11,3374.354779
88,12,3190.897238
88,13,3144.322861
88,14,3036.377428
88,15,2916.609711
88,26,2904.858092
88,28,2898.731772
89,11,3324.474693
89,12,3190.897238
89,13,3065.254278
89,14,3036.377428
89,15,2916.609711
89,26,2904.858092
89,28,2898.731772
90,11,3324.474693
90,12,3190.897238
90,13,3065.254278
90,14,2994.924207
90,15,2916.609711
90,26,2904.858092
90,28,2898.731772
91,11,3324.474693
91,12,3131.257272
91,13,3061.936840
91,14,2994.924207
91,15,2916.609711
91,25,2894.616370
92,11,3324.474693
92,12,3131.257272
92,13,3061.936840
92,14,2994.924207
92,15,2916.609711
92,25,2894.616370
92,28,2884.637305
93,11,3324.474693
93,12,3131.257272
93,13,3061.936840
93,14,2994.924207
93,15,2886.877062
93,28,2884.637305
94,11,3292.318933
94,12,3131.257272
94,13,3061.936840
94,14,2994.924207
94,15,2886.877062
94,28,2884.637305
95,11,3292.318933
95,12,3131.257272
95,13,3061.936840
95,14,2994.924207
95,15,2886.877062
95,28,2884.637305
96,11,3226.479791
96,12,3131.257272
96,13,3061.936840
96,14,2994.924207
96,15,2862.053649
97,11,3226.479791
97,12,3131.257272
97,13,3061.936840
97,14,2994.924207
97,15,2862.053649
98,11,3205.479302
98,12,3105.896136
98,13,3007.326442
98,14,2994.924207
98,15,2862.053649
99,11,3205.479302
99,12,3055.673960
99,13,3007.326442
99,14,2994.924207
99,15,2862.053649
100,11,3205.479302
100,12,3055.673960
100,13,3007.326442
100,14,2994.924207
100,15,2862.053649
101,11,3192.721606
101,12,3055.673960
101,13,3007.326442
101,14,2994.924207
101,15,2862.053649
102,11,3168.037357
102,12,3055.170392
102,13,3007.326442
102,14,2994.924207
102,15,2862.053649
103,11,3168.037357
103,12,3055.170392
103,13,3007.326442
103,14,2994.924207
103,15,2862.053649
104,11,3168.037357
104,12,3055.170392
104,13,3007.326442
104,14,2994.924207
104,15,2862.053649
105,11,3168.037357
105,12,3055.170392
105,13,3007.326442
105,14,2994.924207
105,15,2862.053649
106,11,3168.037357
106,12,3036.960169
106,13,3007.326442
106,14,2994.924207
106,15,2862.053649
107,11,3168.037357
107,12,3036.960169
107,13,3007.326442
107,14,2994.924207
107,15,2862.053649
108,11,3152.462423
108,12,3036.960169
108,13,3007.326442
108,14,2975.154033
108,15,2862.053649
109,10,3733.349785
109,11,3152.462423
109,12,3006.490026
109,14,2975.154033
109,15,2862.053649
110,10,3733.349785
110,11,3152.462423
110,12,2984.273888
110,14,2949.613762
110,15,2862.053649
111,10,3449.988737
111,11,3152.462423
111,12,2984.273888
111,14,2930.509227
111,15,2862.053649
112,10,3449.988737
112,11,3152.462423
112,12,2984.273888
112,13,2896.706144
112,15,2862.053649
113,10,3449.988737
113,11,3123.525575
113,12,2984.273888
113,13,2896.706144
113,15,2862.053649
114,10,3449.988737
114,11,3123.525575
114,12,2984.273888
114,13,2896.706144
114,15,2862.053649
115,10,3449.988737
115,11,3123.525575
115,12,2984.273888
115,13,2896.706144
115,15,2862.053649
116,10,3449.988737
116,11,3123.525575
116,12,2984.273888
116,13,2896.706144
116,15,2862.053649
117,10,3449.988737
117,11,3123.525575
117,12,2955.204754
117,13,2896.706144
117,15,2862.053649
118,10,3449.988737
118,11,3123.525575
118,12,2955.204754
118,13,2890.239159
118,15,2862.053649
119,10,3449.988737
119,11,3123.525575
119,12,2955.204754
119,13,2890.239159
119,15,2862.053649
120,10,3449.988737
120,11,3123.525575
120,12,2955.204754
120,13,2890.239159
120,15,2845.361459
121,10,3449.988737
121,11,3123.525575
121,12,2955.204754
121,13,2890.239159
121,15,2845.361459
122,10,3449.988737
122,11,3123.525575
122,12,2955.204754
122,13,2890.239159
122,15,2845.361459
123,10,3449.988737
123,11,3123.525575
123,12,2955.204754
123,13,2890.239159
123,15,2845.361459
123,17,2828.753845
124,10,3449.988737
124,11,3119.799273
124,12,2955.204754
124,13,2890.239159
124,15,2845.361459
124,17,2828.753845
125,10,3449.988737
125,11,3119.799273
125,12,2948.851079
125,13,2890.239159
125,15,2845.361459
125,16,2830.117439
125,17,2828.753845
126,10,3449.988737
126,11,3119.799273
126,12,2948.851079
126,13,2890.239159
126,14,2874.598788
126,15,2845.361459
126,16,2830.117439
126,17,2828.753845
127,10,3449.988737
127,11,3102.611238
127,12,2948.851079
127,13,2890.239159
127,14,2874.598788
127,15,2845.361459
127,16,2830.117439
127,17,2828.753845
128,10,3449.988737
128,11,3035.251059
128,12,2948.851079
128,13,2890.239159
128,14,2874.598788
128,15,2845.361459
128,16,2830.117439
128,17,2828.753845
129,10,3449.988737
129,11,3035.251059
129,12,2921.003356
129,13,2890.239159
129,14,2874.598788
129,15,2845.361459
129,16,2830.117439
129,17,2828.753845
130,10,3449.988737
130,11,3035.251059
130,12,2921.003356
130,13,2890.239159
130,14,2874.598788
130,15,2845.361459
130,16,2830.117439
130,17,2828.753845
131,10,3449.988737
131,11,3008.065880
131,12,2920.815687
131,13,2890.239159
131,14,2829.364780
131,17,2828.753845
132,10,3351.590356
132,11,3008.065880
132,12,2920.815687
132,13,2890.239159
132,14,2829.364780
132,17,2828.753845
133,10,3351.590356
133,11,3008.065880
133,12,2920.815687
133,13,2890.239159
133,14,2829.364780
133,17,2828.753845
134,10,3351.590356
134,11,3008.065880
134,12,2920.815687
134,13,2890.239159
134,14,2829.364780
134,17,2828.753845
135,10,3351.590356
135,11,3008.065880
135,12,2920.815687
135,13,2890.239159
135,14,2829.364780
135,17,2828.753845
136,10,3351.590356
136,11,3008.065880
136,12,2920.815687
136,13,2890.239159
136,14,2829.364780
136,17,2828.753845
137,10,3351.590356
137,11,3008.065880
137,12,2920.815687
137,13,2890.239159
137,14,2829.364780
137,17,2828.753845
138,10,3351.590356
138,11,3008.065880
138,12,2920.815687
138,13,2890.239159
138,14,2829.364780
138,17,2828.753845
139,10,3351.590356
139,11,3008.065880
139,12,2920.815687
139,13,2890.239159
139,14,2829.364780
139,17,2828.753845
140,10,3351.590356
140,11,3008.065880
140,12,2920.815687
140,13,2882.587503
140,14,2829.364780
140,17,2828.753845
141,10,3351.590356
141,11,3008.065880
141,12,2920.815687
141,13,2882.587503
141,14,2829.364780
141,17,2828.753845
142,10,3242.319996
142,11,3008.065880
142,12,2920.815687
142,13,2882.587503
142,14,2829.364780
142,17,2828.753845
143,10,3242.319996
143,11,3008.065880
143,12,2911.202700
143,13,2882.587503
143,14,2829.364780
143,17,2828.753845
144,9,3693.994976
144,10,3242.319996
144,11,3008.065880
144,12,2911.202700
144,13,2882.587503
144,14,2829.364780
144,17,2828.753845
145,9,3618.878666
145,10,3242.319996
145,11,3008.065880
145,12,2911.202700
145,13,2882.587503
145,14,2829.364780
145,17,2828.753845
146,9,3618.878666
146,10,3242.319996
146,11,3008.065880
146,12,2911.202700
146,13,2882.587503
146,14,2829.364780
146,17,2828.753845
147,9,3618.878666
147,10,3242.319996
147,11,3008.065880
147,12,2911.202700
147,13,2882.587503
147,14,2829.364780
147,17,2828.753845
148,9,3618.878666
148,10,3242.319996
148,11,3008.065880
148,12,2911.202700
148,13,2882.587503
148,14,2829.364780
148,17,2828.753845
149,9,3618.878666
149,10,3242.319996
149,11,3008.065880
149,12,2911.202700
149,13,2882.587503
149,14,2829.364780
149,17,2828.753845
150,9,3618.878666
150,10,3180.635265
150,11,3008.065880
150,12,2911.202700
150,13,2882.587503
150,14,2829.364780
150,17,2828.753845
151,9,3618.878666
151,10,3180.635265
151,11,3008.065880
151,12,2911.202700
151,13,2882.587503
151,14,2829.364780
151,17,2828.753845
152,9,3618.878666
152,10,3180.635265
152,11,3008.065880
152,12,2911.202700
152,13,2882.587503
152,14,2829.364780
152,17,2828.753845
153,9,3618.878666
153,10,3180.635265
153,11,3008.065880
153,12,2911.202700
153,13,2882.587503
153,14,2829.364780
153,17,2828.753845
154,9,3618.878666
154,10,3180.635265
154,11,3008.065880
154,12,2911.202700
154,13,2882.587503
154,14,2829.364780
154,17,2828.753845
155,9,3606.907437
155,10,3180.635265
155,11,3008.065880
155,12,2911.202700
155,13,2882.587503
155,14,2829.364780
155,17,2828.753845
156,9,3606.907437
156,10,3180.635265
156,11,3008.065880
156,12,2911.202700
156,13,2882.587503
156,14,2829.364780
156,17,2828.753845
157,9,3606.907437
157,10,3180.635265
157,11,3008.065880
157,12,2911.202700
157,13,2882.587503
157,14,2829.364780
157,17,2828.753845
158,9,3606.907437
158,10,3180.635265
158,11,3008.065880
158,12,2911.202700
158,13,2872.133696
158,14,2829.364780
158,17,2828.753845
159,9,3606.907437
159,10,3175.215115
159,11,3008.065880
159,12,2911.202700
159,13,2872.133696
159,14,2829.364780
159,17,2828.753845
160,9,3606.907437
160,10,3175.215115
160,11,3008.065880
160,12,2911.202700
160,13,2872.133696
160,14,2829.364780
160,17,2828.753845
161,9,3603.691750
161,10,3175.215115
161,11,3008.065880
161,12,2911.202700
161,13,2872.133696
161,14,2829.364780
161,17,2828.753845
162,9,3603.691750
162,10,3175.215115
162,11,3008.065880
162,12,2911.202700
162,13,2872.133696
162,14,2829.364780
162,17,2828.753845
163,9,3603.691750
163,10,3175.215115
163,11,3008.065880
163,12,2895.715762
163,13,2872.133696
163,14,2829.364780
163,17,2828.753845
164,9,3603.691750
164,10,3175.215115
164,11,3008.065880
164,12,2895.715762
164,13,2872.133696
164,14,2829.364780
164,17,2828.753845
165,9,3603.691750
165,10,3109.708914
165,11,2989.010447
165,12,2895.715762
165,13,2872.133696
165,14,2829.364780
165,17,2828.753845
166,9,3561.741706
166,10,3106.257504
166,11,2989.010447
166,12,2895.715762
166,13,2872.133696
166,14,2829.364780
166,17,2828.753845
167,9,3561.741706
167,10,3106.257504
167,11,2988.189341
167,12,2895.715762
167,13,2872.133696
167,14,2829.364780
167,17,2828.753845
168,9,3561.741706
168,10,3106.257504
168,11,2988.189341
168,12,2895.715762
168,13,2872.133696
168,14,2829.364780
168,17,2828.753845
168,18,2813.401265
169,9,3561.741706
169,10,3106.257504
169,11,2952.904528
169,12,2895.715762
169,13,2855.238102
169,14,2829.364780
169,17,2828.753845
169,18,2813.401265
170,9,3561.741706
170,10,3106.257504
170,11,2952.904528
170,12,2895.715762
170,13,2855.238102
170,14,2829.364780
170,17,2828.753845
170,18,2813.401265
171,9,3561.741706
171,10,3106.257504
171,11,2944.470559
171,12,2877.861258
171,13,2855.238102
171,14,2829.364780
171,17,2828.753845
171,18,2813.401265
172,9,3561.741706
172,10,3106.257504
172,11,2944.470559
172,12,2877.861258
172,13,2855.238102
172,14,2829.364780
172,17,2828.753845
172,18,2813.401265
173,9,3546.101404
173,10,3106.257504
173,11,2944.470559
173,12,2877.861258
173,13,2855.238102
173,14,2829.364780
173,17,2828.753845
173,18,2813.401265
174,9,3469.939701
174,10,3031.833506
174,11,2944.470559
174,12,2877.861258
174,13,2855.238102
174,14,2829.364780
174,17,2828.753845
174,18,2813.401265
175,9,3469.939701
175,10,3031.833506
175,11,2944.470559
175,12,2877.861258
175,13,2855.238102
175,14,2829.364780
175,17,2828.753845
175,18,2813.401265
176,9,3469.939701
176,10,2968.376935
176,11,2944.470559
176,12,2877.861258
176,13,2855.238102
176,14,2829.364780
176,17,2828.753845
176,18,2813.401265
177,9,3469.939701
177,10,2968.376935
177,11,2944.470559
177,12,2877.861258
177,13,2855.238102
177,14,2829.364780
177,17,2828.753845
177,18,2813.401265
178,9,3446.528971
178,10,2968.376935
178,11,2944.470559
178,12,2877.861258
178,13,2855.238102
178,14,2829.364780
178,17,2828.753845
178,18,2813.401265
179,9,3429.041729
179,10,2968.376935
179,11,2903.024541
179,12,2877.861258
179,13,2855.238102
179,14,2829.364780
179,17,2828.753845
179,18,2813.401265
180,9,3383.727869
180,10,2968.376935
180,11,2903.024541
180,12,2877.861258
180,13,2855.238102
180,14,2829.364780
180,17,2828.753845
180,18,2813.401265
181,9,3383.727869
181,10,2968.376935
181,11,2903.024541
181,12,2877.861258
181,13,2855.238102
181,14,2829.364780
181,17,2828.753845
181,18,2813.401265
182,8,4475.951392
182,9,3383.727869
182,10,2941.012552
182,11,2903.024541
182,12,2877.861258
182,13,2855.238102
182,14,2829.364780
182,17,2828.753845
182,18,2813.401265
183,8,4475.951392
183,9,3383.727869
183,10,2941.012552
183,11,2903.024541
183,12,2860.716600
183,13,2855.238102
183,14,2829.364780
183,17,2828.753845
183,18,2813.401265
184,8,4475.951392
184,9,3383.727869
184,10,2941.012552
184,11,2903.024541
184,12,2860.716600
184,13,2855.238102
184,14,2829.364780
184,17,2828.753845
184,18,2813.401265
185,8,4475.951392
185,9,3383.727869
185,10,2941.012552
185,11,2903.024541
185,12,2860.716600
185,13,2855.238102
185,14,2829.364780
185,17,2828.753845
185,18,2813.401265
186,8,4475.951392
186,9,3383.727869
186,10,2941.012552
186,11,2903.024541
186,12,2860.716600
186,13,2855.238102
186,14,2829.364780
186,17,2828.753845
186,18,2813.401265
187,8,4475.951392
187,9,3244.429895
187,10,2941.012552
187,11,2903.024541
187,12,2860.716600
187,13,2855.238102
187,14,2829.364780
187,17,2828.753845
187,18,2813.401265
188,8,4475.951392
188,9,3244.429895
188,10,2941.012552
188,11,2903.024541
188,12,2860.716600
188,13,2855.238102
188,14,2829.364780
188,17,2828.753845
188,18,2813.401265
189,8,4475.951392
189,9,3244.429895
189,10,2941.012552
189,11,2903.024541
189,12,2846.113668
189,14,2829.364780
189,17,2828.753845
189,18,2813.401265
190,8,4475.951392
190,9,3244.429895
190,10,2941.012552
190,11,2903.024541
190,12,2846.113668
190,14,2829.364780
190,17,2828.753845
190,18,2813.401265
191,8,4475.951392
191,9,3244.429895
191,10,2941.012552
191,11,2903.024541
191,12,2846.113668
191,14,2829.364780
191,17,2828.753845
191,18,2813.394093
192,8,4475.951392
192,9,3244.429895
192,10,2941.012552
192,11,2903.024541
192,12,2846.113668
192,14,2829.364780
192,17,2828.753845
192,18,2813.394093
193,8,4163.555041
193,9,3244.429895
193,10,2941.012552
193,11,2903.024541
193,12,2846.113668
193,13,2807.826072
194,8,4157.374080
194,9,3244.429895
194,10,2941.012552
194,11,2903.024541
194,12,2846.113668
194,13,2807.826072
195,8,4157.374080
195,9,3244.429895
195,10,2941.012552
195,11,2903.024541
195,12,2846.113668
195,13,2807.826072
196,8,3911.597914
196,9,3244.429895
196,10,2941.012552
196,11,2903.024541
196,12,2846.113668
196,13,2807.826072
197,8,3911.597914
197,9,3244.429895
197,10,2941.012552
197,11,2903.024541
197,12,2846.113668
197,13,2807.826072
198,8,3911.597914
198,9,3244.429895
198,10,2941.012552
198,11,2903.024541
198,12,2846.113668
198,13,2807.826072
199,8,3911.597914
199,9,3244.429895
199,10,2941.012552
199,11,2903.024541
199,12,2846.113668
199,13,2807.826072
200,8,3911.597914
200,9,3244.429895
200,10,2941.012552
200,11,2903.024541
200,12,2846.113668
200,13,2807.826072
201,8,3816.402011
201,9,3244.429895
201,10,2941.012552
201,11,2903.024541
201,12,2846.113668
201,13,2807.826072
202,8,3816.402011
202,9,3244.429895
202,10,2941.012552
202,11,2903.024541
202,12,2846.113668
202,13,2807.826072
203,8,3816.402011
203,9,3244.429895
203,10,2941.012552
203,11,2903.024541
203,12,2846.113668
203,13,2807.826072
204,8,3814.861151
204,9,3244.429895
204,10,2941.012552
204,11,2903.024541
204,12,2846.113668
204,13,2807.826072
205,8,3814.861151
205,9,3244.429895
205,10,2941.012552
205,11,2903.024541
205,12,2846.113668
205,13,2807.826072
206,8,3814.861151
206,9,3244.429895
206,10,2941.012552
206,11,2903.024541
206,12,2846.113668
206,13,2807.826072
207,8,3814.861151
207,9,3244.429895
207,10,2941.012552
207,11,2903.024541
207,12,2846.113668
207,13,2807.826072
208,8,3814.861151
208,9,3244.429895
208,10,2941.012552
208,11,2903.024541
208,12,2846.113668
208,13,2807.826072
209,8,3814.861151
209,9,3230.124378
209,10,2941.012552
209,11,2903.024541
209,12,2846.113668
209,13,2807.826072
210,8,3706.749142
210,9,3230.124378
210,10,2941.012552
210,11,2903.024541
210,12,2846.113668
210,13,2807.826072
211,8,3706.749142
211,9,3230.124378
211,10,2941.012552
211,11,2903.024541
211,12,2846.113668
211,13,2807.826072
212,8,3706.749142
212,9,3230.124378
212,10,2941.012552
212,11,2903.024541
212,12,2846.113668
212,13,2807.826072
213,8,3706.749142
213,9,3230.124378
213,10,2941.012552
213,11,2903.024541
213,12,2846.113668
213,13,2807.826072
214,8,3706.749142
214,9,3230.124378
214,10,2941.012552
214,11,2903.024541
214,12,2846.113668
214,13,2807.826072
215,8,3706.749142
215,9,3230.124378
215,10,2941.012552
215,11,2903.024541
215,12,2846.113668
215,13,2807.826072
216,8,3680.383196
216,9,3230.124378
216,10,2941.012552
216,11,2903.024541
216,12,2846.113668
216,13,2807.826072
217,8,3548.490933
217,9,3230.124378
217,10,2941.012552
217,11,2903.024541
217,12,2846.113668
217,13,2807.826072
218,8,3548.490933
218,9,3230.124378
218,10,2941.012552
218,11,2903.024541
218,12,2846.113668
218,13,2807.826072
219,8,3548.490933
219,9,3230.124378
219,10,2941.012552
219,11,2903.024541
219,12,2826.147633
219,13,2807.826072
220,8,3548.490933
220,9,3230.124378
220,10,2941.012552
220,11,2903.024541
220,12,2826.147633
220,13,2807.826072
221,8,3548.490933
221,9,3230.124378
221,10,2941.012552
221,11,2877.236822
221,12,2826.147633
221,13,2807.826072
222,8,3548.490933
222,9,3230.124378
222,10,2941.012552
222,11,2877.236822
222,12,2826.147633
222,13,2807.826072
223,8,3548.490933
223,9,3230.124378
223,10,2941.012552
223,11,2877.236822
223,12,2826.147633
223,13,2807.826072
224,8,3548.490933
224,9,3230.124378
224,10,2941.012552
224,11,2877.236822
224,12,2826.147633
224,13,2807.826072
225,8,3548.490933
225,9,3230.124378
225,10,2941.012552
225,11,2877.236822
225,12,2826.147633
225,13,2807.826072
226,8,3489.522799
226,9,3230.124378
226,10,2941.012552
226,11,2877.236822
226,12,2826.147633
226,13,2807.826072
227,8,3489.522799
227,9,3230.124378
227,10,2941.012552
227,11,2877.236822
227,12,2826.147633
227,13,2807.826072
228,8,3489.522799
228,9,3230.124378
228,10,2941.012552
228,11,2877.236822
228,12,2826.147633
228,13,2807.826072
229,8,3434.994679
229,9,3230.124378
229,10,2941.012552
229,11,2877.236822
229,12,2826.147633
229,13,2807.826072
230,8,3434.994679
230,9,3230.124378
230,10,2941.012552
230,11,2877.236822
230,12,2826.147633
230,13,2807.826072
231,8,3434.994679
231,9,3230.124378
231,10,2941.012552
231,11,2877.236822
231,12,2826.147633
231,13,2807.826072
232,8,3434.994679
232,9,3230.124378
232,10,2941.012552
232,11,2877.236822
232,12,2826.147633
232,13,2807.826072
233,8,3434.994679
233,9,3230.124378
233,10,2941.012552
233,11,2877.236822
233,12,2826.147633
233,13,2807.826072
234,8,3434.994679
234,9,3230.124378
234,10,2941.012552
234,11,2877.236822
234,12,2826.147633
234,13,2807.826072
235,8,3434.994679
235,9,3196.763235
235,10,2941.012552
235,11,2877.236822
235,12,2826.147633
235,13,2807.826072
236,8,3428.455096
236,9,3196.763235
236,10,2941.012552
236,11,2877.236822
236,12,2826.147633
236,13,2807.826072
237,8,3428.455096
237,9,3196.763235
237,10,2941.012552
237,11,2877.236822
237,12,2826.147633
237,13,2807.826072
238,8,3423.768221
238,9,3179.970724
238,10,2941.012552
238,11,2877.236822
238,12,2826.147633
238,13,2807.826072
239,8,3423.768221
239,9,3179.970724
239,10,2941.012552
239,11,2877.236822
239,12,2826.147633
239,13,2807.826072
240,8,3423.768221
240,9,3179.970724
240,10,2941.012552
240,11,2877.236822
240,12,2826.147633
240,13,2807.826072
241,8,3423.768221
241,9,3179.970724
241,10,2941.012552
241,11,2877.236822
241,12,2826.147633
241,13,2807.826072
242,8,3423.768221
242,9,3179.970724
242,10,2941.012552
242,11,2877.236822
242,12,2826.147633
242,13,2807.826072
243,8,3415.982093
243,9,3179.970724
243,10,2941.012552
243,11,2877.236822
243,12,2826.147633
243,13,2807.826072
244,8,3397.608794
244,9,3133.699054
244,10,2941.012552
244,11,2877.236822
244,12,2826.147633
244,13,2807.826072
245,8,3397.608794
245,9,3120.874776
245,10,2941.012552
245,11,2877.236822
245,12,2826.147633
245,13,2807.826072
246,8,3397.608794
246,9,3120.874776
246,10,2941.012552
246,11,2877.236822
246,12,2826.147633
246,13,2807.826072
247,8,3397.608794
247,9,3120.874776
247,10,2941.012552
247,11,2877.236822
247,12,2826.147633
247,13,2807.826072
248,8,3397.608794
248,9,3120.874776
248,10,2941.012552
248,11,2877.236822
248,12,2826.147633
248,13,2807.826072
249,8,3397.608794
249,9,3120.874776
249,10,2941.012552
249,11,2877.236822
249,12,2826.147633
249,13,2807.826072
250,8,3395.423323
250,9,3120.874776
250,10,2941.012552
250,11,2877.236822
250,12,2826.147633
250,13,2807.826072
251,8,3378.850800
251,9,3097.654296
251,10,2941.012552
251,11,2877.236822
251,12,2826.147633
251,13,2807.826072
252,8,3355.910400
252,9,3097.654296
252,10,2941.012552
252,11,2877.236822
252,12,2826.147633
252,13,2807.826072
253,8,3355.910400
253,9,3083.906515
253,10,2941.012552
253,11,2877.236822
253,12,2826.147633
253,13,2807.826072
254,8,3355.910400
254,9,3083.906515
254,10,2941.012552
254,11,2877.236822
254,12,2826.147633
254,13,2807.826072
255,8,3355.910400
255,9,3083.906515
255,10,2941.012552
255,11,2877.236822
255,12,2826.147633
255,13,2807.826072
256,8,3355.500391
256,9,3083.906515
256,10,2941.012552
256,11,2877.236822
256,12,2826.147633
256,13,2807.826072
257,8,3355.500391
257,9,3076.002548
257,10,2941.012552
257,11,2877.236822
257,12,2826.147633
257,13,2807.826072
258,8,3355.500391
258,9,3076.002548
258,10,2941.012552
258,11,2877.236822
258,12,2826.147633
258,13,2807.826072
259,8,3355.500391
259,9,3076.002548
259,10,2941.012552
259,11,2877.236822
259,12,2826.147633
259,13,2807.826072
260,8,3355.500391
260,9,3076.002548
260,10,2923.178725
260,11,2877.236822
260,12,2826.147633
260,13,2807.826072
261,8,3355.500391
261,9,3076.002548
261,10,2923.178725
261,11,2877.236822
261,12,2826.147633
261,13,2807.826072
262,8,3355.500391
262,9,3075.385208
262,10,2923.178725
262,11,2877.236822
262,12,2826.147633
262,13,2807.826072
263,8,3355.500391
263,9,3075.385208
263,10,2923.178725
263,11,2877.236822
263,12,2826.147633
263,13,2807.826072
264,8,3325.794267
264,9,3075.385208
264,10,2923.178725
264,11,2877.236822
264,12,2826.147633
264,13,2807.826072
265,8,3325.794267
265,9,3075.385208
265,10,2923.178725
265,11,2877.236822
265,12,2826.147633
265,13,2807.826072
266,8,3325.794267
266,9,3075.385208
266,10,2923.178725
266,11,2877.236822
266,12,2826.147633
266,13,2807.826072
267,8,3325.794267
267,9,3075.385208
267,10,2923.178725
267,11,2877.236822
267,12,2826.147633
267,13,2807.826072
268,8,3325.794267
268,9,3075.385208
268,10,2923.178725
268,11,2877.236822
268,12,2826.147633
268,13,2807.826072
269,8,3325.794267
269,9,3075.385208
269,10,2923.178725
269,11,2877.236822
269,12,2826.147633
269,13,2807.826072
270,8,3325.794267
270,9,3075.385208
270,10,2921.134579
270,11,2877.236822
270,12,2826.147633
270,13,2807.826072
271,8,3325.794267
271,9,3075.385208
271,10,2921.134579
271,11,2877.236822
271,12,2826.147633
271,13,2807.826072
272,8,3325.794267
272,9,3075.385208
272,10,2921.134579
272,11,2877.236822
272,12,2826.147633
272,13,2807.826072
273,8,3325.794267
273,9,3075.385208
273,10,2921.134579
273,11,2877.236822
273,12,2826.147633
273,13,2807.826072
274,8,3325.794267
274,9,3075.385208
274,10,2921.134579
274,11,2877.236822
274,12,2826.147633
274,13,2807.826072
275,8,3325.794267
275,9,3075.385208
275,10,2921.134579
275,11,2877.236822
275,12,2826.147633
275,13,2807.826072
276,8,3325.794267
276,9,3075.385208
276,10,2921.134579
276,11,2877.236822
276,12,2826.147633
276,13,2807.826072
277,8,3300.463572
277,9,3075.385208
277,10,2921.134579
277,11,2877.236822
277,12,2826.147633
277,13,2807.826072
278,8,3300.463572
278,9,3075.385208
278,10,2921.134579
278,11,2877.236822
278,12,2826.147633
278,13,2807.826072
279,8,3300.463572
279,9,3075.385208
279,10,2921.134579
279,11,2876.664154
279,12,2826.147633
279,13,2807.826072
280,8,3300.463572
280,9,3075.385208
280,10,2921.134579
280,11,2876.664154
280,12,2826.147633
280,13,2807.826072
281,8,3300.463572
281,9,3075.385208
281,10,2921.134579
281,11,2876.664154
281,12,2826.147633
281,13,2807.826072
282,8,3290.378001
282,9,3075.385208
282,10,2921.134579
282,11,2876.664154
282,12,2826.147633
282,13,2807.826072
283,8,3290.378001
283,9,3075.385208
283,10,2921.134579
283,11,2876.664154
283,12,2826.147633
283,13,2807.826072
284,8,3290.378001
284,9,3060.078217
284,10,2921.134579
284,11,2876.664154
284,12,2826.147633
284,13,2807.826072
285,8,3290.378001
285,9,3060.078217
285,10,2921.134579
285,11,2876.664154
285,12,2826.147633
285,13,2807.826072
286,8,3290.378001
286,9,3060.078217
286,10,2921.134579
286,11,2876.664154
286,12,2826.147633
286,13,2807.826072
287,8,3269.645383
287,9,3044.307958
287,10,2921.134579
287,11,2876.664154
287,12,2826.147633
287,13,2807.826072
288,8,3269.645383
288,9,3044.307958
288,10,2915.087061
288,11,2876.664154
288,12,2826.147633
288,13,2807.826072
289,8,3269.645383
289,9,3044.307958
289,10,2915.087061
289,11,2876.664154
289,12,2826.147633
289,13,2807.826072
290,8,3269.645383
290,9,3044.307958
290,10,2915.087061
290,11,2876.664154
290,12,2826.147633
290,13,2807.826072
291,8,3269.645383
291,9,3044.307958
291,10,2905.913910
291,11,2876.664154
291,12,2826.147633
291,13,2807.826072
292,8,3269.645383
292,9,3044.307958
292,10,2905.913910
292,11,2876.664154
292,12,2826.147633
292,13,2807.826072
293,8,3269.645383
293,9,3044.307958
293,10,2905.913910
293,11,2876.664154
293,12,2826.147633
293,13,2807.826072
294,8,3269.645383
294,9,3044.307958
294,10,2905.913910
294,11,2876.664154
294,12,2826.147633
294,13,2807.826072
295,8,3269.645383
295,9,3044.307958
295,10,2905.913910
295,11,2876.664154
295,12,2826.147633
295,13,2807.826072
296,8,3269.645383
296,9,3044.307958
296,10,2905.913910
296,11,2876.664154
296,12,2826.147633
296,13,2807.826072
297,8,3269.645383
297,9,3044.307958
297,10,2905.913910
297,11,2876.664154
297,12,2826.147633
297,13,2807.826072
298,8,3269.645383
298,9,3044.307958
298,10,2905.913910
298,11,2876.664154
298,12,2826.147633
298,13,2807.826072
299,8,3267.545705
299,9,3044.307958
299,10,2905.913910
299,11,2876.664154
299,12,2826.147633
299,13,2807.826072
300,8,3267.545705
300,9,3044.307958
300,10,2905.913910
300,11,2875.475062
300,12,2826.147633
300,13,2807.826072
301,8,3267.545705
301,9,3044.307958
301,10,2905.913910
301,11,2875.475062
301,12,2826.147633
301,13,2807.826072
302,8,3267.280126
302,9,3044.307958
302,10,2905.913910
302,11,2875.475062
302,12,2826.147633
302,13,2807.826072
303,8,3267.280126
303,9,3044.307958
303,10,2895.564042
303,11,2873.178517
303,12,2826.147633
303,13,2807.826072
304,8,3267.280126
304,9,2969.060429
304,10,2870.143383
304,12,2826.147633
304,13,2807.826072
305,8,3267.280126
305,9,2969.060429
305,10,2870.143383
305,11,2865.912163
305,12,2826.147633
305,13,2807.826072
306,8,3267.280126
306,9,2969.060429
306,10,2870.143383
306,11,2865.912163
306,12,2826.147633
306,13,2807.826072
307,8,3267.280126
307,9,2969.060429
307,10,2870.143383
307,11,2855.577726
307,12,2826.147633
307,13,2807.826072
308,8,3267.280126
308,9,2969.060429
308,10,2870.143383
308,11,2855.577726
308,12,2826.147633
308,13,2807.826072
309,8,3267.280126
309,9,2969.060429
309,10,2862.194458
309,11,2854.389887
309,12,2826.147633
309,13,2807.826072
310,8,3203.910366
310,9,2969.060429
310,10,2862.194458
310,11,2854.389887
310,12,2826.147633
310,13,2807.826072
311,8,3203.910366
311,9,2969.060429
311,10,2862.194458
311,11,2854.389887
311,12,2826.147633
311,13,2807.826072
312,8,3203.910366
312,9,2969.060429
312,10,2862.194458
312,11,2849.085630
312,12,2826.147633
312,13,2807.826072
313,8,3203.910366
313,9,2969.060429
313,10,2862.194458
313,11,2832.210261
313,12,2826.147633
313,13,2807.826072
314,8,3203.910366
314,9,2969.060429
314,10,2862.194458
314,11,2810.251276
314,13,2807.826072
315,8,3203.910366
315,9,2969.060429
315,10,2862.194458
315,11,2810.251276
315,13,2807.826072
316,8,3203.910366
316,9,2969.060429
316,10,2862.194458
316,11,2810.251276
316,13,2807.826072
316,14,2794.555002
317,8,3203.910366
317,9,2969.060429
317,10,2862.194458
317,11,2810.251276
317,13,2807.826072
317,14,2794.555002
318,8,3203.910366
318,9,2969.060429
318,10,2862.194458
318,11,2810.251276
318,13,2807.826072
318,14,2794.555002
319,8,3203.910366
319,9,2944.972294
319,10,2862.194458
319,11,2810.251276
319,12,2806.905788
319,14,2794.555002
320,8,3203.910366
320,9,2944.972294
320,10,2862.194458
320,11,2810.251276
320,12,2806.905788
320,14,2794.555002
321,8,3203.910366
321,9,2944.972294
321,10,2862.194458
321,11,2810.251276
321,12,2806.905788
321,14,2794.555002
322,8,3203.910366
322,9,2944.972294
322,10,2862.194458
322,11,2810.251276
322,12,2806.905788
322,14,2794.555002
323,8,3203.910366
323,9,2944.972294
323,10,2862.194458
323,11,2810.251276
323,12,2806.905788
323,14,2794.555002
324,8,3203.910366
324,9,2944.972294
324,10,2862.194458
324,11,2810.251276
324,12,2802.404194
324,14,2794.555002
325,8,3203.910366
325,9,2944.972294
325,10,2862.194458
325,11,2810.251276
325,12,2802.404194
325,14,2794.555002
326,8,3203.910366
326,9,2944.972294
326,10,2862.194458
326,11,2810.251276
326,12,2802.404194
326,14,2794.555002
327,8,3203.910366
327,9,2944.972294
327,10,2862.194458
327,11,2810.251276
327,12,2802.404194
327,14,2794.555002
328,8,3203.910366
328,9,2944.972294
328,10,2861.185136
328,11,2810.251276
328,12,2802.404194
328,14,2794.555002
329,8,3203.910366
329,9,2944.972294
329,10,2861.185136
329,11,2810.251276
329,12,2802.404194
329,14,2794.555002
330,8,3203.910366
330,9,2944.972294
330,10,2861.185136
330,11,2810.251276
330,12,2802.404194
330,14,2794.555002
331,8,3203.910366
331,9,2944.972294
331,10,2861.185136
331,11,2808.787229
331,12,2802.404194
331,14,2794.555002
