Generation,NV,TOC
1,24,9154.424250
1,25,9103.031480
1,26,8408.277702
1,28,7966.648489
1,31,7499.228493
1,32,7189.299172
1,33,7091.981148
1,36,7085.666830
1,41,7002.630568
1,43,6816.448851
1,45,6667.090688
1,46,6372.600757
2,23,8884.506746
2,26,8386.225896
2,28,7722.718144
2,29,7176.978070
2,30,7026.678052
2,34,6985.932351
2,36,6930.947411
2,39,6879.085417
2,40,6817.851776
2,41,6693.987917
2,45,6667.090688
2,46,6372.600757
2,47,6173.006594
2,56,6116.394575
3,22,8837.736997
3,24,7559.262399
3,28,7430.748905
3,29,7176.978070
3,30,6883.474675
3,34,6748.015353
3,40,6738.315351
3,41,6693.987917
3,42,6673.339143
3,43,6364.101478
3,47,6173.006594
3,56,6116.394575
4,22,8837.736997
4,23,8728.793011
4,24,7559.262399
4,27,7515.106356
4,28,7430.748905
4,29,6954.130682
4,30,6510.480230
4,38,6411.109239
4,43,6364.101478
4,45,6287.187165
4,47,6144.730644
4,54,6060.610992
5,21,9243.745538
5,22,8783.797687
5,23,8432.626412
5,24,7509.612815
5,28,6926.459131
5,30,6510.480230
5,32,6478.220167
5,35,6455.913940
5,37,6315.759242
5,45,6287.187165
5,47,6144.730644
5,50,6115.361250
5,54,6060.610992
5,55,6053.671351
6,21,9243.745538
6,22,8493.195762
6,23,7979.067945
6,24,7509.612815
6,27,7450.584832
6,28,6689.384616
6,30,6510.480230
6,32,6478.220167
6,33,6410.177316
6,36,6399.028682
6,37,6315.759242
6,38,6196.173977
6,47,6144.730644
6,50,6115.361250
6,52,6084.735999
6,54,6060.610992
6,55,6053.671351
6,60,6027.688335
7,21,9243.745538
7,22,8493.195762
7,23,7979.067945
7,24,7509.612815
7,25,7504.126161
7,26,7351.697453
7,28,6689.384616
7,30,6510.480230
7,32,6478.220167
7,33,6409.088040
7,35,6151.331955
7,47,6144.730644
7,50,6115.361250
7,52,6084.735999
7,54,6060.610992
7,55,5996.397413
8,21,9243.745538
8,22,8365.287632
8,23,7979.067945
8,24,7509.612815
8,25,7504.126161
8,26,7312.102180
8,28,6689.384616
8,30,6510.480230
8,31,6424.110990
8,33,6409.088040
8,35,6151.331955
8,44,6095.071957
8,48,6048.599921
8,50,5947.105363
9,21,9243.745538
9,22,7901.162015
9,24,7463.573717
9,26,7312.102180
9,27,7208.096483
9,28,6689.384616
9,30,6510.480230
9,31,6424.110990
9,33,6409.088040
9,34,6349.389422
9,35,6151.331955
9,40,6050.032748
9,46,6044.789652
9,47,5842.487878
10,21,9243.745538
10,22,7901.162015
10,23,7879.010812
10,24,7241.048738
10,26,7123.788757
10,27,6599.505409
10,29,6445.279626
10,31,6356.224102
10,32,6143.535029
10,40,6050.032748
10,41,6024.768567
10,43,5986.407708
10,47,5842.487878
11,20,8012.921421
11,22,7879.049556
11,23,7872.436212
11,24,7241.048738
11,25,7149.074425
11,26,7114.005700
11,27,6552.090529
11,29,6405.769382
11,31,6293.069151
11,32,6057.906118
11,40,5992.600168
11,43,5868.203700
11,45,5816.960644
12,20,8012.921421
12,22,7879.049556
12,23,7079.290506
12,24,6826.811619
12,25,6708.353248
12,27,6354.399100
12,30,6337.986683
12,31,6293.069151
12,32,6057.906118
12,40,5992.600168
12,43,5868.203700
12,45,5816.960644
13,20,8012.921421
13,21,7697.239180
13,22,7026.025885
13,24,6826.811619
13,25,6708.353248
13,26,6630.337552
13,27,6354.399100
13,29,6206.377915
13,32,6057.906118
13,39,5982.858722
13,42,5939.220648
13,43,5867.292298
13,45,5816.960644
13,47,5810.362864
14,20,7335.090701
14,21,7219.948687
14,22,7026.025885
14,24,6826.811619
14,25,6708.353248
14,26,6630.337552
14,27,6354.399100
14,29,6178.070392
14,30,6166.272890
14,31,6113.092688
14,32,6057.906118
14,39,5982.858722
14,42,5939.220648
14,43,5867.292298
14,45,5816.960644
14,46,5782.580699
15,19,7914.390868
15,20,7335.090701
15,21,7108.889903
15,22,6941.750186
15,23,6780.013704
15,25,6708.353248
15,26,6610.144865
15,27,6354.399100
15,28,6068.793650
15,32,6057.906118
15,39,5936.028228
15,42,5886.757049
15,43,5867.292298
15,45,5775.442547
16,19,7914.390868
16,20,7069.632772
16,22,6677.995655
16,25,6467.677367
16,26,6353.732003
16,28,6068.793650
16,29,5738.497647
16,45,5709.461329
16,48,5662.555241
17,19,7914.390868
17,20,6830.193102
17,22,6677.995655
17,25,6226.931723
17,28,6068.793650
17,29,5738.497647
17,45,5658.050245
18,19,7494.792404
18,20,6830.193102
18,22,6677.995655
18,23,6591.003856
18,24,6272.020586
18,25,6226.931723
18,27,6159.677583
18,28,6068.793650
18,29,5738.497647
18,45,5658.050245
19,18,7702.512526
19,19,7494.792404
19,20,6830.193102
19,21,6717.239366
19,22,6677.995655
19,23,6591.003856
19,24,6272.020586
19,25,6226.931723
19,27,6159.677583
19,28,6068.793650
19,29,5738.497647
19,44,5703.706591
19,45,5658.050245
20,18,7702.512526
20,19,7369.055379
20,20,6830.193102
20,21,6717.239366
20,22,6454.921726
20,24,6272.020586
20,25,6226.931723
20,27,6159.677583
20,28,6068.793650
20,29,5738.497647
20,34,5588.686856
21,18,7592.868735
21,19,7284.500146
21,20,6830.193102
21,21,6584.896089
21,22,6404.446490
21,24,6060.920407
21,27,6042.483991
21,28,5657.009424
21,34,5588.686856
22,18,7592.868735
22,19,7215.529905
22,20,6828.814208
22,21,6559.226663
22,22,6404.446490
22,23,6400.950033
22,24,6060.920407
22,27,6042.483991
22,28,5657.009424
22,34,5588.686856
23,17,7834.293436
23,18,7473.456419
23,19,7215.529905
23,20,6733.622575
23,21,6559.226663
23,22,6404.446490
23,23,6400.950033
23,24,6060.920407
23,27,6042.483991
23,28,5657.009424
23,34,5588.686856
24,17,7834.293436
24,18,7473.456419
24,19,7137.181532
24,20,6733.622575
24,21,6559.226663
24,22,6404.446490
24,23,6376.306964
24,24,6060.920407
24,27,5982.383711
24,28,5657.009424
24,34,5588.686856
24,38,5576.103670
24,44,5522.088683
25,17,7834.293436
25,18,7473.456419
25,19,7137.181532
25,20,6733.622575
25,21,6559.226663
25,22,6404.446490
25,23,6326.530176
25,24,6060.920407
25,27,5982.383711
25,28,5657.009424
25,34,5588.686856
25,35,5586.537067
25,36,5583.570444
25,38,5576.103670
25,44,5522.088683
26,17,7834.293436
26,18,7473.456419
26,19,6931.503462
26,20,6733.622575
26,21,6374.201081
26,22,6066.901458
26,24,6045.232379
26,26,5962.603960
26,28,5643.276949
26,32,5558.207923
26,35,5495.874959
26,42,5475.568607
27,17,7428.462583
27,19,6931.503462
27,20,6733.622575
27,21,6374.201081
27,22,6066.901458
27,24,5974.434362
27,26,5962.603960
27,28,5643.276949
27,29,5620.952010
27,32,5558.207923
27,35,5495.874959
27,42,5475.568607
28,17,7428.462583
28,19,6698.798430
28,21,6374.201081
28,22,6066.901458
28,23,5892.952855
28,27,5778.715225
28,28,5643.276949
28,29,5476.415729
28,42,5406.720013
29,17,7428.462583
29,18,7258.319600
29,19,6679.633287
29,21,6374.201081
29,22,6066.901458
29,23,5892.952855
29,26,5877.918506
29,27,5778.715225
29,28,5643.276949
29,29,5476.415729
29,34,5464.703162
29,42,5406.720013
30,17,7428.462583
30,18,7258.319600
30,19,6679.633287
30,21,6374.201081
30,22,6066.901458
30,23,5892.952855
30,25,5715.227744
30,28,5643.276949
30,29,5476.415729
30,34,5464.703162
30,42,5406.720013
31,17,7428.462583
31,18,7258.319600
31,19,6679.633287
31,20,6604.998419
31,21,6285.638443
31,22,5893.264634
31,23,5883.109711
31,24,5824.741183
31,25,5708.587629
31,26,5475.835850
31,29,5471.537785
31,33,5435.581304
31,35,5302.342561
31,37,5290.294616
32,17,7426.726052
32,18,7258.319600
32,19,6679.633287
32,20,6509.738240
32,21,6285.638443
32,22,5893.264634
32,23,5669.486621
32,26,5475.835850
32,29,5471.537785
32,33,5435.581304
32,34,5340.068316
32,35,5302.342561
32,37,5290.294616
33,17,7419.620203
33,18,7258.319600
33,19,6610.053135
33,20,6509.738240
33,21,6285.638443
33,22,5893.264634
33,23,5573.470567
33,24,5568.329293
33,25,5562.906342
33,26,5475.835850
33,29,5471.537785
33,33,5435.581304
33,34,5340.068316
33,35,5302.342561
33,37,5290.294616
34,17,7419.620203
34,18,7255.335018
34,19,6610.053135
34,20,6509.738240
34,21,6285.638443
34,22,5893.264634
34,23,5573.470567
34,24,5568.329293
34,25,5562.906342
34,26,5475.835850
34,29,5471.537785
34,33,5435.581304
34,34,5340.068316
34,35,5302.342561
34,37,5290.294616
35,17,6778.247481
35,19,6524.895052
35,20,6389.576000
35,21,6285.638443
35,22,5893.264634
35,23,5573.470567
35,24,5568.329293
35,25,5562.906342
35,26,5475.835850
35,29,5471.537785
35,30,5453.103159
35,33,5435.581304
35,34,5340.068316
35,35,5302.342561
35,37,5290.294616
36,17,6778.247481
36,19,6402.725758
36,20,6257.705421
36,21,5914.961659
36,22,5814.776597
36,23,5528.916717
36,26,5475.835850
36,29,5367.996441
36,34,5339.675412
36,35,5262.867919
36,37,5248.167222
37,17,6778.247481
37,18,6703.289076
37,19,6402.725758
37,20,6257.705421
37,21,5914.961659
37,22,5814.776597
37,23,5528.916717
37,26,5475.835850
37,29,5367.996441
37,33,5288.964526
37,35,5262.867919
37,37,5248.167222
38,17,6778.247481
38,18,6703.289076
38,19,6181.853403
38,20,6071.783515
38,21,5914.961659
38,22,5814.776597
38,23,5528.916717
38,26,5475.835850
38,29,5367.996441
38,33,5288.964526
38,35,5262.867919
38,37,5248.167222
39,17,6778.247481
39,18,6670.807325
39,19,6181.853403
39,20,5872.245842
39,22,5814.776597
39,23,5528.916717
39,25,5527.736054
39,26,5475.835850
39,29,5367.996441
39,33,5288.964526
39,35,5262.867919
39,37,5248.167222
40,17,6778.247481
40,18,6670.807325
40,19,6181.853403
40,20,5872.245842
40,22,5814.776597
40,23,5528.916717
40,25,5527.736054
40,26,5475.835850
40,29,5367.996441
40,31,5341.172927
40,33,5288.964526
40,35,5262.867919
40,37,5248.167222
41,17,6594.601889
41,18,6417.388850
41,19,6181.853403
41,20,5872.245842
41,22,5659.995267
41,23,5468.978566
41,26,5458.550188
41,28,5355.577794
41,31,5308.366072
41,33,5283.276768
41,35,5262.408630
41,36,5184.216295
42,17,6453.475724
42,18,6417.388850
42,19,6181.853403
42,20,5872.245842
42,22,5533.641084
42,23,5468.978566
42,25,5433.179306
42,28,5355.577794
42,31,5308.366072
42,33,5283.276768
42,35,5262.408630
42,36,5184.216295
43,17,6453.475724
43,18,6138.833143
43,19,6008.515001
43,20,5872.245842
43,22,5533.641084
43,23,5468.978566
43,25,5433.179306
43,26,5421.128768
43,28,5355.577794
43,31,5308.366072
43,33,5282.115123
43,35,5262.408630
43,36,5184.216295
44,17,6384.653489
44,18,6138.833143
44,19,6008.515001
44,20,5872.245842
44,22,5533.641084
44,23,5468.978566
44,25,5433.179306
44,26,5421.128768
44,28,5355.577794
44,31,5308.366072
44,33,5282.115123
44,34,5227.295757
44,35,5204.506909
44,36,5184.216295
45,17,6384.653489
45,18,6138.833143
45,19,6008.515001
45,20,5872.245842
45,22,5533.641084
45,23,5468.978566
45,24,5463.804542
45,25,5433.179306
45,26,5421.128768
45,28,5355.577794
45,31,5308.366072
45,33,5239.234492
45,34,5227.295757
45,35,5204.506909
45,36,5184.216295
46,17,6384.653489
46,18,6138.833143
46,19,6008.515001
46,20,5872.245842
46,22,5456.125359
46,25,5419.846025
46,26,5405.183400
46,28,5355.577794
46,31,5213.618466
46,35,5198.819151
46,36,5183.413800
47,17,6384.653489
47,18,6012.047652
47,19,5904.199587
47,20,5872.245842
47,21,5805.472356
47,22,5456.125359
47,25,5419.846025
47,26,5405.183400
47,28,5264.005249
47,31,5213.618466
47,34,5181.205623
48,17,6384.653489
48,18,6012.047652
48,19,5873.138995
48,20,5872.245842
48,21,5688.987148
48,22,5456.125359
48,24,5370.070855
48,28,5264.005249
48,31,5213.618466
48,34,5181.205623
49,17,6210.730967
49,18,5836.299220
49,21,5688.987148
49,22,5456.125359
49,23,5445.606814
49,24,5370.070855
49,28,5264.005249
49,31,5213.618466
49,34,5181.205623
49,36,5159.774579
50,17,6210.730967
50,18,5836.299220
50,20,5739.924381
50,21,5594.136101
50,22,5456.125359
50,23,5445.606814
50,24,5370.070855
50,27,5360.149869
50,28,5264.005249
50,31,5213.618466
50,34,5181.205623
50,36,5159.774579
51,17,6112.439294
51,18,5836.299220
51,20,5721.281879
51,21,5526.585376
51,22,5448.355980
51,23,5414.572845
51,24,5370.070855
51,27,5240.298330
51,31,5183.666104
51,33,5180.465460
51,36,5159.774579
52,17,6112.439294
52,18,5836.299220
52,19,5767.299901
52,20,5599.312978
52,21,5526.585376
52,22,5448.355980
52,23,5414.572845
52,24,5370.070855
52,27,5240.298330
52,31,5183.666104
52,33,5180.465460
52,36,5159.774579
53,17,6112.439294
53,18,5836.299220
53,19,5767.299901
53,20,5599.312978
53,21,5501.746309
53,22,5448.355980
53,23,5399.473237
53,24,5370.070855
53,27,5240.298330
53,31,5183.666104
53,33,5180.465460
53,36,5159.774579
54,16,6307.680925
54,17,5945.350266
54,18,5836.299220
54,19,5767.299901
54,20,5599.312978
54,21,5501.746309
54,22,5448.355980
54,23,5399.473237
54,24,5290.620452
54,27,5227.786444
54,31,5183.666104
54,33,5180.465460
54,36,5159.774579
55,16,6166.626800
55,17,5945.350266
55,18,5835.729717
55,19,5767.299901
55,20,5599.312978
55,21,5501.746309
55,22,5448.355980
55,23,5330.214145
55,24,5290.620452
55,26,5236.310588
55,27,5193.851549
55,31,5183.666104
55,33,5180.465460
55,35,5171.231029
55,36,5159.774579
56,16,6166.626800
56,17,5945.350266
56,18,5760.010301
56,20,5599.312978
56,21,5350.379021
56,23,5269.412532
56,24,5223.224599
56,27,5193.851549
56,31,5183.666104
56,33,5169.372447
56,35,5140.618606
57,16,6166.626800
57,17,5926.975657
57,18,5760.010301
57,20,5589.822526
57,21,5350.379021
57,23,5269.412532
57,24,5223.224599
57,26,5201.098228
57,27,5193.851549
57,31,5183.666104
57,33,5169.372447
57,35,5140.618606
58,16,6166.626800
58,17,5926.975657
58,18,5760.010301
58,20,5589.822526
58,21,5350.379021
58,23,5269.412532
58,24,5223.224599
58,26,5201.098228
58,27,5193.851549
58,28,5174.221083
58,33,5169.372447
58,35,5140.618606
59,16,6166.626800
59,17,5926.975657
59,18,5760.010301
59,20,5561.620116
59,21,5350.379021
59,23,5269.412532
59,24,5223.224599
59,26,5201.098228
59,27,5193.851549
59,28,5174.221083
59,33,5169.372447
59,35,5140.618606
60,16,6166.626800
60,17,5926.975657
60,18,5760.010301
60,19,5751.548888
60,20,5561.620116
60,21,5350.379021
60,23,5269.412532
60,24,5223.224599
60,26,5165.546772
60,28,5131.982346
61,16,6002.240696
61,17,5878.779260
61,18,5743.912511
61,20,5561.620116
61,21,5337.865245
61,23,5268.728647
61,24,5223.224599
61,25,5127.905257
62,16,6002.240696
62,17,5878.779260
62,18,5743.912511
62,20,5561.620116
62,21,5337.865245
62,23,5268.728647
62,24,5223.224599
62,25,5127.905257
63,16,6002.240696
63,17,5878.779260
63,18,5743.912511
63,19,5704.121465
63,20,5561.620116
63,21,5337.865245
63,23,5268.728647
63,24,5223.224599
63,25,5127.905257
64,15,6936.070360
64,16,6002.240696
64,17,5878.779260
64,18,5743.912511
64,19,5704.121465
64,20,5561.620116
64,21,5337.865245
64,23,5268.728647
64,24,5197.725890
64,25,5127.905257
65,15,6936.070360
65,16,6002.240696
65,17,5878.779260
65,18,5743.912511
65,19,5704.121465
65,20,5561.620116
65,21,5337.865245
65,23,5268.728647
65,24,5197.725890
65,25,5127.905257
66,15,6936.070360
66,16,5984.057866
66,17,5846.699582
66,18,5743.777509
66,19,5704.121465
66,20,5522.225776
66,21,5337.865245
66,23,5268.728647
66,24,5196.227697
66,25,5127.905257
67,15,6936.070360
67,16,5984.057866
67,17,5846.699582
67,18,5588.003138
67,20,5522.225776
67,21,5337.865245
67,23,5252.099801
67,24,5096.779129
68,15,6936.070360
68,16,5984.057866
68,17,5846.699582
68,18,5588.003138
68,20,5522.225776
68,21,5337.865245
68,23,5252.099801
68,24,5096.779129
68,27,5095.345801
69,15,6936.070360
69,16,5984.057866
69,17,5846.699582
69,18,5588.003138
69,20,5522.225776
69,21,5337.865245
69,23,5252.099801
69,24,5096.779129
69,26,5085.707730
70,15,6266.697136
70,16,5984.057866
70,17,5846.699582
70,18,5588.003138
70,20,5522.225776
70,21,5337.865245
70,23,5222.076551
70,24,5096.779129
70,26,5085.707730
71,15,6255.394233
71,16,5984.057866
71,17,5846.699582
71,18,5581.787042
71,20,5522.225776
71,21,5332.492743
71,22,5278.504032
71,23,5222.076551
71,24,5096.779129
71,26,5068.027297
72,15,6255.394233
72,16,5984.057866
72,17,5846.699582
72,18,5581.787042
72,20,5522.225776
72,21,5332.492743
72,22,5254.751791
72,23,5222.076551
72,24,5096.779129
72,26,5068.027297
72,29,5033.445049
73,15,6255.394233
73,16,5984.057866
73,17,5846.699582
73,18,5581.787042
73,20,5522.225776
73,21,5309.039431
73,22,5254.751791
73,23,5221.274297
73,24,5096.779129
73,26,5068.027297
73,28,5053.930963
73,29,5033.445049
74,15,6255.394233
74,16,5984.057866
74,17,5846.699582
74,18,5581.787042
74,19,5505.588739
74,20,5309.056898
74,21,5309.039431
74,22,5254.751791
74,23,5221.274297
74,24,5096.779129
74,26,5068.027297
74,28,5053.930963
74,29,5033.445049
75,15,6061.554619
75,16,5984.057866
75,17,5790.729694
75,18,5581.787042
75,19,5505.588739
75,20,5309.056898
75,21,5280.706544
75,22,5254.751791
75,23,5221.274297
75,24,5096.779129
75,26,5068.027297
75,28,5053.930963
75,29,5033.445049
76,15,6061.554619
76,16,5984.057866
76,17,5785.596999
76,18,5567.359551
76,19,5481.722265
76,20,5294.341195
76,21,5205.811524
76,23,5181.598514
76,24,5071.408009
76,26,5043.460362
76,28,5024.700735
77,15,6055.641574
77,16,5984.057866
77,17,5785.596999
77,18,5545.211606
77,19,5481.722265
77,20,5294.341195
77,21,5205.811524
77,23,5181.598514
77,24,5071.408009
77,25,5051.636790
77,26,5014.611778
78,15,6050.237552
78,16,5984.057866
78,17,5785.596999
78,18,5545.211606
78,19,5481.722265
78,20,5254.165433
78,21,5204.514680
78,23,5181.598514
78,24,5061.509530
78,25,5033.839574
78,26,5014.611778
79,15,5985.287888
79,16,5984.057866
79,17,5785.596999
79,18,5545.211606
79,19,5481.722265
79,20,5254.165433
79,21,5204.514680
79,23,5181.598514
79,24,5061.509530
79,25,5019.283367
79,26,5014.611778
80,15,5857.222704
80,17,5702.304845
80,18,5545.211606
80,19,5481.722265
80,20,5207.905200
80,21,5204.514680
80,23,5148.587162
80,24,5061.509530
80,25,5019.283367
80,26,5014.611778
81,15,5857.222704
81,17,5695.835687
81,18,5545.081612
81,19,5469.920018
81,20,5206.731436
81,21,5197.929050
81,23,5145.786201
81,24,5040.698175
81,25,4995.338193
82,15,5857.222704
82,17,5668.521407
82,18,5545.081612
82,19,5469.920018
82,20,5206.731436
82,21,5197.929050
82,22,5133.199169
82,24,5040.698175
82,25,4995.338193
83,15,5857.222704
83,17,5668.521407
83,18,5545.081612
83,19,5469.920018
83,20,5206.731436
83,21,5197.929050
83,22,5133.199169
83,24,5040.698175
83,25,4995.338193
83,26,4983.278196
84,15,5857.222704
84,16,5703.460771
84,17,5668.521407
84,18,5545.081612
84,19,5469.920018
84,20,5174.337373
84,22,5133.199169
84,24,5040.698175
84,25,4995.338193
84,26,4983.278196
85,15,5857.222704
85,16,5633.756453
85,18,5545.081612
85,19,5469.920018
85,20,5174.337373
85,22,5133.199169
85,24,5040.698175
85,25,4995.338193
85,26,4983.278196
86,15,5857.222704
86,16,5620.204782
86,18,5461.581660
86,19,5447.528339
86,20,5160.553865
86,22,5133.199169
86,24,5030.138924
86,25,4975.703383
86,26,4974.170734
87,15,5857.222704
87,16,5620.204782
87,17,5574.677465
87,18,5325.498403
87,20,5160.553865
87,22,5133.199169
87,24,5030.138924
87,25,4975.703383
87,26,4974.170734
88,15,5857.222704
88,16,5573.949390
88,18,5325.498403
88,20,5160.553865
88,22,5133.199169
88,24,5030.138924
88,25,4975.703383
88,26,4974.170734
89,15,5857.222704
89,16,5573.949390
89,18,5325.498403
89,20,5160.553865
89,22,5133.199169
89,24,5030.138924
89,25,4975.703383
89,26,4974.170734
89,27,4974.027356
90,15,5857.222704
90,16,5573.949390
90,18,5325.498403
90,20,5160.553865
90,22,5133.199169
90,23,5006.269765
90,25,4975.703383
90,26,4974.170734
90,27,4974.027356
90,28,4940.403733
91,15,5857.222704
91,16,5573.949390
91,18,5325.498403
91,20,5157.883780
91,22,5133.199169
91,23,5006.269765
91,24,4949.284101
91,28,4940.403733
92,15,5857.222704
92,16,5573.949390
92,18,5325.498403
92,20,5157.883780
92,22,5133.199169
92,23,5006.269765
92,24,4949.284101
92,28,4940.403733
93,15,5826.765041
93,16,5573.949390
93,17,5538.271264
93,18,5325.498403
93,20,5157.883780
93,22,5133.199169
93,23,5006.269765
93,24,4949.284101
93,28,4940.403733
94,15,5826.765041
94,16,5573.949390
94,17,5538.271264
94,18,5325.498403
94,20,5157.883780
94,22,5133.199169
94,23,5006.269765
94,24,4949.284101
94,28,4940.403733
95,15,5826.765041
95,16,5573.949390
95,17,5538.271264
95,18,5325.498403
95,19,5246.838548
95,20,5157.883780
95,22,4948.035813
95,28,4940.403733
96,15,5826.765041
96,16,5548.527830
96,17,5487.676000
96,18,5325.498403
96,19,5246.838548
96,20,5157.883780
96,21,5092.210874
96,22,4948.035813
96,27,4919.991547
97,15,5816.778479
97,16,5488.314435
97,17,5487.676000
97,18,5325.498403
97,19,5246.838548
97,20,5157.883780
97,21,5092.210874
97,22,4948.035813
97,27,4919.991547
98,15,5736.847633
98,16,5488.314435
98,17,5487.676000
98,18,5325.498403
98,19,5246.838548
98,20,5157.883780
98,21,5092.210874
98,22,4948.035813
98,27,4919.991547
99,15,5736.847633
99,16,5488.314435
99,17,5487.676000
99,18,5325.498403
99,19,5246.838548
99,20,5157.883780
99,21,5092.210874
99,22,4948.035813
99,27,4919.991547
100,15,5582.895214
100,16,5488.314435
100,17,5473.114061
100,18,5325.498403
100,19,5246.838548
100,20,5157.883780
100,21,5092.210874
100,22,4945.111684
100,27,4919.991547
101,15,5582.895214
101,16,5439.270255
101,18,5324.803380
101,19,5242.932112
101,20,5009.517212
101,21,4930.004204
101,24,4871.444413
102,14,6106.439533
102,15,5582.895214
102,16,5439.270255
102,18,5324.803380
102,19,5242.932112
102,20,5009.517212
102,21,4930.004204
102,23,4906.831841
102,24,4871.444413
103,14,6106.439533
103,15,5582.895214
103,16,5439.270255
103,18,5324.803380
103,19,5242.932112
103,20,5009.517212
103,21,4930.004204
103,23,4906.831841
103,24,4871.444413
104,14,6004.729964
104,15,5582.895214
104,16,5439.270255
104,18,5324.803380
104,19,5242.932112
104,20,5009.517212
104,21,4930.004204
104,23,4906.831841
104,24,4871.444413
105,14,6004.729964
105,15,5582.895214
105,16,5439.270255
105,18,5324.803380
105,19,5242.932112
105,20,5009.517212
105,21,4930.004204
105,23,4906.831841
105,24,4871.444413
106,14,5773.285825
106,15,5582.895214
106,16,5439.270255
106,18,5292.835583
106,19,5240.310403
106,20,4963.791057
106,21,4930.002615
106,23,4906.831841
106,24,4871.444413
107,14,5773.285825
107,15,5582.895214
107,16,5414.661587
107,18,5292.835583
107,19,5240.310403
107,20,4963.791057
107,21,4930.002615
107,23,4906.831841
107,24,4871.444413
108,14,5773.285825
108,15,5582.895214
108,16,5414.661587
108,18,5292.835583
108,19,5240.310403
108,20,4963.791057
108,21,4930.002615
108,23,4906.831841
108,24,4871.444413
109,14,5773.285825
109,15,5582.895214
109,16,5403.919363
109,18,5292.835583
109,19,5240.310403
109,20,4963.791057
109,21,4930.002615
109,23,4906.831841
109,24,4871.444413
110,13,6387.226448
110,14,5761.556647
110,15,5582.895214
110,16,5403.919363
110,18,5292.835583
110,19,5240.310403
110,20,4963.791057
110,21,4925.981411
110,22,4866.603239
111,13,6387.226448
111,14,5761.556647
111,15,5541.597604
111,16,5378.908681
111,18,5241.843789
111,19,5240.310403
111,20,4962.460029
111,21,4925.964558
111,22,4866.603239
111,27,4847.071946
112,13,6387.226448
112,14,5761.556647
112,15,5541.597604
112,16,5378.908681
112,18,5241.843789
112,19,5240.310403
112,20,4962.460029
112,21,4925.964558
112,22,4866.603239
112,27,4847.071946
113,13,6387.226448
113,14,5761.556647
113,15,5518.931756
113,16,5378.908681
113,18,5241.843789
113,19,5240.310403
113,20,4962.460029
113,21,4925.964558
113,22,4866.603239
113,27,4847.071946
114,13,6256.697714
114,14,5761.556647
114,15,5518.931756
114,16,5378.908681
114,18,5241.843789
114,19,5240.310403
114,20,4962.460029
114,21,4901.315481
114,22,4866.603239
114,27,4847.071946
115,13,6256.697714
115,14,5757.372196
115,15,5518.931756
115,16,5378.908681
115,18,5241.843789
115,19,5240.310403
115,20,4962.460029
115,21,4901.315481
115,22,4866.603239
115,27,4847.071946
115,28,4844.809813
116,13,6256.697714
116,14,5436.766319
116,16,5378.908681
116,18,5239.895934
116,19,5215.706062
116,20,4899.860607
116,22,4863.182277
116,27,4843.917132
116,28,4827.665158
117,13,6171.684547
117,14,5436.766319
117,16,5378.908681
117,18,5239.895934
117,19,5215.706062
117,20,4899.860607
117,22,4863.182277
117,27,4843.917132
117,28,4827.665158
118,13,6171.684547
118,14,5436.766319
118,15,5403.330955
118,16,5378.908681
118,18,5239.895934
118,19,5215.706062
118,20,4899.860607
118,22,4856.258941
118,27,4843.917132
118,28,4827.665158
119,13,6171.684547
119,14,5436.766319
119,15,5403.330955
119,16,5378.908681
119,17,5369.241433
119,18,5239.895934
119,19,5215.706062
119,20,4899.860607
119,22,4850.168826
119,27,4843.917132
119,28,4827.665158
120,13,6171.684547
120,14,5436.766319
120,15,5403.330955
120,16,5378.908681
120,17,5369.241433
120,18,5239.895934
120,19,5143.417844
120,20,4899.860607
120,22,4850.168826
120,27,4843.917132
120,28,4827.665158
121,13,6171.684547
121,14,5436.766319
121,15,5395.004952
121,16,5367.211152
121,17,5366.829411
121,18,5231.267135
121,19,5045.543346
121,20,4872.116190
121,22,4839.747445
121,25,4811.116744
122,13,6171.684547
122,14,5436.766319
122,15,5395.004952
122,16,5367.211152
122,17,5362.174456
122,18,5231.267135
122,19,5045.543346
122,20,4871.206499
122,22,4839.747445
122,25,4811.116744
123,13,6020.561592
123,14,5436.766319
123,15,5395.004952
123,16,5363.719757
123,17,5335.493967
123,18,5059.988799
123,19,5034.070126
123,20,4871.206499
123,22,4839.747445
123,25,4811.116744
124,13,6020.561592
124,14,5436.766319
124,15,5395.004952
124,16,5363.719757
124,17,5335.493967
124,18,5059.988799
124,19,5034.070126
124,20,4864.214313
124,22,4839.747445
124,25,4811.116744
125,13,6020.561592
125,14,5436.766319
125,15,5395.004952
125,16,5363.719757
125,17,5335.493967
125,18,5059.988799
125,19,5034.070126
125,20,4864.214313
125,22,4839.747445
125,25,4811.116744
126,13,6020.561592
126,14,5436.766319
126,15,5375.891996
126,16,5360.161140
126,17,5335.493967
126,18,5057.991130
126,19,5025.658667
126,20,4864.214313
126,22,4836.834315
126,25,4811.116744
127,13,6005.036409
127,14,5436.766319
127,15,5300.300970
127,18,5057.991130
127,19,5025.658667
127,20,4864.214313
127,22,4836.834315
127,25,4811.116744
128,13,6005.036409
128,14,5436.766319
128,15,5300.300970
128,18,5057.991130
128,19,5011.236985
128,20,4864.214313
128,22,4836.834315
128,25,4811.116744
129,13,6005.036409
129,14,5436.766319
129,15,5300.300970
129,18,5057.991130
129,19,5011.236985
129,20,4864.214313
129,22,4836.834315
129,25,4811.116744
130,13,6005.036409
130,14,5436.766319
130,15,5300.300970
130,18,5057.991130
130,19,5011.236985
130,20,4864.214313
130,22,4836.834315
130,25,4811.116744
131,13,6005.036409
131,14,5436.766319
131,15,5253.964817
131,18,5057.991130
131,19,5011.236985
131,20,4864.214313
131,22,4836.834315
131,25,4800.661154
132,13,6005.036409
132,14,5436.766319
132,15,5253.964817
132,18,5057.991130
132,19,5011.236985
132,20,4864.214313
132,22,4836.834315
132,25,4800.661154
133,13,5936.045547
133,14,5436.766319
133,15,5253.964817
133,18,5053.781238
133,19,5011.236985
133,20,4864.214313
133,22,4836.834315
133,25,4800.661154
134,13,5936.045547
134,14,5436.766319
134,15,5253.964817
134,18,5053.781238
134,19,4973.821206
134,20,4864.214313
134,22,4836.834315
134,25,4800.661154
135,13,5936.045547
135,14,5436.766319
135,15,5253.964817
135,18,5053.781238
135,19,4973.821206
135,20,4864.214313
135,22,4836.834315
135,24,4833.266062
135,25,4800.661154
136,13,5920.320671
136,14,5433.797773
136,15,5253.964817
136,18,5053.781238
136,19,4971.783328
136,20,4852.972775
136,22,4836.834315
136,24,4833.266062
136,25,4800.661154
137,13,5920.320671
137,14,5433.797773
137,15,5253.964817
137,18,5045.096041
137,19,4971.783328
137,20,4852.972775
137,22,4836.834315
137,24,4833.266062
137,25,4800.661154
138,13,5920.320671
138,14,5433.797773
138,15,5253.964817
138,18,5045.096041
138,19,4971.783328
138,20,4852.972775
138,22,4836.834315
138,24,4833.266062
138,25,4800.661154
139,13,5920.320671
139,14,5411.986701
139,15,5253.964817
139,16,5230.790109
139,18,5018.248945
139,19,4971.783328
139,20,4852.972775
139,22,4836.834315
139,24,4833.266062
139,25,4800.661154
140,13,5885.582058
140,14,5411.986701
140,15,5253.964817
140,16,5230.790109
140,18,5011.375772
140,19,4971.783328
140,20,4852.972775
140,22,4836.834315
140,24,4833.266062
140,25,4800.661154
141,13,5885.582058
141,14,5399.796185
141,15,5227.836781
141,17,5212.996036
141,18,5011.375772
141,19,4954.946630
141,20,4852.972775
141,22,4836.834315
141,24,4830.776600
141,25,4800.661154
142,13,5756.226736
142,14,5399.796185
142,15,5227.836781
142,17,5212.996036
142,18,5011.375772
142,19,4954.946630
142,20,4852.972775
142,22,4836.834315
142,24,4830.776600
142,25,4800.661154
143,13,5756.226736
143,14,5399.796185
143,15,5227.836781
143,17,5212.996036
143,18,5011.375772
143,19,4954.946630
143,20,4852.972775
143,22,4836.834315
143,24,4830.776600
143,25,4800.661154
144,13,5756.226736
144,14,5383.285352
144,15,5227.836781
144,17,5212.996036
144,18,5011.375772
144,19,4954.946630
144,20,4852.972775
144,22,4825.551286
144,25,4800.661154
145,13,5756.226736
145,14,5383.285352
145,15,5227.836781
145,17,5212.996036
145,18,5011.375772
145,19,4954.946630
145,20,4852.972775
145,22,4825.551286
145,25,4800.661154
146,13,5756.226736
146,14,5368.864400
146,15,5224.676494
146,17,5160.300738
146,18,5011.375772
146,19,4954.946630
146,20,4842.343030
146,22,4815.815312
146,25,4800.661154
147,13,5756.226736
147,14,5368.864400
147,15,5224.676494
147,17,5160.300738
147,18,5011.375772
147,19,4954.946630
147,20,4842.343030
147,22,4815.815312
147,25,4800.661154
148,13,5756.226736
148,14,5368.864400
148,15,5224.676494
148,17,5160.300738
148,18,5011.375772
148,19,4954.946630
148,20,4842.343030
148,22,4815.815312
148,25,4800.661154
149,13,5746.106018
149,14,5368.864400
149,15,5224.676494
149,17,5159.000893
149,18,5011.375772
149,19,4954.946630
149,20,4842.343030
149,22,4815.815312
149,25,4800.661154
150,13,5746.106018
150,14,5346.690944
150,15,5224.676494
150,17,5064.718143
150,18,5011.375772
150,19,4954.946630
150,20,4842.343030
150,22,4815.815312
150,25,4800.661154
151,13,5669.037173
151,14,5346.690944
151,15,5180.997818
151,17,5060.858898
151,18,4984.909905
151,19,4954.946630
151,20,4835.691973
151,22,4815.815312
151,25,4790.085525
152,13,5669.037173
152,14,5346.690944
152,15,5180.997818
152,17,5060.858898
152,18,4984.909905
152,19,4954.946630
152,20,4835.691973
152,22,4815.815312
152,25,4790.085525
153,13,5669.037173
153,14,5346.690944
153,15,5180.997818
153,17,5060.858898
153,18,4984.909905
153,19,4954.946630
153,20,4835.691973
153,22,4815.815312
153,25,4790.085525
154,13,5669.037173
154,14,5346.690944
154,15,5180.997818
154,17,5060.858898
154,18,4984.909905
154,19,4954.946630
154,20,4829.356635
154,22,4815.815312
154,25,4790.085525
155,13,5669.037173
155,14,5340.862000
155,15,5180.997818
155,17,5060.858898
155,18,4960.578371
155,19,4954.946630
155,20,4829.356635
155,22,4815.815312
155,23,4809.088340
155,25,4790.085525
156,13,5669.037173
156,14,5332.384839
156,15,5180.997818
156,17,5048.919197
156,18,4956.092052
156,19,4954.946630
156,20,4829.356635
156,22,4815.815312
156,23,4793.750208
156,24,4778.071212
157,13,5669.037173
157,14,5332.384839
157,15,5180.997818
157,17,5048.919197
157,18,4956.092052
157,19,4954.946630
157,20,4829.356635
157,22,4815.815312
157,23,4793.750208
157,24,4778.071212
158,13,5669.037173
158,14,5332.384839
158,15,5180.997818
158,17,5048.919197
158,18,4956.092052
158,19,4954.946630
158,20,4829.356635
158,22,4815.815312
158,23,4793.750208
158,24,4778.071212
159,13,5669.037173
159,14,5332.384839
159,15,5180.997818
159,17,5048.919197
159,18,4956.092052
159,19,4954.946630
159,20,4829.356635
159,22,4815.815312
159,23,4793.750208
159,24,4778.071212
160,13,5669.037173
160,14,5332.384839
160,15,5180.997818
160,17,5048.919197
160,18,4956.092052
160,19,4954.946630
160,20,4829.356635
160,22,4815.815312
160,23,4790.118851
160,24,4778.071212
161,13,5622.655210
161,14,5332.384839
161,15,5180.997818
161,17,5048.919197
161,18,4956.092052
161,19,4945.700823
161,20,4808.936061
161,23,4781.783066
161,24,4761.475698
162,13,5464.498400
162,14,5331.522952
162,15,5180.997818
162,17,5048.919197
162,18,4956.092052
162,19,4945.700823
162,20,4808.936061
162,23,4781.783066
162,24,4761.475698
163,13,5464.498400
163,14,5331.522952
163,15,5180.997818
163,16,5163.958607
163,17,5026.013396
163,18,4956.092052
163,19,4945.700823
163,20,4808.936061
163,23,4781.783066
163,24,4761.475698
164,13,5464.498400
164,14,5309.886666
164,15,5180.997818
164,16,5163.958607
164,17,5026.013396
164,18,4956.092052
164,19,4945.700823
164,20,4808.936061
164,23,4761.722087
164,24,4761.475698
165,13,5464.498400
165,14,5309.886666
165,15,5180.997818
165,16,5163.958607
165,17,5026.013396
165,18,4956.092052
165,19,4945.700823
165,20,4808.936061
165,23,4761.722087
165,24,4761.475698
166,13,5464.498400
166,14,5292.258300
166,15,5180.878008
166,16,5105.833261
166,17,5012.048139
166,18,4940.730650
166,20,4808.936061
166,23,4756.186340
167,13,5464.498400
167,14,5280.358867
167,15,5180.878008
167,16,5105.833261
167,17,5012.048139
167,18,4940.730650
167,20,4808.936061
167,23,4756.186340
168,13,5464.498400
168,14,5279.262464
168,15,5171.897904
168,16,5105.833261
168,17,5012.048139
168,18,4937.767918
168,19,4878.632183
168,20,4808.936061
168,23,4756.186340
169,13,5464.498400
169,14,5279.262464
169,15,5171.897904
169,16,5048.499360
169,17,5012.048139
169,18,4937.767918
169,19,4878.632183
169,20,4808.936061
169,23,4756.186340
170,13,5464.498400
170,14,5279.262464
170,15,5171.897904
170,16,5037.558073
170,17,5012.048139
170,18,4937.767918
170,19,4878.632183
170,20,4808.936061
170,23,4756.186340
171,13,5464.498400
171,14,5279.262464
171,15,5171.897904
171,16,5028.276445
171,17,5011.826835
171,18,4927.133850
171,19,4865.902771
171,20,4794.348913
171,23,4753.412896
172,13,5464.498400
172,14,5279.262464
172,15,5171.897904
172,16,5028.276445
172,17,4983.231074
172,18,4901.848405
172,19,4865.902771
172,20,4794.348913
172,23,4753.412896
173,13,5392.442099
173,14,5279.262464
173,15,5171.897904
173,16,5028.276445
173,17,4983.231074
173,18,4901.848405
173,19,4865.902771
173,20,4794.348913
173,23,4753.412896
174,13,5392.442099
174,14,5279.262464
174,15,5171.897904
174,16,5020.223244
174,17,4983.231074
174,18,4901.848405
174,19,4855.833061
174,20,4794.348913
174,23,4753.412896
175,13,5392.442099
175,14,5279.262464
175,15,5142.379126
175,16,5020.223244
175,17,4983.231074
175,18,4901.848405
175,19,4855.833061
175,20,4794.348913
175,23,4753.412896
176,13,5375.459487
176,14,5279.262464
176,15,5126.988128
176,16,5012.171335
176,17,4983.231074
176,18,4893.840559
176,19,4855.682037
176,20,4794.348913
176,23,4753.412896
177,13,5374.607183
177,14,5253.471615
177,15,5126.988128
177,16,5012.171335
177,17,4983.231074
177,18,4893.840559
177,19,4855.682037
177,20,4794.348913
177,22,4767.426588
177,23,4753.412896
178,13,5374.607183
178,14,5253.471615
178,15,5126.988128
178,16,5012.171335
178,17,4983.231074
178,18,4893.840559
178,19,4841.395601
178,20,4794.348913
178,22,4767.426588
178,23,4743.300461
179,13,5374.607183
179,14,5253.471615
179,15,5126.988128
179,16,5012.026354
179,17,4983.231074
179,18,4893.840559
179,19,4841.395601
179,20,4794.348913
179,22,4767.426588
179,23,4743.300461
180,13,5374.607183
180,14,5245.041410
180,15,5126.988128
180,16,4999.768481
180,17,4983.231074
180,18,4893.840559
180,19,4831.846778
180,20,4794.348913
180,21,4776.512107
180,22,4767.426588
180,23,4743.300461
181,13,5374.607183
181,14,5245.041410
181,15,5086.335860
181,16,4999.768481
181,17,4976.691944
181,18,4882.286750
181,19,4829.424779
181,20,4794.348913
181,21,4776.512107
181,22,4708.932343
182,13,5374.607183
182,14,5245.041410
182,15,5073.539621
182,16,4999.768481
182,17,4971.966621
182,18,4882.286750
182,19,4829.424779
182,20,4794.348913
182,21,4776.512107
182,22,4708.932343
183,13,5363.821689
183,14,5215.603132
183,15,5073.539621
183,16,4999.768481
183,17,4971.966621
183,18,4882.286750
183,19,4829.424779
183,20,4794.348913
183,21,4776.512107
183,22,4708.932343
184,13,5363.821689
184,14,5215.603132
184,15,5073.539621
184,16,4999.768481
184,17,4971.966621
184,18,4882.286750
184,19,4829.424779
184,20,4794.348913
184,21,4776.512107
184,22,4708.932343
185,13,5353.730468
185,14,5215.603132
185,15,5073.539621
185,16,4999.768481
185,17,4971.966621
185,18,4882.286750
185,19,4829.424779
185,20,4794.348913
185,21,4765.051790
185,22,4708.932343
186,13,5353.730468
186,14,5215.603132
186,15,5041.018432
186,16,4999.768481
186,17,4941.153139
186,18,4856.211781
186,19,4820.897221
186,20,4794.348913
186,21,4756.799602
186,22,4708.932343
187,13,5353.730468
187,14,5215.603132
187,15,5041.018432
187,16,4999.768481
187,17,4941.153139
187,18,4856.211781
187,19,4820.897221
187,20,4794.348913
187,21,4756.799602
187,22,4708.932343
188,13,5348.150948
188,14,5215.603132
188,15,5041.018432
188,16,4999.768481
188,17,4941.153139
188,18,4856.211781
188,19,4820.897221
188,20,4794.348913
188,21,4756.799602
188,22,4708.932343
189,13,5342.014728
189,14,5215.603132
189,15,5041.018432
189,16,4997.565048
189,17,4941.153139
189,18,4856.211781
189,19,4820.897221
189,20,4794.348913
189,21,4756.799602
189,22,4708.932343
190,13,5310.277548
190,14,5214.892192
190,15,5041.018432
190,16,4997.565048
190,17,4941.153139
190,18,4856.211781
190,19,4820.897221
190,20,4794.348913
190,21,4756.799602
190,22,4708.932343
191,13,5310.277548
191,14,5214.892192
191,15,5037.005269
191,16,4990.726340
191,17,4941.153139
191,18,4855.262204
191,19,4810.733635
191,20,4793.582410
191,21,4741.491265
191,22,4706.381967
192,13,5310.277548
192,14,5214.892192
192,15,5037.005269
192,16,4988.845721
192,17,4941.153139
192,18,4855.262204
192,19,4810.733635
192,20,4793.582410
192,21,4741.491265
192,22,4706.381967
193,13,5310.277548
193,14,5214.892192
193,15,5037.005269
193,16,4988.845721
193,17,4941.153139
193,18,4823.348822
193,19,4810.733635
193,20,4793.582410
193,21,4741.491265
193,22,4706.381967
194,13,5310.277548
194,14,5214.892192
194,15,4977.327728
194,17,4941.153139
194,18,4823.348822
194,19,4793.611334
194,20,4788.272996
194,21,4741.491265
194,22,4706.381967
195,13,5310.277548
195,14,5214.892192
195,15,4977.327728
195,16,4971.145915
195,17,4941.153139
195,18,4823.348822
195,19,4793.611334
195,20,4788.272996
195,21,4741.491265
195,22,4706.381967
196,13,5293.064049
196,14,5214.892192
196,15,4970.322256
196,17,4941.153139
196,18,4823.348822
196,19,4788.600098
196,20,4788.272996
196,21,4739.955091
196,22,4697.092455
197,13,5293.064049
197,14,5211.137323
197,15,4946.241379
197,17,4941.153139
197,18,4823.348822
197,19,4788.600098
197,20,4788.272996
197,21,4739.955091
197,22,4697.092455
198,13,5293.064049
198,14,5185.094090
198,15,4946.241379
198,17,4920.994084
198,18,4823.348822
198,19,4788.600098
198,20,4788.272996
198,21,4739.955091
198,22,4697.092455
199,12,5848.714062
199,13,5293.064049
199,14,5185.094090
199,15,4946.241379
199,17,4875.672631
199,18,4823.348822
199,19,4788.600098
199,20,4788.272996
199,21,4739.955091
199,22,4697.092455
200,12,5848.714062
200,13,5293.064049
200,14,5185.094090
200,15,4946.241379
200,17,4873.420238
200,18,4823.348822
200,19,4788.600098
200,20,4788.272996
200,21,4730.928730
200,22,4697.092455
201,12,5832.468600
201,13,5293.064049
201,14,5185.094090
201,15,4946.241379
201,17,4867.563974
201,18,4823.348822
201,19,4781.979810
201,21,4730.928730
201,22,4697.092455
202,12,5832.468600
202,13,5293.064049
202,14,5185.094090
202,15,4946.241379
202,16,4939.391167
202,17,4867.563974
202,18,4823.348822
202,19,4781.979810
202,21,4730.928730
202,22,4697.092455
203,12,5832.468600
203,13,5293.064049
203,14,5185.094090
203,15,4946.241379
203,16,4926.659491
203,17,4867.563974
203,18,4823.348822
203,19,4781.979810
203,21,4711.274984
203,22,4697.092455
204,12,5832.468600
204,13,5293.064049
204,14,5185.094090
204,15,4946.241379
204,16,4926.659491
204,17,4867.563974
204,18,4823.348822
204,19,4781.979810
204,21,4711.274984
204,22,4697.092455
205,12,5832.468600
205,13,5293.064049
205,14,5185.094090
205,15,4946.241379
205,16,4926.659491
205,17,4867.563974
205,18,4823.348822
205,19,4775.560499
205,21,4711.274984
205,22,4697.092455
206,12,5832.468600
206,13,5293.064049
206,14,5185.094090
206,15,4938.633540
206,16,4926.659491
206,17,4865.774075
206,18,4823.348822
206,19,4775.560499
206,21,4711.274984
206,22,4692.184512
207,12,5832.468600
207,13,5293.064049
207,14,5185.094090
207,15,4938.633540
207,16,4926.659491
207,17,4865.774075
207,18,4820.862490
207,19,4775.560499
207,21,4711.274984
207,22,4692.184512
208,12,5832.468600
208,13,5293.064049
208,14,5185.094090
208,15,4938.633540
208,16,4926.659491
208,17,4865.774075
208,18,4820.862490
208,19,4775.560499
208,20,4767.455355
208,21,4711.274984
208,22,4692.184512
209,12,5832.468600
209,13,5292.955466
209,14,5185.094090
209,15,4938.633540
209,16,4926.659491
209,17,4865.774075
209,18,4820.862490
209,19,4775.560499
209,20,4767.455355
209,21,4711.274984
209,22,4692.184512
210,12,5832.468600
210,13,5280.950638
210,14,5014.467583
210,15,4930.238858
210,16,4926.659491
210,17,4865.774075
210,18,4820.862490
210,19,4775.560499
210,20,4763.065846
210,21,4711.274984
210,22,4692.184512
211,12,5832.468600
211,13,5280.950638
211,14,5008.964978
211,15,4930.238858
211,16,4926.659491
211,17,4808.075903
211,19,4775.560499
211,20,4763.065846
211,21,4711.274984
211,22,4692.184512
212,12,5832.468600
212,13,5274.680926
212,14,5008.964978
212,15,4930.238858
212,16,4926.659491
212,17,4808.075903
212,19,4775.560499
212,20,4763.065846
212,21,4711.274984
212,22,4692.184512
213,12,5832.468600
213,13,5274.680926
213,14,5008.964978
213,15,4930.238858
213,16,4926.659491
213,17,4808.075903
213,19,4775.560499
213,20,4763.065846
213,21,4705.691727
213,22,4692.184512
214,12,5832.468600
214,13,5274.680926
214,14,5008.964978
214,15,4926.752689
214,16,4926.659491
214,17,4808.075903
214,19,4775.560499
214,20,4763.065846
214,21,4700.192716
214,22,4692.184512
215,12,5832.468600
215,13,5274.680926
215,14,5008.964978
215,15,4926.752689
215,16,4926.659491
215,17,4808.075903
215,19,4775.560499
215,20,4763.065846
215,21,4700.192716
215,22,4692.184512
216,12,5832.468600
216,13,5274.680926
216,14,4986.392102
216,15,4926.752689
216,16,4892.602855
216,17,4803.466905
216,19,4749.219379
216,21,4699.775774
216,22,4692.184512
217,12,5832.468600
217,13,5274.680926
217,14,4986.392102
217,15,4926.752689
217,16,4892.602855
217,17,4803.466905
217,19,4749.219379
217,21,4699.775774
217,22,4692.184512
218,12,5832.468600
218,13,5269.350247
218,14,4924.473579
218,16,4892.602855
218,17,4803.466905
218,19,4749.219379
218,21,4699.775774
218,22,4692.184512
219,12,5793.775599
219,13,5269.350247
219,14,4924.473579
219,15,4921.549271
219,16,4892.602855
219,17,4796.279281
219,19,4726.983646
219,21,4699.775774
219,22,4692.184512
220,12,5707.368396
220,13,5269.350247
220,14,4924.473579
220,15,4921.549271
220,16,4892.602855
220,17,4796.279281
220,19,4724.146765
220,21,4699.775774
220,22,4692.184512
221,12,5707.368396
221,13,5259.649513
221,14,4924.473579
221,15,4921.549271
221,16,4892.295263
221,17,4788.175705
221,19,4722.977045
221,21,4699.775774
221,22,4692.184512
222,12,5707.368396
222,13,5259.649513
222,14,4924.473579
222,15,4921.549271
222,16,4892.295263
222,17,4788.175705
222,18,4770.627641
222,19,4722.977045
222,20,4712.037268
222,21,4683.783845
223,12,5644.294121
223,13,5259.649513
223,14,4912.360101
223,16,4892.295263
223,17,4788.175705
223,18,4770.627641
223,19,4722.977045
223,20,4712.037268
223,21,4683.783845
224,12,5644.294121
224,13,5259.649513
224,14,4908.865788
224,16,4892.295263
224,17,4788.175705
224,18,4770.627641
224,19,4722.977045
224,20,4712.037268
224,21,4683.783845
225,12,5644.294121
225,13,5259.649513
225,14,4908.865788
225,16,4892.295263
225,17,4788.175705
225,18,4770.627641
225,19,4722.977045
225,20,4712.037268
225,21,4683.783845
226,12,5644.294121
226,13,5259.649513
226,14,4908.865788
226,16,4884.034724
226,17,4788.175705
226,18,4770.627641
226,19,4722.977045
226,20,4712.037268
226,21,4683.783845
227,12,5644.294121
227,13,5259.649513
227,14,4896.333261
227,16,4884.034724
227,17,4788.175705
227,18,4770.627641
227,19,4722.977045
227,20,4712.037268
227,21,4683.783845
228,12,5644.294121
228,13,5240.390344
228,14,4896.333261
228,16,4884.034724
228,17,4788.175705
228,18,4770.627641
228,19,4722.977045
228,20,4712.037268
228,21,4683.783845
229,12,5644.294121
229,13,5240.390344
229,14,4896.333261
229,16,4884.034724
229,17,4788.175705
229,18,4770.627641
229,19,4722.977045
229,20,4712.037268
229,21,4683.783845
230,12,5644.294121
230,13,5240.390344
230,14,4896.333261
230,16,4884.034724
230,17,4788.175705
230,18,4753.468182
230,19,4722.977045
230,20,4703.257149
230,21,4683.783845
231,12,5637.062282
231,13,5240.390344
231,14,4896.333261
231,16,4884.034724
231,17,4788.175705
231,18,4753.468182
231,19,4721.603953
231,20,4703.257149
231,21,4683.783845
232,12,5637.062282
232,13,5240.390344
232,14,4896.333261
232,16,4884.034724
232,17,4788.175705
232,18,4753.468182
232,19,4721.603953
232,20,4703.257149
232,21,4683.783845
233,12,5637.062282
233,13,5240.390344
233,14,4896.333261
233,16,4860.540289
233,17,4788.175705
233,18,4753.468182
233,19,4721.603953
233,20,4703.257149
233,21,4683.783845
234,12,5599.741684
234,13,5240.390344
234,14,4896.333261
234,16,4860.540289
234,17,4761.627597
234,18,4753.468182
234,19,4721.603953
234,20,4703.257149
234,21,4683.783845
235,12,5599.741684
235,13,5240.390344
235,14,4890.430070
235,16,4860.540289
235,17,4761.627597
235,18,4753.468182
235,19,4721.603953
235,20,4703.257149
235,21,4679.669859
236,12,5599.741684
236,13,5240.390344
236,14,4886.427131
236,16,4857.352221
236,17,4761.627597
236,18,4752.966687
236,19,4721.603953
236,20,4703.257149
236,21,4679.669859
237,12,5599.741684
237,13,5240.390344
237,14,4886.427131
237,16,4857.352221
237,17,4761.627597
237,18,4752.966687
237,19,4721.603953
237,20,4703.257149
237,21,4679.669859
238,12,5599.741684
238,13,5240.390344
238,14,4886.427131
238,15,4871.821000
238,16,4823.615662
238,17,4761.627597
238,18,4752.966687
238,19,4721.603953
238,20,4703.257149
238,21,4678.071236
239,12,5599.741684
239,13,5240.390344
239,14,4884.607655
239,15,4871.821000
239,16,4823.615662
239,17,4761.627597
239,18,4752.966687
239,19,4721.603953
239,20,4699.823217
239,21,4678.071236
240,12,5599.741684
240,13,5240.390344
240,14,4884.607655
240,15,4871.821000
240,16,4823.615662
240,17,4761.627597
240,18,4748.229918
240,19,4700.943257
240,20,4699.823217
240,21,4678.071236
241,12,5599.741684
241,13,5207.338799
241,14,4867.373593
241,16,4823.615662
241,17,4761.627597
241,18,4748.229918
241,19,4700.943257
241,20,4690.035254
241,21,4678.071236
242,12,5599.741684
242,13,5207.338799
242,14,4867.373593
242,16,4823.615662
242,17,4761.627597
242,18,4748.229918
242,19,4700.943257
242,20,4690.035254
242,21,4678.071236
243,12,5599.741684
243,13,5207.338799
243,14,4867.373593
243,16,4823.615662
243,17,4761.627597
243,18,4748.229918
243,19,4700.943257
243,20,4690.035254
243,21,4678.071236
244,12,5599.741684
244,13,5182.110265
244,14,4846.459744
244,16,4823.615662
244,17,4761.627597
244,18,4748.229918
244,19,4700.943257
244,20,4690.035254
244,21,4678.071236
245,12,5599.741684
245,13,5182.110265
245,14,4846.459744
245,16,4823.615662
245,17,4761.627597
245,18,4748.229918
245,19,4700.943257
245,20,4690.035254
245,21,4678.071236
246,12,5487.482272
246,13,5158.245588
246,14,4825.240346
246,16,4823.615662
246,17,4761.627597
246,18,4747.060460
246,19,4686.331287
246,21,4678.071236
247,12,5487.482272
247,13,5158.245588
247,14,4825.240346
247,16,4823.615662
247,17,4761.627597
247,18,4747.060460
247,19,4686.331287
247,21,4678.071236
248,12,5487.482272
248,13,5158.245588
248,14,4825.240346
248,16,4823.615662
248,17,4761.627597
248,18,4747.060460
248,19,4686.331287
248,21,4678.071236
249,12,5487.482272
249,13,5158.245588
249,14,4825.240346
249,16,4823.615662
249,17,4761.627597
249,18,4747.060460
249,19,4686.331287
249,21,4678.071236
250,12,5487.482272
250,13,5156.102311
250,14,4825.240346
250,16,4823.615662
250,17,4761.627597
250,18,4747.060460
250,19,4686.331287
250,21,4678.071236
251,12,5469.199304
251,13,5156.102311
251,14,4825.240346
251,16,4822.690794
251,17,4761.627597
251,18,4747.060460
251,19,4683.580854
251,21,4678.071236
252,12,5469.199304
252,13,5156.102311
252,14,4825.240346
252,16,4822.690794
252,17,4761.627597
252,18,4747.060460
252,19,4683.580854
252,20,4666.798786
253,12,5469.199304
253,13,5156.102311
253,14,4825.240346
253,16,4822.690794
253,17,4761.627597
253,18,4747.060460
253,19,4683.580854
253,20,4666.798786
254,12,5469.199304
254,13,5156.102311
254,14,4825.240346
254,16,4822.690794
254,17,4761.627597
254,18,4747.060460
254,19,4683.580854
254,20,4666.798786
255,12,5469.199304
255,13,5156.102311
255,14,4825.240346
255,16,4822.690794
255,17,4761.627597
255,18,4747.060460
255,19,4683.580854
255,20,4666.798786
256,12,5469.199304
256,13,5142.042034
256,14,4825.240346
256,16,4822.032476
256,17,4761.627597
256,18,4747.060460
256,19,4677.721660
256,20,4666.798786
257,12,5469.199304
257,13,5115.411595
257,14,4825.240346
257,16,4822.032476
257,17,4761.627597
257,18,4747.060460
257,19,4677.721660
257,20,4666.798786
257,23,4662.732566
258,12,5469.199304
258,13,5115.411595
258,14,4821.082339
258,17,4761.627597
258,18,4747.060460
258,19,4677.721660
258,20,4666.798786
258,23,4662.732566
259,12,5469.199304
259,13,5115.411595
259,14,4821.082339
259,16,4806.649503
259,17,4761.627597
259,18,4747.060460
259,19,4677.721660
259,20,4666.798786
259,23,4662.732566
260,12,5469.199304
260,13,5115.411595
260,14,4821.082339
260,16,4806.649503
260,17,4761.627597
260,18,4747.060460
260,19,4677.721660
260,20,4666.798786
260,23,4662.732566
261,12,5462.284266
261,13,5115.411595
261,14,4821.082339
261,15,4793.173387
261,17,4761.627597
261,18,4743.343756
261,19,4677.721660
261,20,4666.798786
261,23,4662.732566
262,12,5462.284266
262,13,5115.411595
262,14,4821.082339
262,15,4787.578531
262,17,4761.627597
262,18,4743.343756
262,19,4677.721660
262,20,4666.798786
262,23,4662.732566
263,12,5462.284266
263,13,5115.411595
263,14,4821.082339
263,15,4749.215378
263,17,4708.980310
263,19,4677.721660
263,20,4666.798786
263,23,4662.732566
264,12,5462.284266
264,13,5088.293745
264,14,4821.082339
264,15,4749.215378
264,17,4708.980310
264,19,4677.721660
264,20,4666.798786
264,21,4654.472338
265,12,5462.284266
265,13,5049.123182
265,14,4821.082339
265,15,4749.215378
265,17,4708.980310
265,19,4677.721660
265,20,4666.798786
265,21,4654.472338
266,12,5462.284266
266,13,5049.123182
266,14,4809.011915
266,15,4749.215378
266,17,4708.980310
266,19,4677.721660
266,20,4666.798786
266,21,4642.584661
267,12,5462.284266
267,13,5049.123182
267,14,4809.011915
267,15,4749.215378
267,17,4708.980310
267,19,4665.167369
267,21,4642.584661
268,12,5462.284266
268,13,5049.123182
268,14,4809.011915
268,15,4749.215378
268,17,4708.980310
268,19,4665.167369
268,21,4642.584661
269,12,5462.284266
269,13,5049.123182
269,14,4809.011915
269,15,4749.215378
269,17,4708.980310
269,19,4665.167369
269,21,4642.584661
270,12,5462.284266
270,13,5049.123182
270,14,4789.965991
270,15,4749.215378
270,17,4708.980310
270,19,4665.167369
270,21,4642.584661
271,12,5459.573100
271,13,5023.086119
271,14,4789.965991
271,15,4749.215378
271,17,4708.980310
271,19,4665.167369
271,21,4642.584661
272,12,5459.573100
272,13,5023.086119
272,14,4789.965991
272,15,4749.215378
272,17,4708.980310
272,19,4665.167369
272,21,4642.584661
273,12,5459.573100
273,13,5023.086119
273,14,4789.965991
273,15,4749.215378
273,17,4708.980310
273,19,4665.167369
273,21,4642.584661
274,12,5433.221054
274,13,5023.086119
274,14,4769.129068
274,15,4749.215378
274,17,4708.980310
274,19,4661.108548
274,21,4642.584661
275,12,5433.221054
275,13,5023.086119
275,14,4769.129068
275,15,4749.215378
275,17,4708.980310
275,19,4661.108548
275,21,4642.584661
276,12,5433.221054
276,13,5020.474799
276,14,4769.129068
276,15,4749.215378
276,17,4708.980310
276,19,4661.108548
276,21,4642.584661
277,12,5433.221054
277,13,5020.474799
277,14,4769.129068
277,15,4732.912761
277,17,4708.980310
277,19,4661.108548
277,21,4642.584661
277,22,4641.920212
278,12,5433.221054
278,13,5020.474799
278,14,4769.129068
278,15,4732.912761
278,16,4708.326996
278,19,4661.108548
278,20,4654.936054
278,21,4642.584661
278,22,4641.920212
279,12,5433.221054
279,13,5020.474799
279,14,4769.129068
279,15,4732.912761
279,16,4708.326996
279,19,4661.108548
279,20,4654.936054
279,21,4642.584661
279,22,4641.920212
280,12,5433.221054
280,13,5020.474799
280,14,4769.129068
280,15,4732.912761
280,16,4708.326996
280,19,4661.108548
280,20,4654.936054
280,21,4642.584661
280,22,4641.920212
281,12,5385.756436
281,13,5020.045150
281,14,4761.587938
281,15,4732.912761
281,16,4707.358391
281,19,4661.108548
281,20,4640.638510
282,12,5385.756436
282,13,5020.045150
282,14,4761.587938
282,15,4732.912761
282,16,4707.358391
282,19,4661.108548
282,20,4640.638510
283,12,5385.756436
283,13,5020.045150
283,14,4761.587938
283,15,4732.912761
283,16,4707.358391
283,18,4702.862998
283,19,4661.108548
283,20,4633.217245
284,12,5385.756436
284,13,5020.045150
284,14,4761.587938
284,15,4732.912761
284,16,4707.358391
284,18,4702.862998
284,19,4661.108548
284,20,4633.217245
285,12,5385.756436
285,13,5020.045150
285,14,4761.587938
285,15,4732.912761
285,16,4707.358391
285,18,4702.862998
285,19,4661.108548
285,20,4633.217245
286,12,5385.756436
286,13,5019.165726
286,14,4760.776598
286,15,4717.496254
286,16,4707.358391
286,17,4695.496572
286,18,4688.511030
286,19,4661.108548
286,20,4633.217245
287,12,5385.756436
287,13,5019.165726
287,14,4760.776598
287,15,4717.496254
287,16,4694.041791
287,18,4688.511030
287,19,4661.108548
287,20,4633.217245
288,12,5385.756436
288,13,5019.165726
288,14,4760.776598
288,15,4717.496254
288,16,4694.041791
288,18,4688.511030
288,19,4661.108548
288,20,4633.217245
289,12,5385.756436
289,13,5019.165726
289,14,4760.776598
289,15,4717.496254
289,16,4694.041791
289,18,4688.511030
289,19,4661.108548
289,20,4633.217245
290,12,5385.756436
290,13,5019.165726
290,14,4760.776598
290,15,4717.496254
290,16,4694.041791
290,18,4688.511030
290,19,4661.108548
290,20,4633.217245
291,12,5385.756436
291,13,4969.439962
291,14,4760.776598
291,15,4717.496254
291,16,4694.041791
291,18,4653.643697
291,20,4633.217245
292,12,5385.756436
292,13,4969.439962
292,14,4760.776598
292,15,4717.496254
292,16,4694.041791
292,18,4653.643697
292,20,4633.217245
293,12,5385.756436
293,13,4969.439962
293,14,4760.776598
293,15,4717.496254
293,16,4694.041791
293,17,4671.052344
293,18,4653.643697
293,20,4633.217245
293,21,4631.435214
294,12,5385.756436
294,13,4969.439962
294,14,4760.776598
294,15,4717.496254
294,16,4694.041791
294,17,4671.052344
294,18,4653.643697
294,20,4633.217245
294,21,4631.435214
295,12,5385.756436
295,13,4969.439962
295,14,4760.776598
295,15,4717.496254
295,16,4684.095970
295,17,4671.052344
295,18,4653.643697
295,20,4633.217245
295,21,4631.435214
296,12,5384.650931
296,13,4950.450376
296,14,4756.738528
296,15,4717.170562
296,16,4684.095970
296,17,4662.548965
296,18,4648.165275
296,20,4633.217245
296,21,4631.435214
297,12,5384.650931
297,13,4950.450376
297,14,4756.738528
297,15,4693.042272
297,16,4684.095970
297,17,4662.548965
297,18,4648.165275
297,20,4633.217245
297,21,4631.435214
298,12,5384.650931
298,13,4950.450376
298,14,4756.738528
298,15,4693.042272
298,16,4684.095970
298,17,4660.752535
298,18,4648.165275
298,20,4633.217245
298,21,4631.435214
299,12,5384.650931
299,13,4950.450376
299,14,4745.528933
299,15,4693.042272
299,16,4668.530092
299,17,4660.752535
299,18,4648.165275
299,20,4627.518704
300,12,5384.650931
300,13,4950.450376
300,14,4745.528933
300,15,4693.042272
300,16,4668.530092
300,17,4660.752535
300,18,4648.165275
300,20,4627.518704
301,12,5384.650931
301,13,4950.450376
301,14,4745.528933
301,15,4693.042272
301,16,4668.530092
301,17,4649.309646
301,18,4647.867667
301,20,4627.518704
302,12,5384.650931
302,13,4950.450376
302,14,4713.131196
302,15,4693.042272
302,16,4659.956183
302,17,4649.309646
302,18,4645.915446
302,20,4627.518704
303,12,5384.650931
303,13,4950.450376
303,14,4713.131196
303,15,4679.920480
303,16,4659.956183
303,17,4649.309646
303,18,4645.915446
303,20,4627.518704
304,12,5384.650931
304,13,4950.450376
304,14,4690.312932
304,15,4679.920480
304,16,4659.956183
304,17,4649.309646
304,18,4645.915446
304,20,4627.518704
304,22,4604.273098
305,12,5384.650931
305,13,4950.450376
305,14,4690.312932
305,15,4674.270776
305,16,4659.956183
305,17,4649.309646
305,18,4645.915446
305,20,4627.518704
305,22,4604.273098
306,12,5381.911947
306,13,4950.170910
306,14,4690.312932
306,15,4673.783379
306,16,4650.184958
306,17,4649.309646
306,18,4645.915446
306,20,4627.518704
306,22,4604.273098
307,12,5381.911947
307,13,4950.170910
307,14,4690.312932
307,15,4673.783379
307,16,4650.184958
307,17,4649.309646
307,18,4645.915446
307,20,4627.518704
307,22,4604.273098
308,12,5381.911947
308,13,4950.170910
308,14,4690.312932
308,15,4673.783379
308,16,4650.184958
308,17,4649.309646
308,18,4645.915446
308,20,4627.518704
308,22,4604.273098
309,12,5381.911947
309,13,4950.170910
309,14,4690.312932
309,15,4673.783379
309,16,4650.184958
309,17,4649.309646
309,18,4645.915446
309,20,4627.518704
309,22,4604.273098
310,12,5381.911947
310,13,4950.170910
310,14,4690.312932
310,15,4673.783379
310,16,4650.184958
310,17,4649.309646
310,18,4645.915446
310,20,4606.505338
310,22,4604.273098
311,12,5381.911947
311,13,4941.401374
311,14,4690.312932
311,15,4673.783379
311,16,4643.978251
311,20,4606.505338
311,22,4604.273098
312,12,5381.911947
312,13,4941.401374
312,14,4690.312932
312,15,4673.783379
312,16,4643.978251
312,20,4606.505338
312,22,4604.273098
313,12,5381.911947
313,13,4941.401374
313,14,4690.312932
313,15,4673.783379
313,16,4643.978251
313,20,4606.505338
313,22,4604.273098
314,12,5381.911947
314,13,4941.401374
314,14,4690.312932
314,15,4673.783379
314,16,4643.978251
314,17,4633.526456
314,20,4606.505338
314,22,4604.273098
315,12,5381.911947
315,13,4941.401374
315,14,4690.312932
315,15,4673.783379
315,16,4643.978251
315,17,4633.526456
315,20,4606.505338
315,22,4604.273098
316,12,5381.911947
316,13,4941.401374
316,14,4665.536692
316,15,4640.728325
316,17,4633.526456
316,20,4601.305801
317,12,5381.911947
317,13,4941.401374
317,14,4665.536692
317,15,4640.728325
317,17,4633.526456
317,20,4601.305801
318,12,5381.911947
318,13,4941.401374
318,14,4665.536692
318,15,4640.728325
318,17,4633.526456
318,20,4601.305801
319,12,5381.911947
319,13,4941.401374
319,14,4665.536692
319,15,4640.728325
319,17,4633.526456
319,20,4601.305801
320,12,5381.911947
320,13,4941.401374
320,14,4665.536692
320,15,4635.683702
320,17,4633.526456
320,20,4601.305801
321,12,5381.911947
321,13,4941.401374
321,14,4657.964341
321,15,4631.244935
321,20,4601.305801
322,12,5381.911947
322,13,4941.401374
322,14,4657.964341
322,15,4631.244935
322,20,4601.305801
323,12,5381.911947
323,13,4941.401374
323,14,4633.221737
323,15,4625.131711
323,20,4601.305801
324,12,5381.911947
324,13,4941.401374
324,14,4633.221737
324,15,4625.131711
324,18,4614.735680
324,20,4601.305801
325,12,5381.911947
325,13,4941.401374
325,14,4633.221737
325,15,4625.131711
325,18,4614.735680
325,20,4601.305801
326,12,5380.302794
326,13,4935.487304
326,14,4633.221737
326,15,4625.131711
326,17,4620.647845
326,18,4614.735680
326,20,4601.305801
327,12,5380.302794
327,13,4935.487304
327,14,4633.221737
327,15,4601.359617
327,20,4601.305801
328,12,5380.302794
328,13,4935.487304
328,14,4633.221737
328,15,4601.359617
328,20,4601.305801
