Generation,NV,TOC
1,10,3250.167081
1,11,2548.817332
1,12,2282.940356
1,13,2171.980526
2,10,2663.549952
2,11,2548.817332
2,12,2282.940356
2,13,2171.980526
2,15,2166.445861
3,8,3059.025217
3,10,2663.549952
3,11,2525.137339
3,12,1974.950266
3,13,1898.045034
4,8,3059.025217
4,10,2663.549952
4,11,2509.945069
4,12,1958.256157
4,13,1898.045034
5,8,3059.025217
5,9,2862.206310
5,10,2371.217353
5,12,1958.256157
5,13,1898.045034
6,8,3059.025217
6,9,2862.206310
6,10,2368.504520
6,11,2203.831083
6,12,1958.256157
6,13,1897.240329
7,8,3007.660716
7,9,2862.206310
7,10,2368.504520
7,11,2091.975161
7,12,1958.256157
7,13,1894.328977
8,8,3007.660716
8,9,2758.701299
8,10,2368.504520
8,11,2074.138325
8,12,1868.105923
9,8,3007.660716
9,9,2336.166729
9,10,2307.087586
9,11,2074.138325
9,12,1868.105923
9,14,1866.182593
10,8,3007.660716
10,9,2145.638625
10,11,2042.340680
10,12,1843.554487
11,8,3007.660716
11,9,2145.638625
11,11,1942.276616
11,12,1843.554487
12,8,3007.660716
12,9,2051.658995
12,10,1955.057701
12,11,1883.869991
12,12,1843.554487
13,8,3007.660716
13,9,2051.658995
13,10,1955.057701
13,11,1883.869991
13,12,1843.554487
14,8,2169.184149
14,9,2051.658995
14,10,1955.057701
14,11,1883.869991
14,12,1843.554487
15,8,1946.340648
15,11,1833.853529
16,7,2401.666177
16,8,1946.340648
16,10,1863.098160
16,11,1833.853529
17,7,2401.666177
17,8,1946.340648
17,10,1863.098160
17,11,1833.853529
18,7,2401.666177
18,8,1946.340648
18,10,1863.098160
18,11,1833.853529
19,6,2312.877287
19,7,2018.939123
19,8,1889.118909
19,10,1863.098160
19,11,1833.853529
20,6,2312.877287
20,7,2018.939123
20,8,1889.118909
20,10,1861.427845
20,11,1833.853529
21,6,2312.877287
21,7,2018.939123
21,8,1889.118909
21,9,1857.720776
21,11,1832.607142
22,6,2312.877287
22,7,2018.939123
22,8,1860.116609
22,9,1825.150417
23,6,2312.877287
23,7,2018.939123
23,8,1860.116609
23,9,1825.150417
23,10,1814.983684
23,12,1807.159100
24,6,2312.877287
24,7,1979.985640
24,8,1860.116609
24,9,1825.150417
24,10,1814.983684
24,12,1807.159100
25,6,2249.751290
25,7,1979.985640
25,8,1860.116609
25,9,1825.150417
25,10,1814.983684
25,12,1807.159100
26,6,2249.751290
26,7,1979.985640
26,8,1860.116609
26,9,1825.150417
26,10,1814.983684
26,11,1788.435850
27,6,2249.751290
27,7,1979.985640
27,8,1860.116609
27,9,1825.150417
27,10,1814.983684
27,11,1783.525975
28,6,2249.751290
28,7,1965.393207
28,8,1857.795252
28,9,1825.150417
28,10,1814.983684
28,11,1783.525975
29,6,2249.751290
29,7,1957.044361
29,8,1857.795252
29,9,1825.150417
29,10,1811.354924
29,11,1783.525975
30,6,2149.787612
30,7,1933.838432
30,8,1843.045953
30,9,1825.150417
30,10,1811.354924
30,11,1783.525975
31,6,2145.218744
31,7,1933.838432
31,8,1836.584442
31,9,1825.150417
31,10,1811.354924
31,11,1783.525975
32,6,2129.533053
32,7,1933.838432
32,8,1833.205369
32,9,1820.659167
32,10,1802.910050
32,11,1783.525975
33,6,2105.622347
33,7,1933.838432
33,8,1831.214035
33,9,1820.659167
33,10,1802.910050
33,11,1783.525975
34,6,2105.622347
34,7,1870.350905
34,8,1831.214035
34,9,1820.659167
34,10,1747.371416
35,6,2071.114568
35,7,1870.350905
35,8,1820.490898
35,9,1802.053278
35,10,1747.179803
36,6,2071.114568
36,7,1870.350905
36,8,1797.379575
36,9,1794.208534
36,10,1747.179803
37,6,2070.991289
37,7,1870.350905
37,8,1770.830093
37,10,1747.179803
38,6,2005.680037
38,7,1870.350905
38,8,1770.830093
38,10,1747.179803
39,6,2005.680037
39,7,1870.350905
39,8,1770.830093
39,10,1747.179803
40,6,2005.680037
40,7,1870.350905
40,8,1756.320630
40,10,1747.179803
41,6,2005.680037
41,7,1870.350905
41,8,1756.320630
41,10,1747.179803
42,6,1992.468480
42,7,1870.350905
42,8,1756.320630
42,10,1747.179803
43,6,1992.468480
43,7,1870.350905
43,8,1756.320630
43,10,1747.179803
44,6,1992.468480
44,7,1869.985852
44,8,1756.320630
44,10,1747.179803
45,6,1992.468480
45,7,1869.985852
45,8,1756.320630
45,10,1747.179803
46,6,1991.325816
46,7,1869.985852
46,8,1756.320630
46,10,1747.179803
47,6,1968.775970
47,7,1813.545177
47,8,1756.320630
47,10,1747.179803
48,6,1946.403165
48,7,1802.027315
48,8,1755.604275
48,9,1745.947763
49,6,1946.403165
49,7,1801.897281
49,8,1751.349090
49,9,1745.947763
50,6,1946.403165
50,7,1801.619710
50,8,1751.349090
50,9,1745.947763
51,6,1936.377927
51,7,1801.619710
51,8,1751.349090
51,9,1745.947763
52,6,1936.377927
52,7,1801.619710
52,8,1751.349090
52,9,1745.947763
53,6,1936.377927
53,7,1799.763133
53,8,1751.349090
53,9,1745.947763
54,6,1936.377927
54,7,1793.131721
54,8,1742.955063
55,6,1936.377927
55,7,1793.131721
55,8,1742.955063
56,6,1936.377927
56,7,1793.131721
56,8,1742.955063
57,6,1934.544914
57,7,1793.131721
57,8,1742.955063
58,6,1934.544914
58,7,1793.131721
58,8,1742.955063
59,6,1918.189783
59,7,1790.602806
59,8,1742.955063
60,6,1918.189783
60,7,1790.602806
60,8,1742.955063
61,6,1910.563216
61,7,1790.602806
61,8,1741.383164
62,6,1910.563216
62,7,1790.602806
62,8,1741.383164
63,6,1910.563216
63,7,1790.602806
63,8,1741.117660
64,6,1910.563216
64,7,1790.602806
64,8,1741.117660
65,6,1910.563216
65,7,1790.602806
65,8,1741.117660
66,6,1910.563216
66,7,1790.602806
66,8,1740.284043
67,6,1910.563216
67,7,1790.602806
67,8,1737.052811
68,6,1910.563216
68,7,1790.602806
68,8,1737.052811
68,9,1736.939852
69,6,1910.563216
69,7,1790.602806
69,8,1737.052811
69,9,1736.939852
70,6,1907.355603
70,7,1790.602806
70,8,1737.052811
70,9,1736.939852
71,6,1907.355603
71,7,1790.602806
71,8,1737.052811
71,9,1731.546630
72,6,1907.355603
72,7,1790.602806
72,8,1736.130234
72,9,1731.546630
73,6,1907.355603
73,7,1790.602806
73,8,1736.130234
73,9,1731.546630
74,6,1907.355603
74,7,1790.602806
74,8,1736.130234
74,9,1731.546630
75,6,1907.355603
75,7,1790.602806
75,8,1736.130234
75,9,1731.546630
76,6,1907.355603
76,7,1790.602806
76,8,1736.130234
76,9,1731.546630
77,6,1907.355603
77,7,1790.602806
77,8,1736.130234
77,9,1731.546630
78,6,1907.355603
78,7,1790.602806
78,8,1736.130234
78,9,1731.546630
79,6,1907.355603
79,7,1790.602806
79,8,1736.130234
79,9,1731.546630
80,6,1907.355603
80,7,1790.379761
80,8,1736.130234
80,9,1731.546630
81,6,1907.355603
81,7,1790.379761
81,8,1736.130234
81,9,1731.546630
82,6,1907.355603
82,7,1790.379761
82,8,1736.130234
82,9,1731.546630
83,6,1903.183230
83,7,1790.379761
83,8,1736.130234
83,9,1731.546630
84,6,1903.183230
84,7,1790.379761
84,8,1736.130234
84,9,1731.546630
85,6,1903.183230
85,7,1790.379761
85,8,1736.130234
85,9,1731.546630
86,6,1903.183230
86,7,1790.379761
86,8,1736.130234
86,9,1731.546630
87,6,1903.183230
87,7,1790.379761
87,8,1736.130234
87,9,1731.546630
88,6,1901.444276
88,7,1790.379761
88,8,1736.130234
88,9,1731.546630
89,6,1901.444276
89,7,1790.379761
89,8,1736.130234
89,9,1731.546630
90,6,1901.397167
90,7,1790.379761
90,8,1736.130234
90,9,1731.546630
91,6,1901.397167
91,7,1790.379761
91,8,1736.130234
91,9,1731.546630
92,6,1901.397167
92,7,1790.379761
92,8,1736.130234
92,9,1731.546630
93,6,1901.397167
93,7,1790.379761
93,8,1736.130234
93,9,1731.546630
94,6,1901.397167
94,7,1790.379761
94,8,1736.130234
94,9,1731.546630
95,6,1901.397167
95,7,1790.379761
95,8,1736.130234
95,9,1731.546630
96,6,1901.397167
96,7,1790.379761
96,8,1736.130234
96,9,1731.546630
97,6,1901.397167
97,7,1790.379761
97,8,1736.130234
97,9,1731.546630
98,6,1901.397167
98,7,1790.379761
98,8,1736.130234
98,9,1731.546630
99,6,1901.397167
99,7,1790.379761
99,8,1736.130234
99,9,1731.546630
100,6,1868.742418
100,7,1790.379761
100,8,1736.130234
100,9,1731.546630
101,6,1868.742418
101,7,1790.379761
101,8,1736.130234
101,9,1731.546630
102,6,1868.742418
102,7,1790.379761
102,8,1736.130234
102,9,1731.546630
103,6,1868.742418
103,7,1790.379761
103,8,1736.130234
103,9,1731.546630
104,6,1868.742418
104,7,1790.379761
104,8,1736.130234
104,9,1731.546630
105,6,1868.742418
105,7,1790.379761
105,8,1736.130234
105,9,1731.546630
106,6,1868.742418
106,7,1790.379761
106,8,1736.130234
106,9,1731.546630
107,6,1868.742418
107,7,1789.971267
107,8,1736.130234
107,9,1731.546630
108,6,1865.088387
108,7,1789.971267
108,8,1736.130234
108,9,1731.546630
109,6,1865.088387
109,7,1789.971267
109,8,1736.130234
109,9,1731.546630
110,6,1865.088387
110,7,1789.971267
110,8,1736.130234
110,9,1731.546630
111,6,1865.088387
111,7,1789.971267
111,8,1736.130234
111,9,1731.546630
112,6,1865.088387
112,7,1789.971267
112,8,1736.130234
112,9,1731.546630
113,6,1865.088387
113,7,1789.971267
113,8,1736.130234
113,9,1731.546630
114,6,1865.088387
114,7,1789.971267
114,8,1736.130234
114,9,1731.546630
115,6,1865.088387
115,7,1789.971267
115,8,1736.130234
115,9,1731.546630
116,6,1865.088387
116,7,1789.971267
116,8,1736.130234
116,9,1731.546630
117,6,1865.088387
117,7,1789.971267
117,8,1736.130234
117,9,1731.546630
118,6,1865.088387
118,7,1789.116574
118,8,1736.130234
118,9,1731.546630
119,6,1865.088387
119,7,1778.043962
119,8,1736.130234
119,9,1731.546630
120,6,1859.742088
120,7,1778.043962
120,8,1736.130234
120,9,1731.546630
121,6,1859.742088
121,7,1778.043962
121,8,1736.130234
121,9,1731.546630
122,6,1859.742088
122,7,1778.043962
122,8,1736.130234
122,9,1731.546630
123,6,1857.216280
123,7,1778.043962
123,8,1736.130234
123,9,1731.546630
124,6,1857.216280
124,7,1778.043962
124,8,1736.130234
124,9,1731.546630
125,6,1857.216280
125,7,1778.043962
125,8,1736.130234
125,9,1731.546630
126,6,1857.216280
126,7,1778.043962
126,8,1736.130234
126,9,1731.546630
127,6,1857.216280
127,7,1778.043962
127,8,1736.130234
127,9,1731.546630
128,6,1857.216280
128,7,1778.043962
128,8,1736.130234
128,9,1731.546630
129,6,1857.216280
129,7,1778.043962
129,8,1736.130234
129,9,1731.546630
130,6,1857.216280
130,7,1778.043962
130,8,1736.130234
130,9,1731.546630
131,6,1857.216280
131,7,1778.043962
131,8,1736.130234
131,9,1731.546630
132,6,1856.674867
132,7,1778.043962
132,8,1736.130234
132,9,1731.546630
133,6,1849.219472
133,7,1778.043962
133,8,1736.130234
133,9,1731.546630
134,6,1849.219472
134,7,1778.043962
134,8,1736.130234
134,9,1731.546630
135,6,1849.219472
135,7,1778.043962
135,8,1736.130234
135,9,1731.546630
136,6,1849.219472
136,7,1778.043962
136,8,1736.130234
136,9,1731.546630
137,6,1849.219472
137,7,1778.043962
137,8,1736.130234
137,9,1731.546630
138,6,1849.219472
138,7,1778.043962
138,8,1736.130234
138,9,1731.546630
139,6,1849.219472
139,7,1778.043962
139,8,1736.130234
139,9,1731.546630
140,6,1849.219472
140,7,1778.043962
140,8,1736.130234
140,9,1731.546630
141,6,1819.688321
141,7,1778.043962
141,8,1736.130234
141,9,1731.546630
142,6,1819.688321
142,7,1778.043962
142,8,1736.130234
142,9,1731.546630
143,6,1819.688321
143,7,1778.043962
143,8,1736.130234
143,9,1731.546630
144,6,1819.688321
144,7,1778.043962
144,8,1736.130234
144,9,1731.546630
145,6,1819.688321
145,7,1778.043962
145,8,1736.130234
145,9,1731.546630
146,6,1819.688321
146,7,1778.043962
146,8,1736.130234
146,9,1731.546630
147,6,1819.688321
147,7,1778.043962
147,8,1736.130234
147,9,1731.546630
148,6,1819.688321
148,7,1778.043962
148,8,1736.130234
148,9,1731.546630
149,6,1819.688321
149,7,1778.043962
149,8,1736.130234
149,9,1731.546630
150,6,1819.688321
150,7,1778.043962
150,8,1736.130234
150,9,1731.546630
151,6,1819.688321
151,7,1778.043962
151,8,1736.130234
151,9,1731.546630
152,6,1814.341397
152,7,1778.036002
152,8,1736.130234
152,9,1731.546630
153,6,1814.341397
153,7,1778.036002
153,8,1736.130234
153,9,1731.546630
154,6,1814.341397
154,7,1778.036002
154,8,1736.130234
154,9,1731.546630
155,6,1814.341397
155,7,1778.036002
155,8,1736.130234
155,9,1731.546630
156,6,1814.341397
156,7,1778.036002
156,8,1736.130234
156,9,1731.546630
157,6,1814.341397
157,7,1778.036002
157,8,1736.130234
157,9,1731.546630
158,6,1814.341397
158,7,1778.036002
158,8,1736.130234
158,9,1731.546630
159,6,1814.341397
159,7,1778.036002
159,8,1736.130234
159,9,1731.546630
160,6,1814.341397
160,7,1778.036002
160,8,1736.130234
160,9,1731.546630
161,6,1814.341397
161,7,1778.036002
161,8,1736.130234
161,9,1731.546630
162,6,1814.341397
162,7,1778.036002
162,8,1736.130234
162,9,1731.546630
163,6,1814.341397
163,7,1778.036002
163,8,1736.130234
163,9,1731.546630
164,6,1814.341397
164,7,1778.036002
164,8,1736.130234
164,9,1731.546630
165,6,1814.341397
165,7,1778.036002
165,8,1736.130234
165,9,1731.546630
166,6,1814.341397
166,7,1778.036002
166,8,1736.130234
166,9,1731.546630
167,6,1814.341397
167,7,1778.036002
167,8,1736.130234
167,9,1731.546630
168,6,1814.341397
168,7,1777.926733
168,8,1736.130234
168,9,1731.546630
169,6,1814.341397
169,7,1777.926733
169,8,1736.130234
169,9,1731.546630
170,6,1812.988646
170,7,1777.926733
170,8,1736.130234
170,9,1731.546630
171,6,1812.988646
171,7,1777.926733
171,8,1736.130234
171,9,1731.546630
172,6,1808.883728
172,7,1773.945264
172,8,1736.130234
172,9,1731.546630
173,6,1808.883728
173,7,1773.945264
173,8,1736.130234
173,9,1731.546630
174,6,1808.883728
174,7,1773.945264
174,8,1736.130234
174,9,1731.546630
175,6,1808.883728
175,7,1773.945264
175,8,1736.130234
175,9,1731.546630
176,6,1808.883728
176,7,1773.945264
176,8,1736.130234
176,9,1731.546630
177,6,1808.883728
177,7,1773.945264
177,8,1736.130234
177,9,1731.546630
178,6,1808.883728
178,7,1773.945264
178,8,1736.130234
178,9,1731.546630
179,6,1808.883728
179,7,1773.945264
179,8,1736.130234
179,9,1731.546630
180,6,1808.883728
180,7,1773.945264
180,8,1736.130234
180,9,1731.546630
181,6,1808.883728
181,7,1773.945264
181,8,1736.130234
181,9,1731.546630
182,6,1808.883728
182,7,1773.945264
182,8,1736.130234
182,9,1731.546630
183,6,1808.883728
183,7,1773.945264
183,8,1736.130234
183,9,1731.546630
184,6,1808.883728
184,7,1773.945264
184,8,1736.130234
184,9,1731.546630
185,6,1808.883728
185,7,1773.945264
185,8,1736.130234
185,9,1731.546630
186,6,1808.883728
186,7,1773.945264
186,8,1736.130234
186,9,1731.546630
187,6,1808.883728
187,7,1773.945264
187,8,1736.130234
187,9,1731.546630
188,6,1808.883728
188,7,1773.945264
188,8,1736.130234
188,9,1731.546630
189,6,1787.117561
189,7,1773.945264
189,8,1736.130234
189,9,1731.546630
190,6,1787.117561
190,7,1773.945264
190,8,1736.130234
190,9,1731.546630
191,6,1787.117561
191,7,1773.945264
191,8,1736.130234
191,9,1731.546630
192,6,1787.117561
192,7,1773.945264
192,8,1736.130234
192,9,1731.546630
193,6,1787.117561
193,7,1773.945264
193,8,1736.130234
193,9,1731.546630
194,6,1787.117561
194,7,1773.945264
194,8,1736.130234
194,9,1731.546630
195,6,1787.117561
195,7,1773.945264
195,8,1736.130234
195,9,1731.546630
196,6,1787.117561
196,7,1773.945264
196,8,1736.130234
196,9,1731.546630
197,6,1787.117561
197,7,1773.945264
197,8,1736.130234
197,9,1731.546630
198,6,1787.117561
198,7,1773.945264
198,8,1736.130234
198,9,1731.546630
199,6,1787.117561
199,7,1773.945264
199,8,1736.130234
199,9,1731.546630
200,6,1787.117561
200,7,1773.945264
200,8,1736.130234
200,9,1731.546630
201,6,1787.117561
201,7,1773.945264
201,8,1736.130234
201,9,1731.546630
202,6,1787.117561
202,7,1767.334833
202,8,1736.130234
202,9,1731.546630
203,6,1787.117561
203,7,1767.334833
203,8,1736.130234
203,9,1731.546630
204,6,1787.117561
204,7,1767.334833
204,8,1736.130234
204,9,1731.546630
205,6,1787.117561
205,7,1767.334833
205,8,1736.130234
205,9,1731.546630
206,6,1787.117561
206,7,1767.334833
206,8,1736.130234
206,9,1731.546630
207,6,1787.117561
207,7,1767.334833
207,8,1736.130234
207,9,1731.546630
208,6,1787.117561
208,7,1767.334833
208,8,1736.130234
208,9,1731.546630
209,6,1787.117561
209,7,1762.197031
209,8,1736.130234
209,9,1731.546630
210,6,1787.117561
210,7,1762.197031
210,8,1736.130234
210,9,1731.546630
211,6,1787.117561
211,7,1762.197031
211,8,1736.130234
211,9,1731.546630
212,6,1787.117561
212,7,1762.197031
212,8,1736.130234
212,9,1731.546630
213,6,1787.117561
213,7,1762.197031
213,8,1736.130234
213,9,1731.546630
214,6,1787.117561
214,7,1762.197031
214,8,1736.130234
214,9,1731.546630
215,6,1787.117561
215,7,1762.197031
215,8,1736.130234
215,9,1731.546630
216,6,1787.117561
216,7,1762.197031
216,8,1736.130234
216,9,1731.546630
217,6,1787.117561
217,7,1759.920055
217,8,1736.130234
217,9,1731.546630
218,6,1787.117561
218,7,1759.920055
218,8,1736.130234
218,9,1731.546630
219,6,1787.117561
219,7,1759.920055
219,8,1736.130234
219,9,1731.546630
220,6,1787.117561
220,7,1759.920055
220,8,1736.130234
220,9,1731.546630
221,6,1787.117561
221,7,1754.349707
221,8,1736.130234
221,9,1731.546630
222,6,1787.117561
222,7,1754.349707
222,8,1736.130234
222,9,1731.546630
223,6,1787.117561
223,7,1754.349707
223,8,1736.130234
223,9,1731.546630
224,6,1787.117561
224,7,1754.349707
224,8,1736.130234
224,9,1731.546630
225,6,1787.117561
225,7,1751.232151
225,8,1736.130234
225,9,1731.546630
226,6,1787.117561
226,7,1751.232151
226,8,1736.130234
226,9,1731.546630
227,6,1787.117561
227,7,1751.232151
227,8,1736.130234
227,9,1731.546630
228,6,1787.117561
228,7,1751.232151
228,8,1736.130234
228,9,1731.546630
229,6,1787.117561
229,7,1751.232151
229,8,1736.130234
229,9,1731.546630
230,6,1787.117561
230,7,1751.232151
230,8,1736.130234
230,9,1731.546630
231,6,1787.117561
231,7,1751.232151
231,8,1736.130234
231,9,1731.546630
232,6,1787.117561
232,7,1751.232151
232,8,1736.130234
232,9,1731.546630
233,6,1787.117561
233,7,1751.232151
233,8,1736.130234
233,9,1731.546630
234,6,1787.117561
234,7,1751.232151
234,8,1736.130234
234,9,1731.546630
235,6,1787.117561
235,7,1751.232151
235,8,1736.130234
235,9,1731.546630
236,6,1787.117561
236,7,1751.232151
236,8,1736.130234
236,9,1731.546630
237,6,1787.117561
237,7,1751.232151
237,8,1736.130234
237,9,1731.546630
238,6,1787.117561
238,7,1751.232151
238,8,1736.130234
238,9,1731.546630
239,6,1787.117561
239,7,1751.232151
239,8,1736.130234
239,9,1731.546630
240,6,1787.117561
240,7,1751.232151
240,8,1736.130234
240,9,1731.546630
241,6,1787.117561
241,7,1751.232151
241,8,1736.130234
241,9,1731.546630
242,6,1787.117561
242,7,1751.232151
242,8,1736.130234
242,9,1731.546630
243,6,1787.117561
243,7,1751.232151
243,8,1736.130234
243,9,1731.546630
244,6,1787.117561
244,7,1751.232151
244,8,1736.130234
244,9,1731.546630
245,6,1787.117561
245,7,1751.232151
245,8,1736.130234
245,9,1731.546630
246,6,1787.117561
246,7,1751.232151
246,8,1736.130234
246,9,1731.546630
247,6,1787.117561
247,7,1751.232151
247,8,1736.130234
247,9,1731.546630
248,6,1787.117561
248,7,1751.232151
248,8,1736.130234
248,9,1731.546630
249,6,1787.117561
249,7,1751.232151
249,8,1736.130234
249,9,1731.546630
250,6,1783.901841
250,7,1751.232151
250,8,1736.130234
250,9,1731.546630
251,6,1783.901841
251,7,1751.232151
251,8,1736.130234
251,9,1731.546630
252,6,1783.901841
252,7,1751.232151
252,8,1736.130234
252,9,1731.546630
253,6,1783.901841
253,7,1751.232151
253,8,1736.130234
253,9,1731.546630
254,6,1783.901841
254,7,1751.232151
254,8,1736.130234
254,9,1731.546630
255,6,1783.901841
255,7,1751.232151
255,8,1736.130234
255,9,1731.546630
256,6,1783.901841
256,7,1751.232151
256,8,1736.130234
256,9,1731.546630
257,6,1783.901841
257,7,1751.232151
257,8,1736.130234
257,9,1731.546630
258,6,1783.901841
258,7,1751.232151
258,8,1736.130234
258,9,1731.546630
259,6,1783.901841
259,7,1751.232151
259,8,1736.130234
259,9,1731.546630
260,6,1783.901841
260,7,1751.232151
260,8,1736.130234
260,9,1731.546630
261,6,1783.901841
261,7,1751.232151
261,8,1736.130234
261,9,1731.546630
262,6,1783.901841
262,7,1751.232151
262,8,1736.130234
262,9,1731.546630
263,6,1783.901841
263,7,1751.232151
263,8,1736.130234
263,9,1731.546630
264,6,1783.901841
264,7,1751.232151
264,8,1736.130234
264,9,1731.546630
265,6,1783.901841
265,7,1751.232151
265,8,1736.130234
265,9,1731.546630
266,6,1783.901841
266,7,1751.232151
266,8,1736.130234
266,9,1731.546630
267,6,1783.901841
267,7,1751.232151
267,8,1736.130234
267,9,1731.546630
268,6,1783.901841
268,7,1751.232151
268,8,1736.130234
268,9,1731.546630
269,6,1783.901841
269,7,1751.232151
269,8,1736.130234
269,9,1731.546630
270,6,1783.901841
270,7,1751.232151
270,8,1736.130234
270,9,1731.546630
271,6,1783.901841
271,7,1751.232151
271,8,1736.130234
271,9,1731.546630
272,6,1783.901841
272,7,1751.232151
272,8,1736.130234
272,9,1731.546630
273,6,1783.901841
273,7,1751.232151
273,8,1736.130234
273,9,1731.546630
274,6,1783.901841
274,7,1751.232151
274,8,1736.130234
274,9,1731.546630
275,6,1783.901841
275,7,1751.232151
275,8,1736.130234
275,9,1731.546630
276,6,1783.901841
276,7,1751.232151
276,8,1736.130234
276,9,1731.546630
277,6,1783.901841
277,7,1751.232151
277,8,1736.130234
277,9,1731.546630
278,6,1783.901841
278,7,1751.232151
278,8,1736.130234
278,9,1731.546630
279,6,1783.901841
279,7,1751.232151
279,8,1736.130234
279,9,1731.546630
280,6,1783.901841
280,7,1751.232151
280,8,1736.130234
280,9,1731.546630
281,6,1783.901841
281,7,1751.232151
281,8,1736.130234
281,9,1731.546630
282,6,1783.901841
282,7,1751.232151
282,8,1736.130234
282,9,1731.546630
283,6,1783.901841
283,7,1751.232151
283,8,1736.130234
283,9,1731.546630
284,6,1783.901841
284,7,1751.232151
284,8,1736.130234
284,9,1731.546630
285,6,1783.901841
285,7,1751.232151
285,8,1736.130234
285,9,1731.546630
286,6,1783.901841
286,7,1751.232151
286,8,1736.130234
286,9,1731.546630
287,6,1783.901841
287,7,1751.232151
287,8,1736.130234
287,9,1731.546630
288,6,1783.901841
288,7,1751.232151
288,8,1736.130234
288,9,1731.546630
289,6,1783.901841
289,7,1751.232151
289,8,1736.130234
289,9,1731.546630
290,6,1783.901841
290,7,1751.232151
290,8,1736.130234
290,9,1731.546630
291,6,1783.901841
291,7,1751.232151
291,8,1736.130234
291,9,1731.546630
292,6,1783.901841
292,7,1751.232151
292,8,1736.130234
292,9,1731.546630
293,6,1783.901841
293,7,1751.232151
293,8,1736.130234
293,9,1731.546630
294,6,1783.901841
294,7,1751.232151
294,8,1736.130234
294,9,1731.546630
295,6,1783.901841
295,7,1751.232151
295,8,1736.130234
295,9,1731.546630
296,6,1783.901841
296,7,1751.232151
296,8,1736.130234
296,9,1731.546630
297,6,1783.901841
297,7,1751.232151
297,8,1736.130234
297,9,1731.546630
298,6,1783.901841
298,7,1751.232151
298,8,1736.130234
298,9,1731.546630
299,6,1783.901841
299,7,1751.232151
299,8,1736.130234
299,9,1731.546630
300,6,1783.901841
300,7,1751.232151
300,8,1736.130234
300,9,1731.546630
301,6,1783.901841
301,7,1748.166124
301,8,1736.130234
301,9,1731.546630
302,6,1783.901841
302,7,1748.166124
302,8,1736.130234
302,9,1731.546630
303,6,1783.901841
303,7,1748.166124
303,8,1736.130234
303,9,1731.546630
304,6,1783.901841
304,7,1748.166124
304,8,1736.130234
304,9,1731.546630
305,6,1783.901841
305,7,1748.166124
305,8,1736.130234
305,9,1731.546630
306,6,1783.901841
306,7,1748.166124
306,8,1736.130234
306,9,1731.546630
307,6,1783.901841
307,7,1748.166124
307,8,1736.130234
307,9,1731.546630
308,6,1783.901841
308,7,1748.166124
308,8,1736.130234
308,9,1731.546630
309,6,1783.901841
309,7,1748.166124
309,8,1736.130234
309,9,1731.546630
310,6,1783.901841
310,7,1748.166124
310,8,1736.130234
310,9,1731.546630
311,6,1783.901841
311,7,1748.166124
311,8,1736.130234
311,9,1731.546630
312,6,1783.901841
312,7,1748.166124
312,8,1736.130234
312,9,1731.546630
313,6,1783.901841
313,7,1748.166124
313,8,1736.130234
313,9,1731.546630
314,6,1783.901841
314,7,1748.166124
314,8,1736.130234
314,9,1731.546630
315,6,1783.901841
315,7,1748.166124
315,8,1736.130234
315,9,1731.546630
316,6,1783.901841
316,7,1748.166124
316,8,1736.130234
316,9,1731.546630
317,6,1783.901841
317,7,1748.166124
317,8,1736.130234
317,9,1731.546630
318,6,1783.901841
318,7,1748.166124
318,8,1736.130234
318,9,1731.546630
319,6,1783.901841
319,7,1748.166124
319,8,1736.130234
319,9,1731.546630
320,6,1783.901841
320,7,1748.166124
320,8,1736.130234
320,9,1731.546630
321,6,1783.901841
321,7,1748.166124
321,8,1736.130234
321,9,1731.546630
322,6,1783.901841
322,7,1748.166124
322,8,1736.130234
322,9,1731.546630
323,6,1783.901841
323,7,1748.166124
323,8,1736.130234
323,9,1731.546630
324,6,1783.901841
324,7,1748.166124
324,8,1736.130234
324,9,1731.546630
325,6,1783.901841
325,7,1748.166124
325,8,1736.130234
325,9,1731.546630
326,6,1783.901841
326,7,1748.166124
326,8,1736.130234
326,9,1731.546630
327,6,1783.901841
327,7,1748.166124
327,8,1736.130234
327,9,1731.546630
328,6,1783.901841
328,7,1748.166124
328,8,1736.130234
328,9,1731.546630
329,6,1783.901841
329,7,1748.166124
329,8,1736.130234
329,9,1731.546630
330,6,1783.901841
330,7,1748.166124
330,8,1736.130234
330,9,1731.546630
331,6,1783.901841
331,7,1748.166124
331,8,1736.130234
331,9,1731.546630
