Generation,NV,TOC
1,7,2258.931213
1,8,2196.454706
1,9,1959.121757
1,10,1743.041393
1,11,1651.849494
1,12,1599.492784
1,13,1598.972507
2,6,2083.395263
2,7,1858.305032
2,8,1693.866094
2,9,1555.471887
3,6,2083.395263
3,7,1730.075262
3,8,1693.866094
3,9,1555.471887
3,11,1520.263301
4,6,2083.395263
4,7,1563.609211
4,9,1555.471887
4,10,1525.366782
4,11,1502.163071
4,13,1496.457956
5,6,2083.395263
5,7,1563.609211
5,8,1534.512635
5,10,1525.366782
5,11,1502.163071
5,13,1496.457956
6,6,1841.593055
6,7,1563.609211
6,8,1534.512635
6,9,1517.566430
6,10,1421.403951
7,6,1673.908406
7,7,1563.609211
7,8,1534.512635
7,9,1451.527794
7,10,1421.403951
8,6,1673.908406
8,7,1563.609211
8,8,1534.512635
8,9,1451.527794
8,10,1421.403951
9,6,1595.368418
9,7,1563.609211
9,8,1444.008504
9,9,1402.738847
10,6,1595.368418
10,7,1563.609211
10,8,1394.266314
11,6,1518.598819
11,7,1495.210555
11,8,1394.266314
12,6,1518.598819
12,7,1495.210555
12,8,1386.337777
13,5,1665.307662
13,6,1430.948647
13,8,1373.722463
14,5,1665.307662
14,6,1430.948647
14,8,1373.722463
15,5,1665.307662
15,6,1430.948647
15,8,1373.722463
16,5,1665.307662
16,6,1430.948647
16,7,1393.642213
16,8,1373.722463
17,5,1665.307662
17,6,1430.948647
17,7,1393.642213
17,8,1373.722463
18,5,1665.307662
18,6,1430.948647
18,7,1364.936003
19,5,1665.307662
19,6,1430.948647
19,7,1364.936003
20,5,1571.187794
20,6,1430.948647
20,7,1364.936003
21,5,1571.187794
21,6,1428.504033
21,7,1364.790736
22,5,1571.187794
22,6,1414.701770
22,7,1364.790736
23,5,1571.142510
23,6,1414.701770
23,7,1353.406475
24,5,1553.487808
24,6,1414.701770
24,7,1353.406475
25,5,1551.871105
25,6,1414.701770
25,7,1353.406475
26,5,1551.871105
26,6,1414.701770
26,7,1353.406475
27,5,1551.871105
27,6,1414.701770
27,7,1353.406475
28,5,1551.871105
28,6,1398.359968
28,7,1353.406475
29,5,1537.591238
29,6,1398.359968
29,7,1353.406475
30,5,1537.591238
30,6,1392.669410
30,7,1349.270910
31,5,1520.795251
31,6,1372.198378
31,7,1349.270910
32,5,1495.903036
32,6,1372.198378
32,7,1349.270910
33,5,1491.771572
33,6,1372.198378
33,7,1349.270910
34,5,1462.757646
34,6,1372.198378
34,7,1349.270910
35,5,1462.757646
35,6,1372.198378
35,7,1349.270910
36,5,1462.757646
36,6,1372.198378
36,7,1349.270910
37,4,2065.919273
37,5,1462.757646
37,6,1372.198378
37,7,1349.270910
38,4,2065.919273
38,5,1462.757646
38,6,1372.198378
38,7,1344.609665
39,4,2065.919273
39,5,1462.757646
39,6,1372.198378
39,7,1344.609665
40,4,2065.919273
40,5,1439.594580
40,6,1365.106252
40,7,1344.609665
41,4,1804.227723
41,5,1439.594580
41,6,1365.106252
41,7,1344.609665
42,4,1804.227723
42,5,1439.594580
42,6,1365.106252
42,7,1344.609665
43,4,1804.227723
43,5,1439.594580
43,6,1365.106252
43,7,1344.609665
44,4,1712.548497
44,5,1439.594580
44,6,1365.106252
44,7,1344.609665
45,4,1712.548497
45,5,1439.594580
45,6,1362.362491
45,7,1344.609665
46,4,1712.548497
46,5,1397.652780
46,6,1362.362491
46,7,1344.609665
47,4,1712.548497
47,5,1397.652780
47,6,1362.362491
47,7,1344.609665
48,4,1712.548497
48,5,1397.652780
48,6,1359.886939
48,7,1344.609665
49,4,1636.951537
49,5,1397.652780
49,6,1355.439122
49,7,1344.609665
50,4,1636.951537
50,5,1397.652780
50,6,1355.439122
50,7,1344.609665
51,4,1636.951537
51,5,1397.652780
51,6,1355.439122
51,7,1344.609665
52,4,1631.332039
52,5,1397.652780
52,6,1355.439122
52,7,1343.851520
53,4,1631.332039
53,5,1397.652780
53,6,1338.732282
54,4,1631.332039
54,5,1397.172187
54,6,1338.732282
55,4,1631.332039
55,5,1397.172187
55,6,1338.732282
56,4,1631.332039
56,5,1397.172187
56,6,1338.732282
57,4,1631.332039
57,5,1394.517551
57,6,1338.732282
58,4,1603.268494
58,5,1394.517551
58,6,1335.327038
59,4,1603.268494
59,5,1394.517551
59,6,1335.327038
60,4,1603.268494
60,5,1394.517551
60,6,1335.327038
61,4,1603.268494
61,5,1394.517551
61,6,1335.327038
62,4,1603.268494
62,5,1394.517551
62,6,1335.327038
63,4,1603.268494
63,5,1394.517551
63,6,1335.327038
64,4,1603.268494
64,5,1394.517551
64,6,1335.327038
65,4,1603.268494
65,5,1394.517551
65,6,1335.327038
66,4,1603.268494
66,5,1394.517551
66,6,1335.327038
67,4,1603.268494
67,5,1394.517551
67,6,1333.608354
68,4,1603.268494
68,5,1394.517551
68,6,1333.608354
69,4,1560.183158
69,5,1394.517551
69,6,1333.608354
70,4,1560.183158
70,5,1394.517551
70,6,1333.608354
71,4,1560.183158
71,5,1394.517551
71,6,1333.608354
72,4,1560.183158
72,5,1394.517551
72,6,1333.608354
73,4,1560.183158
73,5,1394.517551
73,6,1333.608354
74,4,1560.183158
74,5,1394.517551
74,6,1333.608354
75,4,1560.183158
75,5,1394.517551
75,6,1333.608354
76,4,1560.183158
76,5,1394.517551
76,6,1333.608354
77,4,1560.183158
77,5,1394.517551
77,6,1333.608354
78,4,1560.183158
78,5,1394.517551
78,6,1333.608354
79,4,1560.183158
79,5,1394.517551
79,6,1333.608354
80,4,1560.183158
80,5,1394.517551
80,6,1333.608354
81,4,1560.183158
81,5,1394.517551
81,6,1333.608354
82,4,1560.183158
82,5,1394.517551
82,6,1333.608354
83,4,1560.183158
83,5,1394.272647
83,6,1333.608354
84,4,1560.183158
84,5,1394.272647
84,6,1333.608354
85,4,1535.549098
85,5,1394.272647
85,6,1333.608354
86,4,1535.549098
86,5,1394.272647
86,6,1333.608354
87,4,1535.549098
87,5,1394.272647
87,6,1333.608354
88,4,1535.549098
88,5,1394.272647
88,6,1333.608354
89,4,1535.549098
89,5,1394.272647
89,6,1333.608354
90,4,1535.549098
90,5,1389.748189
90,6,1333.608354
91,4,1535.549098
91,5,1389.748189
91,6,1333.608354
92,4,1535.549098
92,5,1389.748189
92,6,1333.608354
93,4,1535.549098
93,5,1389.748189
93,6,1333.608354
94,4,1535.549098
94,5,1389.748189
94,6,1333.608354
95,4,1535.549098
95,5,1389.748189
95,6,1333.608354
96,4,1535.549098
96,5,1389.748189
96,6,1333.608354
97,4,1535.549098
97,5,1389.748189
97,6,1333.608354
98,4,1535.549098
98,5,1385.433834
98,6,1333.608354
99,4,1535.549098
99,5,1385.433834
99,6,1333.608354
100,4,1535.549098
100,5,1385.433834
100,6,1333.608354
101,4,1535.549098
101,5,1385.433834
101,6,1333.608354
102,4,1535.549098
102,5,1385.433834
102,6,1333.608354
103,4,1535.549098
103,5,1385.433834
103,6,1333.608354
104,4,1535.549098
104,5,1385.433834
104,6,1333.608354
105,4,1535.549098
105,5,1385.433834
105,6,1333.608354
106,4,1535.549098
106,5,1385.433834
106,6,1333.608354
107,4,1535.549098
107,5,1385.433834
107,6,1333.608354
108,4,1535.549098
108,5,1385.433834
108,6,1333.608354
109,4,1535.549098
109,5,1385.433834
109,6,1333.608354
110,4,1535.549098
110,5,1385.433834
110,6,1333.608354
111,4,1535.549098
111,5,1385.433834
111,6,1333.608354
112,4,1535.549098
112,5,1383.331939
112,6,1333.608354
113,4,1535.549098
113,5,1383.331939
113,6,1333.608354
114,4,1535.549098
114,5,1383.331939
114,6,1333.608354
115,4,1535.549098
115,5,1383.331939
115,6,1333.608354
116,4,1535.549098
116,5,1383.331939
116,6,1333.608354
117,4,1535.549098
117,5,1383.331939
117,6,1333.608354
118,4,1535.549098
118,5,1383.331939
118,6,1333.608354
119,4,1535.549098
119,5,1383.331939
119,6,1333.608354
120,4,1535.549098
120,5,1383.331939
120,6,1333.608354
121,4,1535.549098
121,5,1383.331939
121,6,1333.608354
122,4,1535.549098
122,5,1383.331939
122,6,1333.608354
123,4,1535.549098
123,5,1383.331939
123,6,1333.608354
124,4,1535.549098
124,5,1383.331939
124,6,1331.358718
125,4,1535.549098
125,5,1383.331939
125,6,1331.358718
126,4,1535.549098
126,5,1383.331939
126,6,1331.358718
127,4,1535.549098
127,5,1383.331939
127,6,1331.358718
128,4,1535.549098
128,5,1383.331939
128,6,1331.358718
129,4,1535.549098
129,5,1383.331939
129,6,1331.358718
130,4,1535.549098
130,5,1383.331939
130,6,1331.358718
131,4,1535.549098
131,5,1383.331939
131,6,1331.358718
132,4,1535.549098
132,5,1383.331939
132,6,1331.358718
133,4,1535.549098
133,5,1383.331939
133,6,1331.358718
134,4,1535.549098
134,5,1383.331939
134,6,1331.358718
135,4,1535.549098
135,5,1383.331939
135,6,1331.358718
136,4,1535.549098
136,5,1383.331939
136,6,1331.358718
137,4,1535.549098
137,5,1383.331939
137,6,1331.358718
138,4,1535.549098
138,5,1383.331939
138,6,1331.358718
139,4,1535.549098
139,5,1383.331939
139,6,1331.358718
140,4,1535.549098
140,5,1383.331939
140,6,1331.358718
141,4,1535.549098
141,5,1383.331939
141,6,1331.358718
142,4,1535.549098
142,5,1383.331939
142,6,1331.358718
143,4,1535.549098
143,5,1383.331939
143,6,1331.358718
144,4,1535.549098
144,5,1383.331939
144,6,1331.358718
145,4,1535.549098
145,5,1383.331939
145,6,1331.358718
146,4,1535.220711
146,5,1383.331939
146,6,1331.358718
147,4,1535.220711
147,5,1383.331939
147,6,1331.358718
148,4,1535.220711
148,5,1383.331939
148,6,1331.358718
149,4,1535.220711
149,5,1383.331939
149,6,1331.358718
150,4,1535.220711
150,5,1383.331939
150,6,1331.358718
151,4,1535.220711
151,5,1376.915378
151,6,1331.358718
152,4,1535.220711
152,5,1376.915378
152,6,1331.358718
153,4,1535.220711
153,5,1376.915378
153,6,1331.358718
154,4,1525.239561
154,5,1376.915378
154,6,1331.358718
155,4,1525.239561
155,5,1376.915378
155,6,1331.358718
156,4,1525.239561
156,5,1376.915378
156,6,1331.358718
157,4,1525.239561
157,5,1376.915378
157,6,1331.358718
158,4,1525.239561
158,5,1376.915378
158,6,1331.358718
159,4,1525.239561
159,5,1376.915378
159,6,1331.358718
160,4,1525.239561
160,5,1376.915378
160,6,1331.358718
161,4,1525.239561
161,5,1376.915378
161,6,1331.358718
162,4,1525.239561
162,5,1376.915378
162,6,1331.358718
163,4,1525.239561
163,5,1376.915378
163,6,1331.358718
164,4,1525.239561
164,5,1376.915378
164,6,1331.358718
165,4,1525.239561
165,5,1376.915378
165,6,1331.358718
166,4,1525.239561
166,5,1376.915378
166,6,1331.358718
167,4,1525.239561
167,5,1376.915378
167,6,1331.358718
168,4,1525.239561
168,5,1376.915378
168,6,1331.358718
169,4,1525.239561
169,5,1376.915378
169,6,1331.358718
170,4,1525.239561
170,5,1376.915378
170,6,1331.358718
171,4,1525.239561
171,5,1367.930522
171,6,1331.358718
172,4,1525.239561
172,5,1363.015298
172,6,1331.358718
173,4,1525.239561
173,5,1363.015298
173,6,1331.358718
174,4,1525.239561
174,5,1363.015298
174,6,1331.358718
175,4,1525.239561
175,5,1363.015298
175,6,1331.358718
176,4,1525.239561
176,5,1363.015298
176,6,1331.358718
177,4,1525.122010
177,5,1363.015298
177,6,1331.358718
178,4,1525.122010
178,5,1363.015298
178,6,1331.358718
179,4,1525.122010
179,5,1363.015298
179,6,1331.358718
180,4,1525.122010
180,5,1363.015298
180,6,1331.358718
181,4,1525.122010
181,5,1363.015298
181,6,1331.358718
182,4,1525.122010
182,5,1363.015298
182,6,1331.358718
183,4,1525.122010
183,5,1363.015298
183,6,1331.358718
184,4,1525.122010
184,5,1363.015298
184,6,1331.358718
185,4,1525.122010
185,5,1363.015298
185,6,1331.358718
186,4,1525.122010
186,5,1363.015298
186,6,1331.358718
187,4,1525.122010
187,5,1363.015298
187,6,1331.358718
188,4,1525.122010
188,5,1363.015298
188,6,1331.358718
189,4,1525.122010
189,5,1363.015298
189,6,1331.358718
190,4,1525.122010
190,5,1363.015298
190,6,1331.358718
191,4,1525.122010
191,5,1363.015298
191,6,1331.358718
192,4,1525.122010
192,5,1363.015298
192,6,1331.358718
193,4,1525.122010
193,5,1363.015298
193,6,1331.358718
194,4,1525.122010
194,5,1363.015298
194,6,1331.358718
195,4,1525.122010
195,5,1363.015298
195,6,1331.358718
196,4,1525.122010
196,5,1363.015298
196,6,1331.358718
197,4,1525.122010
197,5,1363.015298
197,6,1331.358718
198,4,1525.122010
198,5,1363.015298
198,6,1331.358718
199,4,1525.122010
199,5,1363.015298
199,6,1331.358718
200,4,1525.122010
200,5,1363.015298
200,6,1331.358718
201,4,1525.122010
201,5,1363.015298
201,6,1331.358718
202,4,1525.122010
202,5,1363.015298
202,6,1331.358718
203,4,1525.122010
203,5,1363.015298
203,6,1331.358718
204,4,1525.122010
204,5,1363.015298
204,6,1331.358718
205,4,1525.122010
205,5,1363.015298
205,6,1331.358718
206,4,1525.122010
206,5,1363.015298
206,6,1331.358718
207,4,1525.122010
207,5,1363.015298
207,6,1331.358718
208,4,1525.122010
208,5,1363.015298
208,6,1331.358718
209,4,1525.122010
209,5,1363.015298
209,6,1331.358718
210,4,1525.122010
210,5,1360.694462
210,6,1331.358718
211,4,1518.974024
211,5,1360.694462
211,6,1331.358718
212,4,1518.974024
212,5,1360.694462
212,6,1331.358718
213,4,1518.974024
213,5,1360.694462
213,6,1331.358718
214,4,1518.974024
214,5,1360.694462
214,6,1331.358718
215,4,1518.974024
215,5,1360.694462
215,6,1331.358718
216,4,1518.974024
216,5,1360.694462
216,6,1331.358718
217,4,1518.974024
217,5,1360.694462
217,6,1331.358718
218,4,1518.974024
218,5,1360.694462
218,6,1331.358718
219,4,1518.974024
219,5,1360.694462
219,6,1331.358718
220,4,1518.974024
220,5,1360.694462
220,6,1331.358718
221,4,1518.974024
221,5,1360.694462
221,6,1331.358718
222,4,1518.974024
222,5,1360.694462
222,6,1331.358718
223,4,1518.974024
223,5,1360.694462
223,6,1331.358718
224,4,1518.974024
224,5,1360.694462
224,6,1331.358718
225,4,1518.974024
225,5,1360.694462
225,6,1331.358718
226,4,1518.974024
226,5,1360.694462
226,6,1331.358718
227,4,1518.974024
227,5,1360.694462
227,6,1331.358718
228,4,1518.974024
228,5,1360.694462
228,6,1331.358718
229,4,1518.974024
229,5,1360.694462
229,6,1331.358718
230,4,1518.974024
230,5,1360.694462
230,6,1331.358718
231,4,1518.974024
231,5,1360.694462
231,6,1331.358718
232,4,1518.974024
232,5,1360.694462
232,6,1331.358718
233,4,1518.974024
233,5,1360.694462
233,6,1331.358718
234,4,1518.974024
234,5,1360.694462
234,6,1331.358718
235,4,1518.974024
235,5,1360.694462
235,6,1331.358718
236,4,1518.974024
236,5,1360.694462
236,6,1331.358718
237,4,1518.974024
237,5,1360.694462
237,6,1331.358718
238,4,1518.974024
238,5,1360.694462
238,6,1331.358718
239,4,1518.974024
239,5,1360.694462
239,6,1331.358718
240,4,1518.974024
240,5,1360.694462
240,6,1331.358718
241,4,1518.974024
241,5,1360.694462
241,6,1331.358718
242,4,1518.974024
242,5,1360.694462
242,6,1331.358718
243,4,1518.974024
243,5,1360.694462
243,6,1331.358718
244,4,1518.974024
244,5,1360.694462
244,6,1331.358718
245,4,1518.974024
245,5,1360.694462
245,6,1331.358718
246,4,1518.974024
246,5,1360.694462
246,6,1331.358718
247,4,1518.974024
247,5,1360.694462
247,6,1331.358718
248,4,1518.974024
248,5,1360.694462
248,6,1331.358718
249,4,1518.974024
249,5,1360.694462
249,6,1331.358718
250,4,1518.974024
250,5,1360.694462
250,6,1331.358718
251,4,1518.974024
251,5,1360.694462
251,6,1331.358718
252,4,1518.974024
252,5,1360.694462
252,6,1331.358718
253,4,1518.974024
253,5,1360.694462
253,6,1331.358718
254,4,1518.974024
254,5,1360.694462
254,6,1331.358718
255,4,1518.974024
255,5,1360.694462
255,6,1331.358718
256,4,1518.974024
256,5,1360.694462
256,6,1331.358718
257,4,1518.974024
257,5,1360.694462
257,6,1331.358718
258,4,1518.974024
258,5,1360.694462
258,6,1331.358718
259,4,1518.974024
259,5,1360.694462
259,6,1331.358718
260,4,1518.974024
260,5,1360.694462
260,6,1331.358718
261,4,1518.974024
261,5,1360.694462
261,6,1331.358718
262,4,1518.974024
262,5,1360.694462
262,6,1331.358718
263,4,1518.974024
263,5,1360.694462
263,6,1331.358718
264,4,1518.974024
264,5,1360.694462
264,6,1331.358718
265,4,1518.974024
265,5,1360.694462
265,6,1331.358718
266,4,1518.974024
266,5,1360.694462
266,6,1331.358718
267,4,1518.974024
267,5,1360.694462
267,6,1331.358718
268,4,1518.974024
268,5,1360.694462
268,6,1331.358718
269,4,1518.974024
269,5,1360.694462
269,6,1331.358718
270,4,1518.974024
270,5,1360.694462
270,6,1331.358718
271,4,1518.974024
271,5,1360.694462
271,6,1331.358718
272,4,1518.974024
272,5,1360.694462
272,6,1331.358718
273,4,1518.974024
273,5,1360.694462
273,6,1331.358718
274,4,1518.974024
274,5,1360.694462
274,6,1331.358718
275,4,1518.974024
275,5,1360.694462
275,6,1331.358718
276,4,1518.974024
276,5,1360.694462
276,6,1331.358718
277,4,1518.974024
277,5,1360.694462
277,6,1331.358718
278,4,1518.974024
278,5,1360.694462
278,6,1331.358718
279,4,1518.974024
279,5,1356.347498
279,6,1331.358718
280,4,1518.974024
280,5,1356.347498
280,6,1331.358718
281,4,1518.974024
281,5,1356.347498
281,6,1331.358718
282,4,1518.974024
282,5,1356.347498
282,6,1331.358718
283,4,1518.974024
283,5,1356.347498
283,6,1331.358718
284,4,1518.974024
284,5,1356.347498
284,6,1331.358718
285,4,1518.974024
285,5,1356.347498
285,6,1331.358718
286,4,1518.974024
286,5,1356.347498
286,6,1331.358718
287,4,1518.974024
287,5,1356.347498
287,6,1331.358718
288,4,1518.974024
288,5,1356.347498
288,6,1331.358718
289,4,1518.974024
289,5,1356.347498
289,6,1331.358718
290,4,1518.974024
290,5,1356.347498
290,6,1331.358718
291,4,1518.974024
291,5,1356.347498
291,6,1331.358718
292,4,1518.974024
292,5,1356.347498
292,6,1331.358718
293,4,1518.974024
293,5,1356.347498
293,6,1331.358718
294,4,1518.974024
294,5,1356.347498
294,6,1331.358718
295,4,1518.974024
295,5,1356.347498
295,6,1331.358718
296,4,1518.974024
296,5,1356.347498
296,6,1331.358718
297,4,1517.191676
297,5,1356.347498
297,6,1331.358718
298,4,1517.191676
298,5,1356.347498
298,6,1331.358718
299,4,1517.191676
299,5,1356.347498
299,6,1331.358718
300,4,1517.191676
300,5,1356.347498
300,6,1331.358718
301,4,1517.191676
301,5,1356.347498
301,6,1331.358718
302,4,1517.191676
302,5,1356.347498
302,6,1331.358718
303,4,1517.191676
303,5,1356.347498
303,6,1331.358718
304,4,1517.191676
304,5,1356.347498
304,6,1331.358718
305,4,1517.191676
305,5,1356.347498
305,6,1331.358718
306,4,1517.191676
306,5,1356.347498
306,6,1331.358718
307,4,1517.191676
307,5,1356.347498
307,6,1331.358718
308,4,1517.191676
308,5,1356.347498
308,6,1331.358718
309,4,1517.191676
309,5,1356.347498
309,6,1331.358718
310,4,1517.191676
310,5,1356.347498
310,6,1331.358718
311,4,1517.191676
311,5,1356.347498
311,6,1331.358718
312,4,1517.191676
312,5,1356.347498
312,6,1331.358718
313,4,1517.191676
313,5,1356.347498
313,6,1331.358718
314,4,1517.191676
314,5,1356.347498
314,6,1331.358718
315,4,1517.191676
315,5,1356.347498
315,6,1331.358718
316,4,1517.191676
316,5,1356.347498
316,6,1331.358718
317,4,1517.191676
317,5,1356.347498
317,6,1331.358718
318,4,1517.191676
318,5,1356.347498
318,6,1331.358718
319,4,1517.191676
319,5,1356.347498
319,6,1331.358718
320,4,1517.191676
320,5,1356.347498
320,6,1331.358718
321,4,1517.191676
321,5,1356.347498
321,6,1331.358718
322,4,1517.191676
322,5,1356.347498
322,6,1331.358718
323,4,1517.191676
323,5,1356.347498
323,6,1331.358718
324,4,1517.191676
324,5,1356.347498
324,6,1331.358718
325,4,1517.191676
325,5,1356.347498
325,6,1331.358718
326,4,1517.191676
326,5,1356.347498
326,6,1331.358718
327,4,1517.191676
327,5,1356.347498
327,6,1331.358718
328,4,1517.191676
328,5,1356.347498
328,6,1331.358718
329,4,1517.191676
329,5,1356.347498
329,6,1331.358718
330,4,1517.191676
330,5,1356.347498
330,6,1331.358718
331,4,1517.191676
331,5,1356.347498
331,6,1331.358718
