Generation,NV,TOC
1,58,25629.442375
1,60,19943.545834
1,64,17968.883734
1,71,17218.362680
1,78,16060.646936
1,79,16024.226054
1,82,14949.154216
1,148,14799.995266
2,56,20014.195411
2,60,19677.450414
2,61,18980.336897
2,64,17968.883734
2,71,17218.362680
2,74,16713.290640
2,78,16060.646936
2,79,15950.784296
2,80,15666.124549
2,82,14925.573105
2,148,14799.995266
3,56,20014.195411
3,58,19844.788574
3,59,19443.409720
3,61,18980.336897
3,62,17921.296188
3,64,17721.526927
3,70,17085.548834
3,73,16587.956504
3,74,16083.336728
3,75,15653.781714
3,79,15537.234473
3,80,14684.626648
4,56,20014.195411
4,58,19844.788574
4,59,19443.409720
4,60,19057.636866
4,61,17069.642378
4,72,15862.429130
4,74,15240.352299
4,76,15107.315649
4,77,15078.434137
4,78,15019.626916
4,80,14684.626648
5,56,19886.590600
5,57,19664.103995
5,59,19443.409720
5,60,19057.636866
5,61,17069.642378
5,70,16042.977505
5,72,15769.085737
5,74,15138.330293
5,76,14922.951904
5,77,14915.024221
5,79,14545.182212
5,90,14311.479412
5,105,14306.887856
6,54,20090.792880
6,55,18419.704600
6,61,17069.642378
6,70,15242.356317
6,72,15078.314733
6,75,15000.648672
6,76,14922.951904
6,77,14915.024221
6,79,14545.182212
6,84,14498.797893
6,85,14428.248656
6,90,14311.479412
6,105,14306.887856
7,54,20090.792880
7,55,18419.704600
7,56,17776.933898
7,60,17030.247384
7,63,16668.400209
7,66,14987.847125
7,69,14735.690310
7,77,14641.354708
7,79,14416.645600
7,82,14106.079262
8,54,20090.792880
8,55,18419.704600
8,56,17776.933898
8,60,16320.743808
8,65,16069.188301
8,66,14987.847125
8,68,14956.306979
8,69,14614.196407
8,72,14389.881257
8,76,14222.665110
8,81,14207.226452
8,82,14106.079262
9,54,20090.792880
9,55,18419.704600
9,56,17776.933898
9,57,16259.117132
9,61,15880.194321
9,65,15539.031948
9,66,14937.804263
9,67,14853.605518
9,68,14441.904227
9,72,14350.922417
9,76,14076.425147
9,82,13994.662052
10,53,17124.340663
10,56,17000.963108
10,57,16259.117132
10,61,15880.194321
10,63,15720.563204
10,64,15332.023837
10,65,15109.219807
10,66,14937.804263
10,67,14853.605518
10,68,14441.904227
10,72,14350.922417
10,73,14211.686816
10,76,14076.425147
10,77,13854.900012
11,53,17124.340663
11,56,17000.963108
11,57,16259.117132
11,61,15676.444759
11,63,15140.404429
11,64,14988.069826
11,65,14628.243159
11,68,14417.700876
11,72,14254.330503
11,73,14126.176470
11,75,14040.407246
11,77,13817.294531
12,51,17595.025059
12,52,17387.090439
12,53,17124.340663
12,54,17085.552484
12,55,16460.280368
12,57,16259.117132
12,58,15881.851574
12,60,15618.178979
12,63,15140.404429
12,64,14988.069826
12,65,14628.243159
12,68,14417.700876
12,70,14250.020287
12,73,14126.176470
12,74,13800.597329
13,51,17595.025059
13,52,17387.090439
13,53,16037.515394
13,57,15749.354257
13,59,15514.973010
13,61,15049.538709
13,64,14574.585314
13,68,14378.154421
13,70,14230.361549
13,73,14081.288844
13,74,13556.027374
14,51,16981.624301
14,53,16037.515394
14,56,15802.032007
14,57,15749.354257
14,59,15514.973010
14,60,15391.491080
14,61,14738.709876
14,64,14094.961698
14,73,14081.288844
14,74,13556.027374
15,49,17835.814924
15,51,16769.389693
15,53,16037.515394
15,55,15769.743515
15,56,15638.643830
15,57,15021.647051
15,60,14696.089608
15,61,14540.417862
15,62,14018.249792
15,74,13518.977047
16,49,17835.814924
16,50,17481.481598
16,51,16769.389693
16,53,16037.515394
16,55,15408.531784
16,57,14960.280768
16,60,14696.089608
16,61,14540.417862
16,62,14018.249792
16,74,13518.977047
17,49,17835.814924
17,50,16715.338299
17,53,15780.004245
17,55,15303.565475
17,57,14709.797774
17,59,14586.413221
17,61,14495.519950
17,62,13991.044879
17,65,13927.252209
17,74,13513.054984
18,49,17835.814924
18,50,16715.338299
18,52,16605.711186
18,53,15780.004245
18,55,15303.565475
18,57,14709.797774
18,59,14586.413221
18,61,14442.131435
18,62,13991.044879
18,65,13927.252209
18,74,13513.054984
19,49,17835.814924
19,50,16545.990924
19,52,16426.552131
19,53,15732.310772
19,55,15049.619366
19,56,14606.231194
19,59,14422.169344
19,60,13978.128620
19,65,13882.364691
19,74,13497.048929
20,49,17835.814924
20,50,16545.990924
20,52,16092.099482
20,53,15732.310772
20,54,15701.928220
20,55,15049.619366
20,56,14606.231194
20,59,14422.169344
20,60,13978.128620
20,65,13882.364691
20,74,13497.048929
21,49,16511.614120
21,52,16092.099482
21,53,14884.399684
21,56,14516.103891
21,58,14345.844277
21,59,13853.295427
21,61,13852.458422
21,70,13758.217638
21,74,13444.550882
22,49,16511.614120
22,52,16092.099482
22,53,14884.399684
22,56,14516.103891
22,58,14345.844277
22,59,13853.295427
22,61,13852.458422
22,70,13758.217638
22,74,13444.550882
23,49,16511.614120
23,50,15978.685722
23,53,14884.399684
23,56,14392.881020
23,57,14204.560103
23,59,13749.971229
23,61,13727.070933
23,67,13724.897573
23,70,13723.814108
23,73,13560.842376
23,74,13441.432521
23,81,13410.056987
24,49,16511.614120
24,50,15864.858403
24,53,14884.399684
24,56,14392.881020
24,57,14204.560103
24,59,13749.971229
24,60,13718.307369
24,65,13667.028305
24,73,13560.842376
24,74,13441.432521
24,81,13410.056987
25,48,17363.709772
25,49,16511.614120
25,50,15864.858403
25,51,15707.438013
25,53,14884.399684
25,55,14351.843444
25,57,14134.856236
25,58,13718.340069
25,60,13718.307369
25,65,13631.767790
25,68,13619.640891
25,73,13379.582191
25,77,13344.602206
25,86,13339.445749
26,48,17363.709772
26,49,16162.987131
26,50,15864.858403
26,51,15707.438013
26,53,14884.399684
26,55,14351.843444
26,57,14134.856236
26,58,13718.340069
26,60,13718.307369
26,61,13627.970486
26,64,13535.241307
26,70,13332.373178
26,74,13277.236422
27,48,17363.709772
27,49,16162.987131
27,50,15864.858403
27,51,15488.615144
27,53,14837.873823
27,55,14313.855491
27,57,14086.350925
27,58,13701.628371
27,60,13607.053335
27,64,13495.126328
27,70,13324.980549
27,74,13245.395732
28,48,17031.707590
28,49,16162.987131
28,50,15864.858403
28,51,15291.653389
28,53,14837.873823
28,55,14313.855491
28,57,14086.350925
28,58,13701.628371
28,60,13607.053335
28,62,13551.271242
28,63,13382.354461
28,70,13324.980549
28,74,13245.395732
28,76,13104.483745
29,48,16960.344661
29,49,15545.609669
29,51,15291.653389
29,52,14925.466845
29,53,14837.873823
29,54,14104.444884
29,56,14012.082506
29,58,13701.628371
29,60,13551.753326
29,62,13551.271242
29,63,13356.077527
29,67,13251.149163
29,73,13177.736069
29,74,13096.469522
29,75,13073.068694
30,48,16960.344661
30,49,15408.137973
30,51,15291.653389
30,52,14925.466845
30,53,14837.873823
30,54,14104.444884
30,56,14012.082506
30,58,13701.628371
30,60,13551.753326
30,62,13551.271242
30,63,13356.077527
30,67,13251.149163
30,73,13177.736069
30,74,13096.469522
30,75,13073.068694
30,76,13047.222252
31,48,16960.344661
31,49,15408.137973
31,51,15291.653389
31,52,14925.466845
31,53,14837.873823
31,54,14104.444884
31,56,13964.577257
31,58,13624.006765
31,59,13477.206136
31,62,13395.867487
31,63,13356.077527
31,67,13158.711073
31,73,13135.875030
31,74,13004.613634
32,47,17773.405623
32,48,16525.010681
32,49,15408.137973
32,51,15291.653389
32,52,14925.466845
32,53,14837.873823
32,54,14104.444884
32,56,13964.577257
32,58,13624.006765
32,59,13477.206136
32,62,13395.867487
32,63,13356.077527
32,66,13133.955808
32,74,13004.613634
33,47,17773.405623
33,48,16525.010681
33,49,15408.137973
33,51,15291.653389
33,52,14925.466845
33,53,14712.896886
33,54,14104.444884
33,56,13964.577257
33,57,13453.261809
33,59,13426.907584
33,62,13297.568270
33,66,13096.591088
33,73,12996.845445
34,45,18195.130758
34,47,17773.405623
34,48,16525.010681
34,49,15408.137973
34,51,15056.174041
34,52,14925.466845
34,53,14712.896886
34,54,14104.444884
34,56,13964.577257
34,57,13453.261809
34,59,13426.907584
34,62,13297.568270
34,66,13096.591088
34,73,12996.845445
35,45,18195.130758
35,47,17773.405623
35,48,16525.010681
35,49,15408.137973
35,51,15056.174041
35,52,14657.503694
35,54,14085.094844
35,55,13957.826728
35,57,13440.971416
35,59,13394.260953
35,60,13253.854238
35,65,13186.100107
35,66,13006.232205
35,73,12979.496379
36,45,18195.130758
36,47,17760.071716
36,48,16525.010681
36,49,15408.137973
36,50,15299.876137
36,51,15056.174041
36,52,14657.503694
36,54,14085.094844
36,55,13957.826728
36,57,13440.971416
36,59,13394.260953
36,60,13253.854238
36,61,13214.297549
36,65,13186.100107
36,66,13006.232205
36,73,12979.496379
37,45,18195.130758
37,47,17725.090233
37,48,16525.010681
37,49,15408.137973
37,50,15299.876137
37,51,15056.174041
37,52,14620.158945
37,54,13866.687415
37,57,13364.186179
37,60,13247.049257
37,61,13208.154012
37,64,13059.929607
37,66,12987.183529
37,73,12957.313147
38,45,18195.130758
38,46,17908.634228
38,47,17725.090233
38,48,16525.010681
38,49,15408.137973
38,50,15299.876137
38,51,14889.039284
38,52,14620.158945
38,54,13866.687415
38,56,13668.585323
38,57,13364.186179
38,60,13247.049257
38,61,13208.154012
38,64,13059.929607
38,66,12987.183529
38,73,12957.313147
39,44,19237.428593
39,45,18195.130758
39,46,17908.634228
39,47,17725.090233
39,48,16031.743049
39,49,15408.137973
39,50,15299.876137
39,51,14786.061548
39,52,14539.054526
39,53,13840.948814
39,56,13602.985023
39,57,13354.748212
39,59,13171.185817
39,62,13019.266675
39,64,12886.417857
40,44,19237.428593
40,45,18195.130758
40,46,17908.634228
40,47,17231.342892
40,48,14480.927405
40,53,13840.948814
40,56,13602.985023
40,57,13354.748212
40,59,13171.185817
40,60,13145.074939
40,62,13019.266675
40,64,12886.417857
41,44,19237.428593
41,45,17877.506681
41,46,16140.444535
41,48,14431.463497
41,53,13804.682780
41,55,13566.815226
41,57,13336.151652
41,59,13118.406008
41,62,13019.266675
41,64,12867.947426
42,44,18424.043481
42,45,17877.506681
42,46,16140.444535
42,48,14431.463497
42,52,14285.264418
42,53,13804.682780
42,55,13566.815226
42,57,13336.151652
42,59,13118.406008
42,62,13019.266675
42,63,12958.643084
42,64,12867.947426
43,44,18029.663868
43,45,17877.506681
43,46,15923.483439
43,48,14416.255023
43,52,14262.685339
43,53,13647.584402
43,55,13515.109993
43,57,13301.073566
43,59,13093.631359
43,62,12978.054992
43,63,12830.358354
44,44,18029.663868
44,45,17877.506681
44,46,15923.483439
44,48,14416.255023
44,52,14262.685339
44,53,13647.584402
44,55,13515.109993
44,57,13301.073566
44,59,13093.631359
44,60,13023.488644
44,62,12978.054992
44,63,12830.358354
45,43,18757.255072
45,44,18029.663868
45,45,15717.369309
45,48,14390.522158
45,51,14246.169905
45,52,13557.137207
45,55,13432.206359
45,57,13278.144683
45,59,13093.631359
45,60,12916.628012
45,62,12908.501923
45,63,12776.752959
46,43,18757.255072
46,44,18029.663868
46,45,15717.369309
46,48,14390.522158
46,51,14246.169905
46,52,13557.137207
46,55,13432.206359
46,57,13278.144683
46,59,13093.631359
46,60,12916.628012
46,62,12908.501923
46,63,12776.752959
47,43,18757.255072
47,44,18029.663868
47,45,15624.429381
47,48,14218.064798
47,52,13557.137207
47,55,13406.310325
47,57,13278.144683
47,59,12872.855531
47,63,12661.653831
48,43,18757.255072
48,44,18029.663868
48,45,15624.429381
48,48,14218.064798
48,52,13557.137207
48,55,13406.310325
48,57,13278.144683
48,59,12872.855531
48,63,12661.653831
49,43,18715.073944
49,44,17961.872495
49,45,15480.297273
49,48,14098.797046
49,52,13503.557879
49,55,13267.594335
49,59,12797.317051
49,62,12785.227981
49,63,12613.708720
50,42,19555.936897
50,43,18715.073944
50,44,17848.183943
50,45,15480.297273
50,48,14098.797046
50,52,13503.557879
50,55,13267.594335
50,59,12797.317051
50,62,12656.093517
50,63,12613.708720
51,42,19555.936897
51,43,18715.073944
51,44,17203.581849
51,45,15362.075388
51,48,14098.797046
51,51,13979.615527
51,52,13503.557879
51,55,13238.209045
51,57,13129.564876
51,58,12747.483088
51,62,12581.030043
52,41,19250.590050
52,43,18715.073944
52,44,17203.581849
52,45,15362.075388
52,48,14098.797046
52,51,13979.615527
52,52,13503.557879
52,55,13238.209045
52,57,13129.564876
52,58,12747.483088
52,62,12581.030043
53,41,19250.590050
53,42,18529.369222
53,44,17096.712519
53,45,15067.953495
53,47,13999.339881
53,50,13425.465210
53,55,13164.455799
53,57,13085.655435
53,58,12715.870035
53,62,12570.919845
54,41,19250.590050
54,42,18529.369222
54,44,17096.712519
54,45,15067.953495
54,47,13999.339881
54,50,13425.465210
54,55,13164.455799
54,57,13085.655435
54,58,12715.870035
54,62,12570.919845
55,41,18827.198351
55,42,18186.409314
55,44,15657.641704
55,45,14894.319900
55,47,13992.550922
55,50,13425.465210
55,55,13164.455799
55,57,13069.374759
55,58,12715.870035
55,62,12570.614693
56,41,18827.198351
56,42,18186.409314
56,43,16415.296231
56,44,15657.641704
56,45,14894.319900
56,47,13992.550922
56,50,13425.465210
56,55,13164.455799
56,57,13069.374759
56,58,12715.870035
56,59,12593.889530
56,62,12570.614693
56,64,12533.322160
57,41,18827.198351
57,42,18186.409314
57,43,15643.058266
57,45,14848.520342
57,47,13929.382431
57,50,13420.219799
57,54,13106.319493
57,57,13069.374759
57,58,12707.541072
57,59,12582.291540
57,62,12567.571086
57,63,12494.512001
58,41,18827.198351
58,42,18186.409314
58,43,15643.058266
58,45,14848.520342
58,47,13929.382431
58,50,13420.219799
58,54,13106.319493
58,57,13069.374759
58,58,12707.541072
58,59,12582.291540
58,62,12567.571086
58,63,12494.512001
59,41,18827.198351
59,42,18186.409314
59,43,15643.058266
59,45,14713.109481
59,47,13923.182561
59,50,13420.219799
59,53,13223.496422
59,54,13106.319493
59,55,13010.199279
59,57,12680.705215
59,59,12562.198355
59,62,12548.298176
59,63,12448.019409
60,41,18827.198351
60,42,15582.892023
60,43,15457.140068
60,44,15358.237826
60,45,14713.109481
60,46,14588.341764
60,47,13923.182561
60,50,13420.219799
60,53,13223.496422
60,54,13106.319493
60,55,13010.199279
60,57,12680.705215
60,58,12676.201524
60,59,12562.198355
60,62,12548.298176
60,63,12448.019409
61,41,18827.198351
61,42,15582.892023
61,43,15457.140068
61,44,15226.843322
61,45,14713.109481
61,46,14588.341764
61,47,13769.769433
61,50,13369.208060
61,53,13066.182369
61,55,13010.199279
61,57,12645.957419
61,59,12558.347730
61,62,12544.546280
61,63,12422.523922
62,41,18827.198351
62,42,15582.892023
62,43,15457.140068
62,44,15226.843322
62,45,14713.109481
62,46,14572.968331
62,47,13769.769433
62,50,13369.208060
62,53,13066.182369
62,55,13010.199279
62,57,12645.957419
62,58,12630.281388
62,59,12558.347730
62,62,12544.546280
62,63,12422.523922
63,41,16098.786369
63,42,15582.892023
63,43,15391.525567
63,44,15226.843322
63,45,14713.109481
63,46,14572.968331
63,47,13769.769433
63,50,13326.870989
63,52,13242.627699
63,53,13024.683445
63,55,13010.199279
63,56,12621.153460
63,58,12410.162471
63,63,12345.459850
64,41,16098.786369
64,42,15582.892023
64,43,15391.525567
64,44,15226.843322
64,45,14713.109481
64,46,14572.968331
64,47,13769.769433
64,50,13326.870989
64,52,13242.627699
64,53,13024.683445
64,54,12888.025982
64,56,12621.153460
64,58,12410.162471
64,63,12345.459850
65,41,16098.786369
65,42,15582.892023
65,43,15391.525567
65,44,15226.843322
65,45,14713.109481
65,46,14485.839234
65,47,13754.226856
65,50,13257.142746
65,52,13187.142152
65,53,12996.093497
65,54,12873.066739
65,55,12849.632723
65,56,12621.153460
65,58,12394.957315
65,63,12332.313490
66,41,16098.786369
66,42,15582.892023
66,43,15391.525567
66,44,15215.864159
66,45,14540.203413
66,46,14485.839234
66,47,13754.226856
66,50,13257.142746
66,52,13187.142152
66,53,12996.093497
66,54,12873.066739
66,55,12849.632723
66,56,12621.153460
66,58,12394.957315
66,63,12332.313490
67,41,16098.786369
67,42,15582.892023
67,43,15391.525567
67,44,15215.864159
67,45,14540.203413
67,46,14485.839234
67,47,13691.134252
67,50,13257.142746
67,52,12988.163840
67,54,12873.066739
67,55,12812.190797
67,56,12577.185802
67,58,12377.968421
67,63,12279.063496
68,41,16054.023143
68,42,15582.892023
68,43,15391.525567
68,44,15215.864159
68,45,14540.203413
68,46,14485.839234
68,47,13691.134252
68,50,13257.142746
68,52,12988.163840
68,54,12873.066739
68,55,12812.190797
68,56,12577.185802
68,58,12377.968421
68,63,12279.063496
69,41,16054.023143
69,42,15219.514142
69,44,15215.864159
69,45,14489.038179
69,46,14411.676605
69,47,13645.527242
69,50,13187.359320
69,51,12921.583249
69,53,12843.929135
69,55,12812.190797
69,56,12557.542303
69,58,12360.520399
69,63,12279.063496
70,41,16054.023143
70,42,15219.514142
70,44,15215.864159
70,45,14489.038179
70,46,14411.676605
70,47,13645.527242
70,50,13187.359320
70,51,12921.583249
70,53,12843.929135
70,55,12565.115214
70,56,12557.542303
70,57,12518.192332
70,58,12360.520399
70,63,12279.063496
71,41,16054.023143
71,42,15219.514142
71,44,15215.864159
71,45,14331.686733
71,47,13645.527242
71,50,13171.617175
71,51,12905.280708
71,52,12835.044347
71,55,12565.115214
71,56,12546.197334
71,57,12518.192332
71,58,12327.416540
71,63,12257.083560
72,41,16054.023143
72,42,15219.514142
72,44,15215.864159
72,45,14331.686733
72,47,13645.527242
72,50,13171.617175
72,51,12905.280708
72,52,12835.044347
72,55,12565.115214
72,56,12546.197334
72,57,12518.192332
72,58,12327.416540
72,63,12257.083560
73,41,16054.023143
73,42,15219.514142
73,44,15215.864159
73,45,14331.686733
73,46,14194.862287
73,47,13606.460513
73,50,13100.703466
73,51,12905.280708
73,52,12763.737476
73,54,12488.221972
73,58,12326.808335
73,63,12252.240563
74,41,15954.382897
74,42,15219.514142
74,44,15215.864159
74,45,14331.686733
74,46,14194.862287
74,47,13606.460513
74,50,13100.703466
74,51,12905.280708
74,52,12763.737476
74,54,12488.221972
74,58,12326.808335
74,63,12252.240563
75,41,15954.382897
75,42,15219.514142
75,44,15155.824528
75,45,14305.432565
75,46,14125.821228
75,47,13606.460513
75,50,13069.618231
75,51,12878.464272
75,52,12732.595181
75,54,12463.785369
75,57,12420.994475
75,58,12326.808335
75,62,12205.970526
76,41,15954.382897
76,42,15219.514142
76,44,15155.824528
76,45,14305.432565
76,46,14125.821228
76,47,13606.460513
76,50,13069.618231
76,51,12878.464272
76,52,12732.595181
76,54,12463.785369
76,57,12420.994475
76,58,12326.808335
76,62,12205.970526
77,40,15483.640117
77,42,15219.514142
77,43,15149.137079
77,45,13588.977928
77,48,12997.428360
77,51,12766.155293
77,52,12722.576562
77,54,12460.947467
77,57,12386.599635
77,58,12326.808335
77,62,12205.970526
78,39,15573.357208
78,40,15483.640117
78,42,14971.687907
78,44,14812.292627
78,45,13588.977928
78,48,12997.428360
78,51,12766.155293
78,52,12722.576562
78,54,12460.947467
78,55,12299.021975
78,62,12205.970526
79,39,15573.357208
79,40,15483.640117
79,41,15376.513003
79,42,14619.370875
79,45,13538.670169
79,48,12972.569339
79,50,12723.831077
79,52,12674.935098
79,54,12443.294349
79,55,12299.021975
79,62,12205.970526
80,39,15573.357208
80,40,15483.640117
80,41,15199.975249
80,42,14619.370875
80,45,13538.670169
80,48,12972.569339
80,50,12723.831077
80,52,12674.935098
80,54,12443.294349
80,55,12299.021975
80,62,12205.970526
81,39,15573.357208
81,40,15483.640117
81,41,15153.126351
81,42,14572.252983
81,45,13523.662856
81,48,12896.429510
81,50,12676.276490
81,52,12614.210574
81,53,12435.757533
81,55,12299.021975
81,57,12261.113104
81,62,12190.649956
82,39,15573.357208
82,40,15483.640117
82,41,15153.126351
82,42,14572.252983
82,45,13523.662856
82,48,12896.429510
82,50,12676.276490
82,52,12614.210574
82,53,12435.757533
82,55,12299.021975
82,57,12261.113104
82,62,12190.649956
83,39,15573.357208
83,40,15483.640117
83,41,15136.739105
83,42,14531.825152
83,45,13523.662856
83,48,12896.429510
83,50,12668.889359
83,52,12550.203549
83,53,12408.159629
83,55,12246.464261
83,62,12186.297177
84,39,15573.357208
84,40,15483.640117
84,41,15136.739105
84,42,14531.825152
84,45,13523.662856
84,48,12896.429510
84,50,12668.889359
84,52,12550.203549
84,53,12408.159629
84,55,12246.464261
84,62,12186.297177
85,39,15573.357208
85,40,15483.640117
85,41,15136.739105
85,42,14327.053416
85,45,13505.182753
85,48,12873.393159
85,49,12745.431668
85,50,12595.000736
85,52,12462.248036
85,53,12235.877348
85,58,12211.454751
85,62,12182.820522
86,39,15573.357208
86,40,15483.640117
86,41,15136.739105
86,42,14327.053416
86,45,13505.182753
86,48,12873.393159
86,49,12745.431668
86,50,12595.000736
86,52,12462.248036
86,53,12235.877348
86,58,12211.454751
86,62,12182.820522
87,39,15573.357208
87,40,15329.906547
87,41,15108.616400
87,42,14293.994367
87,45,13505.182753
87,48,12873.393159
87,49,12591.696323
87,51,12433.959007
87,53,12231.033672
87,58,12191.949128
87,62,12148.237583
88,39,15573.357208
88,40,15329.906547
88,41,15108.616400
88,42,14293.994367
88,45,13505.182753
88,48,12873.393159
88,49,12591.696323
88,51,12433.959007
88,53,12231.033672
88,56,12172.168166
88,62,12148.237583
89,39,15573.357208
89,40,15280.696185
89,41,15067.815895
89,42,14286.955790
89,45,13419.215843
89,48,12873.393159
89,49,12559.040560
89,51,12388.557463
89,53,12206.290483
89,56,12167.757190
89,62,12130.109652
90,39,15573.357208
90,40,15280.696185
90,41,15018.343410
90,42,14286.955790
90,45,13419.215843
90,48,12873.393159
90,49,12559.040560
90,51,12388.557463
90,53,12206.290483
90,56,12167.757190
90,62,12130.109652
91,39,15537.229097
91,40,15104.634677
91,41,14888.012009
91,42,14227.479716
91,45,13419.215843
91,48,12873.164899
91,49,12536.935828
91,51,12388.557463
91,53,12203.825571
91,56,12122.327154
91,62,12119.050530
92,39,15537.229097
92,40,15104.634677
92,41,14888.012009
92,42,14227.479716
92,45,13419.215843
92,48,12873.164899
92,49,12536.935828
92,51,12388.557463
92,53,12203.825571
92,56,12122.327154
92,62,12119.050530
93,39,15537.229097
93,40,15104.634677
93,41,14820.108289
93,42,14227.479716
93,45,13419.215843
93,48,12873.164899
93,49,12495.016909
93,51,12384.930341
93,52,12190.634930
93,56,12112.132957
94,39,15537.229097
94,40,15104.634677
94,41,14820.108289
94,42,14227.479716
94,45,13419.215843
94,48,12873.164899
94,49,12495.016909
94,51,12384.930341
94,52,12190.634930
94,56,12112.132957
95,39,15537.229097
95,40,15104.634677
95,41,14820.108289
95,42,14227.479716
95,43,14077.658028
95,45,13415.320033
95,48,12873.164899
95,49,12483.002084
95,51,12384.930341
95,52,12176.840381
95,54,12170.259239
95,55,12047.220851
96,39,15537.229097
96,40,15104.634677
96,41,14820.108289
96,42,14227.479716
96,43,14077.658028
96,45,13415.320033
96,48,12873.164899
96,49,12483.002084
96,51,12384.930341
96,52,12133.746520
96,55,12047.220851
97,39,15450.729634
97,40,14735.342671
97,42,14225.134385
97,43,14056.583659
97,45,13415.320033
97,48,12873.164899
97,49,12477.305676
97,51,12324.579767
97,52,12132.835082
97,55,12005.412322
98,39,15450.729634
98,40,14735.342671
98,42,14225.134385
98,43,14056.583659
98,45,13415.320033
98,48,12873.164899
98,49,12477.305676
98,51,12324.579767
98,52,12132.835082
98,55,12005.412322
99,39,15380.907947
99,40,14717.858700
99,42,14211.785064
99,43,14050.345795
99,45,13369.415079
99,48,12866.276180
99,49,12470.785690
99,50,12160.276102
99,52,12121.501376
99,55,12005.412322
100,38,15709.077252
100,39,15380.907947
100,40,14717.858700
100,42,14211.785064
100,43,13943.243043
100,45,13369.415079
100,48,12866.276180
100,49,12470.785690
100,50,12160.276102
100,52,12121.501376
100,55,12005.412322
100,57,11892.124311
101,38,15709.077252
101,39,15380.907947
101,40,14519.422227
101,42,13910.021766
101,45,13369.415079
101,48,12866.276180
101,49,12468.660395
101,50,12140.637388
101,52,12104.005832
101,55,12005.412322
101,57,11859.358285
102,38,15709.077252
102,39,15380.907947
102,40,14519.422227
102,42,13910.021766
102,44,13846.264235
102,45,13369.415079
102,46,12778.723433
102,49,12468.660395
102,50,12140.637388
102,52,12104.005832
102,55,12005.412322
102,57,11859.358285
103,38,15709.077252
103,39,15350.852686
103,40,14507.779476
103,42,13705.312426
103,45,13305.366289
103,46,12773.332013
103,48,12451.691227
103,50,12109.684560
103,52,12101.050199
103,55,11997.607352
103,57,11859.358285
104,38,15709.077252
104,39,15350.852686
104,40,14507.779476
104,42,13705.312426
104,45,13060.638749
104,46,12773.332013
104,48,12451.691227
104,50,12109.684560
104,52,12101.050199
104,55,11997.607352
104,57,11859.358285
105,38,15709.077252
105,39,15350.852686
105,40,14502.331626
105,42,13692.510358
105,45,12953.122538
105,46,12773.332013
105,48,12351.476796
105,50,12104.431188
105,52,12101.050199
105,54,12085.840568
105,55,11986.169382
105,57,11854.684784
106,38,15709.077252
106,39,15350.852686
106,40,14502.331626
106,42,13692.510358
106,43,13488.839041
106,44,13204.273046
106,45,12953.122538
106,46,12773.332013
106,48,12351.476796
106,50,12104.431188
106,52,12014.593207
106,53,12011.482215
106,55,11986.169382
106,56,11947.053923
106,57,11854.684784
107,38,15709.077252
107,39,15350.852686
107,40,14502.331626
107,42,13692.510358
107,43,13488.839041
107,44,13204.273046
107,45,12953.122538
107,46,12643.906098
107,47,12328.801505
107,50,12104.419489
107,51,12034.983132
107,52,12004.956365
107,53,12003.782447
107,55,11940.657133
107,57,11827.920078
108,38,15709.077252
108,39,15350.852686
108,40,14502.331626
108,42,13692.510358
108,43,13488.839041
108,44,13204.273046
108,45,12805.777880
108,46,12643.906098
108,47,12328.801505
108,50,12104.419489
108,51,12034.983132
108,52,12004.956365
108,53,12003.782447
108,55,11940.657133
108,57,11827.920078
109,38,15524.406799
109,39,15350.852686
109,40,14502.331626
109,41,14211.199258
109,42,13692.510358
109,43,13488.839041
109,44,12789.784554
109,46,12596.611716
109,47,12263.041977
109,50,12098.221537
109,51,12033.041451
109,52,11987.438188
109,55,11936.095784
109,57,11822.360753
110,38,15524.406799
110,39,15350.852686
110,40,14479.546457
110,41,14211.199258
110,42,13692.510358
110,43,13488.839041
110,44,12789.784554
110,46,12596.611716
110,47,12263.041977
110,50,12098.221537
110,51,12033.041451
110,52,11987.438188
110,55,11936.095784
110,57,11822.360753
111,38,15524.406799
111,39,15350.852686
111,40,14479.546457
111,41,14211.199258
111,42,13468.360679
111,44,12645.118140
111,46,12228.387128
111,50,12043.953756
111,51,12015.262688
111,52,11958.684392
111,54,11921.799837
111,56,11808.703360
112,38,15524.406799
112,39,15350.852686
112,40,14479.546457
112,41,14211.199258
112,42,13468.360679
112,44,12645.118140
112,46,12228.387128
112,50,12043.953756
112,51,12015.262688
112,52,11940.944028
112,54,11921.799837
112,56,11808.703360
113,38,15524.406799
113,39,15350.852686
113,40,14479.546457
113,41,14109.704783
113,42,13027.612802
113,44,12610.930620
113,46,12228.103107
113,50,12023.260136
113,51,12015.262688
113,52,11939.122215
113,54,11918.433745
113,56,11806.013564
114,38,15524.406799
114,39,15350.852686
114,40,14479.546457
114,41,14109.704783
114,42,13027.612802
114,44,12610.930620
114,46,12228.103107
114,47,12211.571565
114,49,12146.087804
114,50,12023.260136
114,51,12015.262688
114,52,11939.122215
114,54,11918.433745
114,56,11806.013564
115,38,15524.406799
115,39,15350.852686
115,40,14479.546457
115,41,14109.704783
115,42,12925.955508
115,44,12610.930620
115,46,12217.630532
115,47,12204.590410
115,49,12126.152591
115,50,12007.770523
115,52,11934.376114
115,54,11911.036719
115,56,11789.680046
116,38,15524.406799
116,39,15350.852686
116,40,14479.546457
116,41,14109.704783
116,42,12925.955508
116,44,12610.930620
116,46,12217.630532
116,47,12204.590410
116,49,12126.152591
116,50,12007.770523
116,52,11934.376114
116,53,11930.633313
116,54,11911.036719
116,56,11789.680046
117,38,15524.406799
117,39,15350.852686
117,40,14479.546457
117,41,14109.704783
117,42,12764.329838
117,44,12595.323378
117,46,12208.251682
117,47,12204.590410
117,48,12082.866134
117,50,11996.680313
117,52,11934.376114
117,53,11919.792226
117,54,11903.568658
117,55,11753.961274
118,38,15524.406799
118,39,14342.090707
118,41,14109.704783
118,42,12757.336511
118,44,12595.323378
118,46,12208.251682
118,47,12204.590410
118,48,12082.866134
118,50,11996.680313
118,52,11934.376114
118,53,11919.792226
118,54,11903.568658
118,55,11753.961274
119,38,15524.406799
119,39,14342.090707
119,41,14109.704783
119,42,12725.632884
119,43,12582.793596
119,46,12199.699039
119,48,12081.488886
119,50,11975.619706
119,52,11934.376114
119,53,11916.865350
119,54,11899.178607
119,55,11738.557390
120,38,15524.406799
120,39,14342.090707
120,41,14109.704783
120,42,12696.834198
120,43,12582.793596
120,45,12416.830843
120,46,12199.699039
120,48,12081.488886
120,50,11975.619706
120,52,11934.376114
120,53,11916.865350
120,54,11899.178607
120,55,11738.557390
121,38,15524.406799
121,39,14342.090707
121,41,14109.704783
121,42,12696.834198
121,43,12582.793596
121,45,12415.024765
121,46,12198.430952
121,48,12053.767840
121,49,12021.162506
121,50,11949.632972
121,52,11934.376114
121,53,11915.617963
121,54,11704.806702
122,38,15524.406799
122,39,14342.090707
122,41,14109.704783
122,42,12696.834198
122,43,12582.793596
122,45,12415.024765
122,46,12198.430952
122,48,12053.767840
122,49,12021.162506
122,50,11949.632972
122,52,11934.376114
122,53,11915.617963
122,54,11704.806702
123,38,15524.406799
123,39,14342.090707
123,41,14109.704783
123,42,12613.708311
123,43,12565.824521
123,45,12405.417699
123,46,12197.250133
123,48,12044.178355
123,49,12011.885048
123,50,11949.632972
123,52,11934.376114
123,53,11911.793626
123,54,11704.806702
124,38,15524.406799
124,39,14342.090707
124,41,14074.420741
124,42,12613.708311
124,43,12565.824521
124,45,12405.417699
124,46,12141.476626
124,48,12044.178355
124,49,12011.885048
124,50,11949.632972
124,52,11934.376114
124,53,11903.029257
124,54,11704.806702
125,38,15524.406799
125,39,14166.689017
125,41,14074.420741
125,42,12577.982846
125,43,12549.692471
125,45,12388.250698
125,46,12075.952014
125,48,12029.697126
125,49,12009.692211
125,50,11926.404583
125,52,11837.771466
125,54,11694.570789
126,38,15524.406799
126,39,14166.689017
126,41,14074.420741
126,42,12577.982846
126,43,12549.692471
126,45,12388.250698
126,46,12075.952014
126,48,12029.697126
126,49,11929.212833
126,50,11926.404583
126,52,11837.771466
126,54,11694.570789
127,38,15524.406799
127,39,14166.689017
127,41,13865.491998
127,42,12568.545956
127,43,12549.692471
127,45,12367.798334
127,46,12022.297069
127,48,12012.843152
127,49,11922.675162
127,50,11915.334932
127,52,11834.219821
127,54,11694.570789
128,38,15218.661230
128,39,14166.689017
128,40,14111.793961
128,41,13865.491998
128,42,12568.545956
128,43,12549.692471
128,45,12367.798334
128,46,12022.297069
128,48,12012.843152
128,49,11922.675162
128,50,11915.334932
128,52,11834.219821
128,54,11694.570789
128,56,11678.316770
129,38,15218.661230
129,39,14166.689017
129,40,13950.088341
129,41,13865.491998
129,42,12568.545956
129,43,12549.692471
129,44,12462.242521
129,45,12362.259922
129,46,12005.437572
129,47,11935.511425
129,49,11912.409078
129,52,11816.701084
129,54,11694.570789
129,56,11667.171924
130,38,15218.661230
130,39,14166.689017
130,40,13950.088341
130,41,12907.045289
130,42,12568.545956
130,43,12549.692471
130,44,12462.242521
130,45,12362.259922
130,46,12005.437572
130,47,11935.511425
130,48,11911.348987
130,52,11816.701084
130,54,11694.570789
130,56,11667.171924
131,38,15218.661230
131,39,13700.177538
131,41,12847.583291
131,42,12522.869004
131,44,12430.254940
131,45,12362.259922
131,46,12005.437572
131,47,11882.663223
131,52,11791.639719
131,54,11640.600158
132,38,15218.661230
132,39,13700.177538
132,41,12847.583291
132,42,12522.869004
132,44,12354.708760
132,46,12005.437572
132,47,11882.663223
132,48,11832.458060
132,52,11791.639719
132,54,11640.600158
133,38,15218.661230
133,39,13688.410918
133,41,12847.583291
133,42,12520.914731
133,44,12354.708760
133,45,12223.085626
133,46,12000.625882
133,47,11877.678018
133,48,11831.705196
133,52,11747.034997
133,54,11638.120076
134,38,15218.661230
134,39,13688.410918
134,41,12847.583291
134,42,12520.914731
134,44,12354.708760
134,45,12223.085626
134,46,12000.625882
134,47,11877.678018
134,48,11831.705196
134,52,11747.034997
134,54,11638.120076
135,38,15218.661230
135,39,13622.938272
135,40,12820.796031
135,42,12466.698473
135,44,12343.442982
135,45,12208.971563
135,46,11999.036481
135,47,11859.389790
135,48,11760.273611
135,52,11746.669103
135,54,11638.120076
136,38,15218.661230
136,39,13622.938272
136,40,12820.796031
136,42,12466.698473
136,43,12441.452171
136,44,12343.442982
136,45,12105.325298
136,46,11999.036481
136,47,11859.389790
136,48,11760.273611
136,52,11746.669103
136,54,11638.120076
137,38,14963.144611
137,39,13544.930679
137,40,12820.796031
137,42,12442.054547
137,43,12441.452171
137,44,12343.442982
137,45,12105.325298
137,46,11995.386595
137,47,11859.389790
137,48,11699.489899
137,54,11637.116046
138,38,14963.144611
138,39,13534.717408
138,40,12820.796031
138,42,12442.054547
138,43,12441.452171
138,44,12264.495078
138,45,12105.325298
138,46,11995.386595
138,47,11859.389790
138,48,11699.489899
138,54,11607.743714
139,38,14963.144611
139,39,13385.011139
139,40,12793.228978
139,42,12434.427039
139,44,12252.775462
139,45,12063.550223
139,46,11994.937278
139,47,11847.937963
139,48,11673.058183
139,54,11604.366489
140,38,14899.499066
140,39,13385.011139
140,40,12793.228978
140,42,12434.427039
140,44,12252.775462
140,45,12063.550223
140,46,11994.937278
140,47,11847.937963
140,48,11673.058183
140,53,11608.776695
140,54,11604.366489
141,38,14899.499066
141,39,13338.400185
141,40,12724.043429
141,42,12434.427039
141,44,12217.751953
141,45,12063.550223
141,46,11984.873006
141,47,11784.536185
141,48,11672.602919
141,52,11554.979848
142,38,14899.499066
142,39,13338.400185
142,40,12724.043429
142,42,12434.427039
142,43,12407.737279
142,44,12217.751953
142,45,12063.550223
142,46,11984.873006
142,47,11784.536185
142,48,11672.602919
142,52,11554.979848
143,38,14899.499066
143,39,13326.867748
143,40,12721.101620
143,42,12434.427039
143,43,12407.737279
143,44,12155.998855
143,45,12059.940508
143,46,11971.334709
143,47,11779.541478
143,48,11672.602919
143,52,11512.249999
144,38,14899.499066
144,39,13312.001841
144,40,12721.101620
144,42,12434.427039
144,43,12394.222423
144,44,12155.998855
144,45,12059.940508
144,46,11971.334709
144,47,11779.541478
144,48,11672.602919
144,52,11512.249999
145,38,14899.499066
145,39,13312.001841
145,40,12620.285002
145,41,12608.263597
145,42,12394.227096
145,43,12394.222423
145,44,12140.354775
145,45,12041.886933
145,46,11969.424255
145,47,11779.541478
145,48,11672.602919
145,52,11512.249999
146,38,14153.446558
146,39,13312.001841
146,40,12620.285002
146,41,12608.263597
146,42,12394.227096
146,43,12394.222423
146,44,12140.354775
146,45,12041.886933
146,46,11969.424255
146,47,11779.541478
146,48,11672.602919
146,52,11512.249999
147,38,14153.446558
147,39,13312.001841
147,40,12520.365458
147,42,12355.850184
147,44,12065.339845
147,45,12041.886933
147,46,11955.654796
147,47,11668.806335
147,52,11507.942729
148,38,14153.446558
148,39,13312.001841
148,40,12520.365458
148,42,12355.850184
148,44,12065.339845
148,45,12041.886933
148,46,11955.654796
148,47,11668.806335
148,52,11507.942729
149,38,14153.446558
149,39,13312.001841
149,40,12489.686559
149,42,12355.006231
149,44,12057.810975
149,45,11895.059957
149,47,11668.806335
149,52,11477.367603
150,37,14954.686827
150,38,14153.446558
150,39,13312.001841
150,40,12489.686559
150,42,12355.006231
150,44,12057.810975
150,45,11895.059957
150,46,11799.590126
150,47,11668.806335
150,52,11477.367603
151,37,14954.686827
151,38,14130.710116
151,39,13263.618909
151,40,12455.396267
151,42,12291.056327
151,44,12048.330766
151,45,11895.059957
151,46,11776.796607
151,47,11668.289855
151,52,11477.367603
152,37,14954.686827
152,38,14130.710116
152,39,13263.618909
152,40,12455.396267
152,42,12291.056327
152,44,12048.330766
152,45,11895.059957
152,46,11776.796607
152,47,11668.289855
152,51,11536.336250
152,52,11477.367603
153,37,14954.686827
153,38,13965.776845
153,39,13263.618909
153,40,12442.235447
153,42,12291.056327
153,44,12006.050877
153,45,11895.059957
153,46,11742.795475
153,47,11662.414090
153,50,11425.037859
154,37,14954.686827
154,38,13965.776845
154,39,13263.618909
154,40,12442.235447
154,42,12291.056327
154,44,12006.050877
154,45,11895.059957
154,46,11742.795475
154,47,11662.414090
154,50,11425.037859
155,37,14951.725706
155,38,13917.397219
155,39,13245.585292
155,40,12439.674918
155,42,12219.770954
155,44,12005.461446
155,45,11895.059957
155,46,11692.066815
155,47,11662.414090
155,50,11423.472729
156,37,14951.725706
156,38,13917.397219
156,39,13245.585292
156,40,12439.674918
156,42,12219.770954
156,44,12005.461446
156,45,11895.059957
156,46,11692.066815
156,47,11662.414090
156,50,11423.472729
157,37,14951.725706
157,38,13859.327401
157,39,13226.087719
157,40,12416.419396
157,42,12219.770954
157,44,12005.461446
157,45,11895.059957
157,46,11692.066815
157,47,11662.414090
157,50,11423.472729
158,37,14951.725706
158,38,13859.327401
158,39,13226.087719
158,40,12416.419396
158,42,12219.770954
158,44,12005.461446
158,45,11895.059957
158,46,11692.066815
158,47,11662.414090
158,50,11423.472729
159,37,13448.892458
159,39,13170.495690
159,40,12415.037226
159,42,12219.770954
159,44,12002.306895
159,45,11857.186837
159,46,11689.691810
159,47,11632.019604
159,50,11423.472729
160,37,13448.892458
160,39,13170.495690
160,40,12415.037226
160,42,12219.770954
160,44,12002.306895
160,45,11857.186837
160,46,11689.691810
160,47,11632.019604
160,50,11423.472729
160,54,11408.520814
161,37,13412.041869
161,39,13136.248020
161,40,12400.036630
161,42,12208.661279
161,44,12002.306895
161,45,11857.186837
161,46,11681.870282
161,47,11631.848760
161,50,11423.472729
161,54,11402.845728
162,37,13412.041869
162,39,13136.248020
162,40,12400.036630
162,42,12208.661279
162,44,12002.306895
162,45,11857.186837
162,46,11681.870282
162,47,11631.848760
162,50,11423.472729
162,54,11402.845728
163,37,13345.090031
163,39,13136.248020
163,40,12398.646044
163,42,12200.788959
163,44,11975.746687
163,45,11658.473831
163,47,11631.848760
163,50,11423.472729
163,54,11397.997892
164,37,13345.090031
164,39,13136.248020
164,40,12398.646044
164,41,12283.325553
164,42,12200.788959
164,44,11975.746687
164,45,11658.473831
164,47,11631.848760
164,50,11384.637972
164,51,11366.429964
165,37,13345.090031
165,39,13106.967081
165,40,12391.109777
165,41,12283.325553
165,42,12187.250662
165,44,11975.746687
165,45,11658.473831
165,47,11631.848760
165,48,11582.282194
165,50,11352.447887
166,37,13305.899541
166,39,13106.967081
166,40,12391.109777
166,41,12189.999529
166,42,12187.250662
166,44,11975.746687
166,45,11658.473831
166,47,11631.848760
166,48,11582.282194
166,50,11352.447887
167,37,13305.899541
167,39,13072.326030
167,40,12324.614455
167,41,12177.979684
167,44,11975.746687
167,45,11657.957351
167,46,11580.031351
167,47,11526.638751
167,50,11352.447887
168,37,13305.899541
168,39,13072.326030
168,40,12324.614455
168,41,12177.979684
168,43,12163.362665
168,44,11973.049683
168,45,11657.957351
168,46,11580.031351
168,47,11526.638751
168,50,11352.447887
169,37,13224.664892
169,39,12978.394655
169,40,12323.926757
169,41,12154.479805
169,42,12140.205548
169,44,11973.049683
169,45,11655.688136
169,46,11548.229776
169,47,11526.638751
169,50,11348.738275
170,37,13224.664892
170,39,12978.394655
170,40,12323.926757
170,41,12154.479805
170,42,12140.205548
170,44,11973.049683
170,45,11655.688136
170,46,11548.229776
170,47,11526.638751
170,50,11348.738275
171,37,13224.664892
171,39,12978.394655
171,40,12290.073138
171,41,12154.479805
171,42,12140.205548
171,44,11973.049683
171,45,11655.688136
171,46,11543.789641
171,47,11521.959752
171,49,11367.798187
171,50,11348.738275
172,37,13224.664892
172,39,12978.394655
172,40,12290.073138
172,41,12154.479805
172,42,12140.205548
172,43,11972.503744
172,45,11655.688136
172,46,11543.789641
172,47,11521.959752
172,49,11367.798187
172,50,11348.738275
173,37,13224.664892
173,39,12966.971443
173,40,12274.595859
173,41,12154.479805
173,42,12131.001436
173,43,11962.277517
173,45,11655.116184
173,46,11507.301361
173,49,11367.798187
173,50,11342.846142
174,37,13224.664892
174,39,12966.971443
174,40,12274.595859
174,41,12154.479805
174,42,12131.001436
174,43,11962.277517
174,45,11655.116184
174,46,11507.301361
174,47,11435.236935
174,49,11367.798187
174,50,11342.846142
175,37,13224.664892
175,39,12911.807248
175,40,12270.194668
175,41,12154.479805
175,42,12124.974805
175,43,11962.277517
175,44,11946.080337
175,45,11651.874416
175,46,11500.763690
175,47,11427.025097
175,49,11353.635587
175,50,11342.846142
176,37,13224.664892
176,39,12911.807248
176,40,12270.194668
176,41,12154.479805
176,42,12124.974805
176,43,11962.277517
176,44,11946.080337
176,45,11651.874416
176,46,11500.763690
176,47,11427.025097
176,49,11353.635587
176,50,11342.846142
177,37,13224.664892
177,39,12911.807248
177,40,12252.052809
177,41,12154.479805
177,42,12109.822408
177,43,11945.892877
177,45,11650.617124
177,46,11500.763690
177,47,11417.410704
177,49,11343.715736
177,50,11342.846142
178,37,13224.664892
178,39,12911.807248
178,40,12252.052809
178,41,12127.961271
178,42,12109.822408
178,43,11945.892877
178,45,11650.617124
178,46,11500.763690
178,47,11417.410704
178,49,11343.715736
178,50,11342.846142
179,37,13224.664892
179,39,12911.807248
179,40,12252.052809
179,41,12122.492555
179,42,12109.822408
179,43,11945.257885
179,45,11650.617124
179,46,11500.763690
179,47,11417.410704
179,49,11341.573115
179,50,11332.140757
180,37,13224.664892
180,39,12911.807248
180,40,12252.052809
180,41,12122.492555
180,42,12079.350272
180,43,11945.257885
180,45,11650.617124
180,46,11500.763690
180,47,11417.410704
180,49,11341.573115
180,50,11332.140757
181,37,13224.664892
181,39,12895.336049
181,40,12210.489449
181,41,12122.492555
181,42,12063.023273
181,43,11937.405566
181,45,11647.536976
181,46,11499.636275
181,47,11417.410704
181,49,11341.573115
181,50,11317.363201
182,37,13224.664892
182,38,13216.402443
182,39,12895.336049
182,40,12210.489449
182,41,12122.492555
182,42,12063.023273
182,43,11937.405566
182,45,11647.536976
182,46,11499.636275
182,47,11417.410704
182,49,11341.573115
182,50,11317.363201
183,37,13224.664892
183,38,13216.402443
183,39,12841.270574
183,40,12204.825653
183,41,12076.449036
183,42,12062.880408
183,43,11930.267363
183,45,11647.536976
183,46,11367.680466
183,49,11338.780895
183,50,11301.843768
184,37,13224.664892
184,38,13216.402443
184,39,12841.270574
184,40,12204.825653
184,41,12076.449036
184,42,12062.880408
184,43,11930.267363
184,45,11647.536976
184,46,11367.680466
184,49,11338.780895
184,50,11301.843768
185,37,13224.664892
185,38,13175.595803
185,39,12840.606906
185,40,12204.825653
185,41,12066.029417
185,42,12055.849770
185,43,11922.514604
185,45,11647.536976
185,46,11363.240331
185,49,11338.780895
185,50,11289.365227
186,37,13224.664892
186,38,13175.595803
186,39,12840.606906
186,40,12204.825653
186,41,12066.029417
186,42,12055.849770
186,43,11922.514604
186,45,11637.962812
186,46,11363.240331
186,49,11338.780895
186,50,11282.197599
187,37,13224.664892
187,38,13077.185313
187,39,12838.304899
187,40,12203.729465
187,41,12066.029417
187,42,12009.629105
187,43,11817.282893
187,45,11628.441700
187,46,11362.795940
187,49,11288.605788
187,50,11278.934425
188,37,13224.664892
188,38,13077.185313
188,39,12838.304899
188,40,12203.729465
188,41,12066.029417
188,42,12009.629105
188,43,11817.282893
188,45,11628.441700
188,46,11362.795940
188,49,11288.605788
188,50,11278.934425
189,37,13224.664892
189,38,13077.185313
189,39,12838.304899
189,40,12178.017968
189,41,12066.029417
189,42,12003.082791
189,43,11817.282893
189,45,11627.563601
189,46,11361.176203
189,49,11288.605788
189,50,11266.807250
190,37,13205.303242
190,38,13077.185313
190,39,12838.304899
190,40,12178.017968
190,41,12066.029417
190,42,12003.082791
190,43,11817.282893
190,45,11627.563601
190,46,11361.176203
190,49,11288.605788
190,50,11266.807250
191,37,13205.303242
191,38,13023.514861
191,39,12838.304899
191,40,12174.079453
191,41,12002.781754
191,43,11758.840546
191,45,11617.739057
191,46,11361.176203
191,49,11288.605788
191,50,11266.807250
192,37,13205.303242
192,38,13023.514861
192,39,12838.304899
192,40,12174.079453
192,41,12002.781754
192,43,11758.840546
192,45,11525.476136
192,46,11361.176203
192,49,11288.605788
192,50,11266.807250
193,36,13656.564250
193,37,13174.119282
193,38,13023.514861
193,39,12782.399173
193,40,12169.190276
193,41,11991.973859
193,43,11685.205923
193,45,11432.315848
193,46,11349.765936
193,49,11277.711419
193,50,11263.757277
194,36,13656.564250
194,37,13174.119282
194,38,13023.514861
194,39,12782.399173
194,40,12169.190276
194,41,11991.973859
194,43,11685.205923
194,44,11369.307080
194,46,11349.765936
194,49,11277.711419
194,50,11263.757277
195,36,13656.564250
195,37,13111.107647
195,38,12999.112134
195,39,12495.264858
195,40,12130.102349
195,41,11930.830759
195,43,11676.612210
195,44,11369.307080
195,46,11330.258763
195,49,11271.436577
195,50,11263.757277
196,36,13656.564250
196,37,13111.107647
196,38,12999.112134
196,39,12495.264858
196,40,12130.102349
196,41,11930.830759
196,43,11676.612210
196,44,11369.307080
196,46,11330.258763
196,49,11271.436577
196,50,11263.757277
197,36,13656.564250
197,37,13096.317301
197,38,12999.112134
197,39,12329.411567
197,40,12130.102349
197,41,11921.057013
197,43,11661.701831
197,44,11369.307080
197,46,11330.258763
197,49,11271.436577
197,50,11260.888355
198,36,13656.564250
198,37,13096.317301
198,38,12999.112134
198,39,12329.411567
198,40,12130.102349
198,41,11921.057013
198,43,11661.701831
198,44,11369.307080
198,46,11330.258763
198,49,11271.436577
198,50,11260.888355
199,36,13656.564250
199,37,13096.317301
199,38,12999.112134
199,39,12299.090162
199,40,12130.102349
199,41,11878.928150
199,43,11557.792323
199,44,11363.913235
199,46,11326.395170
199,49,11221.539220
200,36,13561.561232
200,37,13096.317301
200,38,12999.112134
200,39,12299.090162
200,40,12130.102349
200,41,11878.928150
200,43,11557.792323
200,44,11363.913235
200,46,11326.395170
200,47,11320.387506
200,49,11221.539220
201,36,13561.561232
201,37,13096.317301
201,38,12999.112134
201,39,12299.090162
201,40,12130.102349
201,41,11878.928150
201,43,11496.251356
201,44,11363.913235
201,46,11326.395170
201,47,11320.021612
201,49,11221.539220
202,36,13561.561232
202,37,13096.317301
202,38,12999.112134
202,39,12299.090162
202,40,12130.102349
202,41,11878.928150
202,43,11496.251356
202,44,11363.913235
202,46,11326.395170
202,47,11320.021612
202,49,11221.539220
203,36,13561.561232
203,37,13096.317301
203,38,12999.112134
203,39,12261.541479
203,40,11857.307794
203,43,11496.251356
203,44,11357.556155
203,46,11295.003155
203,49,11216.997174
204,36,13561.561232
204,37,13096.317301
204,38,12999.112134
204,39,12261.541479
204,40,11857.307794
204,43,11496.251356
204,44,11342.628849
204,46,11295.003155
204,49,11216.997174
205,36,13548.693730
205,37,13095.659762
205,38,12999.112134
205,39,12247.614427
205,40,11857.307794
205,42,11756.493316
205,43,11318.130401
205,46,11294.356894
205,49,11216.805062
206,36,13548.693730
206,37,13095.659762
206,38,12999.112134
206,39,12247.614427
206,40,11857.307794
206,42,11756.493316
206,43,11318.130401
206,46,11294.356894
206,49,11216.805062
207,36,13328.007755
207,37,13067.409524
207,38,12992.582243
207,39,12246.393492
207,40,11846.798471
207,42,11708.723299
207,43,11316.331678
207,46,11294.356894
207,49,11216.267498
208,36,13328.007755
208,37,13067.409524
208,38,12992.582243
208,39,12246.393492
208,40,11846.798471
208,41,11700.888002
208,43,11316.331678
208,46,11294.356894
208,49,11216.267498
209,36,13307.212214
209,37,13067.409524
209,38,12985.236731
209,39,12217.202049
209,40,11829.832978
209,41,11593.088522
209,43,11314.460924
209,46,11282.490476
209,49,11216.267498
210,35,13792.121726
210,36,13307.212214
210,37,13067.409524
210,38,12985.236731
210,39,12217.202049
210,40,11829.832978
210,41,11593.088522
210,43,11314.460924
210,46,11282.490476
210,49,11216.267498
211,35,13782.977213
211,36,13288.497887
211,37,13067.131945
211,38,12936.810498
211,39,12217.202049
211,40,11799.917187
211,41,11593.088522
211,43,11309.067079
211,46,11277.278601
211,49,11204.531482
212,35,13782.977213
212,36,13288.497887
212,37,13067.131945
212,38,12936.810498
212,39,12217.202049
212,40,11799.917187
212,41,11593.088522
212,43,11309.067079
212,46,11277.278601
212,49,11204.531482
213,35,13597.362589
213,36,13288.497887
213,37,13067.131945
213,38,12936.810498
213,39,12206.450990
213,40,11799.917187
213,41,11593.088522
213,42,11241.188051
213,49,11193.972138
214,35,13597.362589
214,36,13288.497887
214,37,13067.131945
214,38,12936.810498
214,39,12206.450990
214,40,11799.917187
214,41,11593.088522
214,42,11241.188051
214,49,11193.972138
215,35,13588.799804
215,36,13163.125519
215,37,12907.034564
215,39,12206.450990
215,40,11799.463704
215,41,11588.924943
215,42,11232.948143
215,49,11187.459744
216,35,13588.799804
216,36,13163.125519
216,37,12907.034564
216,39,12206.450990
216,40,11799.463704
216,41,11588.924943
216,42,11232.948143
216,49,11187.459744
217,35,13539.495331
217,36,13091.281855
217,37,12896.852407
217,39,12121.426628
217,40,11794.122573
217,41,11588.924943
217,42,11232.948143
217,49,11186.280529
218,35,13539.495331
218,36,13091.281855
218,37,12896.852407
218,39,12121.426628
218,40,11794.122573
218,41,11588.924943
218,42,11232.948143
218,49,11186.280529
219,35,13501.956748
219,36,13070.939677
219,37,12891.468405
219,39,12113.820365
219,40,11668.968667
219,41,11588.924943
219,42,11232.948143
219,49,11181.058013
220,35,13501.956748
220,36,13070.939677
220,37,12891.468405
220,39,12113.820365
220,40,11668.968667
220,41,11588.924943
220,42,11232.948143
220,49,11181.058013
221,35,13458.203226
221,36,13070.939677
221,37,12853.155195
221,39,12075.154765
221,40,11668.968667
221,41,11581.041145
221,42,11230.670037
221,45,11173.692208
222,35,13458.203226
222,36,13070.939677
222,37,12853.155195
222,39,12075.154765
222,40,11668.968667
222,41,11581.041145
222,42,11230.670037
222,45,11173.692208
223,35,13445.414026
223,36,13070.667849
223,37,12833.399620
223,39,12051.553195
223,40,11658.829909
223,41,11563.247289
223,42,11230.670037
223,45,11173.692208
224,35,13445.414026
224,36,13070.667849
224,37,12833.399620
224,39,12051.553195
224,40,11658.829909
224,41,11563.247289
224,42,11230.670037
224,43,11198.411203
224,45,11173.692208
225,35,13438.255535
225,36,12995.368038
225,37,12829.827269
225,39,11655.561888
225,41,11449.191384
225,42,11230.670037
225,43,11198.411203
225,45,11111.846671
226,35,13438.255535
226,36,12948.057756
226,37,12829.827269
226,39,11655.561888
226,41,11449.191384
226,42,11201.811206
226,43,11198.411203
226,45,11111.846671
227,35,13424.763359
227,36,12899.114233
227,37,12819.174693
227,39,11652.252834
227,40,11418.724753
227,42,11178.824559
227,45,11102.683700
228,35,13424.763359
228,36,12899.114233
228,37,12819.174693
228,39,11652.252834
228,40,11418.724753
228,42,11178.824559
228,45,11102.683700
229,35,13402.154500
229,36,12889.913894
229,37,12819.174693
229,39,11652.252834
229,40,11302.140024
229,42,11178.333901
229,45,11102.683700
230,35,13402.154500
230,36,12889.913894
230,37,12819.174693
230,39,11652.252834
230,40,11302.140024
230,42,11093.483387
231,35,13402.154500
231,36,12861.408429
231,37,12819.174693
231,39,11652.252834
231,40,11295.635661
231,42,11091.620029
232,35,13402.154500
232,36,12861.408429
232,37,12819.174693
232,39,11652.252834
232,40,11295.635661
232,42,11091.620029
233,34,13710.624428
233,35,13400.475922
233,36,12827.485081
233,37,12810.667622
233,39,11647.792355
233,40,11268.209493
233,42,11089.920704
234,34,13710.624428
234,35,13400.475922
234,36,12827.485081
234,37,12810.667622
234,39,11647.792355
234,40,11268.209493
234,42,11089.920704
234,44,11080.248420
235,34,13704.008308
235,35,13304.596924
235,36,12753.265978
235,39,11647.792355
235,40,11258.079976
235,41,11066.581920
236,34,13704.008308
236,35,13304.596924
236,36,12753.265978
236,37,12738.604786
236,39,11647.792355
236,40,11258.079976
236,41,11066.581920
237,34,13704.008308
237,35,13060.229691
237,36,12690.755592
237,39,11643.229813
237,40,11258.079976
237,41,11066.581920
238,34,13704.008308
238,35,13060.229691
238,36,12690.755592
238,39,11643.229813
238,40,11258.079976
238,41,11066.581920
239,34,13668.997887
239,35,13004.074514
239,36,12690.738216
239,39,11629.083421
239,40,11258.079976
239,41,11066.581920
239,46,11057.569192
240,34,13183.687546
240,35,13004.074514
240,36,12690.738216
240,39,11584.597742
240,40,11258.079976
240,41,11066.581920
240,46,11057.569192
241,34,13106.542376
241,35,13004.074514
241,36,12663.996461
241,39,11580.985435
241,40,11257.091923
241,41,11066.581920
241,46,11053.164695
242,33,13414.849450
242,34,13106.542376
242,35,13004.074514
242,36,12663.996461
242,39,11580.985435
242,40,11257.091923
242,41,11066.581920
242,46,11053.164695
243,33,13283.461093
243,34,13094.014775
243,35,13001.188318
243,36,12650.042010
243,39,11580.985435
243,40,11246.159477
243,41,11066.581920
243,46,11050.369853
244,33,13283.461093
244,34,13094.014775
244,35,13001.188318
244,36,12650.042010
244,39,11580.985435
244,40,11246.159477
244,41,11066.581920
244,46,11050.369853
245,33,13283.432638
245,34,13089.827723
245,35,12971.596306
245,36,12605.967398
245,38,12574.791257
245,39,11580.985435
245,40,11245.068831
245,41,11064.318002
245,46,11048.400058
246,33,13283.432638
246,34,13089.827723
246,35,12971.596306
246,36,12605.967398
246,38,12574.791257
246,39,11580.985435
246,40,11245.068831
246,41,11064.318002
246,46,11048.400058
247,33,13280.287713
247,34,13082.004646
247,35,12953.292433
247,36,12581.810948
247,38,12565.319427
247,39,11208.136833
247,41,11064.318002
247,46,11040.609697
248,33,13280.287713
248,34,13082.004646
248,35,12889.338292
248,36,12481.984924
248,39,11208.136833
248,41,11064.318002
248,46,11040.609697
249,33,13277.930547
249,34,13026.991896
249,35,12827.068432
249,36,12481.984924
249,39,11197.003532
249,41,11064.198131
249,42,11036.244609
250,33,13277.930547
250,34,13026.991896
250,35,12827.068432
250,36,12437.877658
250,39,11194.855719
250,41,11064.198131
250,42,11036.244609
251,33,13270.506933
251,34,13026.991896
251,35,12811.830207
251,36,12433.195289
251,39,11192.674356
251,41,11063.096224
251,42,11025.944322
252,33,13270.506933
252,34,13026.991896
252,35,12811.830207
252,36,12433.195289
252,39,11192.674356
252,41,11063.096224
252,42,11021.962542
252,43,11021.296916
253,33,13233.588292
253,34,13003.026859
253,35,12811.830207
253,36,12403.556193
253,39,11174.635377
253,41,11063.096224
253,42,11007.056545
254,33,13233.588292
254,34,13003.026859
254,35,12811.830207
254,36,12403.556193
254,39,11174.635377
254,41,11020.944650
254,42,11007.056545
255,33,13212.585192
255,34,12974.607574
255,35,12810.685702
255,36,12399.359644
255,39,11141.764135
255,41,11020.600225
255,42,11007.056545
256,33,13212.585192
256,34,12974.607574
256,35,12810.685702
256,36,12399.359644
256,39,11141.764135
256,41,11020.600225
256,42,11007.056545
257,33,13211.914423
257,34,12946.279344
257,35,12795.138929
257,36,12344.118711
257,38,11154.560321
257,39,11141.644265
257,41,11019.801696
257,42,11007.056545
258,33,13211.914423
258,34,12946.279344
258,35,12795.138929
258,36,12344.118711
258,38,11154.560321
258,39,11141.644265
258,41,11019.801696
258,42,11007.056545
259,33,13208.292762
259,34,12946.279344
259,35,12794.408748
259,36,12339.927730
259,38,11124.011667
259,41,10988.657499
260,33,12998.695737
260,34,12946.279344
260,35,12794.408748
260,36,12339.927730
260,38,11124.011667
260,40,11109.351407
260,41,10988.657499
261,33,12995.395185
261,34,12938.991682
261,35,12325.383634
261,38,11107.812461
261,40,11106.297018
261,41,10986.634225
262,33,12995.395185
262,34,12938.991682
262,35,12325.383634
262,38,11107.812461
262,40,11106.297018
262,41,10986.634225
263,33,12995.395185
263,34,12938.085089
263,35,12323.950037
263,38,11107.012912
263,40,11106.297018
263,41,10986.591827
263,44,10961.778326
264,33,12995.395185
264,34,12938.085089
264,35,12323.950037
264,38,11107.012912
264,40,11106.297018
264,41,10986.591827
264,44,10961.778326
264,45,10960.790009
265,33,12993.617227
265,34,12938.085089
265,35,12323.950037
265,38,11102.608416
265,40,11099.459606
265,41,10986.591827
265,44,10948.810648
265,45,10934.434021
266,33,12993.617227
266,34,12938.085089
266,35,12323.950037
266,38,11102.608416
266,40,11099.459606
266,41,10986.591827
266,44,10948.810648
266,45,10934.434021
267,33,12804.756274
267,35,12278.621421
267,38,11092.202634
267,41,10978.859783
267,42,10973.337533
267,44,10945.837252
267,45,10934.434021
268,33,12804.756274
268,35,12278.621421
268,38,11092.202634
268,41,10978.859783
268,42,10973.337533
268,44,10945.837252
268,45,10915.165821
269,33,12804.756274
269,35,12278.621421
269,38,11089.917565
269,41,10973.547395
269,42,10971.353463
269,44,10945.837252
269,45,10915.165821
270,33,12804.756274
270,34,12745.797599
270,35,12278.621421
270,38,11089.917565
270,40,11084.223844
270,41,10973.547395
270,42,10971.353463
270,44,10944.975291
270,45,10915.165821
271,33,12804.553630
271,34,12679.601796
271,35,12278.621421
271,38,11050.233513
271,41,10950.000744
271,44,10924.180383
271,45,10913.447673
272,33,12804.553630
272,34,12679.601796
272,35,12278.621421
272,38,11050.233513
272,41,10950.000744
272,44,10924.180383
272,45,10913.447673
273,33,12714.806316
273,34,12589.216634
273,35,12278.621421
273,38,11038.617392
273,40,10958.807310
273,41,10950.000744
273,44,10923.588099
273,45,10913.447673
274,33,12714.806316
274,34,12589.216634
274,35,12278.621421
274,38,11038.617392
274,40,10958.807310
274,41,10950.000744
274,44,10923.588099
274,45,10913.447673
275,33,12713.202741
275,34,12519.047829
275,35,12275.322015
275,38,11035.396784
275,40,10950.363800
275,41,10947.443778
275,44,10923.588099
275,45,10913.447673
276,33,12713.202741
276,34,12519.047829
276,35,12275.322015
276,38,10972.314347
276,40,10950.363800
276,41,10947.443778
276,44,10923.588099
276,45,10913.447673
277,33,12693.045645
277,34,12511.744880
277,35,12272.974365
277,38,10972.314347
277,40,10923.495953
277,44,10909.379772
278,33,12693.045645
278,34,12511.744880
278,35,12272.974365
278,38,10972.314347
278,40,10923.495953
278,44,10909.379772
279,33,12692.724049
279,34,12501.192274
279,35,12252.599319
279,38,10972.314347
279,40,10922.776830
279,44,10908.720344
280,33,12692.724049
280,34,12501.192274
280,35,12252.599319
280,38,10972.314347
280,40,10922.776830
280,44,10908.720344
281,33,12682.131917
281,34,12494.157229
281,35,12242.040966
281,37,11276.284350
281,38,10971.895899
281,40,10922.776830
281,44,10905.118048
282,33,12682.131917
282,34,12494.157229
282,35,12242.040966
282,37,11276.284350
282,38,10971.895899
282,40,10922.776830
282,44,10905.118048
283,33,12667.769831
283,34,12492.418876
283,35,12236.877942
283,37,11260.016682
283,38,10971.895899
283,40,10921.905997
283,44,10905.118048
284,33,12667.769831
284,34,12492.418876
284,35,12224.170214
284,37,11260.016682
284,38,10971.895899
284,40,10921.905997
284,44,10905.118048
285,33,12657.251829
285,34,12484.375200
285,35,12224.170214
285,37,11088.174230
285,38,10970.233842
285,40,10921.905997
285,44,10905.118048
286,33,12657.251829
286,34,12484.375200
286,35,12224.170214
286,37,11088.174230
286,38,10970.233842
286,40,10921.905997
286,44,10905.118048
287,33,12657.251829
287,34,12484.375200
287,35,12125.253567
287,37,11088.174230
287,38,10967.954023
287,40,10921.905997
287,44,10900.382666
288,33,12657.251829
288,34,12484.375200
288,35,12125.253567
288,37,11088.174230
288,38,10967.954023
288,40,10921.905997
288,44,10900.382666
289,33,12654.368915
289,34,12483.741567
289,35,12107.547283
289,37,11069.793346
289,38,10967.954023
289,40,10918.611178
289,44,10900.382666
290,33,12654.368915
290,34,12483.741567
290,35,12107.547283
290,36,12103.241230
290,37,11069.793346
290,38,10967.954023
290,40,10918.611178
290,42,10903.582804
290,44,10900.382666
291,33,12651.609564
291,34,12483.469197
291,35,12092.883995
291,37,11069.793346
291,38,10958.727407
291,40,10918.611178
291,42,10901.466900
291,44,10900.382666
292,33,12651.609564
292,34,12483.469197
292,35,12092.883995
292,37,11036.222774
292,38,10958.727407
292,40,10918.611178
292,42,10901.466900
292,44,10900.382666
293,33,12643.683525
293,34,12482.400484
293,35,12092.883995
293,37,11036.222774
293,38,10958.727407
293,40,10915.066414
293,42,10901.466900
293,44,10900.135603
294,33,12643.683525
294,34,12482.400484
294,35,12092.883995
294,37,11036.222774
294,38,10925.861219
294,40,10915.066414
294,42,10901.466900
294,44,10900.135603
295,33,12642.089899
295,34,12482.014408
295,35,12087.828099
295,37,11029.342937
295,38,10901.494084
295,42,10894.094037
296,33,12642.089899
296,34,12482.014408
296,35,12087.828099
296,37,11029.342937
296,38,10901.494084
296,42,10894.094037
297,33,12624.845931
297,34,12481.017496
297,35,12087.429904
297,37,10978.204813
297,38,10877.485590
298,33,12624.845931
298,34,12481.017496
298,35,12087.429904
298,37,10978.204813
298,38,10877.485590
299,33,12599.539424
299,34,12470.426635
299,35,12086.711657
299,37,10978.204813
299,38,10876.519944
300,33,12599.539424
300,34,12470.426635
300,35,12086.711657
300,37,10978.204813
300,38,10876.519944
301,33,12593.331868
301,34,12444.337015
301,35,12067.773696
301,36,11466.884284
301,37,10972.692087
301,38,10876.519944
302,33,12593.331868
302,34,12444.337015
302,35,12067.773696
302,36,11466.884284
302,37,10910.550703
302,38,10876.519944
303,33,12474.844621
303,34,12423.849245
303,35,12036.981303
303,36,11357.191687
303,37,10910.550703
303,38,10872.221192
304,33,12474.844621
304,34,12423.849245
304,35,12036.981303
304,36,11357.191687
304,37,10910.550703
304,38,10872.221192
305,33,12440.379080
305,34,12423.437548
305,35,12036.981303
305,36,11357.191687
305,37,10910.550703
305,38,10872.221192
306,33,12440.379080
306,34,12423.437548
306,35,12036.981303
306,36,11357.191687
306,37,10910.550703
306,38,10872.221192
307,33,12421.158018
307,34,12387.405248
307,35,12036.981303
307,36,11357.191687
307,37,10910.010045
307,38,10870.123500
308,33,12421.158018
308,34,12387.405248
308,35,12036.981303
308,36,11357.191687
308,37,10910.010045
308,38,10870.123500
309,33,12421.158018
309,34,12382.457477
309,35,12026.645309
309,36,11357.191687
309,37,10910.010045
309,38,10870.123500
310,33,12421.158018
310,34,12319.996894
310,35,12026.645309
310,36,11357.191687
310,37,10910.010045
310,38,10870.123500
310,42,10807.970768
311,33,12406.270549
311,34,12036.408512
311,35,12026.645309
311,36,11341.041548
311,37,10910.010045
311,38,10870.123500
311,42,10807.970768
312,33,12406.270549
312,34,12026.649069
312,35,11732.887700
312,36,11341.041548
312,37,10910.010045
312,38,10870.123500
312,42,10807.970768
313,33,12366.960663
313,34,12023.320303
313,35,11628.822812
313,36,11280.993190
313,37,10910.010045
313,38,10869.308023
313,39,10840.388092
313,42,10788.770341
314,33,12366.960663
314,34,12023.320303
314,35,11628.822812
314,36,11280.993190
314,37,10910.010045
314,38,10869.308023
314,39,10840.388092
314,41,10826.681435
314,42,10788.770341
315,33,12359.796895
315,34,12018.166888
315,35,11586.417714
315,36,11272.812352
315,37,10888.854956
315,38,10869.308023
315,39,10840.388092
315,41,10805.808367
315,42,10776.808453
316,32,13491.102435
316,33,12359.796895
316,34,12018.166888
316,35,11586.417714
316,36,11272.812352
316,37,10888.854956
316,38,10869.308023
316,39,10840.388092
316,41,10805.808367
316,42,10776.808453
317,32,13491.019859
317,33,12346.275307
317,34,12011.818257
317,35,11584.561764
317,36,11229.797813
317,37,10888.815908
317,38,10857.988899
317,39,10840.388092
317,41,10805.808367
317,42,10776.808453
318,32,13491.019859
318,33,12346.275307
318,34,12011.818257
318,35,11584.561764
318,36,11180.257494
318,37,10888.815908
318,38,10857.988899
318,39,10840.388092
318,41,10805.808367
318,42,10776.808453
319,32,13491.019859
319,33,12346.275307
319,34,12011.059838
319,35,11584.561764
319,36,11167.487651
319,37,10887.857345
319,38,10857.988899
319,39,10831.470069
319,40,10780.702298
319,42,10757.736282
320,32,13491.019859
320,33,12346.275307
320,34,12011.059838
320,35,11584.561764
320,36,11167.487651
320,37,10887.857345
320,38,10857.988899
320,39,10831.470069
320,40,10780.702298
320,42,10757.736282
321,32,13471.375512
321,33,12321.134540
321,34,12011.059838
321,35,11575.455245
321,36,11125.577072
321,37,10885.336288
321,38,10857.988899
321,39,10816.236287
321,40,10778.955116
321,42,10754.922428
322,32,13471.375512
322,33,12321.134540
322,34,12011.059838
322,35,11575.455245
322,36,11125.577072
322,37,10885.336288
322,38,10857.988899
322,39,10816.236287
322,40,10778.955116
322,42,10754.922428
