Generation,NV,TOC
1,17,10271.310951
1,19,8986.906331
1,20,8057.491553
1,27,7936.713606
1,28,7865.868063
1,33,7819.328304
1,35,7326.739048
1,39,7102.606427
1,42,6893.476783
1,43,6628.273688
1,46,6606.789413
1,51,6582.455428
1,52,6568.687631
1,53,6445.589747
1,54,6068.614086
1,55,6032.998456
1,56,6013.994067
1,59,5951.304518
1,60,5903.553934
1,61,5764.416816
2,17,10088.654755
2,19,8852.691027
2,20,7813.107742
2,27,7278.922851
2,37,7050.617342
2,40,6801.033039
2,41,6255.959918
2,49,5975.661570
2,57,5595.525431
3,17,10088.654755
3,19,8784.938305
3,20,7813.107742
3,24,7679.873148
3,27,7223.973967
3,32,7221.043046
3,35,6857.292720
3,38,6447.549126
3,41,6181.469830
3,43,5934.256284
3,46,5789.874837
3,47,5759.920685
3,50,5668.937677
3,56,5650.049091
3,57,5595.525431
4,17,10088.654755
4,19,8659.619522
4,20,7813.107742
4,24,7679.873148
4,27,7223.973967
4,31,7119.182818
4,34,6993.071039
4,35,6857.292720
4,38,6447.549126
4,41,6181.469830
4,43,5934.256284
4,44,5740.058330
4,47,5712.161925
4,50,5668.937677
4,52,5601.744610
4,54,5441.934204
5,17,10088.654755
5,19,8533.837519
5,20,7813.107742
5,24,7679.873148
5,27,7223.973967
5,30,7165.413261
5,31,7064.066218
5,32,7042.266640
5,34,6531.338662
5,37,6330.077896
5,38,6115.642909
5,40,5882.468776
5,43,5707.009264
5,45,5604.360155
5,48,5569.543989
5,53,5405.841326
6,17,10088.654755
6,18,8588.021653
6,19,8531.742886
6,20,7627.427799
6,25,7450.499771
6,27,7223.973967
6,30,6911.478949
6,31,6791.630725
6,33,6520.420864
6,37,6330.077896
6,38,6115.642909
6,40,5850.641377
6,43,5707.009264
6,45,5604.360155
6,48,5569.543989
6,50,5567.040592
6,53,5405.841326
7,17,10088.654755
7,18,8588.021653
7,19,8531.742886
7,20,7627.427799
7,25,7450.499771
7,26,7179.932866
7,29,7173.637007
7,30,6911.478949
7,31,6791.630725
7,32,6513.004667
7,33,6278.927039
7,34,5948.387051
7,40,5850.641377
7,43,5707.009264
7,45,5604.360155
7,48,5569.543989
7,50,5567.040592
7,53,5405.841326
8,17,10088.654755
8,18,8588.021653
8,19,8372.904162
8,20,7627.427799
8,21,7459.777693
8,22,7405.287094
8,24,7257.054195
8,26,7179.932866
8,27,7096.202394
8,28,7026.106521
8,30,6911.478949
8,31,6791.630725
8,32,6513.004667
8,33,6278.927039
8,34,5948.387051
8,40,5850.641377
8,43,5707.009264
8,45,5604.360155
8,48,5569.543989
8,50,5567.040592
8,52,5555.422319
8,53,5405.841326
9,17,10088.654755
9,18,8555.760429
9,19,7969.718355
9,20,7627.427799
9,21,7459.777693
9,22,7405.287094
9,23,7326.349475
9,24,7257.054195
9,26,7179.932866
9,27,7096.202394
9,28,7026.106521
9,30,6490.245109
9,33,6278.927039
9,34,5948.387051
9,40,5850.641377
9,43,5707.009264
9,44,5703.258258
9,45,5604.360155
9,48,5569.543989
9,50,5567.040592
9,52,5555.422319
9,53,5405.841326
10,17,10088.654755
10,18,8555.760429
10,19,7969.718355
10,20,7627.427799
10,21,7459.777693
10,22,7405.287094
10,23,7326.349475
10,24,7257.054195
10,25,7171.349518
10,27,7082.139992
10,28,7026.106521
10,29,6865.516964
10,30,6490.245109
10,33,6278.927039
10,34,5948.387051
10,40,5850.641377
10,41,5760.727382
10,43,5707.009264
10,44,5703.258258
10,45,5604.360155
10,48,5569.543989
10,50,5567.040592
10,52,5555.422319
10,53,5405.841326
11,17,8568.307834
11,18,8512.797773
11,19,7969.718355
11,20,7627.427799
11,21,7459.777693
11,22,7405.287094
11,23,7195.105200
11,24,7081.348245
11,26,6972.491738
11,28,6697.090661
11,30,6490.245109
11,33,6278.927039
11,34,5948.387051
11,38,5692.148094
11,43,5605.706148
11,45,5580.885679
11,47,5489.209436
11,51,5367.829465
12,16,8711.054384
12,17,8568.307834
12,18,8434.726885
12,19,7969.718355
12,20,7627.427799
12,21,7459.777693
12,22,7405.287094
12,23,7195.105200
12,24,7081.348245
12,25,6925.984020
12,27,6827.961950
12,28,6697.090661
12,30,6490.245109
12,32,6385.881713
12,33,6278.927039
12,34,5948.387051
12,38,5692.148094
12,43,5605.706148
12,45,5580.885679
12,47,5489.209436
12,51,5302.155496
13,16,8711.054384
13,17,8568.307834
13,18,8402.796201
13,19,7969.718355
13,20,7627.427799
13,21,7459.777693
13,22,7405.287094
13,23,7195.105200
13,24,7081.348245
13,25,6925.984020
13,27,6827.961950
13,28,6577.693138
13,30,6490.245109
13,31,6164.250381
13,34,5892.845329
13,38,5593.629193
13,41,5517.435678
13,47,5417.172053
13,50,5279.710806
14,16,8711.054384
14,17,8568.307834
14,18,8402.796201
14,19,7955.035686
14,20,7627.427799
14,21,7459.777693
14,22,7150.744698
14,24,7081.348245
14,25,6925.984020
14,26,6687.820107
14,28,6577.693138
14,30,6361.062542
14,31,6164.250381
14,34,5892.845329
14,38,5593.629193
14,41,5517.435678
14,47,5417.172053
14,49,5312.815433
14,50,5279.710806
15,16,8711.054384
15,17,8568.307834
15,18,8095.164552
15,19,7534.499373
15,21,7459.777693
15,22,7150.744698
15,24,7081.348245
15,25,6755.785062
15,26,6687.820107
15,28,6401.976344
15,29,6220.664659
15,30,6153.856313
15,31,5835.051259
15,36,5592.065637
15,41,5499.004876
15,46,5380.733261
15,49,5246.097502
16,16,8711.054384
16,17,8568.307834
16,18,8095.164552
16,19,7534.499373
16,21,7459.777693
16,22,7150.744698
16,24,7081.348245
16,25,6755.785062
16,26,6687.820107
16,27,6321.347679
16,29,6220.664659
16,30,6153.856313
16,31,5835.051259
16,36,5592.065637
16,41,5499.004876
16,46,5380.733261
16,49,5246.097502
17,16,8711.054384
17,17,8568.307834
17,18,7775.062997
17,19,7534.499373
17,20,7424.800110
17,22,7150.744698
17,24,6920.456568
17,25,6285.685313
17,29,6189.675057
17,30,5954.386178
17,31,5721.157191
17,36,5577.987377
17,40,5473.554231
17,46,5347.413012
17,49,5223.346270
18,15,9013.607113
18,16,8711.054384
18,17,8568.307834
18,18,7509.737107
18,19,7365.303465
18,22,7150.744698
18,24,6866.681033
18,25,6285.685313
18,29,6189.675057
18,30,5954.386178
18,31,5721.157191
18,36,5577.987377
18,40,5473.554231
18,46,5347.413012
18,49,5223.346270
19,15,9013.607113
19,16,8711.054384
19,17,8568.307834
19,18,7509.737107
19,19,7365.303465
19,22,6962.810260
19,24,6159.879950
19,28,5677.926003
19,35,5542.019129
19,39,5462.908975
19,46,5333.485688
19,48,5198.286384
20,15,9013.607113
20,16,8711.054384
20,17,8478.665953
20,18,7509.737107
20,19,7365.303465
20,22,6962.810260
20,24,6159.879950
20,28,5677.926003
20,35,5542.019129
20,39,5462.908975
20,45,5457.265152
20,46,5333.485688
20,48,5198.286384
21,15,9013.607113
21,16,8711.054384
21,17,7910.986945
21,18,7299.543819
21,19,7139.483727
21,22,6565.140267
21,24,6159.879950
21,27,5560.517141
21,35,5541.374191
21,36,5345.658204
21,44,5273.497175
21,45,5134.017510
22,15,9013.607113
22,16,8711.054384
22,17,7910.986945
22,18,7299.543819
22,19,7053.339074
22,22,6565.140267
22,24,6159.879950
22,27,5560.517141
22,35,5541.374191
22,36,5345.658204
22,44,5273.497175
22,45,5134.017510
22,46,5039.478052
23,15,9013.607113
23,16,8633.363737
23,17,7153.940108
23,19,7053.339074
23,22,6565.140267
23,24,6107.648507
23,27,5513.003717
23,36,5337.451387
23,43,5082.431760
23,44,5000.632287
24,15,9013.607113
24,16,8503.456567
24,17,7153.940108
24,19,7053.339074
24,22,6565.140267
24,24,6107.648507
24,27,5513.003717
24,36,5337.451387
24,43,5082.431760
24,44,5000.632287
25,15,8705.850142
25,16,8477.586505
25,17,7059.503249
25,19,6816.264483
25,22,6511.952593
25,24,6058.936529
25,27,5471.421231
25,36,5261.130641
25,42,4984.502113
26,15,8705.850142
26,16,8477.586505
26,17,7059.503249
26,19,6816.264483
26,21,6626.636375
26,22,6511.952593
26,23,6198.693710
26,24,6058.936529
26,25,6031.298717
26,27,5471.421231
26,36,5261.130641
26,42,4984.502113
27,15,8705.850142
27,16,8477.586505
27,17,7059.503249
27,19,6816.264483
27,21,6459.764079
27,22,6441.510674
27,23,6146.620934
27,24,6058.936529
27,25,5847.540901
27,27,5450.660500
27,31,5332.222802
27,36,5216.880748
27,42,4984.502113
28,15,8705.850142
28,16,8477.586505
28,17,7059.503249
28,19,6816.264483
28,21,6459.764079
28,22,6441.510674
28,23,6146.620934
28,24,6058.936529
28,25,5847.540901
28,26,5782.407476
28,27,5450.660500
28,31,5332.222802
28,35,5281.401826
28,36,5216.880748
28,39,5190.933320
28,41,5149.251736
28,42,4984.502113
29,15,8705.850142
29,16,8298.232476
29,17,7059.503249
29,19,6816.264483
29,21,6459.764079
29,22,6441.510674
29,23,6146.620934
29,24,5881.297141
29,25,5814.607037
29,26,5768.081220
29,27,5414.447576
29,31,5325.200795
29,35,5197.453023
29,36,5184.533124
29,41,4935.243645
30,15,8705.850142
30,16,8298.232476
30,17,7059.503249
30,19,6816.264483
30,21,6459.764079
30,22,6441.510674
30,23,6146.620934
30,24,5881.297141
30,25,5814.607037
30,26,5768.081220
30,27,5414.447576
30,30,5337.431023
30,31,5325.200795
30,35,5197.453023
30,36,5184.533124
30,41,4935.243645
31,15,8705.850142
31,16,8273.606728
31,17,7059.503249
31,19,6816.264483
31,21,6459.764079
31,22,6441.510674
31,23,6136.242090
31,24,5866.824385
31,25,5735.094388
31,26,5679.348475
31,27,5333.934511
31,29,5272.976902
31,35,5197.453023
31,36,5184.533124
31,41,4935.243645
32,15,8705.850142
32,16,8273.606728
32,17,7059.503249
32,19,6816.264483
32,21,6459.764079
32,22,6441.510674
32,23,6136.242090
32,24,5866.824385
32,25,5735.094388
32,26,5679.348475
32,27,5333.934511
32,29,5272.976902
32,35,5197.453023
32,36,5184.533124
32,41,4935.243645
33,15,8705.850142
33,16,8273.606728
33,17,7059.503249
33,19,6816.264483
33,21,6459.764079
33,22,6383.123022
33,23,6037.056225
33,24,5806.081198
33,25,5724.725385
33,26,5279.343831
33,29,5235.826475
33,33,5178.934732
33,34,5152.708084
33,40,4930.207852
34,15,8705.850142
34,16,8192.102059
34,17,7059.503249
34,19,6816.264483
34,21,6459.764079
34,22,6383.123022
34,23,6037.056225
34,24,5806.081198
34,25,5724.725385
34,26,5279.343831
34,28,5251.520376
34,29,5235.826475
34,33,5178.934732
34,34,5152.708084
34,40,4930.207852
34,44,4924.913311
35,15,8705.850142
35,16,8192.102059
35,17,7059.503249
35,19,6816.264483
35,21,6459.764079
35,22,6383.123022
35,23,5776.398959
35,25,5724.725385
35,26,5279.343831
35,28,5251.520376
35,29,5235.826475
35,33,5178.934732
35,34,5152.708084
35,40,4930.207852
35,44,4924.913311
36,15,8705.850142
36,16,8192.102059
36,17,7059.503249
36,19,6816.264483
36,20,6710.945186
36,21,6459.764079
36,22,6353.606322
36,23,5776.398959
36,25,5724.725385
36,26,5279.343831
36,28,5251.520376
36,29,5182.728051
36,33,5151.534534
36,40,4930.207852
36,44,4924.913311
37,15,8705.850142
37,16,8192.102059
37,17,7059.503249
37,19,6816.264483
37,20,6710.945186
37,21,6459.764079
37,22,6353.606322
37,23,5776.398959
37,25,5724.725385
37,26,5279.343831
37,28,5251.520376
37,29,5182.728051
37,30,5150.536196
37,40,4930.207852
37,44,4924.913311
38,15,8705.850142
38,16,7725.429051
38,17,7059.503249
38,19,6816.264483
38,20,6710.945186
38,21,6459.764079
38,22,6353.606322
38,23,5776.398959
38,25,5724.725385
38,26,5279.343831
38,28,5251.520376
38,29,5179.340856
38,30,5150.536196
38,40,4930.207852
38,44,4924.913311
39,15,8705.850142
39,16,7725.429051
39,17,7059.503249
39,19,6816.264483
39,20,6687.681621
39,21,6459.764079
39,22,6275.566672
39,23,5776.398959
39,25,5724.725385
39,26,5279.343831
39,28,5251.520376
39,29,5179.340856
39,30,5150.536196
39,40,4930.207852
39,44,4924.913311
40,15,8705.850142
40,16,7725.429051
40,17,7059.503249
40,19,6816.264483
40,20,6687.681621
40,21,6412.212443
40,22,6140.436429
40,23,5681.847298
40,26,5269.458539
40,27,5153.895095
40,29,5113.368385
40,40,4921.953935
40,44,4921.844838
41,14,9363.326448
41,15,8705.850142
41,16,7725.429051
41,17,7059.503249
41,18,6685.520007
41,21,6412.212443
41,22,6140.436429
41,23,5681.847298
41,26,5269.458539
41,27,5153.895095
41,29,5113.368385
41,32,5099.030643
41,40,4921.953935
41,44,4921.844838
42,14,9363.326448
42,15,8705.850142
42,16,7725.429051
42,17,7059.503249
42,18,6685.520007
42,20,6650.910930
42,21,6412.212443
42,22,6140.436429
42,23,5681.847298
42,26,5269.458539
42,27,5153.895095
42,29,5113.368385
42,32,5099.030643
42,40,4921.953935
42,44,4921.844838
43,14,9363.326448
43,15,8705.850142
43,16,7725.429051
43,17,7059.503249
43,18,6685.520007
43,19,6505.141664
43,21,6102.687105
43,23,5636.782036
43,26,5258.051652
43,27,5153.895095
43,28,5145.234398
43,29,5100.594375
43,31,5070.205613
43,40,4916.424215
43,44,4880.486574
44,14,9363.326448
44,15,8705.850142
44,16,7725.429051
44,17,7059.503249
44,18,6685.520007
44,19,6505.141664
44,21,6102.687105
44,22,5926.646505
44,23,5636.782036
44,26,5258.051652
44,27,5153.895095
44,28,5145.234398
44,29,5100.594375
44,31,5070.205613
44,40,4916.424215
44,44,4880.486574
45,14,9363.326448
45,15,8705.850142
45,16,7725.429051
45,17,7059.503249
45,18,6685.520007
45,19,6505.141664
45,21,6083.333676
45,22,5926.646505
45,23,5636.782036
45,26,5171.537929
45,27,5151.086534
45,28,5025.324347
45,40,4911.879123
45,43,4841.830241
46,14,9363.326448
46,15,8705.850142
46,16,7725.429051
46,17,7059.503249
46,18,6685.520007
46,19,6505.141664
46,20,6414.322969
46,21,6083.333676
46,22,5926.646505
46,23,5636.782036
46,26,5171.537929
46,27,5151.086534
46,28,5025.324347
46,40,4911.879123
46,43,4841.830241
47,14,9363.326448
47,15,8705.850142
47,16,7363.638042
47,17,6918.074198
47,18,6685.520007
47,19,6505.141664
47,20,6414.322969
47,21,6014.700396
47,22,5926.646505
47,23,5577.350036
47,24,5543.651687
47,26,5171.537929
47,27,5151.086534
47,28,4985.308715
47,40,4881.910499
47,43,4841.830241
48,14,9363.326448
48,15,8504.995169
48,16,7363.638042
48,17,6918.074198
48,18,6685.520007
48,19,6505.141664
48,20,6414.322969
48,21,5649.487988
48,22,5480.644068
48,26,5171.537929
48,27,5151.086534
48,28,4985.308715
48,40,4881.910499
48,42,4868.077217
48,43,4841.830241
49,14,9363.326448
49,15,8504.995169
49,16,7363.638042
49,17,6918.074198
49,18,6685.520007
49,19,6505.141664
49,20,6414.322969
49,21,5649.487988
49,22,5480.644068
49,26,5171.537929
49,27,5151.086534
49,28,4985.308715
49,40,4881.910499
49,42,4868.077217
49,43,4841.830241
50,14,9363.326448
50,15,8504.995169
50,16,7363.638042
50,17,6918.074198
50,18,6685.520007
50,19,6505.141664
50,20,6313.090509
50,21,5461.244431
50,25,5136.549191
50,27,4957.101727
50,39,4753.846139
51,14,9363.326448
51,15,8504.995169
51,16,6859.035173
51,18,6668.506221
51,19,6505.141664
51,20,6313.090509
51,21,5461.244431
51,25,5136.549191
51,27,4957.101727
51,39,4753.846139
52,14,8871.979800
52,15,8395.124558
52,16,6850.751047
52,18,6550.455578
52,19,6505.141664
52,20,6165.857101
52,21,5461.244431
52,24,5082.600606
52,27,4957.101727
52,39,4753.680160
53,14,8871.979800
53,15,7885.941091
53,16,6850.751047
53,18,6550.455578
53,19,6505.141664
53,20,6165.857101
53,21,5461.244431
53,24,5082.600606
53,27,4957.101727
53,39,4753.680160
54,14,8341.503056
54,15,7561.470036
54,16,6642.694776
54,18,6414.767791
54,19,6345.966836
54,20,6165.857101
54,21,5441.993343
54,24,5059.631789
54,26,4914.410576
54,39,4737.404610
55,14,8341.503056
55,15,7561.470036
55,16,6642.694776
55,18,6414.767791
55,19,6345.966836
55,20,6165.857101
55,21,5441.993343
55,23,5128.004809
55,24,5059.631789
55,26,4914.410576
55,39,4737.404610
56,14,8341.503056
56,15,7441.305581
56,16,6590.634566
56,18,6414.767791
56,19,6323.892471
56,20,6080.423469
56,21,5431.643690
56,23,5125.723027
56,24,5059.631789
56,25,4893.821873
56,38,4716.334613
57,14,8341.503056
57,15,7441.305581
57,16,6590.634566
57,18,6414.767791
57,19,6323.892471
57,20,6080.423469
57,21,5431.643690
57,23,5125.723027
57,24,5059.631789
57,25,4893.821873
57,38,4716.334613
58,14,8341.503056
58,15,6787.325261
58,16,6584.825370
58,18,6414.767791
58,19,6323.892471
58,20,6070.230712
58,21,5376.751908
58,23,5099.873502
58,24,5059.631789
58,25,4812.024694
58,38,4716.334613
59,14,8341.503056
59,15,6787.325261
59,16,6584.825370
59,18,6414.767791
59,19,6323.892471
59,20,6070.230712
59,21,5376.751908
59,23,5099.873502
59,24,5059.631789
59,25,4812.024694
59,38,4716.334613
60,14,8341.503056
60,15,6787.325261
60,16,6551.070094
60,18,6414.767791
60,19,6265.480314
60,20,5272.077670
60,22,5269.607524
60,23,5099.873502
60,24,5059.631789
60,25,4812.024694
60,38,4706.298250
61,14,8341.503056
61,15,6787.325261
61,16,6551.070094
61,18,6064.905965
61,20,5272.077670
61,22,5269.607524
61,23,5099.873502
61,24,5059.631789
61,25,4812.024694
61,38,4706.298250
62,14,8141.306105
62,15,6752.023937
62,16,6461.559254
62,18,6018.190942
62,20,5272.077670
62,22,5269.607524
62,23,4995.017737
62,25,4812.024694
62,38,4703.239221
63,14,8141.306105
63,15,6752.023937
63,16,6461.559254
63,18,6018.190942
63,20,5272.077670
63,22,5269.607524
63,23,4995.017737
63,25,4812.024694
63,38,4703.239221
64,14,8002.086120
64,15,6752.023937
64,16,6461.559254
64,18,5937.190916
64,20,5254.916582
64,23,4979.341220
64,25,4803.988993
64,37,4689.769419
65,14,8002.086120
65,15,6752.023937
65,16,6461.559254
65,18,5937.190916
65,20,5254.916582
65,23,4979.341220
65,25,4803.988993
65,37,4689.769419
66,14,7817.322322
66,15,6752.023937
66,16,6446.369241
66,18,5907.065483
66,20,5208.189192
66,23,4942.366323
66,25,4803.988993
66,37,4689.769419
67,14,7817.322322
67,15,6752.023937
67,16,6446.369241
67,18,5907.065483
67,20,5208.189192
67,23,4942.366323
67,25,4803.988993
67,37,4689.769419
68,14,7817.322322
68,15,6466.827949
68,16,6437.104175
68,18,5891.951344
68,20,5208.189192
68,22,4992.606524
68,23,4919.831189
68,25,4803.988993
68,37,4689.769419
69,14,7817.322322
69,15,6466.827949
69,16,6042.666378
69,18,5891.951344
69,19,5804.918472
69,20,5208.189192
69,21,5081.428948
69,22,4992.606524
69,23,4919.831189
69,25,4803.988993
69,37,4689.769419
70,14,7817.322322
70,15,6466.827949
70,16,5882.524761
70,18,5810.472573
70,19,5804.918472
70,20,5208.189192
70,21,5081.428948
70,22,4990.248578
70,23,4896.352860
70,25,4794.411583
70,37,4689.769419
71,14,7817.322322
71,15,6378.622886
71,16,5882.524761
71,18,5810.472573
71,19,5804.918472
71,20,5208.189192
71,21,5081.428948
71,22,4960.514370
71,23,4896.352860
71,25,4794.411583
71,37,4689.769419
72,14,7038.954570
72,15,6378.622886
72,16,5882.524761
72,18,5810.472573
72,19,5765.992239
72,20,5208.189192
72,21,5081.428948
72,22,4960.514370
72,23,4896.352860
72,25,4794.411583
72,37,4689.769419
73,14,7038.954570
73,15,6378.622886
73,16,5876.882246
73,18,5776.035321
73,19,5765.992239
73,20,5206.611067
73,21,5081.428948
73,22,4957.598194
73,23,4896.352860
73,25,4769.866471
73,36,4678.803303
74,14,7038.954570
74,15,6378.622886
74,16,5876.882246
74,18,5776.035321
74,19,5765.992239
74,20,5206.611067
74,21,5081.428948
74,22,4957.598194
74,23,4896.352860
74,24,4755.111695
74,36,4678.803303
75,14,7038.954570
75,15,6378.622886
75,16,5854.413421
75,18,5766.161005
75,19,5729.892164
75,20,5206.611067
75,21,4915.433716
75,23,4893.235638
75,24,4751.290395
75,35,4735.115203
75,36,4678.803303
76,14,7038.954570
76,15,5992.216803
76,16,5854.413421
76,18,5766.161005
76,19,5613.686483
76,20,5206.611067
76,21,4915.433716
76,23,4893.235638
76,24,4751.290395
76,35,4735.115203
76,36,4678.803303
77,14,7038.954570
77,15,5888.996862
77,16,5850.111702
77,18,5751.394434
77,19,5604.957165
77,20,5206.611067
77,21,4915.433716
77,23,4893.235638
77,24,4751.290395
77,34,4718.623392
77,35,4674.044968
78,14,7038.954570
78,15,5888.996862
78,16,5850.111702
78,18,5751.394434
78,19,5604.957165
78,20,5206.611067
78,21,4915.433716
78,23,4893.235638
78,24,4751.290395
78,34,4718.623392
78,35,4674.044968
79,14,7038.954570
79,15,5820.288301
79,18,5694.418660
79,19,5604.957165
79,20,5200.635320
79,21,4915.433716
79,23,4893.235638
79,24,4749.250422
79,34,4718.623392
79,35,4671.221953
80,14,7038.954570
80,15,5820.288301
80,18,5694.418660
80,19,5604.957165
80,20,5200.635320
80,21,4915.433716
80,23,4893.235638
80,24,4749.250422
80,34,4718.623392
80,35,4671.221953
81,14,6516.131236
81,15,5820.288301
81,18,5666.111717
81,19,5110.551967
81,21,4906.184533
81,23,4893.235638
81,24,4749.250422
81,34,4717.008252
81,35,4666.868965
82,14,6516.131236
82,15,5820.288301
82,17,5698.789029
82,18,5666.111717
82,19,5110.551967
82,21,4906.184533
82,23,4893.235638
82,24,4749.250422
82,34,4717.008252
82,35,4666.868965
83,14,6358.444354
83,15,5820.288301
83,17,5673.942316
83,18,5538.453755
83,19,5067.876646
83,21,4881.908332
83,23,4881.546685
83,24,4676.507783
83,35,4666.102371
84,14,6358.444354
84,15,5820.288301
84,17,5673.942316
84,18,5538.453755
84,19,5067.876646
84,21,4881.908332
84,23,4859.749304
84,24,4676.507783
84,35,4666.102371
85,14,6358.444354
85,15,5779.203115
85,17,5373.791849
85,19,5067.876646
85,21,4881.908332
85,23,4859.749304
85,24,4676.507783
85,28,4655.448842
86,14,6358.444354
86,15,5779.203115
86,17,5373.791849
86,19,5067.876646
86,21,4881.908332
86,23,4859.749304
86,24,4676.507783
86,28,4655.448842
87,14,6336.586761
87,15,5741.398383
87,17,5363.452932
87,19,5016.884496
87,21,4881.908332
87,23,4859.749304
87,24,4644.408068
88,14,6336.586761
88,15,5741.398383
88,17,5363.452932
88,19,5016.884496
88,21,4881.908332
88,23,4859.749304
88,24,4644.408068
89,14,6311.590517
89,15,5741.398383
89,17,5363.452932
89,19,4976.876282
89,21,4881.254263
89,23,4841.302772
89,24,4644.408068
89,28,4629.143478
90,14,6311.590517
90,15,5741.398383
90,17,5363.452932
90,19,4976.876282
90,21,4881.254263
90,23,4841.302772
90,24,4644.408068
90,28,4629.143478
91,14,6266.718772
91,15,5674.171253
91,16,5296.152925
91,19,4976.061434
91,21,4871.114973
91,23,4826.349985
91,24,4644.408068
91,28,4629.143478
92,13,7370.471662
92,14,6266.718772
92,15,5674.171253
92,16,5296.152925
92,19,4976.061434
92,21,4871.114973
92,22,4847.596476
92,23,4826.349985
92,24,4644.408068
92,28,4629.143478
93,13,7211.552838
93,14,6219.092866
93,15,5581.780352
93,16,5293.229891
93,19,4975.434236
93,21,4841.602081
93,23,4732.800613
93,24,4644.114550
93,28,4629.143478
94,13,7211.552838
94,14,6219.092866
94,15,5581.780352
94,16,5293.229891
94,19,4975.434236
94,21,4841.602081
94,23,4732.800613
94,24,4644.114550
94,28,4629.143478
95,13,6863.820676
95,14,5947.729420
95,15,5546.831780
95,16,5256.766194
95,19,4975.434236
95,21,4841.602081
95,23,4723.601212
95,24,4644.114550
95,28,4629.143478
96,13,6863.820676
96,14,5947.729420
96,15,5546.831780
96,16,5256.766194
96,19,4975.434236
96,21,4841.602081
96,23,4723.601212
96,24,4644.114550
96,28,4629.143478
97,13,6673.284108
97,14,5913.174758
97,15,5545.181532
97,16,5252.861238
97,19,4975.073638
97,21,4841.602081
97,23,4623.868396
98,13,6673.284108
98,14,5913.174758
98,15,5545.181532
98,16,5252.861238
98,19,4975.073638
98,21,4841.602081
98,23,4623.868396
98,27,4595.568984
99,13,6624.731794
99,14,5891.910314
99,15,5545.181532
99,16,5252.861238
99,19,4974.512024
99,21,4840.051527
99,23,4588.778459
100,13,6624.731794
100,14,5891.910314
100,15,5525.685524
100,16,5252.861238
100,18,5233.216048
100,19,4974.512024
100,21,4840.051527
100,23,4588.778459
101,13,6611.818173
101,14,5815.064569
101,15,5513.556542
101,16,5252.861238
101,18,5233.216048
101,19,4905.685329
101,21,4840.051527
101,23,4566.104169
102,13,6611.818173
102,14,5815.064569
102,15,5513.556542
102,16,5252.861238
102,18,5233.216048
102,19,4905.685329
102,21,4840.051527
102,23,4566.104169
103,13,6556.519869
103,14,5796.597726
103,15,5499.971409
103,16,5242.660652
103,18,5222.780128
103,19,4903.462802
103,21,4840.051527
103,23,4566.104169
104,13,6556.519869
104,14,5796.597726
104,15,5499.971409
104,16,5242.660652
104,18,5222.780128
104,19,4903.462802
104,21,4840.051527
104,23,4566.104169
105,13,6432.742079
105,14,5755.205158
105,15,5499.971409
105,16,5224.540659
105,18,5216.116624
105,19,4888.997723
105,21,4840.051527
105,23,4565.809504
106,13,6432.742079
106,14,5737.482622
106,15,5499.971409
106,16,5224.540659
106,18,5216.116624
106,19,4888.997723
106,21,4840.051527
106,23,4565.809504
107,13,6361.966921
107,14,5736.018806
107,15,5487.894367
107,16,5204.306929
107,19,4878.885069
107,21,4839.899405
107,23,4565.809504
108,13,6361.966921
108,14,5736.018806
108,15,5487.894367
108,16,5204.306929
108,19,4878.885069
108,20,4864.186273
108,21,4830.024841
108,22,4791.162371
108,23,4565.809504
108,29,4556.370504
109,13,6355.113131
109,14,5721.485950
109,15,5487.882800
109,16,5204.306929
109,19,4869.632551
109,20,4843.034665
109,21,4729.012528
109,23,4552.514174
110,13,6355.113131
110,14,5721.485950
110,15,5487.882800
110,16,5130.194138
110,19,4869.632551
110,20,4843.034665
110,21,4729.012528
110,23,4552.514174
111,13,6311.851505
111,14,5710.512330
111,15,5434.227589
111,16,5130.194138
111,19,4855.939630
111,20,4843.034665
111,21,4729.012528
111,23,4549.839930
112,13,6311.851505
112,14,5710.512330
112,15,5434.227589
112,16,5130.194138
112,19,4855.939630
112,20,4843.034665
112,21,4729.012528
112,23,4549.839930
113,13,6280.503206
113,14,5710.104235
113,15,5428.049135
113,16,5088.420011
113,19,4846.774294
113,20,4824.673244
113,21,4727.191635
113,23,4549.839930
114,13,6145.345233
114,14,5710.104235
114,15,5428.049135
114,16,5088.420011
114,17,5055.368261
114,19,4846.774294
114,20,4824.673244
114,21,4727.191635
114,23,4549.839930
115,13,6055.180109
115,14,5710.104235
115,15,5427.932794
115,16,5088.420011
115,17,5052.052382
115,19,4846.774294
115,20,4824.673244
115,21,4712.936685
115,22,4665.656996
115,23,4549.839930
116,13,6055.180109
116,14,5710.104235
116,15,5427.932794
116,16,5088.420011
116,17,5052.052382
116,19,4846.774294
116,20,4824.673244
116,21,4712.936685
116,22,4665.656996
116,23,4549.839930
117,13,6015.482239
117,14,5709.869234
117,15,5422.472491
117,16,5044.363980
117,19,4813.878992
117,21,4712.710349
117,22,4665.656996
117,23,4549.839930
118,13,6015.482239
118,14,5709.869234
118,15,5422.472491
118,16,5044.363980
118,17,4977.126973
118,19,4813.878992
118,21,4712.710349
118,22,4665.656996
118,23,4549.839930
119,13,5939.464179
119,14,5709.869234
119,15,5422.472491
119,16,4937.348302
119,18,4789.171587
119,21,4710.008080
119,22,4665.656996
119,23,4549.631491
120,13,5939.464179
120,14,5709.869234
120,15,5422.472491
120,16,4937.348302
120,18,4789.171587
120,21,4710.008080
120,22,4665.656996
120,23,4549.631491
121,13,5790.153608
121,14,5709.869234
121,15,5420.633464
121,16,4934.748799
121,18,4765.735612
121,21,4697.459667
121,22,4651.800541
121,23,4549.631491
122,13,5790.153608
122,14,5709.869234
122,15,5420.633464
122,16,4934.748799
122,18,4765.735612
122,21,4697.459667
122,22,4645.897102
122,23,4549.631491
123,13,5790.153608
123,14,5709.869234
123,15,5420.633464
123,16,4933.383804
123,18,4765.735612
123,21,4671.854332
123,22,4611.045113
123,23,4549.631491
124,13,5790.153608
124,14,5709.869234
124,15,5420.633464
124,16,4933.383804
124,18,4738.899327
124,21,4671.854332
124,22,4611.045113
124,23,4549.631491
125,13,5790.153608
125,14,5452.462312
125,15,5407.508968
125,16,4880.552064
125,18,4736.838795
125,21,4671.854332
125,22,4609.643029
125,23,4547.575987
126,13,5790.153608
126,14,5452.462312
126,15,5383.029964
126,16,4880.552064
126,18,4736.838795
126,21,4671.854332
126,22,4609.643029
126,23,4547.575987
127,13,5785.266136
127,14,5442.990044
127,15,5373.774556
127,16,4880.552064
127,18,4736.838795
127,21,4668.814132
127,22,4609.643029
127,23,4547.575987
127,24,4539.307055
128,13,5785.266136
128,14,5442.990044
128,15,5373.774556
128,16,4880.552064
128,18,4736.838795
128,21,4668.814132
128,22,4609.643029
128,23,4547.575987
128,24,4539.307055
129,12,6450.071330
129,13,5785.266136
129,14,5442.990044
129,15,5309.450471
129,16,4880.552064
129,18,4727.899062
129,21,4668.814132
129,22,4537.865180
130,12,6450.071330
130,13,5785.266136
130,14,5442.990044
130,15,5309.450471
130,16,4880.552064
130,18,4727.899062
130,21,4668.814132
130,22,4537.865180
131,12,6434.518616
131,13,5761.219842
131,14,5442.990044
131,15,5309.450471
131,16,4880.552064
131,18,4712.184004
131,21,4668.814132
131,22,4537.865180
132,12,6434.518616
132,13,5761.219842
132,14,5442.990044
132,15,5309.450471
132,16,4880.552064
132,18,4712.184004
132,21,4668.814132
132,22,4537.865180
133,12,6432.578703
133,13,5761.219842
133,14,5442.990044
133,15,5309.450471
133,16,4880.552064
133,18,4712.184004
133,21,4632.328807
133,22,4534.418471
134,12,6432.578703
134,13,5738.635738
134,14,5442.990044
134,15,5309.450471
134,16,4876.319768
134,18,4712.184004
134,21,4632.328807
134,22,4534.418471
135,12,6432.578703
135,13,5738.635738
135,14,5423.879152
135,15,5297.332727
135,16,4859.318628
135,18,4712.184004
135,21,4632.328807
135,22,4534.418471
136,12,6432.578703
136,13,5738.635738
136,14,5423.879152
136,15,5297.332727
136,16,4859.318628
136,18,4712.184004
136,21,4632.328807
136,22,4534.418471
137,12,6432.578703
137,13,5591.717956
137,14,5423.558364
137,15,5267.429677
137,16,4859.318628
137,18,4712.184004
137,21,4632.328807
137,22,4534.418471
137,25,4520.785347
138,12,6432.578703
138,13,5591.717956
138,14,5423.558364
138,15,5267.429677
138,16,4859.318628
138,18,4712.184004
138,21,4632.328807
138,22,4534.418471
138,25,4520.785347
139,12,5988.997380
139,13,5591.713648
139,14,5423.558364
139,15,5267.429677
139,16,4855.901176
139,18,4712.184004
139,21,4632.328807
139,22,4534.418471
139,25,4520.785347
140,12,5988.997380
140,13,5591.713648
140,14,5396.780041
140,15,5267.429677
140,16,4855.901176
140,18,4712.184004
140,21,4632.328807
140,22,4534.418471
140,25,4520.785347
141,12,5953.151652
141,13,5591.713648
141,14,5396.340473
141,15,5267.280644
141,16,4855.901176
141,18,4692.501375
141,21,4632.328807
141,22,4508.397838
142,12,5953.151652
142,13,5591.713648
142,14,5396.340473
142,15,5267.280644
142,16,4855.901176
142,18,4692.501375
142,19,4680.970108
142,21,4632.328807
142,22,4508.397838
143,11,6496.899112
143,12,5953.151652
143,13,5588.845437
143,14,5396.340473
143,15,5267.280644
143,16,4848.125103
143,18,4692.488227
143,19,4679.363227
143,21,4631.927208
143,22,4508.397838
144,11,6496.899112
144,12,5953.151652
144,13,5588.845437
144,14,5396.340473
144,15,5267.280644
144,16,4848.125103
144,18,4692.488227
144,19,4679.363227
144,21,4631.927208
144,22,4508.397838
145,11,6458.516672
145,12,5934.101986
145,13,5584.652027
145,14,5396.340473
145,15,5260.970498
145,16,4848.125103
145,18,4684.369093
145,19,4679.363227
145,21,4630.335365
145,22,4508.271402
146,11,6458.516672
146,12,5934.101986
146,13,5584.652027
146,14,5396.340473
146,15,5260.970498
146,16,4848.125103
146,18,4684.369093
146,19,4679.363227
146,21,4630.335365
146,22,4508.271402
147,11,6427.454466
147,12,5934.101986
147,13,5574.595840
147,14,5351.436421
147,15,5260.970498
147,16,4848.108570
147,18,4684.369093
147,19,4667.741188
147,21,4630.335365
147,22,4508.271402
148,11,6427.454466
148,12,5934.101986
148,13,5574.595840
148,14,5351.436421
148,15,5260.970498
148,16,4848.108570
148,18,4684.369093
148,19,4667.741188
148,21,4630.335365
148,22,4508.271402
149,11,6418.910694
149,12,5934.101986
149,13,5490.242904
149,14,5329.032696
149,15,5256.610279
149,16,4837.958955
149,18,4684.369093
149,19,4667.741188
149,21,4625.965011
149,22,4501.306637
150,11,6418.910694
150,12,5934.101986
150,13,5490.242904
150,14,5219.881499
150,16,4837.958955
150,17,4834.807186
150,18,4684.369093
150,19,4667.741188
150,20,4617.582386
150,22,4501.306637
151,11,6418.571974
151,12,5921.637414
151,13,5474.885372
151,14,5219.881499
151,16,4837.541653
151,17,4834.807186
151,18,4684.369093
151,19,4667.741188
151,20,4617.582386
151,22,4500.817431
152,11,6418.571974
152,12,5921.637414
152,13,5474.885372
152,14,5219.881499
152,16,4837.541653
152,17,4834.807186
152,18,4684.369093
152,19,4667.741188
152,20,4617.582386
152,22,4500.817431
153,11,6389.428479
153,12,5858.658979
153,13,5474.885372
153,14,5219.881499
153,16,4837.541653
153,17,4834.807186
153,18,4658.307148
153,19,4631.555405
153,20,4617.582386
153,22,4500.817431
154,11,6331.277289
154,12,5858.658979
154,13,5474.885372
154,14,5219.881499
154,16,4837.541653
154,17,4834.807186
154,18,4658.307148
154,19,4631.555405
154,20,4617.582386
154,22,4500.817431
155,11,6284.562016
155,12,5857.273640
155,13,5472.199002
155,14,5209.918327
155,16,4837.541653
155,17,4834.807186
155,18,4656.394067
155,19,4631.555405
155,20,4617.582386
155,22,4500.817431
156,11,6284.562016
156,12,5857.273640
156,13,5472.199002
156,14,5209.918327
156,16,4837.541653
156,17,4834.807186
156,18,4656.394067
156,19,4631.555405
156,20,4617.582386
156,21,4597.506319
156,22,4500.817431
157,11,6220.595153
157,12,5841.323862
157,13,5456.842928
157,14,5209.918327
157,16,4836.384948
157,17,4834.807186
157,18,4626.711254
157,19,4599.369263
157,21,4597.287228
157,22,4500.817431
158,11,6220.595153
158,12,5841.323862
158,13,5456.842928
158,14,5209.918327
158,15,5010.067720
158,16,4836.384948
158,17,4834.807186
158,18,4626.711254
158,19,4599.369263
158,21,4597.287228
158,22,4500.817431
159,11,6220.595153
159,12,5669.217859
159,13,5455.421262
159,14,5209.918327
159,15,4994.260014
159,16,4836.384948
159,17,4834.807186
159,18,4626.711254
159,19,4599.369263
159,21,4597.287228
159,22,4500.817431
160,11,6220.595153
160,12,5669.217859
160,13,5455.421262
160,14,5209.918327
160,15,4994.260014
160,16,4836.384948
160,17,4834.807186
160,18,4626.711254
160,19,4599.369263
160,21,4581.022341
160,22,4500.817431
160,23,4493.474828
161,11,6220.595153
161,12,5536.343944
161,13,5438.888742
161,14,5186.516377
161,15,4988.934623
161,16,4836.384948
161,17,4827.957807
161,18,4626.590293
161,19,4599.369263
161,21,4581.022341
161,22,4499.713969
161,23,4493.319392
162,11,6220.595153
162,12,5536.343944
162,13,5438.888742
162,14,5186.516377
162,15,4988.934623
162,16,4836.384948
162,17,4827.957807
162,18,4626.590293
162,19,4599.369263
162,21,4556.471679
162,22,4499.713969
162,23,4493.319392
163,11,6220.595153
163,12,5536.343944
163,13,5427.161268
163,14,5148.374835
163,15,4986.981783
163,16,4836.384948
163,17,4826.801102
163,18,4626.590293
163,19,4599.369263
163,21,4556.471679
163,22,4498.710910
163,23,4493.319392
164,11,6220.595153
164,12,5536.343944
164,13,5427.161268
164,14,5148.374835
164,15,4986.981783
164,16,4836.384948
164,17,4826.801102
164,18,4626.590293
164,19,4599.369263
164,21,4552.798484
164,22,4498.710910
164,23,4493.319392
165,11,6220.595153
165,12,5536.343944
165,13,5421.587967
165,14,5148.374835
165,15,4980.911285
165,16,4836.384948
165,17,4826.801102
165,18,4623.459632
165,19,4597.210283
165,21,4552.798484
165,22,4498.710910
165,23,4493.319392
166,11,6220.595153
166,12,5536.343944
166,13,5421.587967
166,14,5148.374835
166,15,4980.911285
166,16,4836.384948
166,17,4826.801102
166,18,4623.459632
166,19,4597.210283
166,21,4552.798484
166,22,4498.710910
166,23,4493.319392
167,11,6220.595153
167,12,5536.343944
167,13,5420.543315
167,14,5110.013342
167,15,4980.911285
167,16,4836.326953
167,17,4805.353878
167,18,4608.846932
167,19,4597.210283
167,21,4552.798484
167,22,4496.910962
167,23,4482.792904
168,11,6220.595153
168,12,5536.343944
168,13,5420.543315
168,14,5110.013342
168,15,4980.911285
168,16,4836.326953
168,17,4805.353878
168,18,4608.846932
168,19,4597.210283
168,21,4552.798484
168,22,4496.910962
168,23,4475.895957
169,11,6220.595153
169,12,5536.343944
169,13,5420.543315
169,14,5109.134757
169,15,4980.911285
169,16,4836.051823
169,17,4765.690865
169,18,4608.846932
169,19,4597.210283
169,21,4539.284560
169,22,4487.981665
169,23,4475.895957
170,11,6220.595153
170,12,5536.343944
170,13,5420.543315
170,14,5109.134757
170,15,4980.911285
170,16,4836.051823
170,17,4765.690865
170,18,4608.846932
170,19,4597.210283
170,21,4539.284560
170,22,4487.981665
170,23,4475.895957
171,11,6220.595153
171,12,5536.343944
171,13,5406.174880
171,14,5097.527746
171,15,4945.938796
171,16,4836.051823
171,17,4765.690865
171,18,4608.463559
171,19,4597.210283
171,21,4518.486279
171,22,4487.981665
171,23,4475.895957
172,11,6220.595153
172,12,5536.343944
172,13,5406.174880
172,14,5097.527746
172,15,4945.938796
172,16,4836.051823
172,17,4765.690865
172,18,4588.665005
172,21,4518.486279
172,22,4487.981665
172,23,4475.895957
173,11,6220.595153
173,12,5491.663648
173,13,5391.257860
173,14,5096.328703
173,15,4945.938796
173,16,4836.051823
173,17,4765.690865
173,18,4588.665005
173,21,4518.486279
173,22,4487.981665
173,23,4475.895957
174,11,6220.595153
174,12,5491.663648
174,13,5391.257860
174,14,5096.328703
174,15,4945.938796
174,16,4793.400126
174,17,4765.690865
174,18,4588.665005
174,20,4571.037347
174,21,4518.486279
174,22,4487.981665
174,23,4475.895957
175,11,6220.595153
175,12,5491.663648
175,13,5373.905096
175,14,5094.997963
175,15,4945.938796
175,16,4793.400126
175,17,4765.690865
175,18,4588.665005
175,20,4552.127083
175,21,4513.127803
175,22,4487.981665
175,23,4475.895957
176,11,6220.595153
176,12,5491.663648
176,13,5373.905096
176,14,5094.997963
176,15,4945.938796
176,16,4793.400126
176,17,4765.690865
176,18,4557.791362
176,20,4552.127083
176,21,4513.127803
176,22,4487.981665
176,23,4475.895957
177,11,6220.595153
177,12,5491.663648
177,13,5321.325535
177,14,5094.997963
177,15,4945.938796
177,16,4772.628381
177,17,4765.000391
177,18,4527.600054
177,21,4513.127803
177,22,4487.981665
177,23,4475.895957
178,11,6220.595153
178,12,5491.663648
178,13,5321.325535
178,14,5094.997963
178,15,4945.938796
178,16,4772.628381
178,17,4765.000391
178,18,4527.600054
178,21,4513.127803
178,22,4487.981665
178,23,4475.895957
179,11,6220.595153
179,12,5491.663648
179,13,5311.819027
179,14,5094.997963
179,15,4945.938796
179,16,4772.628381
179,17,4765.000391
179,18,4527.600054
179,20,4505.311266
179,22,4487.981665
179,23,4475.895957
180,11,6220.595153
180,12,5491.663648
180,13,5311.819027
180,14,5094.997963
180,15,4945.938796
180,16,4772.628381
180,17,4759.326627
180,18,4527.600054
180,20,4505.311266
180,22,4487.981665
180,23,4475.895957
181,11,6220.595153
181,12,5444.994751
181,13,5309.408840
181,14,5049.730881
181,15,4945.938796
181,16,4761.153285
181,17,4746.222193
181,18,4527.600054
181,20,4497.169587
181,22,4487.687277
181,23,4475.895957
182,11,6220.595153
182,12,5444.994751
182,13,5309.408840
182,14,5049.730881
182,15,4945.938796
182,16,4761.153285
182,17,4746.222193
182,18,4527.600054
182,20,4497.169587
182,22,4487.687277
182,23,4475.895957
183,11,6220.595153
183,12,5444.994751
183,13,5306.827889
183,14,5049.662204
183,15,4945.938796
183,16,4761.153285
183,17,4746.222193
183,18,4527.600054
183,19,4520.102217
183,20,4497.169587
183,22,4486.663138
183,23,4475.895957
184,11,6220.595153
184,12,5287.145149
184,14,5049.662204
184,15,4945.938796
184,16,4761.153285
184,17,4746.222193
184,18,4527.600054
184,19,4520.102217
184,20,4497.169587
184,22,4486.663138
184,23,4475.895957
185,11,6220.595153
185,12,5287.145149
185,14,4998.656101
185,15,4849.539818
185,16,4759.511157
185,17,4723.666290
185,18,4522.569468
185,19,4520.102217
185,20,4497.169587
185,22,4483.221552
185,23,4475.895957
186,11,6220.595153
186,12,5287.145149
186,14,4998.656101
186,15,4849.539818
186,16,4759.511157
186,17,4723.666290
186,18,4522.569468
186,19,4520.102217
186,20,4497.169587
186,22,4483.221552
186,23,4475.895957
187,11,6220.595153
187,12,5287.145149
187,14,4998.448208
187,15,4827.086766
187,16,4736.955254
187,17,4723.666290
187,18,4522.569468
187,19,4520.075397
187,20,4492.671367
187,22,4482.774418
187,23,4475.895957
188,11,6220.595153
188,12,5287.145149
188,14,4992.038053
188,15,4827.086766
188,16,4736.955254
188,17,4723.666290
188,18,4522.569468
188,19,4520.075397
188,20,4492.671367
188,22,4482.774418
188,23,4475.895957
189,11,6220.595153
189,12,5284.743001
189,14,4978.520089
189,15,4827.086766
189,16,4736.955254
189,17,4721.142881
189,18,4522.569468
189,19,4501.753406
189,20,4492.184710
189,22,4482.774418
189,23,4474.482297
190,11,6185.242047
190,12,5284.743001
190,14,4973.784669
190,15,4771.950403
190,16,4736.955254
190,17,4721.142881
190,18,4522.569468
190,19,4501.753406
190,20,4492.184710
190,22,4482.774418
190,23,4474.482297
191,11,6185.242047
191,12,5284.743001
191,14,4973.784669
191,15,4771.950403
191,16,4736.955254
191,17,4721.142881
191,18,4522.569468
191,19,4501.753406
191,20,4490.383056
191,22,4482.774418
191,23,4474.482297
192,11,6185.242047
192,12,5284.743001
192,14,4973.784669
192,15,4771.950403
192,16,4736.955254
192,17,4721.142881
192,18,4522.569468
192,19,4484.971158
192,22,4482.774418
192,23,4474.482297
193,11,6185.242047
193,12,5284.743001
193,14,4973.784669
193,15,4771.950403
193,16,4736.955254
193,17,4721.142881
193,18,4522.569468
193,19,4484.971158
193,22,4481.808981
193,23,4474.482297
194,11,6172.801300
194,12,5284.743001
194,14,4973.784669
194,15,4771.950403
194,16,4736.955254
194,17,4721.142881
194,18,4522.569468
194,19,4484.971158
194,22,4481.808981
194,23,4474.482297
195,11,6172.801300
195,12,5246.977928
195,14,4973.784669
195,15,4771.950403
195,16,4736.955254
195,17,4717.564340
195,18,4516.836816
195,19,4484.971158
195,22,4480.304738
195,23,4474.482297
196,11,6172.801300
196,12,5246.977928
196,14,4973.784669
196,15,4771.950403
196,16,4736.955254
196,17,4717.564340
196,18,4516.836816
196,19,4484.971158
196,20,4467.446339
197,11,6160.065647
197,12,5241.830452
197,14,4972.884752
197,15,4771.950403
197,16,4727.016530
197,17,4717.564340
197,18,4516.836816
197,19,4484.971158
197,20,4467.446339
198,11,6160.065647
198,12,5241.830452
198,13,5212.891189
198,14,4972.884752
198,15,4771.950403
198,16,4727.016530
198,17,4717.564340
198,18,4516.836816
198,19,4484.971158
198,20,4467.446339
199,11,6066.873281
199,12,5241.830452
199,13,5212.891189
199,14,4955.378404
199,15,4771.950403
199,16,4727.016530
199,17,4717.564340
199,18,4516.836816
199,19,4481.304030
199,20,4463.865018
200,11,5887.124260
200,12,5241.830452
200,13,5212.891189
200,14,4955.378404
200,15,4771.950403
200,16,4727.016530
200,17,4717.564340
200,18,4516.836816
200,19,4481.304030
200,20,4463.865018
200,21,4459.309588
200,24,4448.696140
201,11,5887.124260
201,12,5241.830452
201,13,5212.891189
201,14,4901.852231
201,15,4771.950403
201,16,4714.101852
201,18,4516.836816
201,19,4478.337681
201,20,4461.941716
201,21,4459.140060
201,24,4448.696140
202,11,5887.124260
202,12,5241.830452
202,13,5212.891189
202,14,4901.852231
202,15,4771.950403
202,16,4714.101852
202,18,4516.836816
202,19,4478.337681
202,20,4461.941716
202,21,4459.140060
202,24,4448.696140
203,11,5887.124260
203,12,5241.150396
203,13,5197.950067
203,14,4901.852231
203,15,4771.950403
203,16,4714.101852
203,18,4513.940186
203,19,4478.337681
203,20,4455.464445
203,24,4448.696140
204,11,5887.124260
204,12,5241.150396
204,13,5197.950067
204,14,4901.852231
204,15,4750.916540
204,16,4714.101852
204,18,4513.940186
204,19,4478.337681
204,20,4455.464445
204,24,4448.696140
205,11,5816.718722
205,12,5181.977782
205,14,4901.852231
205,15,4750.916540
205,16,4714.101852
205,18,4454.973963
205,24,4448.696140
206,11,5816.718722
206,12,5181.977782
206,14,4870.966156
206,15,4750.916540
206,16,4714.101852
206,18,4454.973963
206,24,4448.696140
207,11,5816.718722
207,12,5181.977782
207,14,4870.966156
207,15,4750.916540
207,16,4709.477612
207,18,4443.720181
208,11,5816.718722
208,12,5181.977782
208,13,5139.647592
208,14,4870.966156
208,15,4750.916540
208,16,4709.477612
208,18,4443.720181
209,11,5808.661381
209,12,5181.977782
209,13,5115.412743
209,14,4866.395508
209,15,4750.916540
209,16,4699.381820
209,18,4443.720181
210,11,5808.661381
210,12,5181.977782
210,13,5115.412743
210,14,4866.395508
210,15,4750.916540
210,16,4699.381820
210,18,4443.720181
211,11,5807.785879
211,12,5159.393002
211,13,5115.412743
211,14,4862.781981
211,15,4750.916540
211,16,4699.381820
211,18,4443.293347
212,11,5807.785879
212,12,5159.393002
212,13,5115.412743
212,14,4862.781981
212,15,4750.916540
212,16,4699.381820
212,18,4443.293347
213,11,5756.988074
213,12,5153.813656
213,13,5115.412743
213,14,4860.368076
213,15,4740.310968
213,16,4699.381820
213,17,4680.783093
213,18,4443.293347
214,11,5756.988074
214,12,5153.813656
214,13,5115.412743
214,14,4860.368076
214,15,4740.310968
214,16,4699.381820
214,17,4680.783093
214,18,4443.293347
215,11,5691.928717
215,12,5153.813656
215,13,5115.108800
215,14,4859.992334
215,15,4740.310968
215,16,4699.381820
215,17,4680.783093
215,18,4443.293347
216,11,5691.928717
216,12,5153.813656
216,13,5058.384182
216,14,4859.992334
216,15,4740.310968
216,16,4699.381820
216,17,4680.783093
216,18,4443.293347
217,11,5691.442058
217,12,5153.813656
217,13,5058.384182
217,14,4858.526974
217,15,4739.734261
217,16,4698.204832
217,17,4680.783093
217,18,4443.293347
218,11,5691.442058
218,12,5153.813656
218,13,5058.384182
218,14,4858.526974
218,15,4726.406244
218,16,4698.204832
218,17,4680.783093
218,18,4443.293347
219,11,5680.821463
219,12,5133.293147
219,13,5039.304211
219,14,4835.598289
219,15,4726.406244
219,16,4698.078170
219,17,4680.783093
219,18,4430.479859
220,11,5680.821463
220,12,5133.293147
220,13,4966.931713
220,14,4835.598289
220,15,4726.406244
220,16,4698.078170
220,17,4680.783093
220,18,4430.479859
221,11,5667.910648
221,12,5133.293147
221,13,4966.931713
221,14,4835.598289
221,15,4726.406244
221,16,4698.078170
221,17,4423.967953
222,11,5667.910648
222,12,5133.293147
222,13,4966.931713
222,14,4835.598289
222,15,4726.406244
222,16,4698.078170
222,17,4423.967953
223,11,5655.816393
223,12,5133.293147
223,13,4966.931713
223,14,4833.692741
223,15,4726.406244
223,16,4698.078170
223,17,4423.967953
224,11,5655.816393
224,12,5133.293147
224,13,4890.555112
224,14,4833.692741
224,15,4726.406244
224,16,4698.078170
224,17,4423.967953
225,11,5624.046364
225,12,5133.180519
225,13,4889.790670
225,14,4833.692741
225,15,4726.406244
225,16,4698.078170
225,17,4415.718344
226,11,5624.046364
226,12,5133.180519
226,13,4889.790670
226,14,4833.692741
226,15,4726.406244
226,16,4698.078170
226,17,4398.291319
227,11,5622.938625
227,12,5133.180519
227,13,4889.790670
227,14,4833.692741
227,15,4716.905660
227,16,4698.075940
227,17,4393.648900
228,11,5622.938625
228,12,5133.180519
228,13,4889.790670
228,14,4833.692741
228,15,4716.905660
228,16,4692.702210
228,17,4393.648900
229,11,5366.891740
229,12,5133.180519
229,13,4889.790670
229,14,4831.453918
229,15,4716.905660
229,16,4672.427173
229,17,4393.648900
230,11,5237.572525
230,12,5133.180519
230,13,4889.790670
230,14,4831.453918
230,15,4716.905660
230,16,4672.427173
230,17,4393.648900
231,11,5237.572525
231,12,5129.706350
231,13,4868.095212
231,14,4829.471667
231,15,4706.779977
231,16,4672.427173
231,17,4393.648900
232,11,5237.572525
232,12,5129.706350
232,13,4868.095212
232,14,4829.471667
232,15,4706.779977
232,16,4672.427173
232,17,4393.648900
233,11,5235.947675
233,12,5129.706350
233,13,4868.095212
233,14,4817.322583
233,15,4706.779977
233,16,4672.427173
233,17,4392.438179
234,11,5235.947675
234,12,5129.706350
234,13,4868.095212
234,14,4817.322583
234,15,4706.779977
234,16,4672.427173
234,17,4392.438179
234,19,4379.077763
235,11,5224.189878
235,12,5129.706350
235,13,4868.095212
235,14,4817.322583
235,15,4706.779977
235,16,4661.665565
235,17,4392.438179
235,18,4374.951026
236,11,5224.189878
236,12,5129.706350
236,13,4868.095212
236,14,4817.322583
236,15,4706.779977
236,16,4661.665565
236,17,4392.438179
236,18,4374.951026
237,11,5224.189878
237,12,5129.706350
237,13,4868.095212
237,14,4817.322583
237,15,4488.266626
237,17,4392.438179
237,18,4374.951026
238,11,5184.472669
238,12,5129.706350
238,13,4868.095212
238,14,4817.322583
238,15,4488.266626
238,16,4476.151240
238,17,4392.438179
238,18,4374.951026
238,20,4364.452425
239,11,5184.472669
239,12,5129.706350
239,13,4868.089415
239,14,4817.322583
239,15,4488.266626
239,16,4476.151240
239,17,4392.438179
239,18,4343.877554
240,11,5147.787295
240,12,5129.706350
240,13,4868.089415
240,14,4817.322583
240,15,4488.266626
240,16,4476.151240
240,17,4392.438179
240,18,4343.877554
241,11,5147.787295
241,12,5129.597986
241,13,4868.089415
241,14,4792.845500
241,15,4449.243552
241,17,4392.437729
241,18,4343.870624
242,11,5147.787295
242,12,5129.597986
242,13,4841.259023
242,14,4792.845500
242,15,4449.243552
242,17,4392.437729
242,18,4343.870624
243,11,5138.803988
243,12,5090.803421
243,13,4841.259023
243,14,4792.259779
243,15,4449.243552
243,17,4392.437729
243,18,4343.870624
244,11,5120.561861
244,12,5090.803421
244,13,4841.259023
244,14,4792.259779
244,15,4449.243552
244,17,4389.154834
244,18,4343.870624
245,11,5026.192502
245,13,4841.259023
245,14,4790.928854
245,15,4449.243552
245,17,4389.154834
245,18,4343.870624
246,11,5026.192502
246,13,4841.259023
246,14,4790.928854
246,15,4449.243552
246,17,4389.154834
246,18,4343.870624
247,11,5018.658311
247,13,4841.259023
247,14,4790.928854
247,15,4449.046563
247,17,4389.154834
247,18,4343.772501
248,11,5018.658311
248,13,4841.259023
248,14,4790.928854
248,15,4449.046563
248,17,4366.671994
248,18,4336.999138
249,11,5018.658311
249,13,4841.259023
249,14,4784.259490
249,15,4449.046563
249,17,4366.671994
249,18,4335.078871
250,11,5018.658311
250,13,4841.259023
250,14,4758.532220
250,15,4449.046563
250,17,4366.671994
250,18,4335.078871
251,11,4999.618272
251,13,4841.259023
251,14,4714.445293
251,15,4449.046563
251,17,4366.671994
251,18,4335.078871
252,11,4999.618272
252,12,4977.619655
252,13,4841.259023
252,14,4714.445293
252,15,4449.046563
252,16,4336.523056
252,18,4335.078871
253,11,4999.618272
253,12,4977.619655
253,13,4841.259023
253,14,4714.445293
253,15,4449.046563
253,16,4336.523056
253,18,4335.043760
254,11,4999.618272
254,12,4977.619655
254,13,4841.259023
254,14,4714.445293
254,15,4449.046563
254,16,4336.523056
254,17,4310.122730
255,11,4999.618272
255,12,4976.973918
255,13,4841.259023
255,14,4709.901089
255,15,4449.046563
255,16,4336.489747
255,17,4310.122730
256,11,4999.618272
256,12,4976.973918
256,13,4841.259023
256,14,4709.901089
256,15,4449.046563
256,16,4336.489747
256,17,4310.122730
257,11,4999.618272
257,12,4928.706623
257,13,4841.259023
257,14,4709.901089
257,15,4449.046563
257,16,4336.489747
257,17,4310.122730
258,11,4999.618272
258,12,4928.706623
258,13,4814.475693
258,14,4709.901089
258,15,4449.046563
258,16,4336.489747
258,17,4310.122730
259,11,4999.618272
259,12,4928.706623
259,13,4810.810288
259,14,4709.901089
259,15,4449.046563
259,16,4336.489747
259,17,4310.122730
260,11,4966.021473
260,12,4928.706623
260,13,4810.810288
260,14,4709.901089
260,15,4449.046563
260,16,4336.489747
260,17,4310.122730
261,11,4966.021473
261,12,4928.706623
261,13,4810.810288
261,14,4706.776294
261,15,4447.282270
261,16,4336.489747
261,17,4297.440747
262,11,4966.021473
262,12,4928.706623
262,13,4810.810288
262,14,4706.776294
262,15,4447.282270
262,16,4336.489747
262,17,4297.440747
263,11,4965.503750
263,12,4928.706623
263,13,4809.095890
263,14,4706.776294
263,15,4445.098960
263,16,4333.611369
263,17,4297.440747
264,11,4965.503750
264,12,4928.706623
264,13,4809.095890
264,14,4706.776294
264,15,4445.098960
264,16,4303.564366
264,17,4297.440747
265,11,4964.651046
265,12,4923.691458
265,13,4809.095890
265,14,4673.846593
265,15,4440.399691
265,16,4303.564366
265,17,4297.440747
266,11,4964.651046
266,12,4923.691458
266,13,4809.095890
266,14,4673.846593
266,15,4440.399691
266,16,4303.564366
266,17,4297.440747
267,11,4961.803621
267,12,4923.691458
267,13,4809.095890
267,14,4671.039759
267,15,4440.399691
267,16,4303.440148
267,17,4297.440747
268,11,4961.803621
268,12,4923.691458
268,13,4809.095890
268,14,4671.039759
268,15,4440.399691
268,16,4303.440148
268,17,4297.440747
269,11,4961.803621
269,12,4920.778759
269,13,4809.095890
269,14,4653.893831
269,15,4440.399691
269,16,4303.440148
269,17,4297.440747
270,11,4961.803621
270,12,4920.778759
270,13,4809.095890
270,14,4653.893831
270,15,4378.244541
270,16,4303.440148
270,17,4296.111474
271,11,4953.265856
271,12,4920.778759
271,13,4809.095890
271,14,4653.893831
271,15,4376.420408
271,16,4298.954706
271,17,4296.111474
272,11,4953.265856
272,12,4920.778759
272,13,4809.095890
272,14,4653.893831
272,15,4376.420408
272,16,4298.954706
272,17,4293.786683
273,11,4928.014041
273,12,4920.778759
273,13,4808.868603
273,14,4649.672724
273,15,4376.420408
273,16,4295.500916
273,17,4293.786683
274,11,4928.014041
274,12,4920.778759
274,13,4808.868603
274,14,4649.672724
274,15,4376.420408
274,16,4295.500916
274,17,4293.786683
275,11,4928.014041
275,12,4910.024022
275,13,4808.868603
275,14,4645.302591
275,15,4374.653482
275,16,4295.500916
275,17,4292.503932
276,11,4928.014041
276,12,4910.024022
276,13,4808.868603
276,14,4645.302591
276,15,4374.653482
276,16,4295.500916
276,17,4292.503932
277,11,4928.014041
277,12,4910.024022
277,13,4808.868603
277,14,4645.302591
277,15,4374.653482
277,16,4295.500916
277,17,4292.503932
278,11,4928.014041
278,12,4910.024022
278,13,4808.868603
278,14,4645.302591
278,15,4374.653482
278,16,4295.500916
278,17,4292.503932
279,11,4923.727185
279,12,4910.024022
279,13,4808.868603
279,14,4645.302591
279,15,4374.653482
279,16,4295.500916
279,17,4292.503932
279,18,4290.863389
280,11,4923.727185
280,12,4910.024022
280,13,4808.868603
280,14,4645.302591
280,15,4374.653482
280,16,4295.500916
280,17,4292.503932
280,18,4290.863389
281,11,4919.253916
281,12,4896.723852
281,13,4808.868603
281,14,4645.302591
281,15,4374.653482
281,16,4295.500916
281,17,4292.503932
281,18,4290.863389
282,11,4919.253916
282,12,4896.723852
282,13,4808.868603
282,14,4645.302591
282,15,4374.653482
282,16,4295.500916
282,17,4292.503932
282,18,4290.863389
283,11,4913.769411
283,12,4896.723852
283,13,4802.331045
283,14,4623.443607
283,15,4374.417118
283,16,4295.500916
283,17,4292.503932
283,18,4290.863389
284,11,4913.769411
284,12,4896.723852
284,13,4802.331045
284,14,4623.443607
284,15,4374.417118
284,16,4295.500916
284,17,4292.503932
284,18,4290.863389
285,11,4913.769411
285,12,4896.723852
285,13,4802.331045
285,14,4622.764956
285,15,4374.417118
285,16,4295.500916
285,17,4292.503932
285,18,4290.863389
286,11,4913.769411
286,12,4896.723852
286,13,4802.331045
286,14,4622.764956
286,15,4374.417118
286,16,4295.500916
286,17,4292.503932
286,18,4290.863389
287,11,4913.769411
287,12,4893.334648
287,13,4796.708987
287,14,4613.760137
287,15,4374.417118
287,16,4295.500916
287,17,4292.503932
287,18,4290.863389
288,11,4913.769411
288,12,4893.334648
288,13,4796.708987
288,14,4613.760137
288,15,4374.417118
288,16,4295.500916
288,17,4292.503932
288,18,4290.863389
289,11,4913.769411
289,12,4893.294096
289,13,4778.525583
289,14,4609.931725
289,15,4374.417118
289,16,4295.500916
289,17,4292.503932
289,18,4290.863389
290,11,4913.769411
290,12,4893.294096
290,13,4778.525583
290,14,4609.931725
290,15,4374.417118
290,16,4295.500916
290,17,4292.503932
290,18,4290.863389
291,11,4913.537739
291,12,4893.294096
291,13,4778.525583
291,14,4605.135967
291,15,4369.461591
291,16,4295.500916
291,17,4292.503932
291,18,4290.863389
292,11,4913.537739
292,12,4893.294096
292,13,4778.525583
292,14,4605.135967
292,15,4369.461591
292,16,4295.500916
292,17,4292.503932
292,18,4290.863389
293,11,4913.537739
293,12,4891.211894
293,13,4778.525583
293,14,4605.135967
293,15,4369.461591
293,16,4295.500916
293,17,4292.503932
293,18,4290.863389
294,11,4913.537739
294,12,4891.211894
294,13,4778.525583
294,14,4605.135967
294,15,4369.461591
294,16,4295.500916
294,17,4292.503932
294,18,4290.863389
295,11,4877.106092
295,12,4870.963108
295,13,4778.525583
295,14,4605.135967
295,15,4366.675962
295,16,4295.500916
295,17,4292.503932
295,18,4290.863389
296,11,4877.106092
296,12,4870.963108
296,13,4778.525583
296,14,4605.135967
296,15,4366.675962
296,16,4295.500916
296,17,4292.503932
296,18,4260.993852
297,11,4877.106092
297,12,4870.963108
297,13,4778.525583
297,14,4605.032968
297,15,4366.675962
297,16,4295.500916
297,17,4292.503932
297,18,4260.544805
298,11,4877.106092
298,12,4870.963108
298,13,4778.525583
298,14,4605.032968
298,15,4366.675962
298,16,4295.500916
298,17,4291.836800
298,18,4260.544805
299,11,4877.106092
299,12,4870.963108
299,13,4778.525583
299,14,4605.032968
299,15,4366.675962
299,16,4295.500916
299,17,4291.836800
299,18,4260.544805
300,11,4877.106092
300,12,4870.963108
300,13,4778.525583
300,14,4605.032968
300,15,4366.675962
300,16,4295.500916
300,17,4291.836800
300,18,4260.544805
301,11,4867.018529
301,12,4862.700885
301,13,4778.525583
301,14,4605.032968
301,15,4366.675962
301,16,4295.500916
301,17,4291.836800
301,18,4260.544805
302,11,4867.018529
302,12,4862.700885
302,13,4778.525583
302,14,4605.032968
302,15,4366.675962
302,16,4295.500916
302,17,4291.836800
302,18,4260.544805
303,11,4863.202299
303,12,4862.700885
303,13,4778.525583
303,14,4605.032968
303,15,4366.675962
303,16,4295.500916
303,17,4291.836800
303,18,4260.544805
304,11,4863.202299
304,12,4862.700885
304,13,4778.525583
304,14,4604.428250
304,15,4366.675962
304,16,4295.500916
304,17,4291.836800
304,18,4260.544805
305,11,4863.202299
305,12,4839.164773
305,13,4778.525583
305,14,4598.913735
305,15,4366.675962
305,16,4295.500916
305,17,4291.836800
305,18,4260.544805
306,11,4863.202299
306,12,4839.164773
306,13,4778.525583
306,14,4598.913735
306,15,4366.675962
306,16,4295.500916
306,17,4291.836800
306,18,4260.544805
307,11,4863.202299
307,12,4839.164773
307,13,4777.985377
307,14,4598.560839
307,15,4366.317744
307,16,4295.500916
307,17,4291.836800
307,18,4260.518963
308,11,4863.202299
308,12,4839.164773
308,13,4777.985377
308,14,4598.560839
308,15,4366.317744
308,16,4295.500916
308,17,4291.836800
308,18,4260.518963
309,11,4863.202299
309,12,4839.164773
309,13,4777.985377
309,14,4598.560839
309,15,4356.078635
309,16,4295.500916
309,17,4291.836800
309,18,4260.518963
310,11,4863.202299
310,12,4836.013261
310,13,4763.999919
310,14,4598.560839
310,15,4356.078635
310,16,4295.349806
310,17,4291.836800
310,18,4260.518963
311,11,4863.202299
311,12,4836.013261
311,13,4763.999919
311,14,4598.560839
311,15,4356.078635
311,16,4295.349806
311,17,4291.836800
311,18,4260.518963
312,11,4853.562289
312,12,4836.013261
312,13,4763.999919
312,14,4598.560839
312,15,4356.078635
312,16,4295.349806
312,17,4291.836800
312,18,4260.518963
313,11,4844.236629
313,12,4836.013261
313,13,4763.999919
313,14,4598.560839
313,15,4355.799284
313,16,4295.349806
313,17,4291.836800
313,18,4260.518963
314,11,4844.236629
314,12,4836.013261
314,13,4763.999919
314,14,4598.560839
314,15,4355.799284
314,16,4295.349806
314,17,4291.836800
314,18,4260.518963
315,11,4844.236629
315,12,4796.638919
315,13,4763.999919
315,14,4595.284860
315,15,4355.799284
315,16,4295.349806
315,17,4291.836800
315,18,4260.518963
316,11,4844.236629
316,12,4796.638919
316,13,4755.427908
316,14,4595.284860
316,15,4355.799284
316,16,4295.349806
316,17,4291.836800
316,18,4260.518963
317,11,4844.236629
317,12,4780.491331
317,13,4755.427908
317,14,4593.457052
317,15,4355.799284
317,16,4295.349806
317,17,4291.836800
317,18,4260.518963
318,11,4842.580401
318,12,4780.491331
318,13,4755.427908
318,14,4593.457052
318,15,4355.799284
318,16,4295.349806
318,17,4291.836800
318,18,4260.518963
319,11,4842.580401
319,12,4779.089350
319,13,4754.554972
319,14,4593.457052
319,15,4355.271121
319,16,4295.349806
319,17,4291.836800
319,18,4260.518963
320,11,4842.580401
320,12,4779.089350
320,13,4754.554972
320,14,4593.457052
320,15,4355.271121
320,16,4295.349806
320,17,4285.431385
320,18,4260.518963
321,11,4826.216084
321,12,4779.089350
321,13,4754.554972
321,14,4593.457052
321,15,4352.734947
321,16,4295.349806
321,17,4285.431385
321,18,4260.518963
322,11,4823.648306
322,12,4779.089350
322,13,4754.554972
322,14,4593.457052
322,15,4352.734947
322,16,4295.349806
322,17,4265.158529
322,18,4260.518963
323,11,4823.648306
323,12,4779.089350
323,13,4754.554972
323,14,4593.457052
323,15,4352.734947
323,16,4295.349806
323,17,4265.158529
323,18,4260.518963
