Generation,NV,TOC
1,68,30497.120381
1,69,29950.648751
1,72,29272.597704
1,73,29012.105048
1,77,28464.050322
1,79,28131.245078
1,88,27824.631873
1,91,26917.425002
1,108,26767.819338
1,130,26498.317249
1,141,26030.543110
1,142,25404.554823
1,143,24942.686649
2,64,31487.348818
2,66,30857.459287
2,67,30706.992603
2,68,30497.120381
2,69,29950.648751
2,72,29272.597704
2,73,29012.105048
2,74,27814.205446
2,78,27674.438208
2,80,27238.444202
2,91,26917.425002
2,92,26768.425134
2,93,26409.738716
2,128,26379.141316
2,134,26343.523493
2,141,26030.543110
2,142,25404.554823
2,143,24942.686649
3,63,31892.753227
3,64,31487.348818
3,65,30429.721029
3,69,29844.263445
3,70,29731.136673
3,72,29272.597704
3,73,29012.105048
3,74,27814.205446
3,77,27682.341254
3,78,27674.438208
3,80,27238.444202
3,83,27075.666866
3,87,26732.675240
3,91,26724.272012
3,93,26409.738716
3,102,26054.133758
3,127,25989.822096
3,132,25701.700701
3,142,25404.554823
3,143,24942.686649
4,63,31892.753227
4,64,31487.348818
4,65,30429.721029
4,67,29880.346376
4,68,28460.160380
4,74,27814.205446
4,75,27636.559397
4,77,27174.551024
4,82,27068.547930
4,87,26732.675240
4,91,25661.330009
4,94,25598.248500
4,100,25284.413032
4,136,25056.437336
4,142,24504.158018
5,63,31284.304165
5,64,29425.526488
5,68,28460.160380
5,70,28312.679493
5,74,27814.205446
5,75,26986.734230
5,77,26446.148542
5,80,26055.456418
5,87,25625.894162
5,94,25598.248500
5,97,25500.059122
5,100,25284.413032
5,133,25210.602579
5,136,25056.437336
5,140,24319.651209
5,143,24264.999466
6,63,30642.088857
6,64,29425.526488
6,65,28857.915057
6,68,28460.160380
6,70,28312.679493
6,71,27985.096744
6,74,27249.391917
6,75,26951.889207
6,77,25839.950747
6,86,25208.951320
6,89,25085.981861
6,99,24821.041804
6,102,24774.127079
6,124,24611.897182
6,137,24162.960049
6,139,23839.837552
7,63,30642.088857
7,64,28610.735426
7,68,28460.160380
7,70,28072.296370
7,71,27985.096744
7,72,27297.070646
7,74,27249.391917
7,75,26714.994051
7,77,25839.950747
7,82,25824.098117
7,86,25208.951320
7,89,25085.981861
7,92,24931.194841
7,99,24297.530032
7,136,24296.867277
7,137,24148.985292
7,139,23839.837552
8,61,31474.872136
8,62,28838.180658
8,64,28610.735426
8,67,27782.686853
8,72,27135.309115
8,73,26660.809498
8,77,25839.950747
8,82,25824.098117
8,83,25778.815816
8,85,24954.428774
8,92,24931.194841
8,99,24297.530032
8,108,24272.597015
8,137,23922.725028
8,139,23839.837552
9,61,31474.872136
9,62,28418.296692
9,66,27498.735094
9,69,27359.237068
9,72,27135.309115
9,73,26660.809498
9,74,26509.347759
9,77,25839.950747
9,80,25275.403712
9,82,25126.174649
9,85,24954.428774
9,88,24669.036890
9,99,24297.530032
9,108,24272.597015
9,130,23953.901609
9,137,23922.725028
9,138,23917.883066
9,139,23839.837552
9,151,23833.886192
9,152,23797.649052
10,60,31424.775680
10,61,30687.580563
10,62,28418.296692
10,64,28308.999443
10,66,27498.735094
10,69,27359.237068
10,70,27264.194858
10,71,27177.462062
10,72,27135.309115
10,73,26660.809498
10,74,26509.347759
10,75,26475.216413
10,76,26452.457510
10,77,25839.950747
10,80,25275.403712
10,82,25126.174649
10,85,24954.428774
10,88,24669.036890
10,95,24544.515884
10,99,24297.530032
10,104,24274.182373
10,108,24272.597015
10,130,23953.901609
10,137,23789.930183
10,152,23626.105118
11,60,31424.775680
11,61,28739.065801
11,62,28418.296692
11,64,27980.754624
11,66,27498.735094
11,69,27265.296949
11,70,27241.171447
11,71,27147.832214
11,72,27135.309115
11,73,26422.214473
11,77,25839.950747
11,80,25275.403712
11,82,25126.174649
11,85,24649.305901
11,86,24030.062832
11,106,23958.371605
11,118,23812.991129
11,121,23364.002016
11,138,22868.004248
12,60,31424.775680
12,61,28739.065801
12,62,28418.296692
12,63,28251.563669
12,64,27980.754624
12,66,27498.735094
12,69,27265.296949
12,70,27241.171447
12,71,26761.053168
12,73,25964.747391
12,77,25839.950747
12,80,25275.403712
12,82,25126.174649
12,85,24649.305901
12,86,24030.062832
12,106,23958.371605
12,110,23616.647238
12,120,23608.909092
12,121,23364.002016
12,124,23211.334002
12,138,22868.004248
13,60,31424.775680
13,61,28739.065801
13,62,28418.296692
13,63,28087.836614
13,64,27980.754624
13,66,27498.735094
13,69,27265.296949
13,70,27241.171447
13,71,26750.510534
13,72,26270.959618
13,73,25964.747391
13,77,25701.463545
13,80,25032.869524
13,81,24744.375571
13,84,23820.858155
13,106,23689.266916
13,108,23423.513594
13,117,23334.086250
13,119,23189.993563
13,120,23031.326812
13,137,22771.837781
14,60,31424.775680
14,61,27469.503863
14,66,27410.991763
14,68,27213.687843
14,69,26925.241060
14,71,26078.635029
14,73,25387.508518
14,76,25012.563870
14,80,24782.974941
14,81,24744.375571
14,84,23820.858155
14,106,23689.266916
14,108,23423.513594
14,117,23334.086250
14,119,23189.993563
14,120,23031.326812
14,130,22682.780447
14,131,22679.893928
15,60,28424.303357
15,61,27469.503863
15,64,27312.099405
15,68,27213.687843
15,69,26722.669939
15,71,26078.635029
15,73,25387.508518
15,74,24769.112642
15,79,24524.834556
15,84,23820.858155
15,105,23204.164922
15,116,22831.871990
15,127,22234.381566
16,58,29499.877649
16,59,28837.797772
16,60,28424.303357
16,61,27469.503863
16,64,27312.099405
16,67,25317.540646
16,68,25303.027463
16,70,24862.004152
16,74,24769.112642
16,76,24491.266138
16,84,23820.858155
16,97,23272.408798
16,105,23204.164922
16,116,22831.871990
16,122,22561.869063
16,127,22234.381566
17,58,29499.877649
17,59,28837.797772
17,60,28424.303357
17,61,27469.503863
17,64,27312.099405
17,66,27184.528785
17,67,25317.540646
17,68,25303.027463
17,70,24862.004152
17,73,24590.103844
17,76,24210.709956
17,82,23415.525720
17,97,23272.408798
17,99,22994.601768
17,105,22576.134107
17,122,22529.107240
17,127,22075.165523
18,58,28959.462724
18,59,28837.797772
18,60,28424.303357
18,61,27469.503863
18,63,27457.361066
18,64,27312.099405
18,66,27184.528785
18,67,25317.540646
18,68,25303.027463
18,70,24862.004152
18,73,24590.103844
18,75,24272.552313
18,76,24210.709956
18,78,23955.170170
18,82,23415.525720
18,83,22898.763286
18,104,22681.478152
18,105,22576.134107
18,122,22529.107240
18,127,22075.165523
19,58,28959.462724
19,59,28837.797772
19,60,28424.303357
19,61,27469.503863
19,63,27457.361066
19,64,27312.099405
19,66,26914.251029
19,67,25317.540646
19,68,25303.027463
19,70,24862.004152
19,73,24213.896934
19,74,23612.967256
19,82,22560.636214
19,104,22263.366653
19,107,22053.125603
19,125,21979.723736
20,58,28959.462724
20,59,28837.797772
20,60,28424.303357
20,61,26260.876359
20,63,26177.633583
20,67,25317.540646
20,68,25303.027463
20,70,24862.004152
20,73,24213.896934
20,74,23612.967256
20,82,22560.636214
20,94,22423.211129
20,104,22263.366653
20,107,22053.125603
20,125,21979.723736
21,58,28959.462724
21,59,28837.797772
21,60,28424.303357
21,61,26260.876359
21,63,26177.633583
21,67,25317.540646
21,68,24536.394999
21,70,23267.472421
21,81,22367.074380
21,92,22242.683313
21,103,22181.535676
21,106,22017.749361
21,110,21895.490096
21,125,21817.893765
22,58,28959.462724
22,59,28837.797772
22,60,27665.061581
22,61,26260.876359
22,63,26177.633583
22,66,25395.441894
22,67,25317.540646
22,68,24536.394999
22,70,23267.472421
22,81,22367.074380
22,92,22242.683313
22,93,22016.822667
22,109,21924.478938
22,110,21895.490096
22,125,21817.893765
23,58,28106.458954
23,60,27665.061581
23,61,26260.876359
23,62,26051.448312
23,66,25062.421473
23,67,24481.534800
23,70,23265.140173
23,81,22173.735264
23,93,21929.664839
23,104,21860.194631
23,108,21786.131673
23,109,21724.164290
23,123,21612.988688
24,58,28106.458954
24,60,26119.789636
24,62,26051.448312
24,64,25893.974201
24,65,25408.633134
24,66,25062.421473
24,67,24481.534800
24,70,23265.140173
24,81,22173.735264
24,93,21929.664839
24,104,21860.194631
24,108,21786.131673
24,109,21724.164290
24,123,21612.988688
25,58,28069.508340
25,60,26119.789636
25,62,25591.794739
25,65,25408.633134
25,66,25062.421473
25,67,24371.023381
25,68,23134.394395
25,80,22085.052936
25,90,21715.409279
25,102,21517.558081
26,58,28069.508340
26,59,26202.602988
26,60,26119.789636
26,61,26039.994412
26,62,25591.794739
26,65,25408.633134
26,66,25062.421473
26,67,24371.023381
26,68,23134.394395
26,80,22085.052936
26,90,21715.409279
26,102,21517.558081
26,110,21316.799219
27,56,28655.377712
27,57,27754.912560
27,59,26202.602988
27,60,26119.789636
27,61,26023.219376
27,62,25591.794739
27,63,25474.919294
27,64,25175.015029
27,66,25062.421473
27,67,24243.044840
27,68,23134.394395
27,80,22085.052936
27,90,21464.980893
27,99,21336.564791
27,107,21152.669011
28,56,28655.377712
28,57,27408.492137
28,59,26202.602988
28,60,26119.789636
28,61,26023.219376
28,62,25591.794739
28,63,25474.919294
28,64,24700.921978
28,67,24243.044840
28,68,23134.394395
28,80,22085.052936
28,90,21464.980893
28,99,21336.564791
28,101,21046.503636
29,56,28655.377712
29,57,27408.492137
29,58,26486.052445
29,59,25321.200854
29,63,24234.562046
29,68,23076.789365
29,80,21942.887024
29,90,21464.980893
29,93,21385.408451
29,97,21232.398087
29,101,20936.840369
29,110,20851.613928
30,55,27675.757356
30,57,27408.492137
30,58,26486.052445
30,59,25321.200854
30,62,23776.357354
30,68,23076.789365
30,78,21770.608162
30,90,21464.980893
30,93,21385.408451
30,97,21232.398087
30,101,20936.840369
30,110,20851.613928
31,55,27675.757356
31,57,27408.492137
31,58,26486.052445
31,59,25321.200854
31,61,23932.358491
31,62,23564.878422
31,68,22822.676510
31,72,22332.404640
31,77,21640.215121
31,85,21420.278294
31,90,21360.980891
31,92,21338.481975
31,95,21150.989978
31,99,20790.799797
31,105,20784.364962
32,55,27675.757356
32,57,27408.492137
32,58,26486.052445
32,59,23774.792366
32,62,23564.878422
32,66,23510.251432
32,68,22822.676510
32,72,22332.404640
32,77,21640.215121
32,85,21420.278294
32,90,21360.980891
32,92,21338.481975
32,95,21150.989978
32,99,20790.799797
32,105,20784.364962
33,55,27675.757356
33,57,27408.492137
33,58,26486.052445
33,59,23774.792366
33,62,23207.049700
33,66,23029.900332
33,68,22781.092954
33,72,22253.220331
33,77,21640.215121
33,85,21259.149439
33,92,21201.084340
33,94,20988.669815
33,95,20722.626383
34,55,27675.757356
34,57,27408.492137
34,58,22859.595264
34,68,22781.092954
34,71,22654.460005
34,72,22253.220331
34,77,21640.215121
34,85,21259.149439
34,92,21201.084340
34,94,20988.669815
34,95,20722.626383
35,55,27675.757356
35,57,23109.894923
35,58,22666.295367
35,71,22654.460005
35,72,22165.768569
35,75,21730.063874
35,77,21610.619423
35,84,21160.926967
35,92,20942.047615
35,95,20619.331016
36,55,27675.757356
36,56,25655.935687
36,57,23109.894923
36,58,22666.295367
36,67,22172.804973
36,72,22165.768569
36,75,21730.063874
36,77,21610.619423
36,84,21160.926967
36,92,20942.047615
36,95,20619.331016
37,55,24692.905870
37,56,24080.234214
37,57,22191.592609
37,67,22045.491044
37,72,21740.949269
37,75,21440.448593
37,83,21069.089080
37,91,20835.975013
37,93,20530.831971
38,55,24692.905870
38,56,24080.234214
38,57,22112.311040
38,64,21769.402901
38,69,21487.375218
38,75,21440.448593
38,83,21069.089080
38,91,20835.975013
38,93,20530.831971
39,54,21843.108424
39,64,21759.640022
39,69,21487.375218
39,75,21440.448593
39,83,21028.281711
39,91,20820.992100
39,93,20530.831971
40,54,21843.108424
40,64,21759.640022
40,69,21487.375218
40,73,21300.716296
40,77,21204.034994
40,83,21028.281711
40,89,21011.618457
40,91,20820.992100
40,93,20530.831971
40,99,20496.107246
41,54,21213.489857
41,68,20969.318732
41,89,20746.258067
41,92,20415.348874
42,54,21213.489857
42,60,21098.803951
42,68,20969.318732
42,80,20914.408811
42,89,20746.258067
42,92,20415.348874
42,99,20344.035453
43,54,21144.826410
43,60,21098.803951
43,68,20969.318732
43,80,20873.233785
43,88,20697.241753
43,91,20374.694860
43,99,20344.035453
44,54,21144.826410
44,60,20803.647130
44,73,20773.554626
44,80,20637.376913
44,84,20547.513827
44,91,20374.694860
44,99,20344.035453
45,53,21114.603454
45,54,21057.850676
45,55,20933.754440
45,60,20562.257941
45,73,20215.492156
46,53,21114.603454
46,54,21057.850676
46,55,20933.754440
46,60,20562.257941
46,73,20215.492156
47,53,21114.603454
47,54,21005.829056
47,55,20933.754440
47,60,20509.331316
47,73,20211.728689
48,53,21114.603454
48,54,21005.829056
48,55,20933.754440
48,60,20509.331316
48,63,20414.686843
48,70,20331.704042
48,73,20211.728689
48,74,20203.309352
49,53,20987.550303
49,55,20933.754440
49,60,20131.027773
50,53,20987.550303
50,55,20933.754440
50,58,20265.687855
50,60,20131.027773
50,61,20082.893861
50,85,20064.389853
51,52,21393.469492
51,53,20969.682565
51,54,20814.868431
51,58,20265.687855
51,59,20210.531241
51,60,20131.027773
51,61,20082.893861
51,85,20064.389853
52,52,21393.469492
52,53,20969.682565
52,54,20814.868431
52,58,20265.687855
52,59,20210.531241
52,60,20131.027773
52,61,20082.893861
52,71,19972.260904
53,52,21283.625560
53,53,20773.641993
53,56,20612.311572
53,57,20592.251265
53,58,20246.832634
53,59,20068.037009
53,70,19844.262370
54,52,21283.625560
54,53,20773.641993
54,56,20612.311572
54,57,20592.251265
54,58,20246.832634
54,59,20068.037009
54,68,19920.830812
54,70,19844.262370
55,51,22904.389991
55,52,21132.425770
55,53,20744.453395
55,56,20579.300249
55,57,20547.625741
55,58,20116.445377
55,59,19994.170786
55,66,19677.888472
56,51,22354.664814
56,52,21132.425770
56,53,20744.453395
56,56,20579.300249
56,57,20547.625741
56,58,20116.445377
56,59,19994.170786
56,66,19677.888472
57,51,22354.664814
57,52,21069.766904
57,53,20705.293067
57,55,20444.295613
57,58,19953.412697
57,66,19614.279927
58,51,22354.664814
58,52,21069.766904
58,53,20705.293067
58,55,20444.295613
58,56,20063.362038
58,58,19953.412697
58,59,19905.333697
58,66,19614.279927
58,79,19562.039482
59,50,21495.971597
59,52,20970.645720
59,53,20652.779834
59,54,20425.017028
59,55,20388.220898
59,56,19936.722692
59,58,19860.177817
59,66,19614.279927
59,79,19562.039482
60,50,21495.971597
60,52,20880.760578
60,53,20652.779834
60,54,20425.017028
60,55,20388.220898
60,56,19936.722692
60,58,19860.177817
60,66,19614.279927
60,70,19554.272176
61,49,21936.086730
61,50,21384.641751
61,52,20818.002165
61,53,20652.779834
61,54,20299.602634
61,56,19764.197226
61,66,19614.279927
61,69,19494.356575
62,49,21936.086730
62,50,21384.641751
62,52,20818.002165
62,53,20652.779834
62,54,20299.602634
62,56,19764.197226
62,63,19669.123636
62,66,19614.279927
62,69,19494.356575
63,49,21890.350645
63,50,21309.580836
63,52,20792.070821
63,53,20615.781116
63,54,20299.602634
63,56,19691.549168
63,63,19626.792137
63,66,19567.892576
63,67,19330.775921
64,49,21890.350645
64,50,21309.580836
64,51,21273.068477
64,52,20792.070821
64,53,20615.781116
64,54,20299.602634
64,56,19691.549168
64,62,19628.739332
64,63,19626.792137
64,66,19567.892576
64,67,19330.775921
65,49,21731.063787
65,50,21309.580836
65,51,21169.248830
65,52,20632.586023
65,53,20553.396265
65,54,20051.170367
65,56,19609.517020
65,60,19490.852605
65,67,19188.585668
66,49,21731.063787
66,50,21309.580836
66,51,21169.248830
66,52,20632.586023
66,53,20140.608894
66,54,20051.170367
66,56,19609.517020
66,60,19490.852605
66,61,19369.295481
66,62,19363.822662
66,67,19188.585668
67,48,22567.358441
67,49,21731.063787
67,50,21278.417924
67,51,21135.079852
67,52,20529.725390
67,53,20121.066098
67,54,20048.983116
67,56,19534.593382
67,60,19395.248318
67,61,19361.601132
67,62,19312.578502
67,67,19188.585668
68,48,22567.358441
68,49,21731.063787
68,50,21278.417924
68,51,21135.079852
68,52,20529.725390
68,53,20121.066098
68,54,20048.983116
68,56,19534.593382
68,60,19395.248318
68,61,19361.601132
68,62,19312.578502
68,67,19188.585668
69,48,22567.358441
69,49,21471.684095
69,50,21278.417924
69,51,21000.262833
69,52,20521.470978
69,53,20121.066098
69,54,19992.622338
69,56,19516.319297
69,60,19329.915610
69,61,19274.250076
69,67,19188.585668
70,47,22487.090932
70,48,22111.639098
70,49,21471.684095
70,50,21278.417924
70,51,21000.262833
70,52,20521.470978
70,53,20121.066098
70,54,19846.906518
70,56,19516.319297
70,59,19475.730154
70,60,19329.915610
70,61,19274.250076
70,67,19188.585668
71,47,22487.090932
71,48,22111.639098
71,49,21471.684095
71,50,21209.695339
71,51,20825.687470
71,52,20091.100223
71,54,19846.906518
71,55,19414.992116
71,60,19329.106183
71,61,19268.881629
71,67,19188.585668
72,47,22487.090932
72,48,22111.639098
72,49,21471.684095
72,50,21209.695339
72,51,20825.687470
72,52,20091.100223
72,54,19846.906518
72,55,19414.992116
72,58,19412.693769
72,60,19329.106183
72,61,19268.881629
72,67,19188.585668
73,47,22487.090932
73,48,21779.364334
73,49,21392.121767
73,50,21054.112652
73,51,20792.846416
73,52,20091.100223
73,53,19902.290609
73,54,19349.211854
73,58,19329.187935
73,59,19196.155590
73,67,19058.555474
74,47,22487.090932
74,48,21779.364334
74,49,21392.121767
74,50,21054.112652
74,51,20792.846416
74,52,20091.100223
74,53,19902.290609
74,54,19349.211854
74,57,19080.560528
74,67,19058.555474
75,47,22485.674519
75,48,21697.081035
75,49,21292.111978
75,50,21001.897509
75,51,20337.992400
75,52,20068.497676
75,53,19875.941365
75,54,19341.732741
75,57,18957.672749
76,47,22485.674519
76,48,21697.081035
76,49,21292.111978
76,50,21001.897509
76,51,20337.992400
76,52,20068.497676
76,53,19875.941365
76,54,19341.732741
76,56,19028.887198
76,57,18957.672749
76,72,18934.672946
77,47,21692.369338
77,49,21216.204306
77,50,21001.897509
77,51,20314.801479
77,52,19865.503208
77,54,19295.087485
77,56,19028.887198
77,57,18953.899283
77,72,18925.717254
78,47,21692.369338
78,49,21216.204306
78,50,21001.897509
78,51,20314.801479
78,52,19865.503208
78,54,19295.087485
78,56,19028.887198
78,57,18953.899283
78,72,18925.717254
79,47,21597.909370
79,48,21325.266025
79,49,21213.821227
79,50,20808.295103
79,51,20312.223193
79,52,19865.503208
79,54,19260.261442
79,56,18908.021925
79,72,18888.581328
80,47,21597.909370
80,48,21325.266025
80,49,21213.821227
80,50,20808.295103
80,51,20312.223193
80,52,19865.503208
80,54,19260.261442
80,56,18908.021925
80,72,18888.581328
81,47,21597.909370
81,48,21325.266025
81,49,21116.647988
81,50,20701.812611
81,51,20309.664318
81,52,19865.503208
81,53,19580.161055
81,54,19242.749854
81,56,18908.021925
81,71,18845.204147
81,72,18829.500510
82,46,22865.751505
82,47,21597.909370
82,48,21110.318839
82,50,20701.812611
82,51,20309.664318
82,52,19419.355477
82,54,19242.749854
82,55,19188.050681
82,56,18908.021925
82,60,18849.467175
82,71,18845.204147
82,72,18829.500510
83,46,22865.751505
83,47,21470.174637
83,48,21038.060236
83,50,20563.700742
83,51,20192.003855
83,52,19408.521809
83,54,19189.077394
83,55,19117.397292
83,56,18891.958701
83,60,18849.467175
83,67,18593.871052
84,46,22865.751505
84,47,21172.093783
84,48,21038.060236
84,50,19554.649794
84,51,19179.513708
84,55,19117.397292
84,56,18891.958701
84,60,18849.467175
84,67,18593.871052
85,46,22770.515476
85,47,21172.093783
85,48,21038.060236
85,50,19554.649794
85,51,19151.172467
85,55,19092.694662
85,56,18838.497268
85,60,18836.375304
85,67,18446.695283
86,46,21059.060471
86,48,21038.060236
86,50,19554.649794
86,51,19151.172467
86,55,19092.694662
86,56,18838.497268
86,60,18836.375304
86,67,18446.695283
87,46,21059.060471
87,47,21025.171891
87,49,20836.127471
87,50,19554.649794
87,51,19104.362083
87,55,19092.694662
87,56,18793.074624
87,60,18737.605390
87,67,18421.677322
88,46,21059.060471
88,47,21025.171891
88,49,20836.127471
88,50,19554.649794
88,51,19104.362083
88,54,19009.221798
88,56,18793.074624
88,59,18760.064571
88,60,18737.605390
88,66,18438.639750
88,67,18421.677322
89,46,21059.060471
89,47,20959.002892
89,48,20722.875352
89,50,19554.649794
89,51,19094.956091
89,54,18904.488509
89,56,18793.074624
89,59,18692.577380
89,60,18638.728903
89,62,18414.824208
89,66,18335.184208
90,46,21059.060471
90,47,20959.002892
90,48,20722.875352
90,50,19554.649794
90,51,19094.956091
90,54,18904.488509
90,56,18626.773743
90,62,18414.824208
90,66,18335.184208
91,45,21181.204578
91,46,21053.008499
91,47,20929.532793
91,48,20722.875352
91,50,19511.297155
91,51,19094.956091
91,53,18854.795682
91,56,18577.611997
91,62,18414.824208
91,66,18335.184208
92,45,21181.204578
92,46,20926.499656
92,48,20722.875352
92,50,19511.297155
92,51,19094.956091
92,53,18854.795682
92,56,18577.611997
92,62,18414.824208
92,64,18349.930082
92,66,18335.184208
93,45,20966.945192
93,46,20873.255428
93,48,20706.378533
93,50,19446.236372
93,51,19012.294575
93,53,18840.104534
93,56,18577.611997
93,62,18414.824208
93,64,18285.174795
94,45,20966.945192
94,46,20667.622144
94,48,20581.260603
94,50,19446.236372
94,51,19012.294575
94,53,18840.104534
94,54,18669.029271
94,56,18577.611997
94,62,18414.824208
94,64,18285.174795
95,45,20966.945192
95,46,20506.309621
95,47,20474.304224
95,50,19275.539106
95,51,19008.248625
95,53,18827.928090
95,54,18669.029271
95,56,18577.611997
95,58,18468.318036
95,62,18399.928822
95,64,18165.872392
96,45,20966.945192
96,46,20506.309621
96,47,20474.304224
96,49,19776.527822
96,50,19275.539106
96,51,19008.248625
96,53,18827.928090
96,54,18612.890990
96,55,18610.112604
96,56,18577.611997
96,58,18468.318036
96,62,18399.928822
96,64,18165.872392
97,45,20966.192819
97,46,20506.309621
97,47,20474.304224
97,49,19635.595907
97,50,19275.539106
97,51,19008.248625
97,53,18741.585062
97,54,18569.350550
97,56,18536.799870
97,57,18514.623406
97,58,18452.861026
97,61,18342.595332
97,64,18165.872392
98,45,20966.192819
98,46,20506.309621
98,47,20474.304224
98,49,19635.595907
98,50,19275.539106
98,51,19008.248625
98,53,18741.585062
98,54,18569.350550
98,56,18350.097098
98,61,18342.595332
98,64,18165.872392
99,44,20783.716221
99,46,20401.320052
99,47,20359.374715
99,49,19620.597132
99,50,19275.539106
99,51,18995.217533
99,53,18696.038739
99,54,18485.336884
99,56,18326.066389
99,61,18304.268773
99,64,18137.281013
100,44,20783.716221
100,46,20401.320052
100,47,20359.374715
100,49,19620.597132
100,50,19275.539106
100,51,18995.217533
100,53,18696.038739
100,54,18485.336884
100,56,18326.066389
100,61,18304.268773
100,64,18137.281013
101,44,20740.097651
101,46,20365.766446
101,47,20120.191341
101,49,19619.407771
101,50,19275.539106
101,51,18891.901774
101,53,18628.074710
101,54,18434.810239
101,56,18326.066389
101,61,18269.633600
101,64,18137.281013
102,44,20740.097651
102,46,20365.766446
102,47,20120.191341
102,49,19357.133644
102,50,19275.539106
102,51,18891.901774
102,53,18628.074710
102,54,18434.810239
102,56,18326.066389
102,60,18303.130400
102,61,18269.633600
102,64,18137.281013
103,44,20740.097651
103,45,20697.507927
103,46,20365.766446
103,47,20111.543198
103,49,19316.719950
103,50,19275.539106
103,51,18782.012844
103,53,18558.580069
103,54,18434.810239
103,56,18273.719245
103,61,18240.831079
103,64,18137.281013
104,44,20662.895898
104,45,20593.184353
104,46,20365.766446
104,47,20111.543198
104,49,19316.719950
104,50,19275.539106
104,51,18782.012844
104,53,18558.580069
104,54,18434.810239
104,56,18273.719245
104,61,18240.831079
104,64,18137.281013
105,44,20662.895898
105,45,20545.584335
105,46,20282.719880
105,47,20012.971443
105,49,19316.719950
105,50,19251.678924
105,51,18782.012844
105,53,18544.208815
105,54,18420.369087
105,56,18272.906869
105,58,18237.850653
105,64,18093.738595
106,44,20662.895898
106,45,20536.592846
106,46,20282.719880
106,47,20012.971443
106,49,19316.719950
106,50,19251.678924
106,51,18782.012844
106,53,18544.208815
106,54,18420.369087
106,56,18272.906869
106,58,18237.850653
106,64,18093.738595
106,65,18069.001120
107,43,21179.235678
107,44,20636.854472
107,45,20536.592846
107,46,20282.719880
107,47,19913.048839
107,49,19316.719950
107,50,19251.678924
107,51,18775.546077
107,53,18544.208815
107,54,18385.823541
107,56,18272.906869
107,58,18209.754540
107,64,18047.070640
108,43,21179.235678
108,44,20636.854472
108,45,20536.592846
108,46,20282.719880
108,47,19802.049354
108,48,19640.662900
108,49,19316.719950
108,50,19251.678924
108,51,18775.546077
108,52,18592.089534
108,53,18544.208815
108,54,18385.823541
108,56,18272.906869
108,57,18244.313181
108,58,18209.754540
108,64,18047.070640
109,43,21179.235678
109,44,20636.854472
109,45,20455.336016
109,46,20282.719880
109,47,19802.049354
109,48,19640.662900
109,49,19184.118121
109,51,18751.068310
109,52,18554.718389
109,53,18501.797030
109,54,18348.858905
109,56,18236.548774
109,57,18186.293652
109,64,18029.775013
110,43,21179.235678
110,44,20636.854472
110,45,20455.336016
110,46,20282.719880
110,47,19802.049354
110,48,19640.662900
110,49,19184.118121
110,51,18751.068310
110,52,18554.718389
110,53,18501.797030
110,54,18348.858905
110,56,18236.548774
110,57,18186.293652
110,64,18029.775013
111,43,21179.235678
111,44,20636.854472
111,45,20455.336016
111,46,20282.719880
111,47,19735.645905
111,48,19640.662900
111,49,19172.821302
111,51,18725.456803
111,52,18554.718389
111,53,18497.463768
111,54,18343.436563
111,56,18236.548774
111,57,18026.026447
112,43,21179.235678
112,44,20636.854472
112,45,20188.852798
112,47,19735.645905
112,48,19640.662900
112,49,19172.821302
112,51,18725.456803
112,52,18554.718389
112,53,18497.463768
112,54,18343.436563
112,56,18236.548774
112,57,18026.026447
113,43,21179.235678
113,44,20633.419650
113,45,20082.091713
113,47,19591.710286
113,48,19561.564266
113,49,19172.821302
113,51,18725.456803
113,52,18422.206079
113,54,18337.918896
113,56,18236.548774
113,57,18026.026447
114,43,21179.235678
114,44,20633.419650
114,45,20082.091713
114,47,19591.710286
114,48,19561.564266
114,49,19172.821302
114,51,18725.456803
114,52,18422.206079
114,54,18337.918896
114,56,18236.548774
114,57,18026.026447
114,64,17968.226858
115,43,21179.235678
115,44,20499.353520
115,45,20047.496460
115,47,19553.867583
115,48,19549.067487
115,49,19129.142369
115,51,18696.666635
115,52,18351.462172
115,54,18328.641794
115,56,18236.548774
115,57,18026.026447
115,64,17944.878837
116,43,21179.235678
116,44,20499.353520
116,45,20047.496460
116,47,19553.867583
116,48,19549.067487
116,49,19129.142369
116,51,18696.666635
116,52,18351.462172
116,54,18328.641794
116,56,18236.548774
116,57,18026.026447
116,64,17944.878837
117,43,21179.235678
117,44,20499.353520
117,45,19972.605328
117,47,19360.937299
117,49,19019.710038
117,51,18674.415419
117,52,18336.117849
117,54,18328.641794
117,56,18236.548774
117,57,17990.076127
117,64,17914.826155
118,42,21134.700667
118,44,20499.353520
118,45,19904.248118
118,47,19360.937299
118,49,19019.710038
118,51,18674.415419
118,52,18336.117849
118,54,18328.641794
118,56,18236.548774
118,57,17990.076127
118,64,17914.826155
119,42,21134.700667
119,43,21017.481527
119,44,20486.963301
119,45,19904.248118
119,47,19268.554472
119,48,19264.431611
119,49,19006.849439
119,51,18662.981078
119,52,18258.254233
119,56,18216.896290
119,57,17949.485160
119,64,17914.826155
120,42,21134.700667
120,43,21017.481527
120,44,20486.963301
120,45,19904.248118
120,47,19268.554472
120,48,19264.431611
120,49,19006.849439
120,51,18662.981078
120,52,18258.254233
120,56,18216.896290
120,57,17949.485160
120,64,17914.826155
121,42,21134.700667
121,43,21017.481527
121,44,20440.341226
121,45,19904.248118
121,47,19196.734480
121,49,18991.724746
121,51,18641.200783
121,52,18245.164813
121,56,18216.896290
121,57,17931.901310
121,64,17914.826155
122,42,21134.700667
122,43,20797.810372
122,44,20440.341226
122,45,19904.248118
122,47,19196.734480
122,49,18991.724746
122,50,18959.077203
122,51,18641.200783
122,52,18245.164813
122,56,18216.896290
122,57,17931.901310
122,64,17914.826155
123,42,21134.700667
123,43,20797.810372
123,44,20299.292222
123,45,19897.055760
123,47,19142.225425
123,49,18977.222055
123,50,18912.547248
123,51,18641.200783
123,52,18222.694964
123,55,18170.713847
123,57,17931.901310
123,64,17914.826155
124,42,20430.885618
124,44,20299.292222
124,45,19897.055760
124,47,19142.225425
124,49,18977.222055
124,50,18912.547248
124,51,18641.200783
124,52,18222.694964
124,55,18170.713847
124,57,17931.901310
124,64,17914.826155
125,42,20430.885618
125,44,20142.715413
125,45,19832.054121
125,47,19102.367907
125,49,18923.414798
125,50,18900.318184
125,51,18641.200783
125,52,18222.694964
125,55,18157.022296
125,57,17931.901310
125,64,17861.919507
126,42,20430.885618
126,44,20142.715413
126,45,19832.054121
126,47,19102.367907
126,49,18923.414798
126,50,18900.318184
126,51,18467.536763
126,52,18222.694964
126,53,18208.584541
126,55,18157.022296
126,57,17931.901310
126,64,17861.919507
127,42,20430.885618
127,44,20142.715413
127,45,19832.054121
127,47,19102.367907
127,49,18887.694734
127,50,18854.481515
127,51,18466.222348
127,52,18222.694964
127,53,18192.340852
127,55,18154.057148
127,57,17931.901310
127,64,17861.919507
128,42,20430.885618
128,44,20142.715413
128,45,19832.054121
128,47,19102.367907
128,49,18887.694734
128,50,18854.481515
128,51,18466.222348
128,52,18222.694964
128,53,18192.340852
128,55,18154.057148
128,57,17931.901310
128,64,17861.919507
129,42,20430.885618
129,44,20142.715413
129,45,19714.967712
129,47,19087.069834
129,49,18887.694734
129,50,18854.481515
129,51,18437.035647
129,52,18222.694964
129,53,18175.889081
129,55,18058.720902
129,57,17876.343712
129,62,17820.873083
130,42,20430.885618
130,44,20142.715413
130,45,19714.967712
130,47,19087.069834
130,49,18887.694734
130,50,18854.481515
130,51,18437.035647
130,52,18222.694964
130,53,18175.889081
130,55,18058.720902
130,57,17876.343712
130,62,17820.873083
131,42,20430.885618
131,44,20142.715413
131,45,19714.967712
131,46,19039.215392
131,49,18848.722745
131,51,18437.035647
131,52,18220.408519
131,53,18158.009239
131,54,18027.158147
131,56,18020.245901
131,57,17876.343712
131,62,17820.873083
132,42,20430.885618
132,44,20054.715794
132,45,19714.967712
132,46,19039.215392
132,48,18987.641505
132,49,18848.722745
132,51,18437.035647
132,52,18220.408519
132,53,18158.009239
132,54,18027.158147
132,56,18020.245901
132,57,17876.343712
132,62,17820.873083
133,42,20430.885618
133,44,19931.041854
133,45,19714.967712
133,46,18918.609066
133,49,18839.419472
133,51,18437.035647
133,52,18133.077426
133,54,18027.158147
133,56,18017.007021
133,57,17830.515011
133,62,17796.006957
134,42,20430.885618
134,44,19931.041854
134,45,19714.967712
134,46,18918.609066
134,49,18839.419472
134,51,18437.035647
134,52,18133.077426
134,54,18027.158147
134,56,18017.007021
134,57,17830.515011
134,62,17796.006957
135,42,20430.885618
135,44,19931.041854
135,45,19714.967712
135,46,18878.133248
135,49,18839.419472
135,50,18766.472077
135,51,18427.191992
135,52,18133.077426
135,53,18126.097713
135,54,18006.027594
135,57,17830.515011
135,62,17752.566544
136,42,20430.885618
136,43,20130.995867
136,44,19931.041854
136,45,19714.967712
136,46,18878.133248
136,49,18839.419472
136,50,18766.472077
136,51,18427.191992
136,52,18133.077426
136,53,18126.097713
136,54,18006.027594
136,57,17830.515011
136,62,17752.566544
137,42,20430.885618
137,43,20130.995867
137,44,19861.321031
137,45,19714.967712
137,46,18813.189988
137,48,18498.843984
137,51,18350.500309
137,52,18130.179503
137,53,18125.749009
137,54,17973.697490
137,57,17830.515011
137,62,17752.566544
138,42,20430.885618
138,43,20130.995867
138,44,19861.321031
138,45,19714.967712
138,46,18813.189988
138,48,18498.843984
138,50,18371.075928
138,51,18350.500309
138,52,18130.179503
138,53,18125.749009
138,54,17973.697490
138,57,17830.515011
138,62,17752.566544
139,42,20430.885618
139,43,20130.995867
139,44,19861.321031
139,45,19714.967712
139,46,18799.916489
139,48,18390.635759
139,50,18336.111024
139,51,18303.365918
139,52,18130.179503
139,53,18125.749009
139,54,17935.886410
139,57,17830.515011
139,62,17656.473312
140,42,20430.885618
140,43,20130.995867
140,44,19861.321031
140,45,19570.037355
140,46,18799.916489
140,48,18390.635759
140,50,18336.111024
140,51,18303.365918
140,52,18130.179503
140,53,18125.749009
140,54,17935.886410
140,57,17830.515011
140,62,17656.473312
141,42,20430.885618
141,43,20130.995867
141,44,19861.321031
141,45,19570.037355
141,46,18799.916489
141,48,18317.315759
141,51,18256.517113
141,52,18107.658650
141,53,17867.550847
141,57,17810.424243
141,62,17656.473312
142,42,20430.885618
142,43,20054.741969
142,44,19861.321031
142,45,19570.037355
142,46,18799.916489
142,48,18317.315759
142,51,18256.517113
142,52,18107.658650
142,53,17867.550847
142,57,17810.424243
142,62,17656.473312
143,42,20359.276436
143,43,20054.741969
143,44,19825.249255
143,45,19532.467111
143,46,18756.630921
143,48,18317.315759
143,51,18256.517113
143,52,18107.658650
143,53,17845.394900
143,57,17810.424243
143,62,17656.473312
144,42,20359.276436
144,43,20054.741969
144,44,19825.249255
144,45,19532.467111
144,46,18756.630921
144,48,18317.315759
144,51,18256.517113
144,52,18107.658650
144,53,17845.394900
144,57,17810.424243
144,62,17656.473312
145,42,20359.276436
145,43,19887.950137
145,44,19585.693597
145,45,19518.449116
145,46,18700.031366
145,48,18317.315759
145,51,18254.052767
145,52,18042.236306
145,53,17845.394900
145,57,17800.859676
145,62,17630.793988
146,42,20359.276436
146,43,19646.834591
146,44,19585.693597
146,45,19518.449116
146,46,18700.031366
146,48,18317.315759
146,50,18139.107681
146,52,18042.236306
146,53,17845.394900
146,57,17800.859676
146,62,17630.793988
147,42,20273.946908
147,43,19571.941737
147,44,19511.281271
147,46,18691.108697
147,47,18250.176170
147,50,18114.316820
147,52,18035.635307
147,53,17823.000388
147,57,17773.750001
147,62,17628.061605
148,42,20273.946908
148,43,19571.941737
148,44,19511.281271
148,46,18691.108697
148,47,18250.176170
148,50,18003.440923
148,53,17823.000388
148,57,17773.750001
148,62,17628.061605
149,42,20166.246470
149,43,19555.604515
149,44,19511.281271
149,46,18559.355674
149,47,18232.635479
149,50,17947.063004
149,53,17819.267862
149,57,17737.375463
149,62,17628.061605
150,42,20166.246470
150,43,19555.604515
150,44,19511.281271
150,45,19421.873687
150,46,18559.355674
150,47,18232.635479
150,50,17947.063004
150,53,17819.267862
150,57,17737.375463
150,62,17619.787069
151,42,20067.382635
151,43,19447.131513
151,45,19310.887911
151,46,18164.649963
151,50,17944.281600
151,53,17819.267862
151,57,17731.879481
151,62,17507.915470
152,40,20798.777578
152,42,19929.257450
152,43,19447.131513
152,45,19310.887911
152,46,18164.649963
152,50,17944.281600
152,53,17819.267862
152,57,17731.879481
152,62,17507.915470
153,40,20733.010674
153,42,19810.829461
153,43,19413.854499
153,45,19298.731622
153,46,18125.593055
153,50,17944.281600
153,53,17759.317580
153,57,17731.879481
153,60,17708.786537
153,62,17507.915470
154,40,20733.010674
154,42,19629.627998
154,43,19413.854499
154,45,19298.731622
154,46,18125.593055
154,50,17944.281600
154,53,17759.317580
154,57,17731.879481
154,60,17708.786537
154,62,17507.915470
155,40,20733.010674
155,41,20533.995367
155,42,19595.208591
155,43,19370.554125
155,45,19276.726139
155,46,18105.772379
155,50,17941.319239
155,53,17736.861945
155,57,17731.879481
155,60,17675.737474
155,62,17495.760069
156,40,20733.010674
156,41,20350.217567
156,42,19595.208591
156,43,19370.554125
156,45,19276.726139
156,46,18105.772379
156,50,17941.319239
156,53,17736.861945
156,57,17731.879481
156,60,17675.737474
156,62,17495.760069
157,40,20733.010674
157,41,20350.217567
157,42,19553.509482
157,43,19312.071767
157,45,19254.501084
157,46,18093.386057
157,50,17911.880183
157,52,17906.951453
157,53,17736.861945
157,57,17731.879481
157,60,17471.793189
158,40,20733.010674
158,41,20350.217567
158,42,19526.792938
158,43,19312.071767
158,45,19254.501084
158,46,18093.386057
158,50,17911.880183
158,52,17834.812940
158,53,17736.861945
158,57,17731.879481
158,60,17471.793189
159,40,20733.010674
159,41,20350.217567
159,42,19506.986526
159,43,19312.071767
159,45,19219.722972
159,46,17995.894532
159,50,17859.869555
159,52,17813.454771
159,53,17736.861945
159,56,17691.653408
159,60,17439.554644
160,40,20733.010674
160,41,19725.377174
160,42,19506.986526
160,43,19312.071767
160,45,19219.722972
160,46,17995.894532
160,50,17859.869555
160,52,17813.454771
160,53,17736.861945
160,56,17691.653408
160,60,17439.554644
161,40,20733.010674
161,41,19695.002558
161,42,19506.986526
161,43,19195.884647
161,45,19011.905281
161,46,17995.894532
161,50,17857.116134
161,52,17813.454771
161,53,17733.418941
161,56,17675.829191
161,60,17414.386061
162,40,20733.010674
162,41,19695.002558
162,42,19447.932567
162,43,19195.884647
162,45,19011.905281
162,46,17995.894532
162,50,17857.116134
162,52,17813.454771
162,53,17733.418941
162,56,17675.829191
162,60,17414.386061
163,40,20733.010674
163,41,19695.002558
163,42,19425.749895
163,43,19195.884647
163,45,19011.905281
163,46,17990.038626
163,50,17824.650564
163,52,17702.537965
163,56,17662.158563
163,60,17389.956498
164,40,20733.010674
164,41,19695.002558
164,42,19425.749895
164,43,19195.884647
164,45,19011.905281
164,46,17990.038626
164,50,17824.650564
164,52,17702.537965
164,56,17662.158563
164,60,17389.956498
165,40,20469.590002
165,41,19612.616312
165,42,19373.860349
165,43,19195.884647
165,45,19001.796290
165,46,17980.081286
165,50,17801.380935
165,52,17686.602059
165,56,17582.531161
165,59,17381.891006
166,40,20469.590002
166,41,19612.616312
166,42,19373.860349
166,43,19195.884647
166,45,19001.796290
166,46,17980.081286
166,49,17830.118707
166,50,17801.380935
166,52,17686.602059
166,56,17582.531161
166,59,17381.891006
167,40,20469.590002
167,41,19586.001796
167,42,19373.860349
167,43,19169.592573
167,45,18967.699979
167,46,17951.020982
167,49,17830.118707
167,50,17797.265596
167,52,17648.765491
167,56,17561.272543
167,59,17381.891006
168,40,20469.590002
168,41,19586.001796
168,42,19373.860349
168,43,19169.592573
168,45,18967.699979
168,46,17951.020982
168,49,17830.118707
168,50,17797.265596
168,52,17648.765491
168,56,17561.272543
168,59,17381.891006
169,40,20469.590002
169,41,19586.001796
169,42,19367.691477
169,43,19114.474988
169,44,18892.687994
169,46,17915.950161
169,49,17806.754243
169,50,17789.921955
169,52,17634.061155
169,56,17527.861409
169,59,17353.125298
170,40,20469.590002
170,41,19586.001796
170,42,19367.691477
170,43,19114.474988
170,44,18892.687994
170,46,17915.950161
170,49,17806.754243
170,50,17789.921955
170,52,17634.061155
170,56,17527.861409
170,59,17353.125298
171,40,20469.590002
171,41,19546.768372
171,42,19367.691477
171,43,19056.597978
171,44,18824.058667
171,46,17881.222011
171,49,17800.814989
171,50,17746.568192
171,52,17519.643925
171,59,17353.125298
172,40,20469.590002
172,41,19546.768372
172,42,19367.691477
172,43,19056.597978
172,44,18824.058667
172,46,17881.222011
172,49,17800.814989
172,50,17746.568192
172,52,17519.643925
172,59,17353.125298
173,40,20388.223754
173,41,19532.190856
173,42,19337.738254
173,43,18987.705161
173,44,18242.103596
173,46,17881.222011
173,49,17790.410936
173,50,17715.970272
173,52,17519.643925
173,59,17353.125298
174,40,20388.223754
174,41,19532.190856
174,42,19337.738254
174,43,18987.705161
174,44,18242.103596
174,46,17881.222011
174,49,17790.410936
174,50,17715.970272
174,52,17519.643925
174,59,17353.125298
175,40,20388.223754
175,41,19486.819117
175,42,19312.297429
175,43,18958.746786
175,44,18242.103596
175,45,18125.112990
175,46,17880.431831
175,49,17790.410936
175,50,17715.970272
175,52,17490.513935
175,59,17346.969041
176,40,20388.223754
176,41,19486.819117
176,42,19312.297429
176,43,18958.746786
176,44,18242.103596
176,45,18125.112990
176,46,17880.431831
176,49,17790.410936
176,50,17715.970272
176,52,17490.513935
176,59,17346.969041
177,40,20388.223754
177,41,19384.206411
177,42,19267.886105
177,43,18938.908155
177,44,18213.788208
177,45,18125.112990
177,46,17813.913838
177,49,17778.397996
177,50,17715.970272
177,52,17490.513935
177,59,17346.969041
178,40,20388.223754
178,41,19384.206411
178,42,19267.886105
178,43,18938.908155
178,44,18213.788208
178,45,18125.112990
178,46,17813.913838
178,49,17778.397996
178,50,17715.970272
178,52,17490.513935
178,59,17346.969041
179,40,20388.223754
179,41,19320.608227
179,42,19245.760766
179,43,18911.522243
179,44,18213.788208
179,45,18100.881372
179,46,17813.913838
179,49,17778.397996
179,50,17704.015430
179,52,17490.513935
179,59,17346.969041
180,40,20388.223754
180,41,19320.608227
180,42,19200.841327
180,43,18911.522243
180,44,18213.788208
180,45,18100.881372
180,46,17813.913838
180,49,17778.397996
180,50,17704.015430
180,52,17490.513935
180,59,17346.969041
181,40,20388.223754
181,41,19320.608227
181,42,19196.072913
181,43,18911.522243
181,44,18197.212778
181,45,18098.265663
181,46,17813.913838
181,48,17800.609029
181,49,17778.397996
181,50,17667.454871
181,52,17410.557096
181,59,17312.146994
182,40,20388.223754
182,41,19320.608227
182,42,19196.072913
182,43,18803.287668
182,44,18197.212778
182,45,18098.265663
182,46,17813.913838
182,48,17800.609029
182,49,17778.397996
182,50,17667.454871
182,52,17410.557096
182,59,17312.146994
183,40,20064.461485
183,41,19320.608227
183,42,19125.903086
183,43,18803.287668
183,44,18183.231966
183,45,18098.265663
183,46,17807.453766
183,48,17785.726923
183,49,17778.397996
183,50,17667.454871
183,52,17409.305156
183,59,17291.410282
184,40,20064.461485
184,41,19320.608227
184,42,19125.903086
184,43,18803.287668
184,44,18077.160587
184,46,17807.453766
184,48,17785.726923
184,49,17778.397996
184,50,17667.454871
184,52,17409.305156
184,59,17291.410282
185,39,21954.978962
185,40,20064.461485
185,41,19241.408292
185,42,19111.658515
185,43,18803.287668
185,44,18065.315281
185,46,17791.476796
185,48,17772.309509
185,50,17659.633459
185,52,17397.886134
185,59,17280.129706
186,39,21954.978962
186,40,20064.461485
186,41,19241.408292
186,42,19111.658515
186,43,18803.287668
186,44,18065.315281
186,46,17791.476796
186,48,17772.309509
186,49,17740.968777
186,50,17659.633459
186,52,17397.886134
186,59,17280.129706
187,39,21954.978962
187,40,20064.461485
187,41,19139.523467
187,42,19036.342765
187,43,18796.027960
187,44,18056.128316
187,46,17720.303280
187,49,17697.303074
187,50,17655.098037
187,52,17369.179049
187,59,17280.129706
188,39,21954.978962
188,40,20064.461485
188,41,19139.523467
188,42,19036.342765
188,43,18796.027960
188,44,18056.128316
188,45,18037.528469
188,46,17720.303280
188,48,17613.526065
188,52,17369.179049
188,59,17280.129706
189,39,21954.978962
189,40,20019.381978
189,41,19089.942658
189,42,18958.583056
189,43,18763.328697
189,44,18017.688752
189,45,18016.333974
189,46,17693.332948
189,48,17602.704262
189,52,17355.598461
189,59,17271.346861
190,39,21152.096058
190,40,19888.499826
190,41,19089.942658
190,42,18958.583056
190,43,18763.328697
190,44,18017.688752
190,45,17968.435355
190,46,17693.332948
190,48,17602.704262
190,52,17355.598461
190,59,17271.346861
191,39,21152.096058
191,40,19888.499826
191,41,19089.942658
191,42,18935.171454
191,43,18763.328697
191,44,18015.135479
191,45,17968.435355
191,46,17680.041380
191,48,17595.549502
191,52,17355.598461
191,59,17269.648783
192,39,20897.785667
192,40,19888.499826
192,41,19089.942658
192,42,18935.171454
192,43,18763.328697
192,44,18015.135479
192,45,17968.435355
192,46,17680.041380
192,48,17595.549502
192,52,17355.598461
192,59,17269.648783
193,39,20897.785667
193,40,19848.370979
193,41,18964.354218
193,42,18935.171454
193,43,18653.494688
193,44,17958.639266
193,45,17920.307239
193,46,17660.060470
193,48,17593.836705
193,52,17355.598461
193,59,17269.648783
194,39,20897.785667
194,40,19453.851249
194,41,18964.354218
194,42,18935.171454
194,43,18653.494688
194,44,17958.639266
194,45,17920.307239
194,46,17660.060470
194,48,17593.836705
194,52,17355.598461
194,59,17269.648783
195,39,20897.785667
195,40,19453.851249
195,41,18923.442548
195,42,18920.044818
195,43,18569.726432
195,44,17958.639266
195,45,17845.279364
195,46,17612.180005
195,48,17585.887266
195,49,17537.662188
195,52,17336.460963
195,59,17269.648783
196,39,20897.785667
196,40,19453.851249
196,41,18923.442548
196,42,18920.044818
196,43,18569.726432
196,44,17958.639266
196,45,17845.279364
196,46,17612.180005
196,48,17585.887266
196,49,17537.662188
196,52,17336.460963
196,59,17269.648783
197,39,20897.785667
197,40,19453.851249
197,41,18923.442548
197,42,18873.534242
197,43,18511.909979
197,44,17941.357495
197,45,17799.211687
197,46,17608.981438
197,48,17575.492372
197,49,17537.662188
197,51,17511.988857
197,52,17336.460963
197,59,17269.648783
198,39,20897.785667
198,40,19453.851249
198,41,18923.442548
198,42,18873.534242
198,43,18511.909979
198,44,17941.357495
198,45,17799.211687
198,46,17608.981438
198,48,17575.492372
198,49,17537.662188
198,51,17511.988857
198,52,17336.460963
198,59,17269.648783
199,39,20794.340196
199,40,19453.851249
199,41,18923.442548
199,42,18810.593878
199,43,18473.389581
199,44,17932.891274
199,45,17799.211687
199,46,17575.693498
199,48,17550.313226
199,49,17537.662188
199,51,17511.988857
199,52,17332.591874
199,59,17269.648783
200,39,20794.340196
200,40,19453.851249
200,41,18923.442548
200,42,18810.593878
200,43,18473.389581
200,44,17932.891274
200,45,17799.211687
200,46,17575.693498
200,48,17538.195644
200,49,17537.662188
200,51,17511.988857
200,52,17332.591874
200,56,17326.555511
200,59,17269.648783
201,39,19996.035407
201,40,19453.851249
201,41,18923.442548
201,42,18810.593878
201,43,18470.570557
201,44,17923.634658
201,45,17753.879505
201,46,17564.095271
201,48,17538.195644
201,49,17537.662188
201,51,17456.143487
201,52,17323.461443
201,59,17269.648783
202,39,19996.035407
202,40,19453.851249
202,41,18923.442548
202,42,18810.593878
202,43,18351.382065
202,44,17923.634658
202,45,17600.288256
202,46,17564.095271
202,48,17538.195644
202,49,17537.662188
202,51,17456.143487
202,52,17323.461443
202,59,17269.648783
203,39,19478.160145
203,40,19453.851249
203,41,18923.442548
203,42,18736.509962
203,43,18293.218206
203,44,17921.504653
203,45,17600.288256
203,46,17537.051285
203,48,17508.304195
203,51,17456.143487
203,52,17323.461443
203,59,17268.349228
204,39,19478.160145
204,40,19453.851249
204,41,18923.442548
204,42,18736.509962
204,43,18293.218206
204,44,17921.504653
204,45,17600.288256
204,46,17537.051285
204,48,17508.304195
204,49,17489.766224
204,51,17456.143487
204,52,17323.461443
204,59,17268.349228
205,39,19478.160145
205,40,19453.851249
205,41,18923.442548
205,42,18711.446490
205,43,18275.398894
205,44,17884.917213
205,45,17564.817462
205,46,17537.051285
205,48,17501.666751
205,49,17445.506961
205,51,17374.490607
205,52,17313.569926
205,59,17252.543074
206,39,19478.160145
206,40,19420.822000
206,41,18923.442548
206,42,18711.446490
206,43,18275.398894
206,44,17884.917213
206,45,17564.817462
206,46,17537.051285
206,48,17501.666751
206,49,17445.506961
206,51,17374.490607
206,52,17313.569926
206,59,17252.543074
207,39,19478.160145
207,40,19420.822000
207,41,18923.442548
207,42,18696.730190
207,43,18266.506912
207,44,17773.567718
207,45,17517.569183
207,46,17503.300629
207,48,17497.383708
207,49,17445.506961
207,51,17374.490607
207,52,17313.569926
207,59,17238.575776
208,39,19478.160145
208,40,19420.822000
208,41,18923.442548
208,42,18696.730190
208,43,18266.506912
208,44,17773.567718
208,45,17517.569183
208,46,17503.300629
208,48,17497.383708
208,49,17445.506961
208,51,17374.490607
208,52,17313.569926
208,59,17238.575776
209,39,19473.370783
209,40,19347.265313
209,41,18832.021371
209,42,18638.582271
209,43,18266.506912
209,44,17767.514405
209,45,17517.569183
209,46,17490.481234
209,48,17421.705937
209,51,17355.287897
209,52,17313.569926
209,59,17235.303646
210,39,19473.370783
210,40,19347.265313
210,41,18832.021371
210,42,18638.582271
210,43,18266.506912
210,44,17767.514405
210,45,17517.569183
210,46,17490.481234
210,48,17421.705937
210,51,17355.287897
210,52,17313.569926
210,59,17235.303646
211,39,19473.370783
211,40,19347.265313
211,41,18779.437344
211,42,18638.582271
211,43,18261.664502
211,44,17767.514405
211,45,17517.569183
211,46,17490.481234
211,48,17377.473217
211,51,17355.287897
211,52,17313.569926
211,59,17235.303646
212,39,19473.370783
212,40,19347.265313
212,41,18732.235752
212,42,18638.582271
212,43,18261.664502
212,44,17767.514405
212,45,17517.569183
212,46,17490.481234
212,48,17377.473217
212,51,17355.287897
212,52,17313.569926
212,59,17235.303646
213,39,19473.370783
213,40,19258.785514
213,41,18587.801912
213,43,18255.890518
213,44,17767.514405
213,45,17517.569183
213,46,17446.121671
213,48,17377.473217
213,51,17355.287897
213,52,17268.269839
213,59,17235.303646
214,39,19362.283494
214,40,19258.785514
214,41,18587.801912
214,43,18255.890518
214,44,17767.514405
214,45,17517.569183
214,46,17446.121671
214,48,17377.473217
214,51,17355.287897
214,52,17268.269839
214,59,17235.303646
215,39,19362.283494
215,40,19258.785514
215,41,18587.801912
215,43,18233.145297
215,44,17758.693966
215,45,17517.569183
215,46,17432.749771
215,48,17377.473217
215,51,17319.091719
215,52,17243.597854
215,59,17235.303646
216,39,19360.606351
216,40,19258.785514
216,41,18587.801912
216,43,18233.145297
216,44,17758.693966
216,45,17517.569183
216,46,17432.749771
216,48,17377.473217
216,51,17319.091719
216,52,17243.597854
216,59,17235.303646
217,39,19360.606351
217,40,19205.100218
217,41,18587.801912
217,43,18148.074113
217,44,17758.693966
217,45,17517.569183
217,46,17432.749771
217,48,17377.473217
217,50,17348.904612
217,51,17315.411611
217,52,17243.597854
217,59,17229.865384
218,39,19360.606351
218,40,19205.100218
218,41,18587.801912
218,43,18148.074113
218,44,17758.693966
218,45,17517.569183
218,46,17432.749771
218,48,17377.473217
218,50,17348.904612
218,51,17315.411611
218,52,17243.597854
218,59,17229.865384
219,39,19360.606351
219,40,19205.100218
219,41,18587.801912
219,43,18144.731208
219,44,17758.693966
219,45,17506.366346
219,46,17394.755130
219,48,17377.473217
219,50,17333.565102
219,51,17315.411611
219,52,17243.597854
219,53,17239.205612
219,59,17229.865384
220,39,19360.606351
220,40,19205.100218
220,41,18587.801912
220,43,18144.731208
220,44,17758.693966
220,45,17506.366346
220,46,17394.755130
220,48,17377.473217
220,50,17333.565102
220,51,17315.411611
220,52,17243.597854
220,53,17239.205612
220,59,17229.865384
221,39,19360.606351
221,40,19205.100218
221,41,18587.801912
221,43,18109.592496
221,44,17758.693966
221,45,17482.705932
221,46,17391.462584
221,48,17366.592824
221,50,17333.565102
221,51,17296.785019
221,52,17243.597854
221,53,17239.205612
221,59,17229.865384
222,39,19360.606351
222,40,19066.296462
222,41,18587.801912
222,43,18109.592496
222,44,17758.693966
222,45,17482.705932
222,46,17391.462584
222,48,17366.592824
222,50,17333.565102
222,51,17296.785019
222,52,17243.597854
222,53,17239.205612
222,59,17229.865384
223,39,19360.606351
223,40,19066.296462
223,41,18587.801912
223,42,18551.494168
223,43,18091.087433
223,44,17756.989620
223,45,17478.959851
223,46,17391.462584
223,48,17334.841739
223,50,17330.806383
223,51,17293.030558
223,52,17202.980149
224,39,19360.606351
224,40,19066.296462
224,41,18464.976216
224,43,18091.087433
224,44,17756.989620
224,45,17478.959851
224,46,17391.462584
224,48,17334.841739
224,50,17330.806383
224,51,17293.030558
224,52,17202.980149
225,39,19360.606351
225,40,19009.525893
225,41,18464.976216
225,43,18091.087433
225,44,17741.422032
225,45,17475.211732
225,46,17391.462584
225,48,17334.841739
225,50,17323.999286
225,51,17293.030558
225,52,17202.980149
226,39,18974.020525
226,40,18866.029362
226,41,18464.976216
226,43,18091.087433
226,44,17741.422032
226,45,17475.211732
226,46,17391.462584
226,48,17334.841739
226,50,17323.999286
226,51,17293.030558
226,52,17202.980149
227,39,18974.020525
227,40,18866.029362
227,41,18457.864880
227,43,18091.087433
227,44,17741.422032
227,45,17456.352619
227,46,17346.138736
227,48,17330.977606
227,50,17300.289498
227,51,17293.030558
227,52,17202.980149
228,39,18974.020525
228,40,18866.029362
228,41,18457.864880
228,43,18091.087433
228,44,17741.422032
228,45,17456.352619
228,46,17346.138736
228,48,17330.977606
228,50,17300.289498
228,51,17293.030558
228,52,17202.980149
229,38,20114.841326
229,39,18974.020525
229,40,18866.029362
229,41,18331.466535
229,43,18091.087433
229,44,17741.422032
229,45,17456.352619
229,46,17282.505341
229,52,17194.380965
230,38,20114.841326
230,39,18974.020525
230,40,18866.029362
230,41,18331.466535
230,43,18091.087433
230,44,17741.422032
230,45,17456.352619
230,46,17282.505341
230,52,17194.380965
231,38,19767.108246
231,39,18974.020525
231,40,18856.481832
231,41,18286.351878
231,43,18050.089666
231,44,17710.289169
231,45,17456.352619
231,46,17280.108688
231,52,17171.925450
232,38,19767.108246
232,39,18974.020525
232,40,18856.481832
232,41,18286.351878
232,43,18050.089666
232,44,17710.289169
232,45,17456.352619
232,46,17280.108688
232,52,17171.925450
233,38,19767.108246
233,39,18969.017387
233,40,18771.082705
233,41,18265.486585
233,43,17625.834819
233,45,17451.100706
233,46,17256.291760
233,50,17234.690888
233,52,17171.925450
234,38,19767.108246
234,39,18969.017387
234,40,18771.082705
234,41,18265.486585
234,43,17625.834819
234,44,17398.308570
234,46,17256.291760
234,50,17234.690888
234,52,17171.925450
235,38,19543.726429
235,39,18873.244755
235,40,18743.740807
235,41,18265.486585
235,43,17614.859251
235,44,17398.308570
235,45,17379.250190
235,46,17255.380542
235,50,17234.690888
235,52,17160.421841
236,38,19543.726429
236,39,18873.244755
236,40,18743.740807
236,41,18265.486585
236,43,17614.859251
236,44,17398.308570
236,45,17379.250190
236,46,17255.380542
236,50,17234.690888
236,52,17160.421841
237,38,19496.888556
237,39,18834.419358
237,40,18631.099902
237,41,18253.167066
237,43,17614.859251
237,44,17361.556264
237,46,17230.674234
237,49,17198.609577
237,52,17157.543877
238,38,19496.888556
238,39,18834.419358
238,40,18631.099902
238,41,18253.167066
238,43,17473.963894
238,44,17361.556264
238,46,17230.674234
238,49,17198.609577
238,52,17157.543877
239,38,19467.439756
239,39,18834.419358
239,40,18476.158842
239,41,18224.913891
239,43,17464.277553
239,44,17269.817996
239,46,17189.595743
239,51,17151.394098
240,38,19433.177038
240,39,18834.419358
240,40,18476.158842
240,41,18224.913891
240,43,17464.277553
240,44,17269.817996
240,46,17189.595743
240,49,17091.766326
241,38,19433.177038
241,39,18786.114053
241,40,18476.158842
241,41,18215.919576
241,43,17248.066118
241,46,17189.595743
241,49,17071.909532
242,38,19433.177038
242,39,18786.114053
242,40,18476.158842
242,41,18215.919576
242,43,17248.066118
242,46,17189.595743
242,49,17071.909532
243,38,19422.811117
243,39,18786.114053
243,40,18470.278455
243,41,18215.919576
243,43,17244.561829
243,46,17157.156700
243,49,17064.803731
244,38,19422.811117
244,39,18786.114053
244,40,18470.278455
244,41,18215.919576
244,43,17244.561829
244,46,17143.246743
244,49,17064.803731
245,38,19422.811117
245,39,18779.144451
245,40,18444.117137
245,41,18165.885725
245,43,17244.561829
245,46,17138.110406
245,49,17014.518281
246,38,19422.811117
246,39,18779.144451
246,40,18444.117137
246,41,18165.885725
246,43,17244.561829
246,46,17138.110406
246,47,17059.953241
246,49,17014.518281
247,38,19356.786502
247,39,18756.041601
247,40,18246.880757
247,41,18120.794554
247,43,17221.827797
247,46,17131.101241
247,47,17030.006032
247,49,17014.518281
248,38,19356.786502
248,39,18756.041601
248,40,18246.880757
248,41,18039.986054
248,43,17221.827797
248,46,17131.101241
248,47,17030.006032
248,49,17014.518281
248,50,16957.176360
249,38,19308.152856
249,39,18745.857570
249,40,18197.726763
249,41,18039.986054
249,43,17206.194792
249,46,17056.798188
249,47,16998.595269
249,49,16941.128073
250,38,19308.152856
250,39,18745.857570
250,40,18197.726763
250,41,18039.986054
250,43,17206.194792
250,46,17056.798188
250,47,16998.595269
250,49,16941.128073
251,38,19308.152856
251,39,18646.577920
251,40,18149.637834
251,41,18039.986054
251,43,17206.194792
251,46,17033.957861
251,47,16987.527850
251,49,16939.665143
252,37,19917.983114
252,38,19308.152856
252,39,18646.577920
252,40,18149.637834
252,41,18039.986054
252,43,17206.194792
252,46,17033.957861
252,47,16987.527850
252,49,16928.565907
253,37,19801.843811
253,38,19246.363856
253,39,18638.872169
253,40,18122.637436
253,41,17995.779212
253,43,17204.483264
253,46,17033.957861
253,47,16980.584571
253,49,16906.729385
254,37,19801.843811
254,38,19177.811255
254,39,18638.872169
254,40,18122.637436
254,41,17995.779212
254,43,17204.483264
254,46,17033.957861
254,47,16980.584571
254,49,16906.729385
255,37,19766.952925
255,38,19096.253335
255,39,18353.140355
255,40,18086.115257
255,41,17995.779212
255,43,17129.754927
255,46,17033.957861
255,47,16971.315618
255,49,16906.729385
256,37,19766.952925
256,38,19096.253335
256,39,18353.140355
256,40,18086.115257
256,41,17995.779212
256,43,17129.754927
256,46,17033.957861
256,47,16971.315618
256,49,16894.968694
257,37,19387.663882
257,38,19038.621127
257,39,18353.140355
257,40,18059.175953
257,41,17993.488285
257,43,17091.617264
257,46,17033.957861
257,47,16969.134143
257,49,16894.968694
258,37,19387.663882
258,38,19038.621127
258,39,18353.140355
258,40,18059.175953
258,41,17993.488285
258,43,17091.617264
258,46,17033.957861
258,47,16968.549735
258,49,16894.968694
259,37,19318.673638
259,38,18916.971667
259,39,18347.635355
259,40,17938.324711
259,41,17923.639066
259,43,17091.617264
259,46,17033.957861
259,47,16951.653205
259,49,16894.968694
260,37,19318.673638
260,38,18916.971667
260,39,18347.635355
260,40,17938.324711
260,41,17923.639066
260,43,17091.617264
260,46,17033.957861
260,47,16951.653205
260,49,16894.968694
261,37,19285.157648
261,38,18910.850785
261,39,18347.635355
261,40,17938.324711
261,41,17905.949121
261,43,17067.704562
261,46,17033.802766
261,47,16929.508864
261,49,16890.000635
262,37,19285.157648
262,38,18910.850785
262,39,18347.635355
262,40,17938.324711
262,41,17905.949121
262,43,17067.704562
262,46,16913.874875
262,49,16890.000635
263,37,19215.706793
263,38,18910.850785
263,39,18293.719207
263,40,17928.847906
263,41,17905.949121
263,43,17022.324627
263,46,16913.874875
263,49,16880.617310
264,37,19215.706793
264,38,18910.850785
264,39,18293.719207
264,40,17928.847906
264,41,17905.949121
264,43,17022.324627
264,46,16913.874875
264,49,16880.617310
265,37,19176.898050
265,38,18903.064168
265,39,18293.719207
265,40,17923.132261
265,41,17806.399432
265,43,17022.324627
265,46,16913.874875
265,49,16792.224386
266,37,19176.898050
266,38,18903.064168
266,39,18293.719207
266,40,17923.132261
266,41,17806.399432
266,43,17022.324627
266,46,16913.874875
266,48,16898.774253
266,49,16792.224386
267,37,19150.024078
267,38,18853.847332
267,39,18293.719207
267,40,17913.873250
267,41,17635.216670
267,43,17017.386422
267,46,16908.596195
267,48,16894.445857
267,49,16790.424168
268,37,19150.024078
268,38,18853.847332
268,39,18293.719207
268,40,17913.873250
268,41,17635.216670
268,43,17017.386422
268,46,16908.596195
268,48,16894.445857
268,49,16790.424168
269,37,19132.346024
269,38,18789.011318
269,39,18263.549242
269,40,17913.873250
269,41,17635.216670
269,43,17017.386422
269,46,16907.719042
269,48,16894.445857
269,49,16790.424168
270,37,19132.346024
270,38,18789.011318
270,39,18263.549242
270,40,17913.873250
270,41,17635.216670
270,43,17017.386422
270,46,16907.719042
270,48,16894.445857
270,49,16790.424168
271,37,19109.166114
271,38,18735.569944
271,39,18249.794359
271,40,17868.498936
271,41,17600.055589
271,43,17017.386422
271,46,16879.358019
271,49,16787.247158
272,37,19109.166114
272,38,18735.569944
272,39,18249.794359
272,40,17868.498936
272,41,17600.055589
272,43,17017.386422
272,46,16879.358019
272,49,16787.247158
273,36,19940.519468
273,37,19011.090741
273,38,18661.377612
273,39,18240.392373
273,40,17865.785161
273,41,17597.952793
273,43,17017.386422
273,46,16871.333386
273,49,16787.247158
274,36,19940.519468
274,37,19011.090741
274,38,18661.377612
274,39,18240.392373
274,40,17865.785161
274,41,17597.952793
274,43,17017.386422
274,46,16871.333386
274,49,16787.247158
275,36,19915.391328
275,37,18964.985439
275,38,18579.853816
275,39,18240.392373
275,40,17865.785161
275,41,17597.952793
275,43,17011.457567
275,46,16871.333386
275,49,16773.988149
276,36,19915.391328
276,37,18964.985439
276,38,18579.853816
276,39,18240.392373
276,40,17865.785161
276,41,17597.952793
276,42,17590.349851
276,43,17011.457567
276,46,16871.333386
276,49,16773.988149
277,36,19872.836547
277,37,18964.985439
277,38,18575.668918
277,39,18240.392373
277,40,17865.785161
277,41,17597.952793
277,42,17590.349851
277,43,17011.457567
277,46,16871.333386
277,48,16757.936136
278,36,19872.836547
278,37,18964.985439
278,38,18575.668918
278,39,18240.392373
278,40,17865.785161
278,41,17597.952793
278,42,17590.349851
278,43,17011.457567
278,46,16871.333386
278,48,16757.936136
279,36,19214.418903
279,37,18964.985439
279,38,18539.449311
279,39,18192.564032
279,40,17865.785161
279,41,17565.308228
279,43,16917.715154
279,46,16867.125242
279,48,16757.936136
280,36,19214.418903
280,37,18964.985439
280,38,18539.449311
280,39,18192.564032
280,40,17865.785161
280,41,17565.308228
280,42,17564.761330
280,43,16917.715154
280,46,16867.125242
280,48,16757.936136
281,36,19214.418903
281,37,18953.692622
281,38,18457.342535
281,39,18192.564032
281,40,17719.722359
281,41,17558.784003
281,42,17507.514446
281,43,16917.715154
281,46,16861.907153
281,48,16743.724975
282,36,19214.418903
282,37,18953.692622
282,38,18457.342535
282,39,18192.564032
282,40,17719.722359
282,41,17530.345655
282,42,17507.514446
282,43,16917.715154
282,46,16861.907153
282,48,16743.724975
283,36,19183.912013
283,37,18935.272124
283,38,18395.531939
283,39,18155.990732
283,40,17719.722359
283,41,17510.934267
283,42,17431.136657
283,43,16917.715154
283,46,16861.907153
283,48,16729.416293
284,35,19472.831620
284,36,18987.060819
284,37,18935.272124
284,38,18395.531939
284,39,18155.990732
284,40,17719.722359
284,41,17510.934267
284,42,17431.136657
284,43,16917.715154
284,46,16861.907153
284,48,16729.416293
285,34,19310.401472
285,36,18987.060819
285,37,18887.833970
285,38,18395.531939
285,39,18151.586941
285,40,17686.127634
285,41,17491.270560
285,42,17428.125801
285,43,16917.715154
285,46,16801.358007
285,47,16800.254083
285,48,16729.416293
286,34,19310.401472
286,36,18987.060819
286,37,18868.653560
286,38,18395.531939
286,39,18151.586941
286,40,17686.127634
286,41,17491.270560
286,42,17428.125801
286,43,16917.715154
286,46,16801.358007
286,47,16800.254083
286,48,16729.416293
287,34,19310.401472
287,35,19219.972345
287,36,18987.060819
287,37,18828.269100
287,38,18364.709885
287,39,18038.999533
287,40,17641.444178
287,41,17481.007714
287,42,17428.125801
287,43,16911.005595
287,46,16801.358007
287,47,16798.840756
287,48,16729.416293
288,34,19310.401472
288,35,19219.972345
288,36,18987.060819
288,37,18828.269100
288,38,18364.709885
288,39,18038.999533
288,40,17641.444178
288,41,17456.117491
288,42,17428.125801
288,43,16911.005595
288,46,16801.358007
288,47,16798.840756
288,48,16729.416293
289,34,19310.401472
289,35,19219.972345
289,36,18987.060819
289,37,18828.269100
289,38,18337.532903
289,39,18037.930255
289,40,17640.724192
289,41,17456.117491
289,42,17343.546515
289,43,16907.444353
289,46,16801.358007
289,47,16777.457987
289,48,16718.952209
290,34,19310.401472
290,35,19219.972345
290,36,18987.060819
290,37,18828.269100
290,38,18337.532903
290,39,18037.930255
290,40,17640.724192
290,41,17456.117491
290,42,17343.546515
290,43,16907.444353
290,46,16801.358007
290,47,16777.457987
290,48,16718.952209
291,34,19310.401472
291,35,19219.972345
291,36,18987.060819
291,37,18773.240223
291,38,18337.532903
291,39,18033.399279
291,40,17639.867406
291,41,17456.117491
291,42,17341.832272
291,43,16907.444353
291,46,16789.942004
291,47,16776.574587
291,48,16699.979061
292,34,19310.401472
292,35,19219.972345
292,36,18987.060819
292,37,18773.240223
292,38,18337.532903
292,39,18033.399279
292,40,17639.867406
292,41,17456.117491
292,42,17341.832272
292,43,16907.444353
292,46,16789.942004
292,47,16776.574587
292,48,16699.979061
293,34,19310.401472
293,35,19219.972345
293,36,18987.060819
293,37,18736.635333
293,38,18330.602786
293,39,18033.399279
293,40,17606.072828
293,41,17456.117491
293,42,17341.832272
293,43,16880.488005
293,46,16778.516536
293,47,16729.575521
293,48,16699.979061
294,34,19310.401472
294,35,19219.972345
294,36,18964.555019
294,37,18736.635333
294,38,18330.602786
294,39,18033.399279
294,40,17606.072828
294,41,17456.117491
294,42,17341.832272
294,43,16880.488005
294,46,16778.516536
294,47,16729.575521
294,48,16699.979061
295,34,19310.401472
295,35,19219.972345
295,36,18964.555019
295,37,18708.397649
295,38,18256.539708
295,39,18033.399279
295,40,17606.072828
295,41,17456.117491
295,42,17283.021014
295,43,16880.488005
295,46,16769.617674
295,47,16729.575521
295,48,16699.979061
296,34,19310.401472
296,35,19219.972345
296,36,18964.555019
296,37,18708.397649
296,38,18256.539708
296,39,18033.399279
296,40,17606.072828
296,41,17456.117491
296,42,17283.021014
296,43,16880.488005
296,46,16769.617674
296,47,16729.575521
296,48,16699.979061
297,34,19310.401472
297,35,19219.972345
297,36,18964.555019
297,37,18708.397649
297,38,18232.954473
297,39,18033.399279
297,40,17537.284351
297,41,17456.117491
297,42,17277.212316
297,43,16880.488005
297,46,16752.721144
297,47,16729.575521
297,48,16699.979061
298,34,19310.401472
298,35,19219.972345
298,36,18964.555019
298,37,18708.397649
298,38,18232.954473
298,39,18033.399279
298,40,17537.284351
298,41,17456.117491
298,42,17277.212316
298,43,16880.488005
298,46,16752.721144
298,47,16729.575521
298,48,16699.979061
299,34,19310.401472
299,35,19219.972345
299,36,18964.555019
299,37,18708.397649
299,38,18177.741430
299,39,18026.413771
299,40,17469.055215
299,41,17421.358660
299,42,17245.898427
299,43,16821.624866
299,46,16752.721144
299,47,16704.231320
299,48,16699.979061
300,34,19310.401472
300,35,19165.103242
300,36,18964.555019
300,37,18708.397649
300,38,18177.741430
300,39,18026.413771
300,40,17469.055215
300,41,17421.358660
300,42,17245.898427
300,43,16821.624866
300,46,16752.721144
300,47,16704.231320
300,48,16699.979061
301,34,19202.590470
301,35,19165.103242
301,36,18964.555019
301,37,18708.397649
301,38,18158.479772
301,39,18021.717601
301,40,17437.101104
301,41,17394.281383
301,42,17245.898427
301,43,16821.624866
301,46,16752.721144
301,47,16624.361616
302,34,19202.590470
302,35,19086.895708
302,36,18964.555019
302,37,18708.397649
302,38,18158.479772
302,39,18021.717601
302,40,17437.101104
302,41,17394.281383
302,42,17245.898427
302,43,16821.624866
302,46,16752.721144
302,47,16624.361616
303,34,19202.590470
303,35,19086.895708
303,36,18841.671328
303,37,18666.066101
303,38,18141.824596
303,39,17988.828245
303,40,17431.308051
303,41,17289.081310
303,42,17245.898427
303,43,16817.903230
303,46,16752.721144
303,47,16624.361616
304,34,19202.590470
304,35,19086.895708
304,36,18841.671328
304,37,18666.066101
304,38,18141.824596
304,39,17988.828245
304,40,17431.308051
304,41,17289.081310
304,42,17245.898427
304,43,16817.903230
304,46,16752.721144
304,47,16624.361616
305,34,19202.590470
305,35,19086.895708
305,36,18773.968436
305,37,18654.882712
305,38,18141.824596
305,39,17884.800361
305,40,17426.939101
305,41,17289.081310
305,42,17245.898427
305,43,16809.117566
305,46,16752.721144
305,47,16622.750887
306,34,19202.590470
306,35,19086.895708
306,36,18773.968436
306,37,18654.882712
306,38,18141.824596
306,39,17884.800361
306,40,17426.939101
306,41,17289.081310
306,42,17245.898427
306,43,16809.117566
306,46,16752.721144
306,47,16622.750887
307,34,19202.590470
307,35,19086.895708
307,36,18757.353344
307,37,18654.882712
307,38,18138.078728
307,39,17884.800361
307,40,17426.939101
307,41,17280.125865
307,42,17239.130474
307,43,16809.117566
307,46,16752.721144
307,47,16622.750887
308,34,19202.590470
308,35,19086.895708
308,36,18757.353344
308,37,18654.882712
308,38,18138.078728
308,39,17884.800361
308,40,17426.939101
308,41,17280.125865
308,42,17239.130474
308,43,16809.117566
308,46,16752.721144
308,47,16622.750887
309,34,19202.590470
309,35,19086.895708
309,36,18681.178361
309,37,18654.882712
309,38,18134.768990
309,39,17819.801405
309,40,17425.141277
309,41,17280.125865
309,42,17229.410017
309,43,16795.766581
309,46,16752.721144
309,47,16622.750887
310,34,19202.590470
310,35,19086.895708
310,36,18681.178361
310,37,18493.016654
310,38,18134.768990
310,39,17819.801405
310,40,17425.141277
310,41,17280.125865
310,42,17229.410017
310,43,16795.766581
310,46,16752.721144
310,47,16622.750887
311,34,19202.590470
311,35,19086.895708
311,36,18593.520366
311,37,18492.275455
311,38,18120.533856
311,39,17819.801405
311,40,17372.141229
311,41,17280.097748
311,42,17229.410017
311,43,16786.505194
311,46,16752.721144
311,47,16566.760266
312,34,19202.590470
312,35,19086.895708
312,36,18593.520366
312,37,18492.275455
312,38,18120.533856
312,39,17819.801405
312,40,17372.141229
312,41,17280.097748
312,42,17229.410017
312,43,16786.505194
312,46,16752.721144
312,47,16566.760266
313,34,19202.590470
313,35,19086.895708
313,36,18593.520366
313,37,18423.131209
313,38,18120.533856
313,39,17785.888534
313,40,17361.664708
313,41,17254.161236
313,42,17198.798179
313,43,16786.505194
313,46,16733.106697
313,47,16541.783941
314,34,19202.590470
314,35,19086.895708
314,36,18593.520366
314,37,18423.131209
314,38,18120.533856
314,39,17785.888534
314,40,17361.664708
314,41,17254.161236
314,42,17198.798179
314,43,16786.505194
314,46,16733.106697
314,47,16541.783941
315,34,19202.590470
315,35,19086.895708
315,36,18531.460805
315,37,18406.050176
315,38,18076.625542
315,39,17696.353116
315,40,17361.664708
315,41,17254.161236
315,42,17192.934992
315,43,16762.881276
315,46,16687.850745
315,47,16541.783941
316,34,19202.590470
316,35,19086.895708
316,36,18531.460805
316,37,18406.050176
316,38,18076.625542
316,39,17696.353116
316,40,17361.664708
316,41,17254.161236
316,42,17192.934992
316,43,16762.881276
316,46,16687.850745
316,47,16541.783941
317,34,19202.590470
317,35,19086.895708
317,36,18507.769715
317,37,18406.050176
317,38,18072.315668
317,39,17692.094704
317,40,17305.822031
317,41,17186.743661
317,43,16726.051173
317,46,16687.850745
317,47,16539.021890
318,34,19202.590470
318,35,19085.220476
318,36,18507.769715
318,37,18406.050176
318,38,18072.315668
318,39,17692.094704
318,40,17305.822031
318,41,17186.743661
318,43,16726.051173
318,46,16687.850745
318,47,16539.021890
319,34,19202.590470
319,35,19000.630249
319,36,18478.020809
319,37,18405.605207
319,38,18064.761529
319,39,17614.912452
319,40,17301.927651
319,41,17164.082055
319,43,16699.094825
319,46,16687.850745
319,47,16533.978266
320,34,19202.590470
320,35,19000.630249
320,36,18478.020809
320,37,18405.605207
320,38,18064.761529
320,39,17614.912452
320,40,17301.927651
320,41,17164.082055
320,43,16699.094825
320,46,16632.995949
320,47,16533.978266
321,34,19202.590470
321,35,18966.484143
321,36,18419.749310
321,37,18405.605207
321,38,18018.288851
321,39,17614.912452
321,40,17301.927651
321,41,17153.929658
321,43,16699.094825
321,46,16632.995949
321,47,16533.978266
322,34,19202.590470
322,35,18966.484143
322,36,18419.749310
322,37,18405.605207
322,38,18018.288851
322,39,17614.912452
322,40,17301.927651
322,41,17153.929658
322,43,16699.094825
322,46,16632.995949
322,47,16533.978266
