Generation,NV,TOC
1,20,14718.725583
1,22,12970.852584
1,23,10101.533330
1,28,8983.961224
1,43,8890.197161
1,48,7758.732760
1,50,6069.672711
1,64,6015.638500
2,19,16833.264472
2,20,14718.725583
2,21,13068.855166
2,22,12699.853165
2,23,10101.533330
2,24,8716.080791
2,40,8507.732169
2,43,6621.480103
2,50,6069.672711
2,64,6015.638500
2,65,5863.785958
3,19,16833.264472
3,20,14718.725583
3,21,13008.926123
3,22,12699.853165
3,23,10101.533330
3,24,8716.080791
3,40,6648.179574
3,43,6621.480103
3,46,6139.223912
3,50,6069.672711
3,60,5980.358352
3,65,5863.785958
4,19,16833.264472
4,20,14718.725583
4,21,13008.926123
4,22,11585.164705
4,23,9967.116355
4,24,8716.080791
4,38,7275.072759
4,40,6648.179574
4,43,6621.480103
4,45,6123.314076
4,50,6069.672711
4,51,5871.500844
4,65,5863.785958
5,19,16833.264472
5,20,14718.725583
5,21,13008.926123
5,22,11567.082348
5,23,9967.116355
5,24,8716.080791
5,28,8379.959964
5,38,7193.019307
5,40,6648.179574
5,42,6562.895127
5,45,6123.314076
5,50,6069.672711
5,51,5871.500844
5,55,5867.783741
5,57,5839.089624
5,63,5783.383385
6,19,16833.264472
6,20,14718.725583
6,21,12779.830122
6,22,11567.082348
6,23,9967.116355
6,24,8716.080791
6,27,8271.465506
6,34,7549.300070
6,36,7133.566798
6,39,6392.912057
6,41,6360.941501
6,45,6016.706194
6,46,5728.678369
7,19,16833.264472
7,20,14718.725583
7,21,12199.476337
7,22,11567.082348
7,23,9967.116355
7,24,8716.080791
7,25,8076.308926
7,28,7821.305420
7,32,7254.745001
7,36,7035.389352
7,39,6392.912057
7,41,6360.941501
7,42,6179.154779
7,45,5848.487285
7,46,5728.678369
8,19,16833.264472
8,20,14718.725583
8,21,12199.476337
8,22,11567.082348
8,23,9719.712466
8,24,8716.080791
8,25,7733.571912
8,28,7717.482855
8,32,7163.681013
8,36,6879.211183
8,38,6320.560815
8,40,6043.021893
8,45,5707.178486
9,19,16833.264472
9,20,13070.144322
9,21,12199.476337
9,22,9557.206492
9,24,8716.080791
9,25,7733.571912
9,28,7717.482855
9,32,7163.681013
9,33,6901.305529
9,36,6879.211183
9,38,6320.560815
9,40,6043.021893
9,45,5707.178486
10,19,16833.264472
10,20,13070.144322
10,21,12199.476337
10,22,9557.206492
10,24,7996.805142
10,25,7733.571912
10,28,7511.957025
10,30,7185.425845
10,31,7133.804522
10,33,6901.305529
10,34,6549.394063
10,37,6357.055786
10,38,6320.560815
10,40,6043.021893
10,45,5707.178486
10,60,5678.914184
11,19,16833.264472
11,20,12763.880406
11,21,12199.476337
11,22,9557.206492
11,23,9113.809604
11,24,7996.805142
11,25,7733.571912
11,28,7511.957025
11,30,7185.425845
11,31,7133.804522
11,33,6901.305529
11,34,6549.394063
11,35,6270.165132
11,39,6080.510017
11,40,6043.021893
11,44,5947.015068
11,45,5707.178486
11,53,5632.359168
12,19,16833.264472
12,20,12763.880406
12,21,12199.476337
12,22,9557.206492
12,23,9113.809604
12,24,7996.805142
12,25,7733.571912
12,28,7511.957025
12,30,7185.425845
12,31,7133.804522
12,33,6774.613900
12,34,6435.247262
12,35,6145.473858
12,38,5948.801788
12,44,5687.463767
12,49,5573.802453
13,19,16833.264472
13,20,12763.880406
13,21,12199.476337
13,22,9557.206492
13,23,8266.321592
13,24,7996.805142
13,25,7733.571912
13,27,7434.426562
13,30,7185.425845
13,31,7133.804522
13,33,6057.397581
13,38,5948.801788
13,44,5687.463767
13,46,5654.878444
13,49,5573.802453
14,19,16833.264472
14,20,12763.880406
14,21,12199.476337
14,22,9557.206492
14,23,7833.997605
14,25,7304.175520
14,30,6920.274973
14,32,5929.766073
14,36,5814.676826
14,44,5650.269989
14,46,5631.976393
14,48,5563.020450
15,19,16833.264472
15,20,9951.496167
15,22,9557.206492
15,23,7833.997605
15,25,7304.175520
15,30,6920.274973
15,32,5929.766073
15,36,5814.676826
15,39,5808.921109
15,44,5650.269989
15,46,5631.976393
15,48,5563.020450
16,19,16833.264472
16,20,9951.496167
16,22,9199.175410
16,23,7728.808443
16,25,7143.732711
16,30,6885.203299
16,32,5887.445244
16,36,5736.219730
16,42,5727.082328
16,44,5556.686373
16,47,5543.573748
17,19,16305.806679
17,20,9951.496167
17,21,9082.786521
17,23,7728.808443
17,25,7143.732711
17,30,6885.203299
17,32,5847.406350
17,36,5736.219730
17,42,5727.082328
17,44,5556.686373
17,47,5543.573748
18,19,16305.806679
18,20,9580.995256
18,21,8404.505923
18,23,7728.808443
18,25,7066.542577
18,30,6781.159315
18,32,5776.270348
18,34,5672.127826
18,44,5547.345493
18,47,5516.700197
19,19,16305.806679
19,20,9580.995256
19,21,8404.505923
19,23,7728.808443
19,25,7066.542577
19,30,6781.159315
19,32,5776.270348
19,34,5672.127826
19,44,5547.345493
19,47,5516.700197
20,19,16094.191402
20,20,9525.833596
20,21,8404.505923
20,22,7608.362063
20,25,7066.542577
20,30,6781.159315
20,32,5735.848757
20,34,5654.416872
20,42,5475.181681
21,19,16094.191402
21,20,9525.833596
21,21,8404.505923
21,22,7608.362063
21,25,7066.542577
21,29,7005.489884
21,30,6781.159315
21,32,5735.848757
21,34,5654.416872
21,42,5475.181681
21,51,5474.204958
22,19,16094.191402
22,20,9525.833596
22,21,8404.505923
22,22,7608.362063
22,25,7066.542577
22,29,7005.489884
22,30,6781.159315
22,32,5735.848757
22,34,5654.416872
22,42,5475.181681
22,46,5313.933270
23,19,16094.191402
23,20,9506.318291
23,21,8050.689203
23,22,7544.585170
23,25,7066.542577
23,29,6693.654941
23,32,5711.101948
23,34,5654.416872
23,42,5475.181681
23,44,5277.529343
24,19,12463.746489
24,20,9506.318291
24,21,8050.689203
24,22,7544.585170
24,25,7066.542577
24,29,6693.654941
24,32,5711.101948
24,33,5690.614172
24,34,5654.416872
24,42,5475.181681
24,44,5277.529343
25,19,12463.746489
25,20,9312.129002
25,21,7591.693334
25,22,7544.585170
25,25,6925.421968
25,29,6692.171343
25,32,5705.965329
25,33,5690.614172
25,34,5654.416872
25,41,5436.190047
25,44,5277.529343
26,19,12463.746489
26,20,9312.129002
26,21,7591.693334
26,22,7544.585170
26,25,6925.421968
26,29,6692.171343
26,32,5705.965329
26,33,5690.614172
26,34,5654.416872
26,40,5595.530298
26,41,5436.190047
26,44,5277.529343
27,19,12463.746489
27,20,9312.129002
27,21,7591.693334
27,22,7544.585170
27,25,6805.184172
27,29,6522.348052
27,31,5603.033336
27,32,5602.125631
27,40,5420.663118
27,44,5256.555280
28,19,12463.746489
28,20,9312.129002
28,21,7198.387646
28,24,6524.504428
28,29,6522.348052
28,31,5603.033336
28,32,5602.125631
28,40,5420.663118
28,44,5256.555280
29,19,8655.735734
29,21,7198.387646
29,24,6515.809906
29,29,6477.710571
29,31,5603.033336
29,32,5558.414385
29,38,5539.355202
29,40,5414.827064
29,43,5251.945695
30,19,8655.735734
30,21,7198.387646
30,24,6515.809906
30,29,6477.710571
30,31,5603.033336
30,32,5558.414385
30,38,5539.355202
30,40,5414.827064
30,43,5251.945695
31,19,8602.667439
31,21,6785.664204
31,24,6435.225312
31,31,5581.524438
31,32,5552.692040
31,38,5416.898857
31,40,5335.907218
31,43,5247.095413
32,19,8602.667439
32,20,8334.325678
32,21,6785.664204
32,24,6435.225312
32,29,5792.398109
32,31,5581.524438
32,32,5552.692040
32,38,5416.898857
32,40,5335.907218
32,43,5247.095413
33,19,8602.667439
33,20,7637.238742
33,21,6785.664204
33,24,6369.391061
33,29,5641.521160
33,31,5581.524438
33,32,5552.692040
33,37,5402.927771
33,40,5325.308465
33,42,5242.510516
34,19,8602.667439
34,20,7637.238742
34,21,6785.664204
34,24,6369.391061
34,29,5641.521160
34,31,5581.524438
34,32,5552.692040
34,37,5402.927771
34,40,5325.308465
34,42,5242.510516
35,19,8602.667439
35,20,7637.238742
35,21,6785.664204
35,24,6369.391061
35,27,5997.989187
35,29,5580.386583
35,32,5552.692040
35,33,5520.165626
35,35,5414.687698
35,36,5367.961263
35,40,5324.181821
35,41,5231.789611
36,19,7764.730418
36,20,7637.238742
36,21,6785.664204
36,24,6369.391061
36,27,5997.989187
36,29,5580.386583
36,32,5552.692040
36,33,5520.165626
36,35,5414.687698
36,36,5367.961263
36,40,5324.181821
36,41,5231.789611
37,18,8144.191469
37,19,7764.730418
37,20,7637.238742
37,21,6708.077615
37,24,6369.391061
37,27,5997.989187
37,29,5541.988345
37,33,5500.403427
37,34,5407.411485
37,36,5367.961263
37,40,5324.181821
37,41,5220.225169
38,18,8144.191469
38,19,7764.730418
38,20,7223.198142
38,21,6708.077615
38,24,6369.391061
38,26,6136.715437
38,27,5997.989187
38,28,5805.341862
38,29,5541.988345
38,33,5500.403427
38,34,5407.411485
38,36,5367.961263
38,40,5324.181821
38,41,5220.225169
39,18,8144.191469
39,19,7764.730418
39,20,7223.198142
39,21,6708.077615
39,24,6353.430078
39,26,6136.715437
39,27,5997.989187
39,28,5805.341862
39,29,5541.988345
39,33,5383.693993
39,36,5367.961263
39,40,5324.181821
39,41,5220.225169
40,18,8144.191469
40,19,7764.730418
40,20,7223.198142
40,21,6708.077615
40,24,6353.430078
40,26,6136.715437
40,27,5997.989187
40,28,5805.341862
40,29,5541.988345
40,32,5537.046590
40,33,5383.693993
40,36,5367.961263
40,40,5324.181821
40,41,5220.225169
40,45,5195.340808
41,18,8144.191469
41,19,7574.987943
41,20,7223.198142
41,21,6708.077615
41,24,6353.430078
41,26,6136.715437
41,27,5986.128156
41,28,5771.487660
41,29,5541.988345
41,31,5522.719496
41,33,5370.273363
41,36,5367.961263
41,39,5308.531357
41,41,5220.225169
41,43,5190.506818
41,44,5183.560492
42,18,8144.191469
42,19,7574.987943
42,20,7223.198142
42,21,6708.077615
42,24,6353.430078
42,26,6136.715437
42,27,5986.128156
42,28,5771.487660
42,29,5541.988345
42,31,5522.719496
42,33,5370.273363
42,36,5367.961263
42,39,5308.531357
42,41,5220.225169
42,43,5190.506818
42,44,5183.560492
43,18,8144.191469
43,19,7574.987943
43,20,7223.198142
43,21,6708.077615
43,24,6353.430078
43,26,6136.715437
43,27,5986.128156
43,28,5771.487660
43,29,5468.557164
43,33,5370.273363
43,36,5358.837339
43,39,5308.531357
43,41,5220.225169
43,43,5142.549531
44,18,8144.191469
44,19,7574.987943
44,20,7223.198142
44,21,6708.077615
44,24,6353.430078
44,26,6136.715437
44,27,5986.128156
44,28,5771.487660
44,29,5468.557164
44,33,5370.273363
44,36,5358.837339
44,37,5277.168156
44,41,5220.225169
44,43,5142.549531
45,18,8144.191469
45,19,7527.407095
45,20,7223.198142
45,21,6708.077615
45,24,6353.430078
45,26,6097.823473
45,27,5937.006485
45,28,5771.487660
45,29,5467.698781
45,33,5341.851229
45,37,5268.867075
45,40,5204.748683
45,42,5111.345125
46,17,8305.033701
46,18,8144.191469
46,19,7527.407095
46,20,7223.198142
46,21,6708.077615
46,23,6650.601139
46,24,6353.430078
46,26,6097.823473
46,27,5937.006485
46,28,5771.487660
46,29,5467.698781
46,33,5341.851229
46,37,5268.867075
46,38,5224.814375
46,40,5204.748683
46,42,5111.345125
47,17,8304.681364
47,18,8144.191469
47,19,7527.407095
47,20,7223.198142
47,21,6708.077615
47,23,6256.845799
47,26,5827.555403
47,28,5694.930442
47,29,5467.698781
47,33,5341.851229
47,37,5266.657873
47,38,5224.814375
47,40,5186.932003
47,41,5104.946698
48,17,8304.681364
48,18,8144.191469
48,19,7527.407095
48,20,7223.198142
48,21,6708.077615
48,23,6256.845799
48,26,5827.555403
48,28,5694.930442
48,29,5467.698781
48,33,5341.851229
48,36,5221.907002
48,40,5186.932003
48,41,5104.946698
49,17,8304.681364
49,18,7643.077575
49,19,7440.721416
49,20,7223.198142
49,21,6657.315091
49,23,6256.845799
49,26,5802.972782
49,28,5694.930442
49,29,5450.902630
49,33,5332.771598
49,36,5207.723942
49,39,5073.180202
50,17,8304.681364
50,18,7643.077575
50,19,7440.721416
50,20,7223.198142
50,21,6657.315091
50,23,6256.845799
50,26,5802.972782
50,28,5694.930442
50,29,5450.902630
50,32,5411.665697
50,33,5332.771598
50,36,5207.723942
50,39,5073.180202
51,17,7897.314415
51,18,7643.077575
51,19,7195.724220
51,21,6657.315091
51,23,6256.845799
51,26,5716.464261
51,28,5632.087672
51,29,5425.645530
51,31,5393.589307
51,32,5307.195035
51,35,5181.355936
51,39,5067.068605
52,17,7848.678154
52,18,7643.077575
52,19,7195.724220
52,21,6657.315091
52,23,6256.845799
52,26,5716.464261
52,28,5632.087672
52,29,5425.645530
52,31,5393.589307
52,32,5307.195035
52,35,5181.355936
52,39,5067.068605
53,17,7848.678154
53,18,7643.077575
53,19,7146.584977
53,21,6657.315091
53,23,6183.929435
53,26,5699.209790
53,28,5632.087672
53,29,5425.645530
53,31,5393.589307
53,32,5307.195035
53,35,5181.355936
53,39,5049.817938
54,17,7625.249305
54,19,7146.584977
54,21,6657.315091
54,23,6183.929435
54,26,5699.209790
54,28,5632.087672
54,29,5425.645530
54,31,5393.589307
54,32,5307.195035
54,35,5181.355936
54,39,5049.817938
55,17,7625.249305
55,18,7065.031142
55,21,6628.096041
55,23,6112.280735
55,26,5682.766836
55,28,5632.087672
55,29,5422.829728
55,31,5380.342388
55,32,5307.195035
55,35,5178.143422
55,39,5049.817938
56,17,7625.249305
56,18,7065.031142
56,21,6628.096041
56,23,6112.280735
56,26,5682.766836
56,28,5632.087672
56,29,5422.829728
56,31,5380.342388
56,32,5307.195035
56,34,5173.859754
56,39,5049.817938
57,17,7625.249305
57,18,7065.031142
57,20,7002.680408
57,21,6628.096041
57,23,6112.280735
57,26,5682.766836
57,27,5585.598623
57,29,5422.829728
57,31,5380.342388
57,32,5221.422392
57,34,5173.859754
57,38,5120.934799
57,39,5029.710436
58,17,7625.249305
58,18,7065.031142
58,20,7002.680408
58,21,6628.096041
58,23,6112.280735
58,26,5682.766836
58,27,5585.598623
58,29,5422.829728
58,31,5380.342388
58,32,5221.422392
58,34,5173.859754
58,38,5120.934799
58,39,5029.710436
59,17,7625.249305
59,18,7065.031142
59,20,7002.680408
59,21,6628.096041
59,22,6458.015352
59,23,6105.568970
59,25,5661.859827
59,27,5585.598623
59,29,5422.829728
59,31,5380.342388
59,32,5221.422392
59,34,5173.859754
59,38,5120.934799
59,39,5029.710436
60,17,7625.249305
60,18,7065.031142
60,19,7060.622164
60,20,7002.680408
60,21,6628.096041
60,22,6458.015352
60,23,6105.568970
60,25,5661.859827
60,27,5585.598623
60,29,5422.829728
60,31,5380.342388
60,32,5221.422392
60,34,5173.859754
60,38,5120.934799
60,39,5029.710436
61,17,7625.249305
61,18,7065.031142
61,19,7060.622164
61,20,6928.009728
61,21,6628.096041
61,22,6377.829410
61,23,6102.115655
61,25,5661.859827
61,27,5574.587644
61,29,5422.829728
61,30,5178.279545
61,34,5173.859754
61,35,5056.408949
61,38,5023.374961
62,17,7625.249305
62,18,7065.031142
62,19,7060.622164
62,20,6928.009728
62,21,6628.096041
62,22,6377.829410
62,23,6102.115655
62,25,5661.859827
62,27,5574.587644
62,29,5422.829728
62,30,5178.279545
62,34,5173.859754
62,35,5056.408949
62,38,5023.374961
63,17,7625.249305
63,18,7043.319486
63,20,6928.009728
63,21,6577.015882
63,22,6377.829410
63,23,6102.115655
63,25,5649.472975
63,27,5569.135725
63,29,5411.763542
63,30,5168.250613
63,35,5029.628038
63,37,4996.886262
64,17,7625.249305
64,18,7043.319486
64,19,6887.077326
64,21,6577.015882
64,22,6377.829410
64,23,6102.115655
64,25,5649.472975
64,27,5569.135725
64,29,5411.763542
64,30,5168.250613
64,35,5029.628038
64,37,4996.886262
65,17,7625.249305
65,18,6974.293440
65,19,6869.221385
65,21,6533.414939
65,22,6358.652451
65,23,6102.115655
65,25,5649.472975
65,27,5569.135725
65,29,5411.763542
65,30,5167.020444
65,34,5010.628426
65,37,4996.886262
66,17,7625.249305
66,18,6974.293440
66,19,6869.221385
66,20,6809.431996
66,21,6533.414939
66,22,6358.652451
66,23,6102.115655
66,25,5649.472975
66,27,5569.135725
66,29,5411.763542
66,30,5167.020444
66,32,5164.802443
66,34,5010.628426
66,37,4987.133079
67,17,7625.249305
67,18,6974.293440
67,19,6869.221385
67,20,6809.431996
67,21,6533.414939
67,22,6300.062666
67,23,6102.115655
67,25,5649.472975
67,27,5559.393177
67,29,5411.763542
67,30,5167.020444
67,32,5138.933204
67,34,5010.628426
67,37,4987.133079
68,17,7625.249305
68,18,6974.293440
68,19,6869.221385
68,20,6809.431996
68,21,6481.289176
68,22,6300.062666
68,23,6102.115655
68,25,5649.472975
68,27,5559.393177
68,29,5411.763542
68,30,5167.020444
68,32,5138.933204
68,34,5010.628426
68,37,4987.133079
69,17,7625.249305
69,18,6974.293440
69,19,6783.531894
69,20,6691.975779
69,21,6481.289176
69,22,6022.166278
69,25,5636.868388
69,27,5559.365847
69,29,5377.927986
69,30,5139.751767
69,32,5116.486205
69,33,4982.148599
69,38,4976.786264
70,17,7625.249305
70,18,6974.293440
70,19,6783.531894
70,20,6691.975779
70,21,6481.289176
70,22,6022.166278
70,25,5636.868388
70,27,5541.885228
70,29,5377.927986
70,30,5139.751767
70,32,5116.486205
70,33,4982.148599
70,38,4976.786264
71,17,7625.249305
71,18,6974.293440
71,19,6783.531894
71,20,6475.373875
71,22,6022.166278
71,25,5609.235310
71,27,5541.885228
71,29,5377.927986
71,30,5139.751767
71,32,5102.186704
71,33,4982.148599
71,35,4937.215536
72,17,7625.249305
72,18,6974.293440
72,19,6783.531894
72,20,6475.373875
72,22,6022.166278
72,25,5609.235310
72,27,5541.885228
72,29,5377.927986
72,30,5139.751767
72,31,5136.475810
72,32,5102.186704
72,33,4973.071577
72,35,4937.215536
73,17,7625.249305
73,18,6888.377417
73,19,6783.531894
73,20,6475.373875
73,22,6022.166278
73,25,5557.251703
73,26,5538.443672
73,29,5377.927986
73,30,5139.751767
73,31,5136.475810
73,32,5102.186704
73,33,4953.116138
73,35,4937.215536
74,17,7625.249305
74,18,6888.377417
74,19,6783.531894
74,20,6475.373875
74,22,6022.166278
74,25,5557.251703
74,26,5538.443672
74,28,5083.324967
74,33,4953.116138
74,35,4932.346935
75,17,7625.249305
75,18,6843.322594
75,19,6783.488079
75,20,6407.584028
75,22,6008.220022
75,24,5545.641574
75,26,5511.864229
75,28,5083.324967
75,33,4946.818515
75,35,4932.346935
76,17,7625.249305
76,18,6843.322594
76,19,6783.488079
76,20,6407.584028
76,22,6008.220022
76,24,5545.641574
76,26,5511.864229
76,28,5083.324967
76,33,4935.634720
76,35,4932.346935
77,17,7625.249305
77,18,6843.322594
77,19,6783.488079
77,20,6407.584028
77,22,5999.538139
77,24,5529.175099
77,26,5511.864229
77,28,5076.848319
77,33,4934.473644
77,35,4932.346935
78,17,7625.249305
78,18,6843.322594
78,19,6673.651419
78,20,6407.584028
78,21,6372.472065
78,22,5999.538139
78,24,5529.175099
78,26,5511.864229
78,28,5076.848319
78,33,4934.473644
78,35,4932.346935
79,17,7625.249305
79,18,6842.724435
79,19,6673.651419
79,20,6347.802830
79,22,5988.413275
79,24,5529.175099
79,26,5507.324928
79,28,5076.848319
79,33,4934.473644
79,35,4928.877176
80,17,7583.039163
80,18,6842.724435
80,19,6521.856995
80,20,6347.802830
80,22,5988.413275
80,24,5529.175099
80,26,5507.324928
80,28,5076.848319
80,33,4934.473644
80,35,4928.877176
81,17,7403.476869
81,18,6842.724435
81,19,6521.856995
81,20,6347.802830
81,22,5988.413275
81,24,5474.574709
81,28,5073.711668
81,33,4921.967875
81,35,4901.181830
82,17,7403.476869
82,18,6842.724435
82,19,6521.856995
82,20,6347.802830
82,22,5988.413275
82,24,5474.574709
82,28,5073.711668
82,33,4921.967875
82,35,4901.181830
83,17,7249.927987
83,18,6833.275897
83,19,6240.447240
83,22,5988.413275
83,24,5474.574709
83,28,5073.711668
83,33,4921.967875
83,35,4901.181830
84,17,7249.927987
84,18,6833.275897
84,19,6240.447240
84,22,5988.413275
84,24,5474.574709
84,28,5051.118006
84,33,4921.967875
84,35,4901.181830
85,17,7156.688504
85,18,6746.655554
85,19,6240.447240
85,22,5968.308458
85,24,5474.574709
85,28,5041.558305
85,33,4921.967875
85,34,4921.827039
85,35,4901.181830
86,17,7156.688504
86,18,6746.655554
86,19,6240.447240
86,22,5968.308458
86,24,5474.574709
86,25,5449.775404
86,26,5382.000188
86,27,5031.081742
86,33,4921.967875
86,34,4921.827039
86,35,4901.181830
87,17,7156.688504
87,18,6746.655554
87,19,6240.447240
87,22,5959.874078
87,24,5455.574250
87,25,5395.584810
87,26,5382.000188
87,27,5021.522042
87,33,4911.228932
87,35,4897.490400
88,17,7156.688504
88,18,6746.655554
88,19,6240.447240
88,22,5959.874078
88,24,5455.574250
88,25,5395.584810
88,26,5382.000188
88,27,5021.522042
88,33,4911.228932
88,35,4897.490400
89,16,9031.830897
89,17,7156.688504
89,18,6746.655554
89,19,6240.447240
89,22,5959.874078
89,24,5440.999930
89,25,5375.837145
89,26,5328.738953
89,27,5021.522042
89,33,4911.228932
89,34,4902.967986
89,35,4897.490400
89,37,4891.556390
90,16,9031.830897
90,17,6877.811090
90,18,6746.655554
90,19,6240.447240
90,22,5959.874078
90,24,5440.999930
90,25,5375.837145
90,26,5328.738953
90,27,5021.522042
90,33,4911.228932
90,34,4902.967986
90,35,4897.490400
90,37,4891.556390
91,16,8175.270267
91,17,6877.811090
91,18,6746.655554
91,19,6208.246002
91,22,5959.874078
91,24,5440.999930
91,25,5372.951641
91,26,5328.738953
91,27,5021.522042
91,33,4887.659804
92,16,8175.270267
92,17,6877.811090
92,18,6746.655554
92,19,6208.246002
92,22,5959.874078
92,24,5440.999930
92,25,5315.791113
92,27,5021.522042
92,32,5012.299574
92,33,4887.659804
93,15,8052.192378
93,17,6842.246356
93,18,6714.289600
93,19,6208.246002
93,22,5956.562911
93,24,5429.496091
93,25,5313.797472
93,27,5021.522042
93,32,4963.331592
93,33,4887.659804
94,15,8052.192378
94,17,6842.246356
94,18,6524.928018
94,19,6208.246002
94,22,5956.562911
94,24,5429.496091
94,25,5313.797472
94,27,5021.522042
94,32,4963.331592
94,33,4887.659804
95,15,7906.150544
95,17,6775.042718
95,18,6519.850041
95,19,6203.150884
95,22,5956.562911
95,24,5429.496091
95,25,5300.123894
95,27,5021.522042
95,32,4963.331592
95,33,4887.041584
96,15,7906.150544
96,16,7592.288732
96,17,6775.042718
96,18,6519.850041
96,19,6203.150884
96,22,5956.562911
96,24,5429.496091
96,25,5300.123894
96,27,5021.522042
96,28,5019.968063
96,32,4963.331592
96,33,4887.041584
97,15,7317.621606
97,17,6739.432791
97,18,6389.936432
97,19,6186.477541
97,22,5956.562911
97,24,5282.107745
97,27,5021.522042
97,28,5016.525810
97,32,4963.331592
97,33,4887.041584
98,15,7317.621606
98,17,6739.432791
98,18,6389.936432
98,19,6186.477541
98,22,5956.562911
98,24,5282.107745
98,27,5021.522042
98,28,5016.525810
98,32,4963.331592
98,33,4887.041584
99,15,7305.038914
99,17,6710.326119
99,18,6324.941102
99,19,6107.365619
99,22,5954.856036
99,24,5249.499169
99,27,5020.785396
99,28,5006.822051
99,32,4954.241847
99,33,4887.041584
100,15,7305.038914
100,16,6862.104495
100,17,6710.326119
100,18,6324.941102
100,19,6107.365619
100,22,5954.856036
100,24,5249.499169
100,27,5020.785396
100,28,4991.830077
100,32,4954.241847
100,33,4887.041584
101,15,7305.038914
101,16,6805.748767
101,17,6699.888980
101,18,6324.941102
101,19,6107.365619
101,22,5798.746690
101,24,5245.460207
101,27,5006.966993
101,28,4991.830077
101,32,4944.162457
101,33,4887.041584
102,15,7305.038914
102,16,6805.748767
102,17,6699.888980
102,18,6324.941102
102,19,6107.365619
102,22,5798.746690
102,24,5245.460207
102,27,4996.876875
102,28,4991.830077
102,29,4929.017721
102,33,4887.041584
103,15,7305.038914
103,16,6697.437269
103,18,6324.941102
103,19,6107.365619
103,22,5798.746690
103,24,5231.328765
103,27,4996.876875
103,28,4989.616928
103,29,4929.017721
103,33,4887.041584
104,15,7305.038914
104,16,6697.437269
104,18,6324.941102
104,19,6107.365619
104,22,5798.746690
104,23,5365.146969
104,24,5231.328765
104,27,4996.876875
104,28,4989.616928
104,29,4929.017721
104,33,4887.041584
105,15,7305.038914
105,16,6640.044763
105,18,6324.941102
105,19,6062.967681
105,22,5798.746690
105,23,5365.146969
105,24,5227.803914
105,27,4996.876875
105,28,4980.057227
105,29,4926.892604
105,33,4882.938854
106,15,7305.038914
106,16,6640.044763
106,18,6324.941102
106,19,6062.967681
106,20,6015.847673
106,22,5798.746690
106,23,5365.146969
106,24,5227.803914
106,27,4996.876875
106,28,4980.057227
106,29,4926.892604
106,33,4882.938854
107,15,7305.038914
107,16,6640.044763
107,18,6278.085352
107,19,5943.280402
107,22,5791.049067
107,23,5365.146969
107,24,5227.803914
107,27,4996.876875
107,28,4980.057227
107,29,4922.337721
107,33,4882.040313
108,15,7305.038914
108,16,6640.044763
108,18,6278.085352
108,19,5943.280402
108,22,5791.049067
108,23,5365.146969
108,24,5227.803914
108,27,4996.876875
108,28,4980.057227
108,29,4922.337721
108,33,4862.329946
109,15,7305.038914
109,16,6640.044763
109,18,5902.986665
109,21,5814.082761
109,22,5790.450012
109,23,5365.146969
109,24,5227.803914
109,27,4996.876875
109,28,4895.075715
109,30,4857.299119
110,15,7305.038914
110,16,6640.044763
110,17,6596.590129
110,18,5902.986665
110,21,5814.082761
110,22,5790.450012
110,23,5365.146969
110,24,5227.803914
110,27,4996.876875
110,28,4895.075715
110,30,4857.299119
111,15,7228.125631
111,16,6593.439362
111,18,5902.986665
111,21,5814.082761
111,22,5790.450012
111,23,5365.146969
111,24,5203.058806
111,27,4996.876875
111,28,4895.075715
111,29,4856.770971
112,15,7228.125631
112,16,6593.439362
112,18,5902.986665
112,21,5814.082761
112,22,5790.450012
112,23,5322.383745
112,24,5203.058806
112,27,4996.876875
112,28,4895.075715
112,29,4856.770971
113,15,7205.851562
113,16,6554.387777
113,18,5902.986665
113,21,5814.082761
113,22,5790.450012
113,23,5317.571706
113,24,5180.240054
113,27,4996.876875
113,28,4895.075715
113,29,4856.770971
114,15,7205.851562
114,16,6480.075456
114,18,5902.986665
114,21,5814.082761
114,22,5790.450012
114,23,5317.571706
114,24,5180.240054
114,27,4996.876875
114,28,4895.075715
114,29,4856.770971
114,31,4854.169590
115,15,7205.851562
115,16,6446.278279
115,18,5897.977295
115,21,5796.408100
115,22,5790.450012
115,23,5316.062652
115,24,5173.652480
115,27,4996.876875
115,28,4895.075715
115,29,4856.770971
115,31,4854.169590
116,15,7205.851562
116,16,6446.278279
116,18,5897.977295
116,21,5796.408100
116,22,5790.450012
116,23,5316.062652
116,24,5173.652480
116,27,4996.876875
116,28,4895.075715
116,29,4856.770971
116,31,4854.169590
117,15,7205.851562
117,16,6373.359951
117,18,5892.826634
117,21,5796.408100
117,22,5784.896035
117,23,5306.066526
117,24,5159.991960
117,27,4983.149758
117,28,4891.939064
117,29,4856.770971
117,31,4854.169590
118,15,7205.851562
118,16,6373.359951
118,18,5892.826634
118,21,5796.408100
118,22,5784.896035
118,23,5306.066526
118,24,5159.991960
118,27,4983.149758
118,28,4891.939064
118,29,4856.770971
118,31,4854.169590
119,15,7205.851562
119,16,6373.359951
119,17,6227.962691
119,18,5866.874128
119,21,5796.408100
119,22,5784.896035
119,23,5306.066526
119,24,5149.179145
119,27,4971.297549
119,28,4891.939064
119,29,4856.236579
119,31,4854.169590
120,14,7797.556307
120,15,7205.851562
120,16,6373.359951
120,17,6227.962691
120,18,5866.874128
120,21,5796.408100
120,22,5784.896035
120,23,5306.066526
120,24,5149.179145
120,27,4971.297549
120,28,4891.939064
120,29,4856.236579
120,31,4854.169590
121,14,7797.556307
121,15,7205.851562
121,16,6373.359951
121,17,6227.962691
121,18,5866.874128
121,20,5826.909366
121,21,5657.696943
121,23,5306.066526
121,24,5149.179145
121,26,5066.798428
121,27,4966.749572
121,28,4886.121466
121,29,4819.980443
122,14,7797.556307
122,15,7205.851562
122,16,6373.359951
122,17,6227.962691
122,18,5866.874128
122,20,5826.909366
122,21,5657.696943
122,23,5300.350545
122,24,5149.179145
122,26,5066.798428
122,27,4966.749572
122,28,4886.121466
122,29,4819.980443
123,14,7797.556307
123,15,7205.851562
123,16,6373.359951
123,17,6227.962691
123,18,5866.874128
123,20,5793.514929
123,21,5657.696943
123,23,5300.350545
123,24,5149.179145
123,26,5066.798428
123,27,4966.749572
123,28,4886.121466
123,29,4819.980443
124,14,7797.556307
124,15,7149.886611
124,16,6373.359951
124,17,6227.962691
124,18,5866.874128
124,20,5793.514929
124,21,5657.696943
124,23,5300.350545
124,24,5149.179145
124,26,5066.798428
124,27,4966.749572
124,28,4886.121466
124,29,4819.980443
125,14,7797.556307
125,15,7149.886611
125,16,6373.359951
125,17,6227.962691
125,18,5758.213123
125,21,5657.696943
125,22,5298.026999
125,24,5126.879018
125,26,5066.798428
125,27,4945.847433
125,28,4886.121466
125,29,4819.980443
126,14,7797.556307
126,15,7149.886611
126,16,6373.359951
126,17,6227.962691
126,18,5758.213123
126,21,5657.696943
126,22,5298.026999
126,24,5126.879018
126,25,5124.174206
126,26,4898.560355
126,28,4886.121466
126,29,4819.980443
127,14,7797.556307
127,15,7149.886611
127,16,6337.917377
127,17,6227.962691
127,18,5756.703315
127,21,5657.696943
127,22,5277.745797
127,24,5126.879018
127,25,5124.174206
127,26,4898.560355
127,28,4873.637115
127,29,4819.980443
128,14,7797.556307
128,15,7149.886611
128,16,6337.917377
128,17,6227.962691
128,18,5756.703315
128,21,5657.696943
128,22,5277.745797
128,24,5126.879018
128,25,5124.174206
128,26,4898.560355
128,28,4782.826061
129,14,7797.556307
129,15,7045.962438
129,16,6214.910685
129,17,6207.750671
129,18,5730.116209
129,21,5657.696943
129,22,5277.745797
129,24,5126.876206
129,25,5050.296147
129,26,4895.790656
129,28,4782.826061
130,14,7797.556307
130,15,7045.962438
130,16,6214.910685
130,17,6097.726302
130,18,5661.113678
130,21,5657.696943
130,22,5277.745797
130,24,5126.876206
130,25,5050.296147
130,26,4895.790656
130,28,4782.826061
131,14,7797.556307
131,15,7034.689288
131,16,6153.390939
131,17,6093.098187
131,18,5661.113678
131,21,5615.676323
131,22,5277.745797
131,24,5126.876206
131,25,5050.296147
131,26,4895.790656
131,28,4782.826061
132,14,7797.556307
132,15,7034.689288
132,16,6153.390939
132,17,6093.098187
132,18,5661.113678
132,21,5615.676323
132,22,5277.745797
132,24,5126.876206
132,25,5050.296147
132,26,4895.790656
132,28,4782.826061
133,14,7245.491519
133,15,6708.495650
133,16,6129.029925
133,17,6093.098187
133,18,5644.693776
133,21,5587.423915
133,22,5277.745797
133,24,5124.848762
133,25,5040.956267
133,26,4895.790656
133,28,4779.408048
134,14,7245.491519
134,15,6708.495650
134,16,6129.029925
134,17,6093.098187
134,18,5644.693776
134,19,5600.343257
134,21,5587.423915
134,22,5277.745797
134,24,5124.848762
134,25,4967.293917
134,26,4895.790656
134,28,4779.408048
135,14,7245.491519
135,15,6708.495650
135,16,6107.404060
135,17,6093.098187
135,18,5635.209135
135,19,5600.343257
135,21,5558.672215
135,22,5253.353258
135,24,5097.754039
135,25,4967.092845
135,26,4895.790656
135,28,4779.408048
136,14,7245.491519
136,15,6708.495650
136,16,6107.404060
136,17,6093.098187
136,18,5635.209135
136,19,5569.075496
136,20,5551.092242
136,22,5253.353258
136,24,5097.754039
136,25,4967.092845
136,26,4895.790656
136,28,4779.408048
137,14,7245.491519
137,15,6708.495650
137,16,6107.404060
137,17,6049.432777
137,18,5613.018689
137,19,5569.075496
137,20,5551.092242
137,22,5249.485113
137,23,5097.554387
137,25,4967.092845
137,26,4895.790656
137,28,4779.048644
137,34,4758.245904
138,14,7245.491519
138,15,6708.495650
138,16,6041.174012
138,18,5613.018689
138,19,5569.075496
138,20,5551.092242
138,22,5249.485113
138,23,5097.554387
138,25,4967.092845
138,26,4895.790656
138,28,4779.048644
138,34,4758.245904
139,14,7245.491519
139,15,6708.495650
139,16,6028.055448
139,18,5583.757122
139,19,5569.075496
139,20,5551.092242
139,22,5249.485113
139,23,5097.554387
139,25,4951.852695
139,26,4895.790656
139,28,4778.191907
139,34,4758.245904
140,14,7245.491519
140,15,6708.495650
140,16,6028.055448
140,18,5583.757122
140,19,5569.075496
140,20,5551.092242
140,22,5249.485113
140,23,5097.554387
140,25,4951.852695
140,26,4895.790656
140,27,4798.819954
140,28,4778.191907
140,34,4758.245904
141,14,7245.491519
141,15,6708.495650
141,16,6028.055448
141,17,6022.895203
141,18,5573.692767
141,19,5569.075496
141,20,5548.419878
141,22,5087.016225
141,25,4951.852695
141,26,4895.790656
141,27,4798.819954
141,28,4778.191907
141,34,4758.245904
142,13,7710.874970
142,14,7245.491519
142,15,6641.719746
142,16,6028.055448
142,17,6022.895203
142,18,5573.692767
142,19,5569.075496
142,20,5548.419878
142,22,5087.016225
142,25,4951.852695
142,26,4895.790656
142,27,4798.819954
142,28,4778.191907
142,34,4758.245904
143,13,7710.874970
143,14,7245.491519
143,15,6641.719746
143,16,6021.984334
143,18,5573.692767
143,19,5542.136481
143,22,5087.016225
143,25,4951.852695
143,26,4879.365423
143,27,4798.819954
143,28,4778.191907
143,34,4758.245904
144,13,7710.874970
144,14,7245.491519
144,15,6611.610433
144,16,6021.984334
144,18,5573.692767
144,19,5542.136481
144,22,5087.016225
144,25,4888.580463
144,26,4879.365423
144,27,4798.819954
144,28,4778.191907
144,34,4758.245904
145,13,7710.874970
145,14,7245.491519
145,15,6531.627742
145,16,6011.024271
145,18,5573.692767
145,19,5540.024349
145,22,5087.016225
145,25,4888.580463
145,26,4874.917254
145,27,4792.215027
145,28,4778.191907
145,34,4758.245904
146,13,7567.690879
146,14,7245.491519
146,15,6531.627742
146,16,6011.024271
146,18,5573.692767
146,19,5540.024349
146,22,5087.016225
146,25,4888.580463
146,26,4874.917254
146,27,4792.215027
146,28,4757.872561
147,13,7567.690879
147,14,7245.491519
147,15,6528.629849
147,16,5972.216869
147,18,5573.692767
147,19,5540.024349
147,22,5087.016225
147,25,4888.580463
147,26,4874.917254
147,27,4792.215027
147,28,4757.872561
147,29,4753.297262
148,13,7567.690879
148,14,7245.491519
148,15,6528.629849
148,16,5972.216869
148,18,5573.692767
148,19,5540.024349
148,21,5534.593268
148,22,5087.016225
148,25,4888.580463
148,26,4874.917254
148,27,4792.215027
148,28,4757.872561
148,29,4753.297262
149,13,7567.690879
149,14,7245.491519
149,15,6528.629849
149,16,5968.767915
149,18,5573.692767
149,19,5540.024349
149,21,5489.513751
149,22,5087.016225
149,25,4888.580463
149,26,4866.867387
149,27,4792.215027
149,28,4756.974019
149,29,4753.297262
150,13,7567.690879
150,14,7245.491519
150,15,6528.629849
150,16,5968.767915
150,18,5573.692767
150,19,5540.024349
150,21,5489.513751
150,22,5087.016225
150,25,4888.580463
150,26,4866.867387
150,27,4792.215027
150,28,4756.974019
150,29,4753.297262
151,13,7567.690879
151,14,7245.491519
151,15,6528.629849
151,16,5968.767915
151,18,5573.692767
151,19,5540.024349
151,21,5489.513751
151,22,5087.016225
151,25,4888.580463
151,26,4866.867387
151,27,4792.215027
151,28,4755.854764
151,29,4747.746524
151,32,4740.464976
152,13,7567.690879
152,14,7245.491519
152,15,6375.089098
152,16,5968.767915
152,18,5573.692767
152,19,5540.024349
152,21,5489.513751
152,22,5055.501383
152,25,4888.580463
152,26,4866.867387
152,27,4792.215027
152,28,4755.854764
152,29,4747.746524
152,32,4740.464976
153,13,7516.102819
153,14,7245.491519
153,15,6375.089098
153,16,5968.767915
153,18,5573.692767
153,19,5540.024349
153,21,5452.735214
153,22,5055.501383
153,25,4888.580463
153,26,4866.867387
153,27,4779.598204
153,28,4755.854764
153,29,4747.746524
153,32,4737.479097
154,13,7516.102819
154,14,7245.491519
154,15,6375.089098
154,16,5968.767915
154,18,5573.692767
154,19,5540.024349
154,21,5452.735214
154,22,5055.501383
154,23,5042.137884
154,25,4888.580463
154,26,4866.867387
154,27,4779.598204
154,28,4755.854764
154,29,4747.746524
154,32,4737.479097
155,13,7516.102819
155,14,7245.491519
155,15,6375.089098
155,16,5968.767915
155,18,5573.692767
155,19,5540.024349
155,21,5363.174244
155,22,5046.705007
155,23,5042.137884
155,25,4888.580463
155,26,4866.867387
155,27,4776.191524
155,28,4755.854764
155,29,4747.746524
155,32,4737.479097
156,13,7516.102819
156,14,7245.491519
156,15,6375.089098
156,16,5968.767915
156,18,5573.692767
156,19,5540.024349
156,21,5363.174244
156,22,5046.705007
156,23,5042.137884
156,25,4888.580463
156,26,4866.867387
156,27,4776.191524
156,28,4755.854764
156,29,4747.746524
156,32,4737.479097
157,13,7516.102819
157,14,7245.491519
157,15,6375.089098
157,16,5968.767915
157,18,5573.692767
157,19,5540.024349
157,21,5363.174244
157,22,5034.582234
157,25,4884.132294
157,26,4866.867387
157,27,4776.191524
157,28,4755.854764
157,29,4747.746524
157,32,4737.479097
158,13,7506.710855
158,14,7245.491519
158,15,6375.089098
158,16,5968.767915
158,18,5573.692767
158,19,5540.024349
158,21,5363.174244
158,22,5034.582234
158,25,4884.132294
158,26,4866.867387
158,27,4776.191524
158,28,4755.854764
158,29,4747.746524
158,32,4737.479097
159,13,7506.710855
159,14,7245.491519
159,15,6375.089098
159,16,5968.767915
159,18,5573.692767
159,19,5540.024349
159,21,5359.601351
159,22,5033.777485
159,25,4884.132294
159,26,4866.867387
159,27,4776.191524
159,28,4755.854764
159,29,4747.746524
159,32,4737.479097
160,13,7506.710855
160,14,7245.491519
160,15,6375.089098
160,16,5968.767915
160,18,5573.692767
160,19,5540.024349
160,21,5359.601351
160,22,5033.777485
160,25,4884.132294
160,26,4866.867387
160,27,4776.191524
160,28,4742.989975
160,32,4737.479097
161,13,7506.710855
161,14,7245.491519
161,15,6375.089098
161,16,5968.767915
161,18,5545.681520
161,19,5540.024349
161,21,5359.601351
161,22,5033.777485
161,25,4884.132294
161,26,4866.867387
161,27,4776.191524
161,28,4742.989975
161,32,4737.479097
162,13,7506.710855
162,14,7245.491519
162,15,6375.089098
162,16,5968.767915
162,18,5545.681520
162,19,5540.024349
162,21,5353.704368
162,22,5033.777485
162,25,4884.132294
162,26,4866.867387
162,27,4776.191524
162,28,4742.989975
162,32,4737.479097
163,13,7506.710855
163,14,7245.491519
163,15,6375.089098
163,16,5968.767915
163,18,5540.613292
163,19,5540.024349
163,21,5353.704368
163,22,5031.772577
163,25,4884.132294
163,26,4866.867387
163,27,4775.758261
163,28,4742.989975
163,32,4737.479097
164,13,7506.710855
164,14,7245.491519
164,15,6375.089098
164,16,5968.767915
164,18,5540.613292
164,19,5540.024349
164,21,5353.704368
164,22,5031.772577
164,25,4884.132294
164,26,4866.867387
164,27,4775.758261
164,28,4742.989975
164,32,4737.479097
165,13,7506.710855
165,14,7245.491519
165,15,6375.089098
165,16,5968.767915
165,18,5540.091902
165,19,5540.024349
165,21,5348.465213
165,22,5031.772577
165,24,5020.777921
165,25,4884.132294
165,26,4777.701578
165,27,4775.758261
165,28,4742.989975
165,31,4735.606558
166,13,7506.710855
166,14,7245.491519
166,15,6375.089098
166,16,5968.767915
166,17,5864.537797
166,18,5540.091902
166,19,5540.024349
166,21,5348.465213
166,22,5031.772577
166,24,5020.777921
166,25,4884.132294
166,26,4777.701578
166,27,4775.758261
166,28,4742.989975
166,31,4735.606558
167,13,7506.710855
167,14,7245.491519
167,15,6375.089098
167,16,5968.767915
167,17,5864.537797
167,18,5540.091902
167,19,5493.137274
167,21,5348.465213
167,22,5031.772577
167,24,4982.288874
167,25,4873.852814
167,26,4776.803036
167,27,4775.758261
167,28,4742.989975
167,31,4735.606558
168,13,7433.646452
168,14,7245.491519
168,15,6375.089098
168,16,5968.767915
168,17,5864.537797
168,18,5540.091902
168,19,5493.137274
168,21,5348.465213
168,22,5031.772577
168,24,4982.288874
168,25,4873.852814
168,26,4761.967970
168,28,4742.989975
168,31,4735.606558
169,13,7433.646452
169,14,7245.491519
169,15,6375.089098
169,16,5968.767915
169,17,5822.646312
169,18,5526.344634
169,19,5493.137274
169,21,5339.604150
169,22,5031.772577
169,24,4982.288874
169,25,4873.852814
169,26,4761.967970
169,28,4736.616498
169,31,4717.698919
170,13,7433.646452
170,14,7245.491519
170,15,6375.089098
170,16,5968.767915
170,17,5822.646312
170,18,5526.344634
170,19,5493.137274
170,21,5339.604150
170,22,5031.772577
170,24,4982.288874
170,25,4873.852814
170,26,4761.967970
170,28,4736.616498
170,31,4717.698919
171,13,7433.646452
171,14,7245.491519
171,15,6269.918207
171,16,5968.767915
171,17,5822.646312
171,18,5469.295140
171,21,5339.604150
171,22,5022.587589
171,24,4982.011713
171,25,4873.852814
171,26,4761.967970
171,28,4736.616498
171,31,4717.698919
172,13,7433.646452
172,14,7245.491519
172,15,6269.918207
172,16,5968.767915
172,17,5766.767664
172,18,5469.295140
172,21,5339.604150
172,22,5022.587589
172,24,4982.011713
172,25,4848.448913
172,26,4761.967970
172,27,4739.718514
172,28,4736.616498
172,31,4717.698919
173,13,7433.646452
173,14,7245.491519
173,15,6269.918207
173,16,5968.767915
173,17,5766.767664
173,18,5469.295140
173,19,5440.102591
173,21,5313.788044
173,22,5022.587589
173,24,4982.011713
173,25,4848.448913
173,26,4761.967970
173,27,4739.718514
173,28,4736.616498
173,31,4717.698919
174,12,9230.567276
174,13,7245.688210
174,14,7245.491519
174,15,6269.918207
174,16,5968.767915
174,17,5766.767664
174,18,5469.295140
174,19,5396.890362
174,20,5320.955932
174,21,5313.788044
174,22,5022.587589
174,24,4982.011713
174,25,4848.448913
174,26,4761.967970
174,27,4739.718514
174,28,4736.616498
174,31,4717.698919
175,12,9230.567276
175,13,7245.688210
175,14,7245.491519
175,15,5941.081877
175,17,5766.767664
175,18,5469.152339
175,19,5394.876967
175,20,5302.230693
175,22,5022.587589
175,23,4966.770668
175,25,4848.448913
175,26,4761.967970
175,27,4727.431186
175,31,4717.698919
176,12,9230.567276
176,13,7245.688210
176,14,7245.491519
176,15,5941.081877
176,17,5766.767664
176,18,5469.152339
176,19,5394.876967
176,20,5302.230693
176,22,5022.587589
176,23,4966.770668
176,25,4848.448913
176,26,4761.967970
176,27,4727.431186
176,31,4717.698919
177,12,9230.567276
177,13,7245.688210
177,14,7245.491519
177,15,5804.163326
177,17,5766.767664
177,18,5469.152339
177,19,5394.876967
177,20,5302.230693
177,22,5003.378508
177,23,4966.770668
177,25,4848.448913
177,26,4761.967970
177,27,4727.431186
177,31,4717.698919
178,12,9230.567276
178,13,7245.688210
178,14,7167.538363
178,15,5804.163326
178,17,5766.767664
178,18,5469.152339
178,19,5394.876967
178,20,5302.230693
178,22,5003.378508
178,23,4966.770668
178,25,4848.448913
178,26,4761.967970
178,27,4727.431186
178,31,4717.698919
179,12,9230.567276
179,13,7245.688210
179,14,7167.538363
179,15,5804.163326
179,17,5766.767664
179,18,5469.152339
179,19,5394.876967
179,20,5302.230693
179,22,4998.858945
179,23,4960.841258
179,25,4848.448913
179,26,4761.967970
179,27,4727.431186
179,31,4713.885644
180,12,9230.567276
180,13,7245.688210
180,14,7167.538363
180,15,5804.163326
180,17,5766.767664
180,18,5469.152339
180,19,5382.122271
180,20,5302.230693
180,21,5227.928953
180,22,4998.858945
180,23,4960.841258
180,25,4848.448913
180,26,4761.967970
180,27,4727.431186
180,31,4713.885644
181,12,9230.567276
181,13,7245.688210
181,14,7167.538363
181,15,5804.163326
181,17,5766.767664
181,18,5469.152339
181,19,5382.122271
181,20,5302.230693
181,21,5216.795621
181,22,4935.937959
181,25,4848.448913
181,26,4761.967970
181,27,4727.431186
181,31,4713.885644
182,12,9230.567276
182,13,7133.886904
182,15,5732.687997
182,18,5469.152339
182,19,5382.122271
182,20,5302.230693
182,21,5216.795621
182,22,4935.937959
182,25,4848.448913
182,26,4761.967970
182,27,4727.431186
182,31,4713.885644
183,12,9230.567276
183,13,7005.096656
183,14,6969.837583
183,15,5711.392206
183,18,5451.159410
183,19,5376.585462
183,20,5302.230693
183,21,5215.438140
183,22,4935.937959
183,25,4848.448913
183,26,4761.069429
183,27,4727.431186
183,31,4713.885644
184,12,9230.567276
184,13,6894.415705
184,14,6874.176920
184,15,5711.392206
184,18,5451.159410
184,19,5376.585462
184,20,5302.230693
184,21,5154.178539
184,22,4935.937959
184,25,4814.299879
184,26,4761.069429
184,27,4727.431186
184,31,4713.885644
185,12,9230.567276
185,13,6894.415705
185,14,5654.205734
185,18,5450.949800
185,19,5375.303965
185,20,5302.230693
185,21,5154.178539
185,22,4935.596037
185,25,4814.299879
185,26,4761.069429
185,27,4720.350165
185,31,4713.885644
186,12,9230.567276
186,13,6894.415705
186,14,5654.205734
186,18,5450.949800
186,19,5352.415689
186,20,5302.230693
186,21,5154.178539
186,22,4935.596037
186,25,4814.299879
186,26,4761.069429
186,27,4720.350165
186,31,4713.885644
187,12,9230.567276
187,13,6894.415705
187,14,5652.793588
187,18,5412.736996
187,19,5352.415689
187,20,5302.230693
187,21,5154.178539
187,22,4928.719329
187,25,4814.299879
187,26,4761.069429
187,27,4720.350165
187,31,4713.885644
188,12,9230.567276
188,13,6894.415705
188,14,5652.793588
188,18,5412.736996
188,19,5352.415689
188,20,5302.230693
188,21,5154.178539
188,22,4928.719329
188,25,4814.299879
188,26,4761.069429
188,27,4720.350165
188,31,4713.885644
189,12,9230.567276
189,13,6894.415705
189,14,5652.793588
189,17,5615.866666
189,18,5412.736996
189,19,5352.415689
189,20,5262.772858
189,21,5122.349514
189,22,4926.256689
189,23,4922.668264
189,25,4814.299879
189,26,4761.069429
189,27,4720.350165
189,31,4698.421565
190,12,9230.567276
190,13,6894.415705
190,14,5652.793588
190,17,5615.866666
190,18,5412.736996
190,19,5352.415689
190,20,5262.772858
190,21,5122.349514
190,22,4926.256689
190,23,4922.668264
190,25,4814.299879
190,26,4761.069429
190,27,4720.350165
190,31,4698.421565
191,12,9230.567276
191,13,6894.415705
191,14,5652.793588
191,17,5615.866666
191,18,5412.736996
191,19,5352.415689
191,20,5262.772858
191,21,5105.201307
191,22,4926.256689
191,23,4922.668264
191,25,4814.299879
191,26,4759.998303
191,27,4720.350165
191,30,4693.172144
192,12,9230.567276
192,13,6894.415705
192,14,5652.793588
192,17,5615.866666
192,18,5412.736996
192,19,5352.415689
192,20,5262.772858
192,21,5105.201307
192,22,4926.256689
192,23,4801.262663
192,26,4759.998303
192,27,4720.350165
192,30,4693.172144
193,12,9230.567276
193,13,6894.415705
193,14,5652.793588
193,16,5639.605132
193,17,5615.866666
193,18,5382.442578
193,19,5350.567914
193,20,5262.772858
193,21,5105.201307
193,22,4926.256689
193,23,4801.262663
193,26,4750.769191
193,27,4715.273876
193,30,4693.172144
194,12,9230.567276
194,13,6894.415705
194,14,5652.793588
194,16,5639.605132
194,17,5615.866666
194,18,5331.500136
194,20,5262.772858
194,21,5059.726342
194,22,4926.256689
194,23,4801.262663
194,26,4750.769191
194,27,4715.273876
194,30,4693.172144
195,12,9230.567276
195,13,6894.415705
195,14,5652.793588
195,16,5578.435119
195,17,5465.023139
195,18,5324.963310
195,20,5262.772858
195,21,5043.964958
195,22,4926.256689
195,23,4788.770258
195,26,4750.769191
195,27,4715.273876
195,30,4691.102807
196,12,9230.567276
196,13,6894.415705
196,14,5652.793588
196,16,5578.435119
196,17,5465.023139
196,18,5324.963310
196,20,5082.210797
196,21,5043.964958
196,22,4926.256689
196,23,4788.770258
196,26,4750.769191
196,27,4715.273876
196,30,4691.102807
197,12,9230.567276
197,13,6894.415705
197,14,5652.793588
197,16,5578.435119
197,17,5465.023139
197,18,5324.963310
197,19,5073.999360
197,21,4960.692057
197,22,4925.451941
197,23,4788.770258
197,26,4750.769191
197,27,4715.273876
197,30,4690.204266
198,12,8743.092078
198,13,6894.415705
198,14,5652.793588
198,16,5578.435119
198,17,5465.023139
198,18,5324.963310
198,19,5073.999360
198,21,4960.692057
198,22,4925.451941
198,23,4788.770258
198,26,4750.769191
198,27,4715.273876
198,30,4690.204266
199,12,8743.092078
199,13,6894.415705
199,14,5652.793588
199,16,5502.734478
199,17,5424.461666
199,18,5311.596827
199,19,5073.999360
199,21,4948.154055
199,22,4914.347233
199,23,4788.770258
199,26,4750.769191
199,27,4715.273876
199,30,4684.748382
200,12,8743.092078
200,13,6894.415705
200,14,5652.793588
200,15,5603.964756
200,16,5502.734478
200,17,5424.461666
200,18,5311.596827
200,19,5073.999360
200,21,4948.154055
200,22,4914.347233
200,23,4788.770258
200,26,4750.769191
200,27,4715.273876
200,30,4684.748382
201,12,8743.092078
201,13,6894.415705
201,14,5652.793588
201,15,5603.964756
201,16,5391.780860
201,18,5311.596827
201,19,5073.999360
201,21,4948.154055
201,22,4914.347233
201,23,4788.770258
201,26,4750.769191
201,27,4714.375335
201,30,4684.748382
202,12,8743.092078
202,13,6894.415705
202,14,5652.793588
202,15,5603.964756
202,16,5391.780860
202,18,5311.596827
202,19,5073.999360
202,21,4948.154055
202,22,4914.347233
202,23,4788.770258
202,26,4750.769191
202,27,4714.375335
202,30,4684.748382
203,12,8743.092078
203,13,6894.415705
203,14,5596.617081
203,16,5391.780860
203,18,5282.768603
203,19,5073.999360
203,21,4948.154055
203,22,4914.347233
203,23,4788.770258
203,26,4750.769191
203,27,4714.375335
203,30,4684.748382
204,12,8743.092078
204,13,6758.909377
204,14,5596.617081
204,16,5391.780860
204,17,5391.382832
204,18,5282.768603
204,19,5073.999360
204,21,4948.154055
204,22,4914.347233
204,23,4788.770258
204,26,4750.769191
204,27,4714.375335
204,30,4684.748382
205,12,8743.092078
205,13,6758.909377
205,14,5596.617081
205,16,5295.334012
205,18,5282.768603
205,19,5073.999360
205,21,4948.154055
205,22,4900.378302
205,23,4788.770258
205,26,4750.769191
205,27,4714.375335
205,30,4684.748382
206,12,8743.092078
206,13,6758.909377
206,14,5596.617081
206,16,5295.334012
206,18,5282.768603
206,19,5073.999360
206,21,4948.154055
206,22,4900.378302
206,23,4788.770258
206,26,4729.696669
206,27,4714.375335
206,30,4684.748382
207,12,8743.092078
207,13,6758.909377
207,14,5592.285961
207,16,5294.805265
207,18,5282.768603
207,19,5073.999360
207,21,4948.154055
207,22,4900.378302
207,23,4788.770258
207,26,4729.696669
207,27,4714.375335
207,30,4684.748382
208,12,8743.092078
208,13,6758.909377
208,14,5592.285961
208,15,5578.264583
208,16,5294.805265
208,18,5282.768603
208,19,5073.999360
208,21,4948.154055
208,22,4900.378302
208,23,4788.770258
208,26,4729.696669
208,27,4714.375335
208,30,4684.748382
209,12,8743.092078
209,13,6758.909377
209,14,5592.285961
209,15,5578.264583
209,16,5294.805265
209,18,5282.768603
209,19,5069.785284
209,21,4948.154055
209,22,4900.378302
209,23,4788.770258
209,26,4729.696669
209,27,4714.375335
209,30,4684.748382
210,12,8743.092078
210,13,6758.909377
210,14,5592.285961
210,15,5578.264583
210,16,5294.805265
210,18,5282.768603
210,19,5069.785284
210,21,4948.154055
210,22,4900.378302
210,23,4788.770258
210,26,4729.696669
210,27,4714.375335
210,30,4684.748382
211,12,8743.092078
211,13,6720.507807
211,14,5569.444936
211,16,5280.417241
211,19,5069.785284
211,21,4948.154055
211,22,4899.403547
211,23,4788.770258
211,26,4695.261967
211,30,4684.748382
212,12,8743.092078
212,13,6720.507807
212,14,5569.444936
212,16,5280.417241
212,19,5069.785284
212,21,4948.154055
212,22,4889.955347
212,23,4788.770258
212,26,4695.261967
212,30,4684.748382
213,12,8743.092078
213,13,6720.507807
213,14,5562.544959
213,16,5212.883483
213,19,5064.729968
213,21,4948.154055
213,22,4889.955347
213,23,4788.770258
213,25,4751.888752
213,26,4695.261967
213,30,4684.748382
214,12,8743.092078
214,13,6720.507807
214,14,5562.544959
214,16,5212.883483
214,19,5064.729968
214,21,4948.154055
214,22,4889.955347
214,23,4788.770258
214,25,4751.888752
214,26,4695.261967
214,30,4684.748382
215,12,8743.092078
215,13,6720.507807
215,14,5509.483444
215,16,5212.883483
215,19,5064.729968
215,21,4948.154055
215,22,4866.415589
215,23,4788.770258
215,25,4751.888752
215,26,4695.261967
215,30,4684.748382
216,12,8743.092078
216,13,6720.507807
216,14,5509.483444
216,16,5212.883483
216,19,5064.729968
216,21,4948.154055
216,22,4866.415589
216,23,4788.770258
216,25,4669.010309
217,12,8602.579926
217,13,6695.493081
217,14,5509.483444
217,16,5210.631036
217,19,5064.729968
217,21,4948.154055
217,22,4839.594937
217,23,4788.770258
217,25,4669.010309
218,12,8602.579926
218,13,6695.493081
218,14,5509.483444
218,15,5417.827190
218,16,5210.631036
218,19,5064.729968
218,21,4948.154055
218,22,4839.594937
218,23,4788.770258
218,25,4669.010309
219,12,8394.232136
219,13,6671.250061
219,14,5495.112986
219,15,5390.843890
219,16,5210.631036
219,19,5064.729968
219,21,4942.898596
219,22,4839.594937
219,23,4788.770258
219,25,4668.620824
220,12,8394.232136
220,13,6671.250061
220,14,5495.112986
220,15,5390.843890
220,16,5210.631036
220,19,5064.729968
220,21,4942.898596
220,22,4839.594937
220,23,4788.770258
220,25,4668.620824
221,12,8029.822121
221,13,6594.790989
221,14,5495.112986
221,15,5389.774064
221,16,5210.631036
221,19,5024.265233
221,21,4912.757709
221,22,4833.082574
221,23,4788.770258
221,25,4668.620824
222,12,8029.822121
222,13,6594.790989
222,14,5495.112986
222,15,5389.774064
222,16,5210.631036
222,19,5024.265233
222,21,4910.401913
222,22,4833.082574
222,23,4788.770258
222,25,4668.620824
222,27,4668.283932
223,12,8029.822121
223,13,6520.720523
223,14,5495.112986
223,15,5389.774064
223,16,5206.219819
223,19,5024.265233
223,21,4852.562004
223,22,4828.644571
223,23,4788.770258
223,25,4668.620824
223,27,4668.283932
224,12,8029.822121
224,13,6520.720523
224,14,5495.112986
224,15,5389.774064
224,16,5206.219819
224,19,5024.265233
224,20,4980.680285
224,21,4852.562004
224,22,4828.644571
224,23,4788.770258
224,25,4668.620824
224,27,4668.283932
225,12,8029.822121
225,13,6157.920240
225,14,5495.112986
225,15,5389.774064
225,16,5206.219819
225,19,5019.287997
225,20,4980.680285
225,21,4852.562004
225,22,4827.567695
225,23,4788.770258
225,25,4668.620824
225,27,4660.899900
226,12,8029.822121
226,13,6157.920240
226,14,5495.112986
226,15,5389.774064
226,16,5206.219819
226,19,5019.287997
226,20,4980.680285
226,21,4852.562004
226,22,4827.567695
226,23,4788.770258
226,25,4668.620824
226,27,4660.899900
227,12,8029.822121
227,13,6157.920240
227,14,5495.112986
227,15,5340.046853
227,16,5205.104115
227,19,4965.473650
227,21,4852.562004
227,22,4825.222317
227,23,4788.192593
227,25,4668.620824
227,27,4660.899900
228,12,8029.822121
228,13,6157.920240
228,14,5495.112986
228,15,5254.983076
228,16,5205.104115
228,19,4965.473650
228,21,4852.562004
228,22,4825.222317
228,23,4788.192593
228,25,4668.620824
228,27,4660.899900
229,12,8029.822121
229,13,6134.752736
229,14,5495.112986
229,15,5250.344249
229,16,5205.104115
229,19,4962.968949
229,21,4852.562004
229,22,4825.013251
229,23,4788.192593
229,25,4651.044506
230,12,8029.822121
230,13,6134.752736
230,14,5495.112986
230,15,5250.344249
230,16,5205.104115
230,18,5025.732720
230,19,4962.968949
230,21,4852.562004
230,22,4804.503304
230,23,4788.192593
230,25,4651.044506
230,26,4644.722900
231,12,8029.822121
231,13,6134.752736
231,14,5495.112986
231,15,5231.245973
231,16,5191.810695
231,18,5025.732720
231,19,4962.968949
231,21,4845.258466
231,22,4795.546175
231,23,4788.192593
231,25,4651.044506
231,26,4644.722900
232,12,8029.822121
232,13,6046.352934
232,14,5495.112986
232,15,5231.245973
232,16,5191.810695
232,18,5025.732720
232,19,4962.968949
232,21,4845.258466
232,22,4795.546175
232,23,4788.192593
232,25,4651.044506
232,26,4644.722900
233,12,8029.822121
233,13,6046.352934
233,14,5495.112986
233,15,5231.245973
233,16,5191.810695
233,18,5025.732720
233,19,4962.968949
233,20,4886.193579
233,21,4845.258466
233,22,4788.375106
233,23,4788.192593
233,25,4651.044506
233,26,4610.231227
234,12,8029.822121
234,13,6046.352934
234,14,5495.112986
234,15,5231.245973
234,16,5191.810695
234,18,5025.732720
234,19,4962.968949
234,20,4886.193579
234,21,4845.258466
234,22,4788.375106
234,23,4788.192593
234,25,4651.044506
234,26,4610.231227
235,12,8029.822121
235,13,6046.352934
235,14,5424.091607
235,15,5231.245973
235,16,5191.810695
235,18,5023.986151
235,19,4953.755424
235,20,4875.710052
235,21,4845.258466
235,22,4758.972708
235,25,4614.505041
235,26,4610.231227
236,12,8029.822121
236,13,6046.352934
236,14,5424.091607
236,15,5231.245973
236,16,5191.810695
236,18,5023.986151
236,19,4953.755424
236,20,4875.710052
236,21,4845.258466
236,22,4758.972708
236,25,4614.505041
236,26,4610.231227
237,12,8029.822121
237,13,6046.352934
237,14,5424.091607
237,15,5221.648832
237,16,5191.810695
237,18,5023.986151
237,19,4952.841754
237,20,4870.874197
237,21,4845.258466
237,22,4758.972708
237,24,4669.562870
237,25,4614.505041
237,26,4610.231227
238,12,8029.822121
238,13,6046.352934
238,14,5424.091607
238,15,5221.648832
238,16,5191.810695
238,18,5023.986151
238,19,4952.841754
238,20,4870.874197
238,21,4845.258466
238,22,4758.972708
238,24,4669.562870
238,25,4614.505041
238,26,4608.183434
239,12,8029.822121
239,13,6046.352934
239,14,5424.091607
239,15,5213.030847
239,16,5191.810695
239,18,5023.986151
239,19,4941.921510
239,20,4860.803493
239,21,4845.258466
239,22,4753.256346
239,24,4634.557013
239,25,4614.505041
239,26,4608.183434
240,12,8029.822121
240,13,6046.352934
240,14,5424.091607
240,15,5213.030847
240,16,5191.810695
240,18,5023.986151
240,19,4941.921510
240,20,4860.803493
240,21,4845.258466
240,22,4753.256346
240,24,4634.557013
240,25,4614.505041
240,26,4608.183434
241,12,8029.822121
241,13,6046.352934
241,14,5383.217778
241,15,5205.912150
241,16,5191.810695
241,18,5016.240865
241,19,4941.921510
241,20,4860.803493
241,21,4845.258466
241,22,4741.378161
241,24,4634.557013
241,25,4614.505041
241,26,4608.183434
242,12,8029.822121
242,13,6046.352934
242,14,5383.217778
242,15,5205.912150
242,16,5191.810695
242,18,5016.240865
242,19,4941.921510
242,20,4860.803493
242,21,4845.258466
242,22,4741.378161
242,24,4634.557013
242,25,4614.505041
242,26,4608.183434
243,12,8029.822121
243,13,6046.352934
243,14,5383.217778
243,15,5205.912150
243,16,5191.810695
243,18,5016.240865
243,19,4941.921510
243,20,4860.803493
243,21,4798.224614
243,22,4714.078064
243,24,4634.557013
243,25,4614.505041
243,26,4608.183434
244,12,8029.822121
244,13,6046.352934
244,14,5383.217778
244,15,5205.912150
244,16,5191.810695
244,18,5016.240865
244,19,4941.921510
244,20,4860.803493
244,21,4798.224614
244,22,4714.078064
244,24,4634.557013
244,25,4614.505041
244,26,4608.183434
245,12,8029.822121
245,13,6046.352934
245,14,5383.217778
245,15,5205.912150
245,16,5191.810695
245,17,5185.791412
245,18,5016.240865
245,19,4941.921510
245,20,4860.803493
245,21,4796.646897
245,22,4706.614794
245,24,4634.557013
245,25,4613.757744
245,26,4608.183434
246,12,8029.822121
246,13,6046.352934
246,14,5383.217778
246,15,5205.912150
246,16,5191.810695
246,17,5185.791412
246,18,5016.240865
246,19,4941.921510
246,20,4860.803493
246,21,4796.646897
246,22,4706.614794
246,24,4634.557013
246,25,4613.757744
246,26,4608.183434
247,12,8029.822121
247,13,6046.352934
247,14,5383.217778
247,15,5205.912150
247,16,5178.655733
247,18,5016.240865
247,19,4941.921510
247,20,4860.803493
247,21,4796.646897
247,22,4706.614794
247,24,4634.557013
247,25,4613.757744
247,26,4608.183434
248,12,8029.822121
248,13,6046.352934
248,14,5383.217778
248,15,5205.912150
248,16,5178.655733
248,18,5016.240865
248,19,4941.921510
248,20,4860.803493
248,21,4796.646897
248,22,4706.614794
248,24,4634.557013
248,25,4613.757744
248,26,4608.183434
249,12,8029.822121
249,13,6046.352934
249,14,5383.217778
249,15,5201.882899
249,16,5174.625140
249,18,4916.006633
249,20,4860.803493
249,21,4796.646897
249,22,4704.855261
249,24,4634.557013
249,25,4613.757744
249,26,4608.183434
250,12,8029.822121
250,13,6046.352934
250,14,5383.217778
250,15,5201.882899
250,16,5174.625140
250,18,4916.006633
250,19,4908.563368
250,20,4860.803493
250,21,4755.169071
250,22,4704.855261
250,24,4634.557013
250,25,4613.757744
250,26,4608.183434
251,12,8029.822121
251,13,6046.352934
251,14,5383.217778
251,15,5201.882899
251,16,5174.625140
251,18,4910.215089
251,19,4853.826965
251,21,4755.169071
251,22,4704.855261
251,24,4634.557013
251,25,4613.757744
251,26,4578.840854
252,12,8029.822121
252,13,6046.352934
252,14,5383.217778
252,15,5201.882899
252,16,5174.625140
252,18,4910.215089
252,19,4853.826965
252,21,4755.169071
252,22,4704.855261
252,24,4634.557013
252,25,4613.757744
252,26,4578.840854
253,12,8029.822121
253,13,6046.352934
253,14,5357.226938
253,15,5201.882899
253,16,5155.161506
253,18,4910.215089
253,19,4847.898998
253,21,4755.169071
253,22,4704.855261
253,24,4634.557013
253,25,4613.757744
253,26,4578.840854
254,12,8029.822121
254,13,6046.352934
254,14,5357.226938
254,15,5201.882899
254,16,5147.226843
254,18,4910.215089
254,19,4847.898998
254,21,4755.169071
254,22,4704.855261
254,24,4634.557013
254,25,4613.757744
254,26,4578.840854
255,12,8029.822121
255,13,5862.085537
255,14,5357.226938
255,15,5186.776811
255,16,5147.226843
255,18,4891.006008
255,19,4843.087839
255,21,4755.169071
255,22,4704.855261
255,24,4634.557013
255,25,4613.757744
255,26,4578.840854
256,12,8029.822121
256,13,5862.085537
256,14,5357.226938
256,15,5186.776811
256,16,5147.226843
256,18,4891.006008
256,19,4843.087839
256,21,4755.169071
256,22,4704.855261
256,24,4634.557013
256,25,4613.757744
256,26,4578.840854
257,12,8029.822121
257,13,5772.932993
257,14,5333.864455
257,15,5186.605916
257,16,5145.581539
257,18,4891.006008
257,19,4830.242616
257,21,4755.169071
257,22,4704.855261
257,24,4634.557013
257,25,4613.757744
257,26,4578.840854
258,12,8029.822121
258,13,5772.932993
258,14,5333.864455
258,15,5186.605916
258,16,5145.581539
258,18,4891.006008
258,19,4830.242616
258,21,4755.169071
258,22,4704.855261
258,24,4569.438116
259,12,8029.822121
259,13,5772.932993
259,14,5333.864455
259,15,5180.808255
259,16,5145.581539
259,18,4891.006008
259,19,4830.242616
259,21,4755.169071
259,22,4704.855261
259,24,4569.438116
260,12,8029.822121
260,13,5772.932993
260,14,5333.864455
260,15,5180.808255
260,16,5145.581539
260,17,5106.519796
260,18,4891.006008
260,19,4830.242616
260,21,4755.169071
260,22,4704.855261
260,24,4569.438116
261,12,8029.822121
261,13,5772.932993
261,14,5333.864455
261,15,5180.808255
261,16,5145.581539
261,17,5106.519796
261,18,4890.130079
261,19,4830.242616
261,21,4749.913613
261,22,4704.855261
261,24,4564.765601
262,12,8029.822121
262,13,5772.932993
262,14,5333.864455
262,15,5180.808255
262,16,5145.581539
262,17,5106.519796
262,18,4890.130079
262,19,4830.242616
262,20,4810.408607
262,21,4749.913613
262,22,4704.855261
262,24,4561.744172
263,12,8029.822121
263,13,5757.888533
263,14,5333.864455
263,15,5180.808255
263,16,5072.578885
263,18,4871.465498
263,19,4830.242616
263,20,4810.408607
263,21,4744.936376
263,22,4704.855261
263,24,4561.744172
264,12,8029.822121
264,13,5757.888533
264,14,5333.864455
264,15,5180.808255
264,16,5072.578885
264,18,4871.465498
264,19,4830.242616
264,20,4810.408607
264,21,4744.936376
264,22,4704.855261
264,24,4561.744172
265,12,8029.822121
265,13,5667.507885
265,14,5253.375811
265,15,5180.808255
265,16,5072.578885
265,18,4871.465498
265,19,4830.242616
265,20,4810.408607
265,21,4737.731668
265,22,4704.842508
265,24,4561.744172
266,12,8029.822121
266,13,5667.507885
266,14,5253.375811
266,15,5180.808255
266,16,5072.578885
266,18,4871.465498
266,19,4830.242616
266,20,4810.408607
266,21,4737.731668
266,22,4704.842508
266,24,4555.787762
267,12,8029.822121
267,13,5667.507885
267,14,5253.375811
267,15,5180.808255
267,16,5064.333098
267,18,4871.264738
267,19,4830.242616
267,20,4810.236672
267,21,4704.039075
267,24,4555.787762
268,12,8029.822121
268,13,5604.535329
268,14,5253.375811
268,15,5180.808255
268,16,5064.333098
268,18,4871.264738
268,19,4830.242616
268,20,4810.236672
268,21,4704.039075
268,24,4555.787762
269,12,8029.822121
269,13,5600.907194
269,14,5253.375811
269,15,5180.808255
269,16,5064.333098
269,18,4871.264738
269,19,4829.443342
269,20,4810.236672
269,21,4704.039075
269,22,4679.997863
269,24,4555.787762
270,12,6546.316030
270,13,5575.307859
270,14,5253.375811
270,15,5180.808255
270,16,5064.333098
270,18,4871.264738
270,19,4829.443342
270,20,4810.236672
270,21,4704.039075
270,22,4679.997863
270,24,4555.787762
271,12,6546.316030
271,13,5575.307859
271,14,5253.375811
271,15,5176.295977
271,16,5064.333098
271,18,4871.264738
271,19,4811.003119
271,20,4810.236672
271,21,4688.487497
271,22,4679.997863
271,24,4555.787762
272,12,6546.316030
272,13,5575.307859
272,14,5253.375811
272,15,5176.295977
272,16,5064.333098
272,17,5045.093615
272,18,4871.264738
272,19,4808.560792
272,21,4688.487497
272,22,4679.997863
272,24,4555.787762
273,12,6546.316030
273,13,5542.042942
273,14,5253.375811
273,15,5157.959489
273,16,5038.268919
273,17,5019.972731
273,18,4852.945950
273,19,4805.901098
273,21,4688.487497
273,22,4675.207533
273,24,4555.787762
274,12,5582.315870
274,13,5542.042942
274,14,5253.375811
274,15,5157.959489
274,16,5038.268919
274,17,5019.972731
274,18,4852.945950
274,19,4805.901098
274,21,4688.487497
274,22,4675.207533
274,24,4555.787762
275,12,5582.315870
275,13,5542.042942
275,14,5253.375811
275,15,5157.959489
275,16,5038.268919
275,17,5019.972731
275,18,4830.412763
275,19,4803.380275
275,21,4688.487497
275,22,4675.207533
275,24,4555.787762
276,12,5582.315870
276,13,5542.042942
276,14,5253.375811
276,15,5157.959489
276,16,5038.268919
276,17,5012.142346
276,18,4830.412763
276,19,4803.380275
276,21,4688.487497
276,22,4675.207533
276,24,4555.787762
277,12,5582.315870
277,13,5542.042942
277,14,5227.448546
277,15,5157.114232
277,16,5038.268919
277,17,4999.226384
277,18,4830.412763
277,19,4803.358818
277,20,4798.839219
277,21,4688.487497
277,22,4675.207533
277,24,4555.787762
278,12,5582.315870
278,13,5542.042942
278,14,5227.448546
278,15,5157.114232
278,16,5038.268919
278,17,4985.960803
278,18,4830.412763
278,19,4803.358818
278,20,4798.839219
278,21,4688.487497
278,22,4675.207533
278,24,4555.787762
279,12,5582.315870
279,13,5542.042942
279,14,5227.448546
279,15,5157.114232
279,16,5038.268919
279,17,4985.960803
279,18,4830.412763
279,19,4803.358818
279,20,4798.839219
279,21,4688.487497
279,22,4675.207533
279,24,4555.787762
280,12,5582.315870
280,13,5542.042942
280,14,5227.448546
280,15,4937.907986
280,18,4830.412763
280,19,4777.592383
280,21,4688.487497
280,22,4675.207533
280,24,4555.787762
281,12,5572.745974
281,13,5542.042942
281,14,5226.830478
281,15,4937.907986
281,18,4830.412763
281,19,4777.592383
281,21,4675.194852
281,24,4555.787762
282,12,5572.745974
282,13,5542.042942
282,14,5226.830478
282,15,4937.907986
282,18,4830.412763
282,19,4777.592383
282,21,4675.194852
282,24,4555.787762
283,12,5572.745974
283,13,5542.042942
283,14,5226.830478
283,15,4937.907986
283,18,4830.412763
283,19,4777.592383
283,21,4675.194852
283,24,4555.787762
284,12,5572.745974
284,13,5542.042942
284,14,5226.830478
284,15,4937.907986
284,18,4830.412763
284,19,4777.592383
284,21,4675.194852
284,24,4542.598339
285,12,5572.745974
285,13,5542.042942
285,14,5226.830478
285,15,4937.907986
285,18,4830.412763
285,19,4775.036346
285,20,4767.579423
285,21,4675.194852
285,24,4542.598339
286,12,5572.745974
286,13,5512.722549
286,14,5226.830478
286,15,4937.907986
286,18,4830.412763
286,19,4775.036346
286,20,4767.579423
286,21,4675.194852
286,24,4536.402273
287,12,5572.745974
287,13,5510.355013
287,14,5226.830478
287,15,4937.907986
287,18,4830.412763
287,19,4773.639921
287,20,4767.579423
287,21,4675.194852
287,24,4536.402273
288,12,5572.745974
288,13,5510.355013
288,14,5226.830478
288,15,4937.907986
288,18,4830.412763
288,19,4773.639921
288,20,4767.579423
288,21,4675.194852
288,24,4536.402273
289,12,5572.745974
289,13,5510.355013
289,14,5226.830478
289,15,4937.907986
289,18,4830.412763
289,19,4759.727310
289,21,4675.194852
289,24,4536.402273
290,12,5572.745974
290,13,5510.355013
290,14,5191.005921
290,15,4937.907986
290,18,4830.412763
290,19,4759.727310
290,21,4675.194852
290,24,4536.402273
291,12,5572.745974
291,13,5505.591638
291,14,5191.005921
291,15,4937.907986
291,18,4830.412763
291,19,4747.472410
291,21,4675.194852
291,24,4536.402273
292,12,5572.745974
292,13,5505.591638
292,14,5170.162795
292,15,4937.907986
292,18,4830.412763
292,19,4747.472410
292,21,4675.194852
292,24,4536.402273
293,12,5572.745974
293,13,5505.591638
293,14,5157.859497
293,15,4932.483897
293,18,4830.412763
293,19,4747.111089
293,21,4672.821706
293,24,4536.402273
293,25,4527.146915
294,12,5572.745974
294,13,5501.419959
294,14,5157.859497
294,15,4932.483897
294,18,4830.412763
294,19,4747.111089
294,20,4705.728109
294,21,4672.821706
294,24,4524.133111
295,12,5493.795563
295,14,5157.859497
295,15,4932.483897
295,18,4830.412763
295,19,4747.111089
295,20,4705.728109
295,21,4672.821706
295,24,4524.133111
296,12,5493.795563
296,14,5157.859497
296,15,4932.483897
296,18,4830.412763
296,19,4747.111089
296,20,4705.728109
296,21,4643.014583
296,24,4524.133111
297,12,5493.795563
297,14,5151.663326
297,15,4932.483897
297,18,4819.990432
297,19,4747.111089
297,20,4705.639201
297,21,4643.014583
297,24,4524.133111
298,12,5493.795563
298,14,5151.663326
298,15,4932.483897
298,18,4819.990432
298,19,4747.111089
298,20,4705.639201
298,21,4643.014583
298,23,4544.613549
298,24,4524.133111
299,12,5493.795563
299,14,5141.453600
299,15,4932.483897
299,18,4819.990432
299,19,4747.111089
299,20,4705.639201
299,21,4643.014583
299,23,4544.613549
299,24,4524.133111
300,12,5493.795563
300,14,5141.453600
300,15,4910.181537
300,18,4819.990432
300,19,4747.111089
300,20,4705.639201
300,21,4643.014583
300,23,4544.613549
300,24,4524.133111
301,12,5448.181935
301,14,5141.453600
301,15,4910.181537
301,18,4819.990432
301,19,4747.111089
301,20,4705.639201
301,21,4643.014583
301,23,4540.757956
301,24,4524.133111
302,12,5448.181935
302,14,5141.453600
302,15,4910.181537
302,18,4819.990432
302,19,4747.111089
302,20,4705.639201
302,21,4643.014583
302,23,4540.757956
302,24,4524.133111
303,12,5418.613182
303,14,5092.614603
303,15,4910.181537
303,18,4813.499783
303,19,4746.830705
303,20,4705.639201
303,21,4640.452409
303,23,4540.757956
303,24,4524.133111
304,12,5418.613182
304,14,5092.614603
304,15,4910.181537
304,18,4813.499783
304,19,4746.830705
304,20,4705.639201
304,21,4640.452409
304,23,4540.757956
304,24,4524.133111
305,12,5418.613182
305,14,5092.614603
305,15,4910.181537
305,18,4790.371816
305,19,4745.673295
305,20,4705.639201
305,21,4640.452409
305,23,4540.757956
305,24,4524.133111
306,12,5418.613182
306,14,5092.614603
306,15,4910.181537
306,18,4790.371816
306,19,4714.986572
306,20,4705.639201
306,21,4640.452409
306,23,4540.757956
306,24,4524.133111
307,12,5418.613182
307,14,5092.614603
307,15,4910.181537
307,18,4776.529602
307,19,4714.986572
307,20,4705.639201
307,21,4640.452409
307,23,4533.127992
307,24,4524.133111
308,12,5418.613182
308,14,5092.614603
308,15,4895.981051
308,18,4776.529602
308,19,4714.986572
308,20,4705.639201
308,21,4640.452409
308,23,4533.127992
308,24,4524.133111
309,12,5418.613182
309,13,5364.662107
309,14,5092.614603
309,15,4895.981051
309,18,4776.176606
309,19,4714.986572
309,20,4705.639201
309,21,4640.452409
309,23,4533.127992
309,24,4524.133111
310,12,5418.613182
310,13,5364.662107
310,14,5092.614603
310,15,4895.981051
310,18,4757.479855
310,19,4714.152343
310,20,4705.639201
310,21,4640.452409
310,23,4533.127992
310,24,4524.133111
311,11,7372.074005
311,12,5418.386821
311,13,5354.640667
311,14,5092.614603
311,15,4895.981051
311,18,4756.097405
311,19,4714.152343
311,20,4705.639201
311,21,4640.452409
311,23,4533.127992
311,24,4524.133111
312,11,6985.970042
312,12,5418.386821
312,13,5354.640667
312,14,4957.182152
312,15,4895.981051
312,18,4756.097405
312,19,4714.152343
312,20,4705.639201
312,21,4640.452409
312,23,4533.127992
312,24,4524.133111
313,11,6985.970042
313,12,5418.386821
313,13,5296.963010
313,14,4957.182152
313,15,4895.561976
313,18,4756.097405
313,19,4714.152343
313,20,4705.639201
313,21,4640.452409
313,23,4533.127992
313,24,4524.133111
314,11,6985.970042
314,12,5418.386821
314,13,5296.963010
314,14,4957.182152
314,15,4895.561976
314,18,4756.097405
314,19,4714.152343
314,20,4705.639201
314,21,4640.452409
314,23,4533.127992
314,24,4519.165913
315,11,6985.970042
315,12,5418.386821
315,13,5286.147591
315,14,4957.182152
315,15,4888.366795
315,18,4751.702629
315,19,4714.152343
315,20,4705.639201
315,21,4640.452409
315,23,4525.407981
315,24,4519.165913
316,11,6985.970042
316,12,5418.386821
316,13,5286.147591
316,14,4957.182152
316,15,4888.366795
316,18,4751.702629
316,19,4714.152343
316,20,4705.639201
316,21,4640.452409
316,23,4525.407981
316,24,4519.165913
317,11,6985.970042
317,12,5380.495459
317,13,5284.577921
317,14,4935.091254
317,15,4888.366795
317,18,4751.702629
317,19,4714.152343
317,20,4705.639201
317,21,4640.452409
317,23,4525.407981
317,24,4519.165913
317,26,4514.309177
318,11,6985.970042
318,12,5380.495459
318,13,5284.577921
318,14,4935.091254
318,15,4888.366795
318,18,4751.702629
318,19,4714.152343
318,20,4705.639201
318,21,4640.452409
318,23,4525.407981
318,24,4519.165913
318,26,4514.309177
319,11,6985.970042
319,12,5380.495459
319,13,5284.577921
319,14,4935.091254
319,15,4888.366795
319,18,4749.948690
319,19,4713.729342
319,20,4705.639201
319,21,4640.452409
319,23,4525.407981
319,24,4519.165913
319,26,4514.309177
320,11,6985.970042
320,12,5380.495459
320,13,5284.577921
320,14,4935.091254
320,15,4888.366795
320,18,4749.948690
320,19,4713.729342
320,20,4705.639201
320,21,4640.452409
320,23,4525.407981
320,24,4519.165913
320,26,4514.309177
321,11,6985.970042
321,12,5380.495459
321,13,5276.915480
321,14,4935.091254
321,15,4888.366795
321,18,4749.948690
321,19,4713.729342
321,20,4705.639201
321,21,4640.452409
321,23,4519.441074
321,24,4519.165913
321,26,4514.309177
