Generation,NV,TOC
1,21,9294.490384
1,23,9093.608437
1,24,7212.165879
1,27,5394.289179
1,28,5387.033272
1,31,5219.681751
1,33,5123.179017
2,20,9774.285821
2,21,9294.490384
2,23,9047.786875
2,24,7212.165879
2,26,5938.614325
2,27,5394.289179
2,28,5387.033272
2,31,5219.681751
2,33,5116.401840
2,51,4971.278512
2,52,4948.260923
3,20,9774.285821
3,21,9294.490384
3,22,8904.265678
3,23,7377.959510
3,24,7212.165879
3,26,5938.614325
3,27,5394.289179
3,28,5375.552178
3,31,5060.509469
3,33,5037.286761
3,51,4971.278512
3,52,4948.260923
4,20,9774.285821
4,21,9180.652647
4,22,8798.504696
4,23,7377.959510
4,24,7212.165879
4,25,5689.756468
4,26,5613.834123
4,27,5394.289179
4,28,5375.552178
4,29,5370.958231
4,31,5060.509469
4,33,5037.286761
4,51,4971.278512
4,52,4948.260923
5,20,9774.285821
5,21,9180.652647
5,22,8798.504696
5,23,7119.140884
5,24,6652.065110
5,25,5407.708950
5,27,5394.289179
5,28,5375.552178
5,29,5370.958231
5,31,4911.096791
5,33,4870.213601
6,20,9774.285821
6,21,6849.302349
6,23,6690.298330
6,24,6652.065110
6,25,5407.708950
6,27,5394.289179
6,28,5375.552178
6,29,4920.643837
6,30,4808.347836
7,20,8249.222353
7,21,6849.302349
7,23,6690.298330
7,24,5461.259490
7,25,5407.708950
7,27,5394.289179
7,28,4722.464803
8,20,8249.222353
8,21,6689.716787
8,23,6289.432839
8,24,5382.773890
8,28,4722.464803
9,20,7592.764264
9,21,5967.015230
9,23,5297.244995
9,28,4722.464803
10,19,7359.839698
10,20,6924.389555
10,21,5967.015230
10,23,5297.244995
10,28,4722.464803
11,19,7359.839698
11,20,6924.389555
11,21,5967.015230
11,23,5297.244995
11,25,5288.254420
11,26,4752.680429
11,28,4722.464803
12,19,7359.839698
12,20,6924.389555
12,21,5698.345915
12,23,5297.244995
12,25,5288.254420
12,26,4752.680429
12,28,4722.464803
13,18,7782.186009
13,19,7359.839698
13,20,6085.574263
13,21,5698.345915
13,23,5297.244995
13,24,5059.458265
13,26,4752.680429
13,28,4722.464803
14,18,7782.186009
14,19,6005.214867
14,20,5909.356265
14,21,5649.351234
14,23,5216.867909
14,24,4981.573647
14,26,4720.231316
14,28,4695.531963
15,18,7782.186009
15,19,6005.214867
15,20,5909.356265
15,21,5649.351234
15,23,5216.867909
15,24,4981.573647
15,26,4720.231316
15,28,4695.531963
15,31,4691.708482
16,18,7782.186009
16,19,6005.214867
16,20,5909.356265
16,21,5524.984401
16,23,5216.867909
16,24,4981.573647
16,26,4720.231316
16,28,4675.588697
17,18,7782.186009
17,19,6005.214867
17,20,5909.356265
17,21,5524.984401
17,23,5216.867909
17,24,4943.748435
17,25,4892.212569
17,26,4720.231316
17,28,4675.588697
18,17,7830.326117
18,18,7782.186009
18,19,6005.214867
18,20,5909.356265
18,21,5524.984401
18,23,5216.867909
18,24,4943.748435
18,25,4892.212569
18,26,4720.231316
18,28,4675.588697
19,17,7687.311946
19,18,6855.409538
19,19,5830.967858
19,20,5425.271686
19,23,5194.099112
19,24,4916.100406
19,25,4892.212569
19,26,4720.231316
19,27,4588.188206
20,17,7687.311946
20,18,6855.409538
20,19,5830.967858
20,20,5425.271686
20,22,5330.726027
20,23,5194.099112
20,24,4916.100406
20,25,4892.212569
20,26,4720.231316
20,27,4588.188206
21,17,7687.311946
21,18,6855.409538
21,19,5830.967858
21,20,5425.271686
21,22,5330.726027
21,23,5194.099112
21,24,4916.100406
21,25,4776.655323
21,26,4669.815629
21,27,4588.188206
22,17,7642.979516
22,18,6842.218478
22,19,5830.967858
22,20,5425.271686
22,22,5241.211890
22,23,5194.099112
22,24,4916.100406
22,25,4776.655323
22,26,4625.612271
22,27,4588.188206
23,17,7642.979516
23,18,6842.218478
23,19,5830.967858
23,20,5425.271686
23,22,5101.859463
23,24,4916.100406
23,25,4776.655323
23,26,4625.612271
23,27,4588.188206
24,17,7234.398646
24,18,6842.218478
24,19,5787.669267
24,20,5336.507393
24,22,5101.859463
24,23,4887.792815
24,24,4587.056559
24,27,4544.969586
25,17,7234.398646
25,18,6842.218478
25,19,5787.669267
25,20,5336.507393
25,22,5101.859463
25,23,4887.792815
25,24,4587.056559
25,27,4544.969586
26,17,7234.398646
26,18,6842.218478
26,19,5787.669267
26,20,5336.507393
26,22,5101.859463
26,23,4815.847446
26,24,4587.056559
26,27,4540.790784
27,17,7234.398646
27,18,6842.218478
27,19,5787.669267
27,20,5336.507393
27,22,5101.859463
27,23,4815.847446
27,24,4587.056559
27,27,4540.790784
28,17,7234.398646
28,18,6009.767266
28,19,5787.669267
28,20,5311.169280
28,22,5101.859463
28,23,4815.847446
28,24,4587.056559
28,27,4540.790784
29,17,7061.810025
29,18,5813.432663
29,19,5698.914277
29,20,5250.974922
29,22,5061.452091
29,23,4815.847446
29,24,4586.051306
29,27,4539.294255
30,17,7061.810025
30,18,5813.432663
30,19,5698.914277
30,20,5250.974922
30,22,5061.452091
30,23,4815.847446
30,24,4586.051306
30,27,4539.294255
31,17,7061.810025
31,18,5813.432663
31,19,5698.914277
31,20,4988.349105
31,23,4815.847446
31,24,4586.051306
31,27,4539.294255
32,17,6260.391823
32,18,5813.432663
32,19,5698.914277
32,20,4988.349105
32,23,4815.847446
32,24,4586.051306
32,27,4539.294255
33,17,6260.391823
33,18,5813.432663
33,19,5698.914277
33,20,4988.349105
33,23,4815.847446
33,24,4586.051306
33,27,4539.294255
34,17,6033.670154
34,18,5696.491491
34,19,5581.028139
34,20,4926.656508
34,23,4781.882844
34,24,4562.973224
34,25,4517.091393
35,17,6033.670154
35,18,5696.491491
35,19,5581.028139
35,20,4926.656508
35,23,4781.882844
35,24,4562.973224
35,25,4517.091393
36,17,6033.670154
36,18,5696.491491
36,19,5178.969692
36,20,4926.656508
36,23,4781.882844
36,24,4562.973224
36,25,4517.091393
37,17,6033.670154
37,18,5618.507270
37,19,5178.969692
37,20,4926.656508
37,23,4781.882844
37,24,4562.973224
37,25,4517.091393
37,27,4507.708206
38,16,5903.956155
38,17,5867.481400
38,18,5618.507270
38,19,5178.969692
38,20,4926.656508
38,23,4781.882844
38,24,4562.973224
38,25,4517.091393
38,27,4507.708206
39,16,5660.568931
39,18,5160.567442
39,20,4909.755883
39,22,4779.872429
39,24,4557.362637
39,25,4514.742432
39,27,4504.579656
39,28,4496.069308
40,16,5660.568931
40,18,5160.567442
40,20,4909.755883
40,22,4779.872429
40,23,4729.485986
40,24,4557.362637
40,25,4514.742432
40,27,4504.579656
40,28,4496.069308
41,16,5660.568931
41,17,5632.040446
41,18,5160.567442
41,20,4909.755883
41,22,4779.872429
41,23,4568.583524
41,24,4546.034858
41,25,4514.742432
41,27,4504.579656
41,28,4496.069308
42,16,5660.568931
42,17,5632.040446
42,18,5160.567442
42,20,4909.755883
42,22,4779.872429
42,23,4568.583524
42,24,4546.034858
42,25,4514.742432
42,27,4504.579656
42,28,4496.069308
43,16,5660.568931
43,17,5632.040446
43,18,5160.567442
43,20,4909.755883
43,22,4779.872429
43,23,4568.583524
43,24,4546.034858
43,25,4514.742432
43,27,4504.579656
43,28,4496.069308
44,16,5660.568931
44,17,5632.040446
44,18,5013.187173
44,20,4901.360401
44,21,4812.852849
44,22,4771.588276
44,23,4562.047248
44,24,4526.486759
44,25,4491.747367
44,26,4472.929410
45,16,5660.568931
45,17,5632.040446
45,18,5013.187173
45,20,4834.951443
45,21,4812.852849
45,22,4771.588276
45,23,4562.047248
45,24,4526.486759
45,25,4491.747367
45,26,4472.929410
46,16,5660.568931
46,17,5632.040446
46,18,5013.187173
46,20,4834.951443
46,21,4812.852849
46,22,4771.588276
46,23,4556.686323
46,24,4522.117477
46,25,4491.747367
46,26,4472.929410
47,16,5660.568931
47,17,5277.568690
47,18,5013.187173
47,20,4834.951443
47,21,4798.477825
47,22,4771.588276
47,23,4556.686323
47,24,4522.117477
47,25,4491.747367
47,26,4472.929410
48,16,5660.568931
48,17,5277.568690
48,18,5013.187173
48,20,4834.951443
48,21,4798.477825
48,22,4771.588276
48,23,4556.686323
48,24,4522.117477
48,25,4491.747367
48,26,4472.929410
49,16,5336.205164
49,17,5206.663597
49,18,5002.717934
49,20,4832.429019
49,21,4705.111691
49,22,4510.676790
49,25,4481.365903
49,26,4472.929410
50,16,5336.205164
50,17,5206.663597
50,18,5002.717934
50,20,4832.429019
50,21,4705.111691
50,22,4510.676790
50,23,4505.201911
50,25,4481.365903
50,26,4472.929410
51,16,5336.205164
51,17,5206.663597
51,18,5002.717934
51,20,4832.429019
51,21,4705.111691
51,22,4510.676790
51,23,4505.201911
51,25,4481.365903
51,26,4472.929410
52,16,5336.205164
52,17,5206.663597
52,18,5002.717934
52,20,4806.764099
52,21,4705.111691
52,22,4510.676790
52,23,4505.201911
52,25,4481.365903
52,26,4472.929410
53,16,5336.205164
53,17,5206.663597
53,18,5002.717934
53,20,4806.764099
53,21,4705.111691
53,22,4510.676790
53,23,4505.201911
53,25,4481.365903
53,26,4472.929410
54,16,5318.406344
54,17,5055.166184
54,18,4881.825113
54,19,4810.558029
54,20,4749.409564
54,21,4705.111691
54,22,4498.269985
54,23,4492.332167
54,25,4432.204129
55,16,5318.406344
55,17,5055.166184
55,18,4881.825113
55,19,4810.558029
55,20,4749.409564
55,21,4705.111691
55,22,4498.269985
55,23,4492.332167
55,25,4432.204129
56,16,5318.406344
56,17,5055.166184
56,18,4881.825113
56,19,4810.558029
56,20,4749.409564
56,21,4705.111691
56,22,4498.269985
56,23,4492.332167
56,25,4432.204129
56,26,4430.114418
57,16,5318.406344
57,17,5055.166184
57,18,4881.825113
57,19,4810.558029
57,20,4744.108263
57,21,4705.111691
57,22,4498.269985
57,23,4449.038124
57,25,4432.204129
57,26,4430.114418
58,16,5318.406344
58,17,5055.166184
58,18,4881.825113
58,19,4810.558029
58,20,4744.108263
58,21,4705.111691
58,22,4498.269985
58,23,4449.038124
58,25,4432.204129
58,26,4430.114418
59,16,5297.588960
59,17,5035.625466
59,18,4869.202321
59,19,4781.315711
59,20,4743.481289
59,21,4693.914704
59,22,4472.732334
59,23,4432.737168
59,25,4407.032146
60,16,5297.588960
60,17,5035.625466
60,18,4869.202321
60,19,4781.315711
60,20,4743.481289
60,21,4693.914704
60,22,4472.732334
60,23,4432.737168
60,25,4407.032146
61,16,5028.641846
61,18,4751.581606
61,19,4661.937010
61,22,4460.497800
61,23,4432.737168
61,25,4407.032146
62,16,5028.641846
62,18,4751.581606
62,19,4661.937010
62,22,4451.750709
62,23,4432.737168
62,24,4432.625238
62,25,4407.032146
63,16,5028.641846
63,17,5014.281453
63,18,4637.051458
63,22,4451.750709
63,23,4424.720588
63,24,4424.276157
63,25,4407.032146
64,16,5014.006781
64,17,4998.061054
64,18,4626.281125
64,20,4591.387543
64,21,4475.141424
64,22,4410.092521
64,25,4405.650576
65,16,5014.006781
65,17,4998.061054
65,18,4626.281125
65,20,4591.387543
65,21,4475.141424
65,22,4410.092521
65,25,4405.650576
66,16,4967.508167
66,18,4626.281125
66,19,4599.688488
66,20,4591.387543
66,21,4475.141424
66,22,4410.092521
66,25,4405.650576
67,16,4967.508167
67,18,4626.281125
67,19,4599.688488
67,20,4591.387543
67,21,4475.141424
67,22,4410.092521
67,25,4405.650576
68,16,4967.508167
68,18,4626.281125
68,19,4599.688488
68,20,4591.387543
68,21,4475.141424
68,22,4382.507556
68,31,4377.824706
69,16,4953.398357
69,18,4596.179140
69,19,4565.024879
69,21,4474.887648
69,22,4379.188818
69,31,4371.166435
70,16,4953.398357
70,18,4596.179140
70,19,4459.528160
70,22,4379.188818
70,25,4373.339813
70,31,4371.166435
71,16,4953.398357
71,18,4596.179140
71,19,4459.528160
71,20,4451.132431
71,21,4388.923650
71,22,4379.188818
71,25,4354.569718
71,30,4350.095987
72,16,4953.398357
72,18,4596.179140
72,19,4459.528160
72,20,4451.132431
72,21,4388.923650
72,22,4379.188818
72,25,4354.569718
72,30,4350.095987
73,16,4953.398357
73,17,4676.557061
73,18,4596.179140
73,19,4459.528160
73,20,4451.132431
73,21,4388.923650
73,22,4379.188818
73,25,4354.569718
73,30,4350.095987
73,31,4349.007356
74,16,4922.534575
74,17,4653.298606
74,18,4578.929665
74,19,4446.463083
74,20,4437.409662
74,21,4365.333177
74,25,4354.061015
74,29,4323.440680
75,16,4922.534575
75,17,4653.298606
75,18,4578.929665
75,19,4446.463083
75,20,4437.409662
75,21,4365.333177
75,25,4354.061015
75,29,4323.440680
76,16,4922.534575
76,17,4653.298606
76,18,4578.929665
76,19,4446.463083
76,20,4437.409662
76,21,4365.333177
76,25,4354.061015
76,29,4323.440680
77,16,4922.534575
77,17,4653.298606
77,18,4578.929665
77,19,4446.463083
77,20,4437.409662
77,21,4365.333177
77,25,4354.061015
77,29,4323.440680
78,16,4922.534575
78,17,4653.298606
78,18,4578.929665
78,19,4446.463083
78,20,4437.409662
78,21,4365.333177
78,25,4354.061015
78,26,4342.933612
78,29,4323.440680
79,16,4922.534575
79,17,4608.153208
79,18,4469.167218
79,19,4436.180580
79,21,4347.759753
79,26,4338.089797
79,29,4318.121202
80,16,4922.534575
80,17,4608.153208
80,18,4469.167218
80,19,4436.180580
80,21,4347.759753
80,26,4338.089797
80,29,4318.121202
81,16,4817.531401
81,17,4608.153208
81,18,4469.167218
81,19,4436.180580
81,21,4347.759753
81,26,4338.089797
81,29,4318.121202
82,16,4787.847888
82,17,4608.153208
82,18,4469.167218
82,19,4436.180580
82,21,4347.759753
82,26,4338.089797
82,29,4318.121202
83,16,4787.847888
83,17,4608.153208
83,18,4469.167218
83,19,4436.180580
83,21,4347.759753
83,26,4338.089797
83,29,4318.121202
84,16,4779.998106
84,17,4592.752700
84,18,4462.640160
84,19,4436.180580
84,21,4330.850822
84,29,4314.509856
85,16,4650.980935
85,17,4592.752700
85,18,4462.640160
85,19,4436.180580
85,20,4424.606135
85,21,4330.850822
85,29,4314.509856
86,16,4650.980935
86,17,4592.752700
86,18,4462.640160
86,19,4436.180580
86,20,4424.606135
86,21,4330.850822
86,29,4314.509856
87,16,4650.980935
87,17,4544.124965
87,18,4462.640160
87,19,4426.783827
87,20,4424.606135
87,21,4330.850822
87,29,4314.509856
88,16,4650.980935
88,17,4544.124965
88,18,4462.640160
88,19,4426.783827
88,20,4424.606135
88,21,4330.850822
88,29,4314.509856
89,16,4644.183329
89,17,4539.931108
89,18,4452.996528
89,19,4415.752217
89,21,4328.809619
89,29,4305.101969
90,16,4644.183329
90,17,4539.931108
90,18,4452.996528
90,19,4415.752217
90,21,4328.809619
90,26,4306.131866
90,29,4305.101969
91,16,4644.183329
91,17,4539.931108
91,18,4452.996528
91,19,4413.807961
91,21,4328.809619
91,26,4306.126517
91,29,4305.101969
92,16,4644.183329
92,17,4539.931108
92,18,4452.996528
92,19,4413.807961
92,21,4328.809619
92,26,4306.126517
92,29,4305.101969
93,16,4644.183329
93,17,4539.931108
93,18,4452.996528
93,19,4413.807961
93,21,4328.809619
93,26,4306.126517
93,29,4305.101969
94,16,4637.844249
94,17,4471.839631
94,18,4452.996528
94,19,4408.582082
94,21,4318.011752
94,26,4287.042355
95,16,4637.844249
95,17,4471.839631
95,18,4452.996528
95,19,4408.582082
95,21,4318.011752
95,26,4287.042355
96,16,4637.844249
96,17,4471.839631
96,18,4448.148045
96,19,4408.582082
96,21,4318.011752
96,26,4287.042355
97,16,4637.844249
97,17,4471.839631
97,18,4448.148045
97,19,4408.582082
97,20,4404.092057
97,21,4318.011752
97,26,4287.042355
98,16,4637.844249
98,17,4471.839631
98,18,4448.148045
98,19,4408.582082
98,20,4385.684438
98,21,4318.011752
98,26,4287.042355
99,16,4637.597179
99,17,4470.446894
99,18,4445.677753
99,19,4407.295021
99,20,4385.684438
99,21,4311.514360
99,25,4277.759914
99,26,4262.885882
100,16,4637.597179
100,17,4470.446894
100,18,4445.677753
100,19,4362.640201
100,21,4311.514360
100,25,4277.759914
100,26,4262.885882
101,16,4637.597179
101,17,4470.446894
101,18,4445.677753
101,19,4362.640201
101,21,4311.514360
101,25,4277.759914
101,26,4262.885882
102,16,4637.597179
102,17,4470.446894
102,18,4445.677753
102,19,4362.640201
102,21,4311.514360
102,25,4277.759914
102,26,4262.885882
103,16,4637.597179
103,17,4470.446894
103,18,4445.677753
103,19,4362.640201
103,21,4311.514360
103,25,4277.759914
103,26,4262.885882
104,16,4629.949202
104,17,4454.517509
104,18,4429.312081
104,19,4362.640201
104,21,4310.941727
104,24,4262.952419
104,26,4260.861339
105,16,4629.949202
105,17,4454.517509
105,18,4429.312081
105,19,4337.745406
105,21,4310.941727
105,24,4262.952419
105,26,4260.861339
106,16,4629.949202
106,17,4454.035980
106,18,4429.312081
106,19,4337.745406
106,21,4310.941727
106,24,4262.952419
106,26,4260.861339
107,16,4629.949202
107,17,4454.035980
107,18,4429.312081
107,19,4337.745406
107,21,4310.941727
107,24,4262.952419
107,26,4260.861339
108,16,4629.949202
108,17,4454.035980
108,18,4429.312081
108,19,4337.745406
108,21,4310.941727
108,24,4262.952419
108,26,4260.861339
109,16,4617.280093
109,17,4454.035980
109,18,4412.695890
109,19,4337.745406
109,21,4298.829195
109,24,4262.952419
109,26,4248.821599
110,16,4617.280093
110,17,4454.035980
110,18,4412.695890
110,19,4337.745406
110,21,4298.829195
110,24,4262.952419
110,26,4248.821599
111,16,4542.938000
111,17,4448.229131
111,18,4412.695890
111,19,4320.450746
111,21,4298.829195
111,24,4262.952419
111,26,4248.821599
112,16,4542.938000
112,17,4448.229131
112,18,4412.695890
112,19,4320.450746
112,21,4298.829195
112,24,4262.952419
112,26,4248.821599
113,16,4542.938000
113,17,4432.433935
113,18,4412.695890
113,19,4320.450746
113,21,4298.829195
113,22,4286.252564
113,24,4262.952419
113,26,4248.821599
114,16,4524.886431
114,17,4380.286009
114,19,4297.680506
114,22,4279.269027
114,24,4262.155358
114,26,4244.958744
115,16,4524.886431
115,17,4380.286009
115,19,4297.680506
115,21,4281.143261
115,22,4279.269027
115,24,4262.155358
115,26,4244.958744
116,16,4524.886431
116,17,4380.286009
116,19,4297.680506
116,21,4276.715356
116,24,4262.155358
116,26,4244.958744
117,16,4524.886431
117,17,4380.286009
117,19,4297.680506
117,21,4276.715356
117,24,4262.155358
117,26,4244.958744
118,15,5508.266890
118,16,4524.886431
118,17,4380.286009
118,19,4297.680506
118,21,4276.715356
118,23,4270.536152
118,24,4262.155358
118,26,4244.958744
119,15,5433.491209
119,16,4487.030225
119,17,4380.286009
119,19,4297.680506
119,21,4271.096539
119,23,4270.536152
119,24,4260.147893
119,25,4240.563716
120,15,5433.491209
120,16,4487.030225
120,17,4380.286009
120,19,4297.680506
120,21,4271.096539
120,23,4270.536152
120,24,4260.147893
120,25,4240.563716
121,15,5433.491209
121,16,4487.030225
121,17,4361.510759
121,19,4297.680506
121,21,4271.096539
121,23,4270.536152
121,24,4239.675243
122,15,5433.491209
122,16,4487.030225
122,17,4338.788732
122,18,4319.315748
122,19,4297.680506
122,21,4271.096539
122,23,4270.536152
122,24,4239.675243
123,15,5433.491209
123,16,4487.030225
123,17,4338.788732
123,18,4319.315748
123,19,4297.680506
123,21,4271.096539
123,23,4270.536152
123,24,4239.675243
124,15,5200.539577
124,16,4452.949873
124,17,4338.788732
124,18,4302.729139
124,19,4271.300695
124,21,4271.096539
124,23,4270.536152
124,24,4226.804738
125,15,5200.539577
125,16,4434.913476
125,17,4338.788732
125,18,4302.729139
125,19,4271.300695
125,21,4271.096539
125,23,4270.536152
125,24,4226.804738
126,15,5200.539577
126,16,4434.913476
126,17,4338.788732
126,18,4302.729139
126,19,4271.300695
126,21,4271.096539
126,23,4270.536152
126,24,4226.804738
127,15,5200.539577
127,16,4434.913476
127,17,4338.788732
127,18,4302.729139
127,19,4271.300695
127,21,4271.096539
127,23,4270.536152
127,24,4216.306882
128,15,5200.539577
128,16,4434.913476
128,17,4338.788732
128,18,4302.729139
128,19,4271.300695
128,21,4267.764599
128,24,4216.306882
129,15,5047.045051
129,16,4424.396975
129,17,4330.005484
129,18,4302.729139
129,19,4269.115464
129,21,4267.764599
129,24,4216.306882
130,15,5047.045051
130,16,4424.396975
130,17,4330.005484
130,18,4302.729139
130,19,4269.115464
130,21,4267.764599
130,24,4216.306882
131,15,4893.611659
131,16,4424.396975
131,17,4330.005484
131,18,4302.729139
131,19,4269.115464
131,21,4267.764599
131,24,4216.306882
132,15,4893.611659
132,16,4424.396975
132,17,4330.005484
132,18,4302.729139
132,19,4269.115464
132,21,4267.764599
132,24,4216.306882
133,15,4893.611659
133,16,4424.396975
133,17,4330.005484
133,18,4302.729139
133,19,4269.115464
133,21,4267.764599
133,24,4216.306882
134,15,4844.429621
134,16,4377.089514
134,17,4330.005484
134,18,4294.412363
134,19,4261.754755
134,24,4216.306882
135,15,4844.429621
135,16,4377.089514
135,17,4330.005484
135,18,4294.412363
135,19,4261.754755
135,24,4216.306882
136,15,4838.463562
136,16,4377.089514
136,17,4330.005484
136,18,4294.412363
136,19,4261.754755
136,21,4254.784994
136,24,4216.306882
137,15,4838.463562
137,16,4377.089514
137,17,4330.005484
137,18,4294.412363
137,19,4261.754755
137,21,4254.784994
137,24,4216.306882
137,25,4214.985991
138,15,4838.463562
138,16,4377.089514
138,17,4330.005484
138,18,4294.412363
138,19,4261.754755
138,20,4258.877461
138,21,4254.784994
138,24,4216.306882
138,25,4214.985991
139,15,4827.887643
139,16,4370.306278
139,17,4327.134698
139,18,4261.415895
139,20,4240.168986
139,24,4216.306882
139,25,4214.985991
140,15,4764.622129
140,16,4370.306278
140,17,4327.134698
140,18,4261.415895
140,20,4240.168986
140,21,4192.613809
141,15,4764.622129
141,16,4370.306278
141,17,4327.134698
141,18,4261.415895
141,20,4240.168986
141,21,4161.700151
142,14,5435.484119
142,15,4764.622129
142,16,4370.306278
142,17,4327.134698
142,18,4261.415895
142,20,4240.168986
142,21,4161.700151
143,14,5435.484119
143,15,4764.622129
143,16,4370.306278
143,17,4327.134698
143,18,4261.415895
143,20,4240.168986
143,21,4161.700151
144,14,5435.484119
144,15,4721.831240
144,16,4359.376847
144,17,4312.962487
144,18,4249.911064
144,20,4232.808276
144,21,4161.204797
145,14,5435.484119
145,15,4721.831240
145,16,4359.376847
145,17,4312.962487
145,18,4249.911064
145,20,4232.808276
145,21,4161.204797
146,14,5435.484119
146,15,4721.831240
146,16,4359.376847
146,17,4312.962487
146,18,4249.911064
146,20,4232.808276
146,21,4161.204797
147,14,5435.484119
147,15,4721.831240
147,16,4359.376847
147,17,4312.962487
147,18,4249.911064
147,20,4232.808276
147,21,4161.204797
148,14,5435.484119
148,15,4707.421641
148,16,4359.376847
148,17,4312.962487
148,18,4249.911064
148,20,4232.808276
148,21,4159.916303
149,14,5355.938780
149,15,4668.533407
149,16,4358.590408
149,17,4312.962487
149,18,4249.911064
149,19,4239.820831
149,20,4232.808276
149,21,4124.719674
150,14,5355.938780
150,15,4643.642050
150,16,4358.590408
150,17,4312.962487
150,18,4249.911064
150,19,4239.820831
150,20,4232.808276
150,21,4124.719674
151,14,5355.938780
151,15,4643.642050
151,16,4358.590408
151,17,4312.962487
151,18,4249.911064
151,19,4235.014706
151,20,4232.808276
151,21,4124.719674
152,14,5355.938780
152,15,4624.323732
152,16,4358.590408
152,17,4312.962487
152,18,4249.911064
152,19,4221.158684
152,21,4124.719674
153,14,5355.938780
153,15,4624.323732
153,16,4358.590408
153,17,4312.962487
153,18,4249.911064
153,19,4221.158684
153,21,4124.719674
154,14,5315.852779
154,15,4610.506392
154,16,4358.590408
154,17,4312.962487
154,18,4241.663986
154,19,4221.158684
154,21,4124.719674
155,14,5315.852779
155,15,4555.966338
155,16,4358.590408
155,17,4312.962487
155,18,4241.663986
155,19,4221.158684
155,21,4123.714224
156,14,5315.852779
156,15,4555.966338
156,16,4358.590408
156,17,4312.962487
156,18,4241.663986
156,19,4221.158684
156,21,4123.714224
157,14,5315.852779
157,15,4555.966338
157,16,4358.590408
157,17,4312.962487
157,18,4241.663986
157,19,4221.158684
157,20,4191.035362
157,21,4123.714224
158,14,5315.852779
158,15,4555.966338
158,16,4358.590408
158,17,4312.962487
158,18,4241.663986
158,19,4221.158684
158,20,4191.035362
158,21,4123.714224
159,14,5239.806942
159,15,4538.630709
159,16,4355.978297
159,17,4312.641199
159,18,4240.799606
159,19,4214.880911
159,20,4178.846620
159,21,4123.530420
160,14,5239.806942
160,15,4538.630709
160,16,4355.978297
160,17,4312.641199
160,18,4240.799606
160,19,4214.880911
160,20,4178.846620
160,21,4123.530420
161,14,5239.806942
161,15,4538.630709
161,16,4355.978297
161,17,4312.641199
161,18,4240.799606
161,19,4214.880911
161,20,4178.846620
161,21,4123.530420
161,22,4112.911494
162,14,5239.806942
162,15,4507.321569
162,16,4327.758094
162,17,4312.641199
162,18,4240.799606
162,19,4214.880911
162,20,4178.846620
162,21,4123.530420
162,22,4112.911494
163,14,5239.806942
163,15,4493.339827
163,16,4327.758094
163,17,4312.641199
163,18,4240.799606
163,19,4140.924039
163,21,4123.530420
163,22,4112.911494
164,14,4984.258847
164,15,4491.973438
164,16,4327.343330
164,17,4304.188347
164,18,4240.799606
164,19,4140.924039
164,20,4117.953096
164,22,4111.378491
165,14,4984.258847
165,15,4491.973438
165,16,4327.343330
165,17,4304.188347
165,18,4240.799606
165,19,4140.924039
165,20,4117.953096
165,22,4111.378491
166,14,4485.917474
166,16,4327.343330
166,17,4304.188347
166,18,4240.799606
166,19,4140.924039
166,20,4117.953096
166,22,4111.378491
167,14,4485.917474
167,16,4327.343330
167,17,4304.188347
167,18,4240.799606
167,19,4140.924039
167,20,4117.953096
167,22,4111.378491
168,14,4485.917474
168,15,4444.477535
168,16,4327.343330
168,17,4304.188347
168,18,4240.799606
168,19,4140.924039
168,20,4117.953096
168,21,4101.097794
169,14,4476.870628
169,15,4436.971881
169,16,4323.359548
169,17,4304.188347
169,18,4219.291786
169,19,4047.732163
170,14,4476.870628
170,15,4412.224962
170,16,4323.359548
170,17,4304.188347
170,18,4219.291786
170,19,4047.732163
171,14,4476.870628
171,15,4412.224962
171,16,4323.359548
171,17,4304.188347
171,18,4219.291786
171,19,4047.732163
172,14,4476.870628
172,15,4412.224962
172,16,4297.586466
172,18,4219.291786
172,19,4047.732163
173,14,4476.870628
173,15,4412.224962
173,16,4297.586466
173,18,4219.291786
173,19,4047.732163
174,14,4458.651509
174,15,4410.308865
174,16,4297.264759
174,18,4214.381919
174,19,4047.732163
175,14,4411.040509
175,15,4410.308865
175,16,4297.264759
175,18,4214.381919
175,19,4047.732163
176,14,4411.040509
176,15,4410.308865
176,16,4297.264759
176,18,4214.381919
176,19,4047.732163
177,14,4411.040509
177,15,4410.308865
177,16,4297.264759
177,18,4214.381919
177,19,4047.732163
178,14,4411.040509
178,15,4410.308865
178,16,4297.264759
178,18,4214.381919
178,19,4047.732163
179,14,4411.040509
179,15,4372.668478
179,16,4291.522110
179,18,4202.922730
179,19,4044.105677
180,14,4411.040509
180,15,4372.668478
180,16,4291.522110
180,18,4202.922730
180,19,4044.105677
181,14,4411.040509
181,15,4372.668478
181,16,4291.522110
181,18,4202.922730
181,19,4044.105677
181,27,4039.435005
182,14,4411.040509
182,15,4334.818957
182,16,4291.522110
182,17,4209.699830
182,18,4202.922730
182,19,4044.105677
182,27,4039.435005
183,13,4981.027430
183,14,4411.040509
183,15,4334.818957
183,16,4291.522110
183,17,4209.699830
183,18,4202.922730
183,19,4044.105677
183,27,4039.435005
184,13,4924.201402
184,14,4406.107989
184,15,4334.816539
184,16,4278.664759
184,17,4206.993862
184,18,4198.028585
184,19,4023.638268
185,13,4924.201402
185,14,4406.107989
185,15,4334.816539
185,16,4278.664759
185,17,4156.273578
185,18,4129.796502
185,19,4023.638268
185,20,4008.362368
186,13,4924.201402
186,14,4406.107989
186,15,4334.816539
186,16,4278.664759
186,17,4156.273578
186,18,4129.796502
186,19,4023.638268
186,20,4008.362368
187,13,4924.201402
187,14,4406.107989
187,15,4334.816539
187,16,4278.664759
187,17,4156.273578
187,18,4129.796502
187,19,3995.829186
188,13,4924.201402
188,14,4406.107989
188,15,4334.816539
188,16,4278.664759
188,17,4156.273578
188,18,3989.087628
189,13,4771.354188
189,14,4406.107989
189,15,4329.748586
189,16,4272.318555
189,17,4144.727402
189,18,3977.582797
190,13,4771.354188
190,14,4406.107989
190,15,4329.748586
190,16,4272.318555
190,17,4144.727402
190,18,3977.582797
191,13,4771.354188
191,14,4406.107989
191,15,4329.748586
191,16,4272.318555
191,17,4144.727402
191,18,3977.582797
192,13,4771.354188
192,14,4406.107989
192,15,4329.748586
192,16,4265.619744
192,17,4144.727402
192,18,3977.582797
193,13,4771.354188
193,14,4371.504726
193,15,4329.748586
193,16,4265.619744
193,17,4144.727402
193,18,3977.582797
194,13,4692.625224
194,14,4371.504726
194,15,4315.326008
194,16,4263.609309
194,17,4103.112460
194,18,3977.582797
195,13,4692.625224
195,14,4371.504726
195,15,4315.326008
195,16,4263.609309
195,17,4103.112460
195,18,3977.582797
196,13,4692.625224
196,14,4371.504726
196,15,4315.326008
196,16,4263.609309
196,17,4103.112460
196,18,3977.582797
197,13,4692.625224
197,14,4371.504726
197,15,4315.326008
197,16,4263.609309
197,17,4103.112460
197,18,3977.582797
198,13,4692.625224
198,14,4371.504726
198,15,4315.326008
198,16,4263.609309
198,17,4103.112460
198,18,3977.582797
199,13,4690.897254
199,14,4366.749249
199,15,4315.326008
199,16,4240.594682
199,17,4103.112460
199,18,3976.274044
200,13,4690.897254
200,14,4294.161067
200,16,4240.594682
200,17,4103.112460
200,18,3976.274044
200,19,3965.170359
201,13,4690.897254
201,14,4294.161067
201,16,4240.594682
201,17,4103.112460
201,18,3976.274044
201,19,3965.170359
202,13,4690.897254
202,14,4294.161067
202,16,4240.594682
202,17,4103.112460
202,18,3974.423490
202,19,3965.170359
203,13,4690.897254
203,14,4294.161067
203,16,4240.594682
203,17,4039.925409
203,18,3974.423490
203,19,3965.170359
204,13,4608.178364
204,14,4248.292439
204,16,4235.347817
204,17,4039.925409
204,18,3960.133910
205,13,4608.178364
205,14,4248.292439
205,16,4235.347817
205,17,4039.925409
205,18,3960.133910
206,13,4608.178364
206,14,4248.292439
206,16,4235.347817
206,17,4039.925409
206,18,3948.280134
207,13,4608.178364
207,14,4248.292439
207,16,4235.347817
207,17,4039.925409
207,18,3948.280134
208,13,4608.178364
208,14,4248.292439
208,16,4235.347817
208,17,4039.925409
208,18,3946.735318
209,13,4598.926837
209,14,4244.711522
209,16,4221.537472
209,17,4039.233674
209,18,3946.735318
209,19,3942.967173
210,12,5109.101512
210,13,4598.926837
210,14,4244.711522
210,16,4221.537472
210,17,4039.233674
210,18,3946.735318
210,19,3942.967173
211,12,4853.873377
211,13,4598.926837
211,14,4244.711522
211,16,4221.537472
211,17,4039.233674
211,18,3946.735318
211,19,3942.967173
212,12,4853.873377
212,13,4598.926837
212,14,4244.711522
212,16,4221.537472
212,17,4039.233674
212,18,3943.220170
212,19,3942.967173
213,12,4853.873377
213,13,4598.926837
213,14,4244.711522
213,16,4221.537472
213,17,4039.233674
213,18,3943.220170
213,19,3942.967173
214,12,4820.914064
214,13,4583.887350
214,14,4242.270952
214,16,4219.175976
214,17,4028.286990
214,18,3934.700653
215,12,4820.914064
215,13,4583.887350
215,14,4242.270952
215,16,4184.552211
215,17,4028.286990
215,18,3934.700653
215,20,3933.337614
216,12,4820.914064
216,13,4451.608001
216,14,4242.270952
216,16,4184.552211
216,17,4028.286990
216,18,3927.776452
217,12,4820.914064
217,13,4451.608001
217,14,4242.270952
217,16,4184.552211
217,17,4028.286990
217,18,3927.776452
218,12,4726.676089
218,13,4451.608001
218,14,4242.270952
218,16,4184.552211
218,17,4028.286990
218,18,3907.998344
219,12,4716.501889
219,13,4451.539295
219,14,4230.852396
219,16,4182.356008
219,17,4024.569835
219,18,3907.316451
220,12,4716.501889
220,13,4451.539295
220,14,4230.852396
220,16,4182.356008
220,17,4024.569835
220,18,3907.316451
221,12,4716.501889
221,13,4451.539295
221,14,4230.852396
221,16,4182.356008
221,17,4024.569835
221,18,3907.316451
221,20,3905.641277
222,12,4716.501889
222,13,4451.539295
222,14,4230.852396
222,16,4182.356008
222,17,4024.569835
222,18,3907.316451
222,20,3905.641277
223,12,4630.146795
223,13,4451.539295
223,14,4230.852396
223,16,4182.356008
223,17,4024.569835
223,18,3907.316451
223,20,3905.641277
223,23,3898.996493
224,12,4607.036964
224,13,4450.514301
224,14,4165.492271
224,17,4014.661872
224,18,3874.063399
225,12,4607.036964
225,13,4334.414049
225,14,4165.492271
225,15,4154.573865
225,17,4014.661872
225,18,3874.063399
226,12,4607.036964
226,13,4334.414049
226,14,4165.492271
226,15,4154.573865
226,17,3941.443598
226,18,3874.063399
227,12,4607.036964
227,13,4334.414049
227,14,4165.492271
227,15,4154.573865
227,17,3941.443598
227,18,3874.063399
228,12,4607.036964
228,13,4334.414049
228,14,4165.492271
228,15,4154.573865
228,17,3941.443598
228,18,3874.063399
229,12,4600.118054
229,13,4302.550797
229,14,4146.197588
229,15,4075.823945
229,17,3941.443598
229,18,3874.063399
230,12,4600.118054
230,13,4302.550797
230,14,4128.437539
230,15,4075.823945
230,17,3941.443598
230,18,3874.063399
231,12,4600.118054
231,13,4302.550797
231,14,4128.437539
231,15,4075.823945
231,17,3941.443598
231,18,3874.063399
232,12,4600.118054
232,13,4302.550797
232,14,4128.437539
232,15,4053.997601
232,17,3941.443598
232,18,3874.063399
233,12,4559.073213
233,13,4302.550797
233,14,4065.880189
233,15,4053.997601
233,17,3941.443598
233,18,3874.063399
234,12,4548.347587
234,13,4286.379611
234,14,4065.880189
234,15,4030.463549
234,17,3939.343964
234,18,3874.063399
235,12,4450.111717
235,13,4286.379611
235,14,4065.880189
235,15,4030.463549
235,17,3911.050275
235,18,3874.063399
236,12,4450.111717
236,13,4286.379611
236,14,4065.880189
236,15,4030.463549
236,17,3911.050275
236,18,3874.063399
237,12,4450.111717
237,13,4286.379611
237,14,4065.880189
237,15,4030.463549
237,17,3911.050275
237,18,3874.063399
238,12,4450.111717
238,13,4286.379611
238,14,4065.880189
238,15,4030.463549
238,17,3911.050275
238,18,3874.063399
239,12,4408.623703
239,13,4281.990310
239,14,4044.542446
239,15,4030.463549
239,17,3910.446336
239,18,3870.967991
240,12,4408.623703
240,13,4281.990310
240,14,4034.891874
240,15,4030.463549
240,17,3910.446336
240,18,3870.967991
241,12,4408.623703
241,13,4281.990310
241,14,3998.903603
241,17,3910.446336
241,18,3870.967991
242,12,4352.646832
242,13,4281.990310
242,14,3998.903603
242,16,3956.330728
242,17,3910.446336
242,18,3870.967991
243,12,4352.646832
243,13,4281.990310
243,14,3998.903603
243,16,3956.330728
243,17,3910.446336
243,18,3870.967991
244,12,4351.501575
244,13,4268.706530
244,14,3998.903603
244,16,3956.330728
244,17,3909.137582
244,18,3858.172451
245,12,4351.501575
245,13,4268.706530
245,14,3998.903603
245,16,3956.330728
245,17,3909.137582
245,18,3858.172451
246,12,4351.501575
246,13,4268.706530
246,14,3998.903603
246,16,3956.330728
246,17,3909.137582
246,18,3858.172451
247,12,4351.501575
247,13,4268.706530
247,14,3998.903603
247,15,3986.345614
247,16,3956.330728
247,17,3909.137582
247,18,3858.172451
248,12,4351.501575
248,13,4268.706530
248,14,3998.903603
248,15,3986.345614
248,16,3956.330728
248,17,3909.137582
248,18,3858.172451
248,19,3855.292776
249,12,4351.501575
249,13,4262.519249
249,14,3998.016548
249,15,3950.753404
249,17,3857.648086
249,19,3855.292776
250,12,4347.463317
250,13,3969.934940
250,15,3950.753404
250,17,3857.648086
250,19,3855.292776
251,12,4331.396448
251,13,3969.934940
251,15,3950.753404
251,17,3857.648086
251,19,3855.292776
252,12,4331.396448
252,13,3969.934940
252,15,3950.753404
252,17,3857.648086
252,19,3855.292776
253,12,4331.396448
253,13,3969.934940
253,15,3950.753404
253,17,3857.648086
253,18,3847.522108
254,12,4324.920375
254,13,3969.934940
254,15,3950.362407
254,16,3940.333388
254,17,3846.031237
255,12,4324.920375
255,13,3969.934940
255,15,3950.362407
255,16,3940.333388
255,17,3846.031237
256,12,4311.249667
256,13,3969.934940
256,15,3950.362407
256,16,3940.333388
256,17,3846.031237
257,12,4311.249667
257,13,3969.934940
257,15,3942.308612
257,16,3940.333388
257,17,3845.192631
258,12,4310.037415
258,13,3969.934940
258,15,3942.308612
258,16,3912.837411
258,17,3845.192631
258,19,3833.550387
258,20,3830.438348
259,12,4310.037415
259,13,3969.934940
259,15,3909.092121
259,17,3845.192631
259,18,3826.491544
260,12,4269.124204
260,13,3969.934940
260,15,3909.092121
260,16,3853.998193
260,17,3843.641534
260,18,3826.491544
260,20,3810.846481
261,12,4269.124204
261,13,3969.934940
261,15,3872.051572
261,16,3853.998193
261,17,3824.035875
261,20,3810.846481
262,12,4245.953583
262,13,3969.934940
262,14,3959.579012
262,15,3872.051572
262,16,3853.998193
262,17,3824.035875
262,20,3810.846481
263,12,4245.953583
263,13,3969.934940
263,14,3959.579012
263,15,3872.051572
263,16,3804.242396
264,12,4245.610826
264,13,3969.934940
264,14,3959.579012
264,15,3871.767522
264,16,3793.311681
265,12,4088.435739
265,13,3969.934940
265,14,3959.579012
265,15,3871.767522
265,16,3793.311681
266,12,4088.435739
266,13,3969.934940
266,14,3959.579012
266,15,3871.767522
266,16,3793.311681
267,12,4040.634245
267,13,3969.934940
267,14,3959.579012
267,15,3871.767522
267,16,3792.087303
268,12,4003.694794
268,13,3969.934940
268,14,3959.579012
268,15,3871.767522
268,16,3792.087303
269,11,4320.318152
269,12,4003.694794
269,13,3969.762208
269,14,3943.733972
269,15,3869.625022
269,16,3792.087303
270,11,4320.318152
270,12,4003.694794
270,13,3969.762208
270,14,3943.733972
270,15,3869.625022
270,16,3792.087303
271,11,4320.318152
271,12,4003.694794
271,13,3960.533590
271,14,3943.733972
271,15,3869.625022
271,16,3787.488059
272,11,4320.318152
272,12,3987.197617
272,13,3960.533590
272,14,3943.733972
272,15,3791.831546
272,16,3785.609215
273,11,4320.318152
273,12,3987.197617
273,13,3960.533590
273,14,3943.733972
273,15,3786.818815
273,16,3785.609215
274,11,4320.318152
274,12,3985.993919
274,13,3960.533590
274,14,3943.733972
274,15,3782.065402
275,11,4320.318152
275,12,3985.993919
275,13,3960.533590
275,14,3943.733972
275,15,3782.065402
275,16,3776.965254
276,11,4320.318152
276,12,3985.993919
276,13,3960.533590
276,14,3943.733972
276,15,3782.065402
276,16,3776.965254
277,11,4320.318152
277,12,3985.993919
277,13,3960.533590
277,14,3941.153248
277,15,3782.065402
277,16,3776.965254
278,11,4320.318152
278,12,3985.993919
278,13,3960.533590
278,14,3941.153248
278,15,3782.065402
278,16,3772.770621
279,11,4312.633765
279,12,3972.977083
279,13,3959.471352
279,14,3941.153248
279,15,3782.065402
279,16,3765.519695
280,11,4312.633765
280,12,3972.977083
280,13,3959.471352
280,14,3941.153248
280,15,3782.065402
280,16,3765.519695
281,11,4312.633765
281,12,3956.054024
281,13,3940.998611
281,15,3782.065402
281,16,3765.519695
282,11,4312.633765
282,12,3943.127858
282,13,3940.998611
282,14,3938.863201
282,15,3782.065402
282,16,3765.519695
283,11,4312.633765
283,12,3943.127858
283,13,3940.998611
283,14,3931.211965
283,15,3782.065402
283,16,3758.864860
284,11,4312.633765
284,12,3941.202238
284,13,3940.998611
284,14,3931.211965
284,15,3782.065402
284,16,3755.025896
285,11,4312.633765
285,12,3941.202238
285,13,3940.998611
285,14,3921.335805
285,15,3782.065402
285,16,3731.991253
286,11,4312.633765
286,12,3941.202238
286,13,3940.998611
286,14,3921.335805
286,15,3782.065402
286,16,3731.991253
287,11,4312.633765
287,12,3941.202238
287,13,3940.998611
287,14,3921.335805
287,15,3760.482941
287,16,3731.991253
288,11,4192.232671
288,12,3941.202238
288,13,3940.998611
288,14,3909.149506
288,15,3760.482941
288,16,3731.991253
289,11,4186.397581
289,12,3941.202238
289,13,3940.487116
289,14,3905.998262
289,15,3760.482941
289,16,3731.991253
290,11,4186.397581
290,12,3941.202238
290,13,3940.487116
290,14,3905.998262
290,15,3760.482941
290,16,3731.991253
291,11,4186.397581
291,12,3941.202238
291,13,3940.487116
291,14,3905.998262
291,15,3760.482941
291,16,3731.991253
292,11,3968.260350
292,12,3941.202238
292,13,3940.487116
292,14,3905.998262
292,15,3760.482941
292,16,3731.991253
293,11,3968.260350
293,12,3941.202238
293,13,3940.487116
293,14,3905.998262
293,15,3760.482941
293,16,3731.991253
294,11,3968.260350
294,12,3941.202238
294,13,3940.487116
294,14,3894.608172
294,15,3760.482941
294,16,3731.991253
295,11,3968.260350
295,12,3941.202238
295,13,3940.487116
295,14,3894.608172
295,15,3737.112005
295,16,3731.991253
296,11,3968.260350
296,12,3941.202238
296,13,3940.487116
296,14,3894.608172
296,15,3737.112005
296,16,3731.991253
297,11,3968.260350
297,12,3941.202238
297,13,3940.487116
297,14,3894.608172
297,15,3737.112005
297,16,3731.991253
298,11,3968.260350
298,12,3923.952154
298,14,3894.608172
298,15,3737.112005
298,16,3731.991253
299,11,3968.260350
299,12,3923.952154
299,14,3894.608172
299,15,3737.112005
299,16,3731.991253
300,11,3967.787876
300,12,3923.952154
300,14,3894.608172
300,15,3737.112005
300,16,3731.991253
301,11,3938.596888
301,12,3918.761493
301,14,3894.608172
301,15,3737.112005
301,16,3731.991253
301,17,3725.149143
302,11,3938.596888
302,12,3918.761493
302,14,3894.608172
302,15,3729.619500
302,17,3725.149143
303,11,3938.596888
303,12,3909.785388
303,14,3894.608172
303,15,3729.619500
303,17,3725.149143
304,11,3932.543391
304,12,3892.448686
304,15,3729.619500
304,17,3725.149143
305,11,3932.543391
305,12,3892.448686
305,15,3729.619500
305,17,3725.149143
306,11,3932.543391
306,12,3892.448686
306,15,3729.619500
306,17,3725.149143
307,11,3924.469989
307,12,3892.448686
307,15,3729.619500
307,17,3725.149143
308,11,3924.469989
308,12,3892.448686
308,15,3729.619500
308,17,3725.149143
309,11,3924.469989
309,12,3892.448686
309,14,3878.984366
309,15,3729.619500
309,17,3725.149143
310,11,3916.155615
310,12,3892.448686
310,14,3878.984366
310,15,3729.619500
310,17,3725.149143
311,11,3915.993464
311,12,3892.448686
311,14,3878.984366
311,15,3729.619500
311,17,3725.149143
312,11,3915.993464
312,12,3892.448686
312,14,3878.984366
312,15,3729.619500
312,17,3725.149143
313,11,3915.993464
313,12,3892.448686
313,14,3878.984366
313,15,3717.192882
314,11,3915.993464
314,12,3892.448686
314,13,3869.989270
314,15,3717.192882
315,11,3915.993464
315,12,3892.448686
315,13,3869.989270
315,15,3717.192882
316,11,3915.993464
316,12,3892.448686
316,13,3869.989270
316,15,3717.192882
317,11,3915.993464
317,12,3892.448686
317,13,3869.989270
317,15,3717.192882
318,11,3915.993464
318,12,3892.448686
318,13,3869.989270
318,15,3717.192882
319,11,3909.707809
319,12,3890.119435
319,13,3866.863268
319,15,3717.192882
320,11,3909.707809
320,12,3890.119435
320,13,3866.863268
320,15,3717.192882
321,11,3909.707809
321,12,3890.119435
321,13,3866.863268
321,15,3714.918102
322,11,3909.707809
322,12,3890.119435
322,13,3866.863268
322,15,3714.918102
323,11,3909.707809
323,12,3890.119435
323,13,3866.863268
323,15,3714.918102
324,11,3909.707809
324,12,3890.119435
324,13,3862.792517
324,15,3714.918102
325,11,3909.707809
325,12,3890.119435
325,13,3862.792517
325,15,3714.918102
326,11,3909.707809
326,12,3890.119435
326,13,3862.792517
326,15,3714.918102
326,16,3710.547347
327,11,3909.707809
327,12,3890.119435
327,13,3862.792517
327,15,3714.918102
327,16,3700.325826
328,11,3909.707809
328,12,3890.119435
328,13,3862.792517
328,15,3714.918102
328,16,3700.325826
329,11,3906.744657
329,12,3890.119435
329,13,3862.792517
329,15,3714.918102
329,16,3700.325826
