Generation,NV,TOC
1,44,18435.039180
1,45,18029.582145
1,46,16060.874262
1,47,15941.897647
1,53,15223.637280
1,55,14920.263494
1,56,14604.870461
1,57,13856.846353
1,59,13730.348481
1,65,13573.904435
2,44,18191.305402
2,45,16673.977530
2,46,16060.874262
2,47,15941.897647
2,49,15627.700154
2,50,15486.779516
2,53,15223.637280
2,54,14122.600953
2,57,13856.846353
2,59,13730.348481
2,65,13573.904435
3,44,18191.305402
3,45,16450.312225
3,46,16060.874262
3,47,15941.897647
3,49,15620.185801
3,50,15486.779516
3,53,15216.303868
3,54,14122.600953
3,57,13856.846353
3,59,13730.348481
3,65,13573.904435
4,44,18191.305402
4,45,16450.312225
4,46,16060.874262
4,47,15881.362266
4,48,15791.307407
4,49,15620.185801
4,50,15486.779516
4,51,14996.705084
4,54,14122.600953
4,57,13856.846353
4,59,13730.348481
4,64,13622.212285
4,65,13573.904435
5,44,18191.305402
5,45,16450.312225
5,46,15917.542635
5,47,15881.362266
5,48,15791.307407
5,49,15395.721622
5,51,14996.705084
5,52,14962.462944
5,54,14122.600953
5,57,13856.846353
5,59,13730.348481
5,64,13622.212285
5,65,13573.904435
6,43,18416.726939
6,44,16682.998498
6,45,16422.038157
6,46,15917.542635
6,47,15881.362266
6,48,15651.348079
6,49,15273.426561
6,50,14978.585307
6,51,14970.145791
6,52,14882.559700
6,53,14712.289623
6,54,14122.600953
6,57,13856.846353
6,59,13730.348481
6,64,13622.212285
6,65,13573.904435
6,72,13478.902205
7,43,17282.567876
7,44,16401.805450
7,46,15917.542635
7,47,15881.362266
7,48,15651.348079
7,49,15273.426561
7,50,14978.585307
7,51,14970.145791
7,52,14882.559700
7,53,14712.289623
7,54,14122.600953
7,55,14105.005166
7,57,13856.846353
7,59,13730.348481
7,64,13622.212285
7,65,13573.904435
7,68,13558.565100
7,71,13377.847314
8,43,16954.897802
8,44,15784.554823
8,48,15651.348079
8,49,15273.426561
8,50,14875.981312
8,52,14643.672417
8,53,14168.377846
8,54,14122.600953
8,55,14105.005166
8,57,13856.846353
8,59,13730.348481
8,61,13587.025649
8,65,13573.904435
8,66,13510.774360
8,70,13288.383258
8,71,13152.554953
9,40,17356.962437
9,43,16857.111290
9,44,15784.554823
9,45,15691.017246
9,48,15651.348079
9,49,15273.426561
9,50,14117.288476
9,52,13963.162369
9,55,13905.349392
9,57,13667.536504
9,59,13660.541350
9,60,13393.311833
9,67,13312.565737
9,69,13047.304357
10,40,17107.727547
10,42,16874.611221
10,43,16329.809334
10,44,15784.554823
10,45,15691.017246
10,47,15448.611468
10,49,14693.424053
10,50,14117.288476
10,52,13963.162369
10,55,13905.349392
10,57,13667.536504
10,59,13427.854357
10,60,13393.311833
10,67,13199.987037
10,69,13047.304357
11,40,17107.727547
11,42,16874.611221
11,43,16329.809334
11,44,15784.554823
11,45,15691.017246
11,46,15307.759312
11,48,15234.318368
11,49,14693.424053
11,50,14117.288476
11,52,13963.162369
11,55,13905.349392
11,57,13667.536504
11,59,13298.181131
11,67,13199.987037
11,68,13096.407261
11,69,13047.304357
12,40,17107.727547
12,42,16557.639973
12,43,16271.097216
12,44,15784.554823
12,45,15691.017246
12,46,15307.759312
12,47,15301.713544
12,48,14947.761779
12,49,14693.424053
12,50,14072.650546
12,52,13872.557803
12,55,13405.750115
12,59,13251.585173
12,63,13213.386534
12,65,13068.858495
12,67,13049.927273
12,68,12921.069500
12,71,12878.462576
13,40,17090.901059
13,42,16269.284452
13,43,16248.483838
13,44,15784.554823
13,45,15329.184488
13,46,15307.759312
13,47,15301.713544
13,48,14947.761779
13,49,14693.424053
13,50,14072.650546
13,52,13872.557803
13,55,13405.750115
13,59,13251.585173
13,63,13213.386534
13,65,13068.603229
13,67,13049.927273
13,68,12921.069500
13,70,12887.789214
13,71,12878.462576
14,40,17090.901059
14,41,16204.191811
14,42,16083.621275
14,44,15598.126157
14,45,15329.184488
14,46,15190.917590
14,48,14947.761779
14,49,14693.424053
14,50,14072.650546
14,52,13872.557803
14,55,13405.750115
14,59,13251.585173
14,63,13213.386534
14,64,13089.869894
14,65,13068.603229
14,67,13049.927273
14,68,12921.069500
14,70,12887.789214
14,71,12878.462576
15,40,17090.901059
15,41,16204.191811
15,42,16083.621275
15,44,15259.266176
15,46,15190.917590
15,47,15044.565439
15,48,14947.761779
15,49,14658.742435
15,50,14072.650546
15,52,13872.557803
15,53,13822.065846
15,54,13345.737351
15,59,13215.820150
15,62,13062.705195
15,64,13025.659203
15,65,13007.617621
15,66,12828.811043
15,68,12814.640606
15,70,12795.141953
16,40,17090.901059
16,41,16204.191811
16,42,15745.894838
16,44,15259.266176
16,46,15190.917590
16,47,14767.043560
16,48,14613.271094
16,50,14072.650546
16,52,13872.557803
16,53,13822.065846
16,54,13345.737351
16,59,13215.820150
16,62,13062.705195
16,64,13025.659203
16,65,12894.097113
16,66,12828.811043
16,68,12814.640606
16,69,12777.740050
17,40,16785.997780
17,41,14640.477699
17,48,14613.271094
17,49,14122.928566
17,50,14072.650546
17,51,14019.846155
17,52,13872.557803
17,53,13822.065846
17,54,13345.737351
17,59,13215.820150
17,62,13062.705195
17,63,12965.490099
17,64,12746.782806
18,40,16094.613059
18,41,14628.195604
18,43,14311.268188
18,48,13928.365826
18,52,13702.197065
18,53,13280.307388
18,56,12929.504457
18,62,12825.263340
18,64,12745.257087
19,39,15889.996399
19,40,14803.006395
19,41,14628.195604
19,42,14309.338275
19,44,14279.199152
19,48,13928.365826
19,52,13702.197065
19,53,13280.307388
19,56,12929.504457
19,57,12909.109357
19,60,12737.951588
19,62,12644.902104
20,39,15889.996399
20,40,14803.006395
20,41,14628.195604
20,42,14195.496626
20,46,13969.866008
20,47,13856.031364
20,52,13702.197065
20,53,13280.307388
20,56,12929.504457
20,57,12909.109357
20,60,12737.951588
20,61,12595.079213
21,39,15889.996399
21,40,14803.006395
21,41,14069.221560
21,42,13869.018721
21,44,13694.037895
21,50,13072.462825
21,56,12823.757688
21,59,12721.787579
21,61,12581.300328
21,63,12453.178267
22,39,15889.996399
22,40,14803.006395
22,41,14069.221560
22,42,13869.018721
22,44,13628.858514
22,47,13595.723415
22,49,13460.632196
22,50,13072.462825
22,52,13030.976145
22,55,12905.841658
22,56,12823.757688
22,57,12714.390103
22,59,12703.144092
22,60,12586.773075
22,61,12581.300328
22,62,12559.252995
22,63,12453.178267
23,39,15010.997447
23,40,14665.875847
23,41,14069.221560
23,42,13869.018721
23,43,13771.466157
23,44,13628.858514
23,45,13608.768438
23,46,13300.958656
23,50,13072.462825
23,52,13030.976145
23,55,12905.841658
23,56,12823.757688
23,57,12714.390103
23,59,12592.883246
23,60,12586.773075
23,61,12430.778413
24,39,14936.884102
24,40,14475.481770
24,41,13861.629860
24,43,13771.466157
24,44,13628.858514
24,45,13523.432583
24,46,13300.958656
24,50,12955.789080
24,55,12793.521138
24,57,12697.246675
24,59,12543.886035
24,61,12420.616138
25,39,14936.884102
25,40,14293.418952
25,41,13861.629860
25,42,13831.089048
25,43,13590.292959
25,45,13523.432583
25,46,13300.958656
25,50,12955.789080
25,55,12793.521138
25,56,12704.512460
25,57,12697.246675
25,59,12543.886035
25,61,12420.616138
26,39,14936.884102
26,40,14293.418952
26,41,13861.629860
26,42,13831.089048
26,43,13587.384898
26,45,13423.264969
26,46,13300.958656
26,50,12955.789080
26,55,12793.521138
26,56,12551.432192
26,59,12543.886035
26,61,12420.616138
27,39,14936.884102
27,40,14128.098077
27,41,13717.450083
27,42,13537.452743
27,44,13415.231323
27,45,13247.563012
27,48,13213.195002
27,50,12937.779792
27,51,12583.364566
27,56,12551.432192
27,58,12483.571204
27,61,12416.190804
28,39,14936.884102
28,40,14128.098077
28,41,13717.450083
28,42,13404.150775
28,45,13247.563012
28,48,13213.195002
28,49,12644.905116
28,50,12636.170018
28,51,12583.364566
28,56,12437.687777
28,57,12309.733408
29,39,14936.884102
29,40,13825.940510
29,41,13717.450083
29,42,13404.150775
29,45,13247.563012
29,47,13191.730403
29,49,12644.905116
29,50,12636.170018
29,51,12583.364566
29,55,12485.109976
29,56,12437.687777
29,57,12309.733408
30,39,14728.239051
30,40,13825.940510
30,41,13717.450083
30,42,13404.150775
30,43,13321.431018
30,44,13199.059099
30,46,13020.498383
30,48,12561.171581
30,51,12542.195185
30,54,12400.751769
30,56,12322.396843
30,57,12290.611168
31,39,14407.772085
31,40,13825.940510
31,41,13697.509485
31,42,13200.348363
31,44,13058.854090
31,46,12936.532094
31,48,12561.171581
31,51,12542.195185
31,54,12400.751769
31,56,12322.396843
31,57,12290.611168
32,39,14407.772085
32,40,13825.940510
32,41,13697.509485
32,42,13200.348363
32,44,13058.854090
32,46,12936.532094
32,48,12561.171581
32,51,12542.195185
32,53,12198.778881
33,39,14407.772085
33,40,13716.051019
33,41,13531.611752
33,42,13162.880546
33,43,13043.735338
33,44,12993.240357
33,46,12936.532094
33,47,12735.116984
33,48,12561.171581
33,51,12517.539071
33,53,12180.086267
33,61,12177.348604
34,39,13812.948783
34,40,13716.051019
34,41,13335.043164
34,42,13162.880546
34,43,13043.735338
34,44,12993.240357
34,46,12936.532094
34,47,12735.116984
34,48,12561.171581
34,51,12517.539071
34,52,12335.694023
34,53,12180.086267
34,61,12177.348604
35,39,13765.165705
35,40,13598.631595
35,41,13335.043164
35,42,13162.880546
35,43,13043.735338
35,44,12993.240357
35,46,12936.532094
35,47,12735.116984
35,48,12561.171581
35,50,12284.931731
35,51,12258.894200
35,53,12172.084646
36,39,13765.165705
36,40,13477.373367
36,41,13321.808265
36,42,13156.799336
36,43,13014.028529
36,44,12970.268390
36,46,12936.532094
36,47,12403.251606
36,50,12284.931731
36,51,12255.722944
36,52,12214.525311
36,53,12157.848448
37,39,13765.165705
37,40,13410.220719
37,41,13256.667354
37,42,12972.827064
37,44,12970.268390
37,45,12905.351662
37,47,12403.251606
37,50,12284.931731
37,51,12255.722944
37,52,12214.525311
37,53,12157.848448
38,39,13625.439718
38,40,13339.644679
38,41,13256.667354
38,42,12972.827064
38,44,12970.268390
38,45,12905.351662
38,47,12403.251606
38,50,12284.931731
38,51,12255.722944
38,52,12199.414541
38,53,12125.826121
39,39,13625.439718
39,40,13339.644679
39,41,13154.586298
39,42,12963.478999
39,44,12943.184220
39,45,12805.352969
39,46,12399.760450
39,49,12225.504259
39,52,12197.585146
39,53,12106.154697
40,39,13625.439718
40,40,13339.644679
40,41,13154.586298
40,42,12963.478999
40,43,12951.703372
40,44,12768.850085
40,46,12399.760450
40,49,12225.504259
40,52,12178.652528
40,53,12106.154697
41,39,13625.439718
41,40,13339.644679
41,41,13154.586298
41,42,12963.478999
41,43,12951.703372
41,44,12768.850085
41,46,12399.760450
41,49,12225.504259
41,52,12178.652528
41,53,12106.154697
42,39,13542.416319
42,40,13317.945769
42,41,13011.037123
42,42,12963.478999
42,43,12937.389766
42,44,12648.801910
42,46,12397.255984
42,49,12192.344381
42,52,12024.061600
43,39,13542.416319
43,40,13317.945769
43,41,13011.037123
43,42,12963.478999
43,43,12937.389766
43,44,12648.801910
43,46,12397.255984
43,47,12275.399615
43,49,12182.840298
43,51,12051.831642
43,52,12024.061600
43,53,11972.009251
44,38,13942.816227
44,39,13542.416319
44,40,13317.945769
44,41,13011.037123
44,42,12963.478999
44,43,12900.486986
44,44,12647.867862
44,45,12625.440223
44,46,12397.255984
44,47,12275.399615
44,49,12146.802976
44,50,12140.681596
44,51,12051.831642
44,52,12024.061600
44,53,11972.009251
45,38,13942.816227
45,39,13432.614270
45,40,13255.658798
45,41,12994.029934
45,42,12906.922785
45,43,12900.486986
45,44,12647.867862
45,45,12625.440223
45,46,12206.761008
45,49,12122.366236
45,51,11914.838323
46,38,13942.816227
46,39,13426.980105
46,40,13255.658798
46,41,12994.029934
46,42,12906.922785
46,43,12712.577758
46,44,12647.867862
46,45,12581.168737
46,46,12206.761008
46,49,12038.026543
46,51,11914.838323
47,38,13942.816227
47,39,13393.206910
47,40,13255.658798
47,41,12979.887963
47,42,12889.418560
47,43,12712.577758
47,44,12647.867862
47,45,12581.168737
47,46,12206.761008
47,49,12038.026543
47,51,11914.838323
48,38,13942.816227
48,39,13384.901474
48,40,12993.731727
48,41,12893.379470
48,42,12868.319209
48,43,12671.101973
48,44,12493.128672
48,46,12205.039257
48,48,12030.139646
48,50,11935.372487
48,51,11909.099191
49,38,13942.816227
49,39,13026.832453
49,40,12993.731727
49,41,12893.379470
49,42,12868.319209
49,43,12671.101973
49,44,12403.787556
49,46,12205.039257
49,48,12030.139646
49,50,11935.372487
49,51,11909.099191
49,54,11873.363727
50,38,13942.816227
50,39,13026.832453
50,40,12993.731727
50,41,12893.379470
50,42,12868.319209
50,43,12671.101973
50,44,12403.787556
50,46,12205.039257
50,48,12030.139646
50,50,11935.372487
50,51,11879.566690
50,54,11871.733520
51,38,13076.858664
51,39,13026.832453
51,40,12526.773576
51,44,12403.787556
51,46,12106.517017
51,48,12018.691441
51,50,11919.909601
51,51,11871.518073
51,54,11870.364103
52,38,13076.858664
52,39,13004.290253
52,40,12526.773576
52,44,12403.787556
52,45,12102.603776
52,48,12018.691441
52,50,11919.909601
52,51,11871.518073
52,54,11870.364103
53,38,13005.600804
53,39,13004.290253
53,40,12526.773576
53,44,12254.770828
53,45,12102.603776
53,48,12018.691441
53,50,11919.909601
53,51,11846.547710
53,52,11811.196610
54,38,12996.987075
54,39,12944.019130
54,40,12416.398771
54,44,12075.948586
54,47,11976.309520
54,49,11896.497308
54,51,11785.945098
55,38,12996.987075
55,39,12944.019130
55,40,12416.398771
55,44,12075.948586
55,45,12001.649019
55,47,11976.309520
55,49,11896.497308
55,50,11888.357692
55,51,11785.945098
56,37,13373.849428
56,38,12996.987075
56,39,12944.019130
56,40,12416.398771
56,44,12075.948586
56,45,12001.649019
56,47,11976.309520
56,49,11896.497308
56,50,11888.357692
56,51,11785.945098
57,37,13313.718448
57,38,12931.078886
57,39,12870.282133
57,40,12337.932271
57,44,12064.244977
57,45,12001.649019
57,47,11947.718838
57,49,11862.095978
57,51,11785.945098
58,36,13938.754465
58,37,13313.718448
58,38,12931.078886
58,39,12793.955504
58,40,12337.932271
58,44,12064.244977
58,45,12001.649019
58,47,11929.139852
58,49,11836.642808
58,50,11823.259191
58,51,11785.945098
59,36,13938.754465
59,37,13313.718448
59,38,12931.078886
59,39,12793.955504
59,40,12337.932271
59,44,12064.244977
59,45,12001.649019
59,47,11929.139852
59,49,11826.605049
59,50,11812.459900
59,51,11785.945098
60,36,13938.754465
60,37,13313.718448
60,38,12853.496039
60,39,12792.717093
60,40,12337.932271
60,44,11974.317862
60,46,11914.411107
60,48,11848.483441
60,49,11684.963824
61,36,13827.745470
61,37,13313.718448
61,38,12853.496039
61,39,12639.320144
61,40,12337.932271
61,44,11974.317862
61,45,11876.081708
61,48,11848.483441
61,49,11684.963824
62,36,13827.745470
62,37,13244.262011
62,38,12853.496039
62,39,12591.473524
62,40,12337.932271
62,41,12314.178930
62,44,11974.317862
62,45,11876.081708
62,48,11848.483441
62,49,11684.963824
63,36,13827.745470
63,37,13155.538347
63,38,12827.307209
63,39,12583.187155
63,40,12337.932271
63,41,12314.178930
63,43,12020.556867
63,44,11856.922257
63,47,11830.083946
63,49,11680.885795
64,36,13827.745470
64,37,13067.446365
64,38,12827.307209
64,39,12583.187155
64,40,12337.932271
64,41,12310.261627
64,42,11923.351807
64,44,11856.922257
64,46,11849.135988
64,47,11830.083946
64,49,11680.885795
65,36,13177.465437
65,37,13067.446365
65,38,12827.307209
65,39,12583.187155
65,40,12337.932271
65,41,12224.607011
65,42,11923.351807
65,44,11856.922257
65,46,11849.135988
65,47,11830.083946
65,49,11680.885795
66,36,13177.465437
66,37,12971.801982
66,38,12696.816591
66,39,12529.045819
66,40,12337.932271
66,41,12209.014298
66,42,11915.716795
66,44,11848.231616
66,46,11843.537679
66,47,11830.083946
66,48,11623.509475
67,36,13177.465437
67,37,12971.801982
67,38,12696.816591
67,39,12529.045819
67,40,12337.932271
67,41,12209.014298
67,42,11915.716795
67,44,11848.231616
67,45,11830.633930
67,46,11812.817119
67,48,11623.509475
68,36,13177.465437
68,37,12971.801982
68,38,12696.816591
68,39,12529.045819
68,40,12337.932271
68,41,12208.550436
68,42,11915.716795
68,44,11848.231616
68,45,11789.167185
68,48,11623.509475
69,36,13177.465437
69,37,12971.801982
69,38,12666.858325
69,39,12500.477562
69,40,12337.932271
69,41,11869.488501
69,44,11838.273119
69,45,11789.167185
69,47,11737.205505
69,48,11623.509475
69,51,11619.209205
70,36,13177.465437
70,37,12971.801982
70,38,12666.858325
70,39,12500.477562
70,40,12337.932271
70,41,11869.488501
70,43,11867.038858
70,44,11838.273119
70,45,11789.167185
70,47,11737.205505
70,48,11623.509475
70,51,11619.209205
71,36,13166.958875
71,37,12971.801982
71,38,12666.858325
71,39,12475.125074
71,40,12337.932271
71,41,11869.488501
71,42,11821.309923
71,45,11789.167185
71,47,11737.205505
71,48,11623.509475
71,49,11612.182146
71,50,11606.797021
71,52,11604.695229
72,36,13166.958875
72,37,12971.801982
72,38,12451.965916
72,40,12337.932271
72,41,11823.120990
72,42,11821.309923
72,43,11802.315699
72,45,11783.161537
72,47,11737.205505
72,48,11601.298895
72,52,11596.084415
73,35,13830.477951
73,36,13166.958875
73,37,12906.434458
73,38,12451.965916
73,40,12337.932271
73,41,11823.120990
73,42,11821.309923
73,43,11802.315699
73,45,11783.161537
73,46,11774.658181
73,47,11674.856992
73,48,11601.298895
73,52,11596.084415
74,35,13830.477951
74,36,13166.958875
74,37,12906.434458
74,38,12451.965916
74,39,12373.722543
74,40,12337.932271
74,41,11823.120990
74,42,11821.309923
74,43,11802.315699
74,45,11783.161537
74,46,11774.658181
74,47,11674.856992
74,48,11601.298895
74,52,11596.084415
75,35,13610.963813
75,36,13067.183388
75,37,12696.432933
75,38,12432.459563
75,39,12331.745451
75,40,11778.909982
75,41,11777.484967
75,45,11750.277504
75,46,11652.627609
75,48,11596.445578
75,52,11596.084415
76,35,13610.963813
76,36,13067.183388
76,37,12696.432933
76,38,12432.459563
76,39,12331.745451
76,40,11778.909982
76,41,11777.484967
76,45,11750.277504
76,46,11651.333496
76,47,11637.833645
76,48,11596.445578
76,52,11596.084415
77,35,13610.963813
77,36,12990.721325
77,37,12696.432933
77,38,12432.459563
77,39,12331.745451
77,40,11778.909982
77,41,11777.482111
77,43,11753.102744
77,45,11750.277504
77,46,11651.333496
77,47,11637.833645
77,48,11596.445578
77,52,11596.084415
78,35,13590.403529
78,36,12990.721325
78,37,12574.643973
78,38,12391.983187
78,39,12323.843851
78,40,11774.643271
78,43,11752.421397
78,45,11750.277504
78,46,11650.234546
78,47,11606.158475
78,48,11555.113533
79,35,13590.403529
79,36,12990.721325
79,37,12574.643973
79,38,12391.983187
79,39,12231.608092
79,40,11774.643271
79,43,11752.421397
79,45,11750.277504
79,46,11650.234546
79,47,11606.158475
79,48,11555.113533
80,35,13590.403529
80,36,12990.721325
80,37,12574.643973
80,38,12391.983187
80,39,12231.608092
80,40,11774.643271
80,43,11752.421397
80,45,11750.277504
80,46,11650.234546
80,47,11606.158475
80,48,11555.113533
81,35,13590.403529
81,36,12975.188183
81,37,12561.251030
81,38,12378.094092
81,39,12208.780590
81,40,11774.533775
81,43,11732.471869
81,46,11637.551345
81,47,11592.229223
81,48,11553.968439
82,35,13590.403529
82,36,12975.188183
82,37,12561.251030
82,38,12378.094092
82,39,12208.780590
82,40,11762.934532
82,42,11720.916852
82,46,11637.551345
82,47,11571.392122
82,48,11553.968439
83,35,13590.403529
83,36,12975.188183
83,37,12561.251030
83,38,12378.094092
83,39,12208.780590
83,40,11691.280533
83,46,11637.551345
83,47,11549.666127
84,35,13510.467859
84,36,12854.239615
84,37,12520.586991
84,38,12358.174143
84,39,12208.780590
84,40,11690.818297
84,45,11622.013678
84,47,11537.780874
85,35,13510.467859
85,36,12854.239615
85,37,12520.586991
85,38,12358.174143
85,39,12208.780590
85,40,11690.818297
85,45,11622.013678
85,47,11537.780874
86,34,14332.250871
86,35,13452.885466
86,36,12854.239615
86,37,12520.586991
86,38,12250.897761
86,39,12208.780590
86,40,11690.818297
86,45,11622.013678
86,47,11537.780874
86,48,11521.950523
87,34,14084.501113
87,35,13324.431575
87,36,12814.610581
87,37,12515.874239
87,38,12235.064521
87,39,12178.879153
87,40,11645.265324
87,45,11590.053168
87,47,11511.646796
88,34,14084.501113
88,35,13151.013437
88,36,12809.976310
88,37,12490.050756
88,38,12235.064521
88,39,12178.879153
88,40,11645.265324
88,45,11590.053168
88,46,11508.097102
89,34,14084.501113
89,35,13151.013437
89,36,12809.976310
89,37,12490.050756
89,38,12235.064521
89,39,12178.879153
89,40,11645.265324
89,42,11608.112344
89,45,11590.053168
89,46,11508.097102
90,34,13933.538491
90,35,13129.842307
90,36,12798.122581
90,37,12193.966915
90,38,12128.272042
90,40,11613.680476
90,42,11583.631880
90,45,11572.769623
90,46,11504.587857
91,34,13933.538491
91,35,13129.842307
91,36,12798.122581
91,37,12193.966915
91,38,12128.272042
91,40,11613.680476
91,42,11583.631880
91,45,11572.769623
91,46,11504.587857
92,34,13864.605194
92,35,13129.842307
92,36,12798.122581
92,37,12193.966915
92,38,12128.272042
92,40,11613.680476
92,42,11583.631880
92,45,11572.769623
92,46,11504.587857
93,34,13824.185257
93,35,13094.837898
93,36,12179.084421
93,38,12091.338693
93,40,11610.289117
93,42,11583.262328
93,45,11569.732422
93,46,11504.378888
94,34,13824.185257
94,35,13094.837898
94,36,12148.970263
94,38,12091.338693
94,39,11958.120232
94,40,11610.289117
94,42,11583.262328
94,45,11569.732422
94,46,11504.378888
95,34,13824.185257
95,35,13094.837898
95,36,12148.970263
95,38,11981.240746
95,39,11958.120232
95,40,11610.289117
95,42,11583.262328
95,45,11569.732422
95,46,11504.378888
96,34,13772.352005
96,35,13052.520527
96,36,12110.862578
96,38,11958.496986
96,39,11958.120232
96,40,11607.068821
96,42,11583.262328
96,45,11514.835488
96,46,11468.332611
97,34,13772.352005
97,35,13052.520527
97,36,12110.862578
97,38,11958.496986
97,39,11958.120232
97,40,11607.068821
97,42,11583.262328
97,45,11514.835488
97,46,11468.332611
98,34,13772.352005
98,35,13052.520527
98,36,12110.862578
98,38,11958.496986
98,39,11958.120232
98,40,11607.068821
98,41,11571.177364
98,45,11485.143604
98,46,11455.118617
99,34,13724.299510
99,35,13048.138692
99,36,12099.784035
99,38,11958.496986
99,39,11958.120232
99,40,11580.373427
99,41,11571.163657
99,45,11471.838680
99,46,11453.933595
100,34,13548.765820
100,35,13048.138692
100,36,12099.784035
100,38,11958.496986
100,39,11958.120232
100,40,11580.373427
100,41,11571.163657
100,45,11471.838680
100,46,11453.933595
101,34,13548.765820
101,35,13048.138692
101,36,12099.784035
101,38,11958.496986
101,39,11958.120232
101,40,11553.891602
101,45,11471.838680
101,46,11453.933595
102,34,13530.845199
102,35,12168.544867
102,36,12094.978685
102,38,11955.156285
102,39,11946.662487
102,40,11551.253251
102,44,11466.644659
102,46,11452.454857
103,34,13297.362337
103,35,12168.544867
103,36,12081.050795
103,38,11955.156285
103,39,11946.662487
103,40,11551.253251
103,42,11533.679691
103,44,11466.644659
103,46,11452.454857
104,34,13297.362337
104,35,12168.544867
104,36,12081.050795
104,38,11955.156285
104,39,11837.702904
104,40,11551.253251
104,42,11533.679691
104,44,11466.644659
104,46,11452.454857
105,34,13157.058419
105,35,12161.448162
105,36,12062.820204
105,38,11830.146471
105,40,11551.237228
105,42,11533.679691
105,44,11461.649307
105,45,11444.940241
106,33,14079.629581
106,34,12457.470675
106,35,12161.448162
106,36,12062.820204
106,38,11830.146471
106,39,11735.913392
106,40,11551.237228
106,41,11532.584776
106,44,11461.649307
106,45,11444.940241
107,33,13744.302145
107,34,12457.470675
107,35,12161.448162
107,36,12062.820204
107,38,11830.146471
107,39,11735.913392
107,40,11551.237228
107,41,11532.584776
107,44,11461.649307
107,45,11444.940241
108,33,13744.302145
108,34,12410.248909
108,35,12140.200851
108,36,12062.820204
108,38,11829.807752
108,39,11728.901391
108,40,11549.084413
108,41,11510.302690
108,44,11461.649307
108,45,11427.999912
109,33,13744.302145
109,34,12410.248909
109,35,12140.200851
109,36,12062.820204
109,38,11829.807752
109,39,11675.801293
109,40,11549.084413
109,41,11510.302690
109,44,11461.649307
109,45,11427.999912
110,33,13744.302145
110,34,12410.248909
110,35,12140.200851
110,36,12062.820204
110,38,11829.807752
110,39,11584.196064
110,40,11549.084413
110,41,11510.302690
110,44,11461.649307
110,45,11427.999912
111,33,13744.302145
111,34,12400.235308
111,35,12136.898889
111,36,12044.846675
111,38,11829.807752
111,39,11584.196064
111,40,11509.707535
111,41,11463.843574
111,42,11436.364121
111,45,11421.562721
112,33,13744.302145
112,34,12280.030085
112,35,12136.898889
112,36,12044.846675
112,38,11829.807752
112,39,11584.196064
112,40,11504.939276
112,41,11463.843574
112,42,11436.364121
112,45,11421.562721
113,33,13744.302145
113,34,12280.030085
113,35,12136.898889
113,36,12044.846675
113,38,11829.807752
113,39,11564.351375
113,40,11499.958644
113,41,11457.315053
113,42,11436.364121
113,45,11421.562721
114,33,13498.027026
114,34,12280.030085
114,35,12100.218621
114,36,12032.312089
114,38,11822.479014
114,39,11551.060316
114,40,11499.958644
114,41,11451.286319
114,42,11433.004378
114,45,11421.492040
115,33,13498.027026
115,34,12280.030085
115,35,12100.218621
115,36,12032.312089
115,38,11822.479014
115,39,11551.060316
115,40,11484.808580
115,41,11451.286319
115,42,11433.004378
115,45,11421.492040
116,33,13498.027026
116,34,12280.030085
116,35,12100.218621
116,36,12032.312089
116,38,11822.479014
116,39,11551.060316
116,40,11484.808580
116,41,11451.286319
116,42,11433.004378
116,45,11421.492040
117,32,13526.475744
117,33,13474.981769
117,34,12201.387811
117,35,12100.218621
117,36,11998.324664
117,38,11538.719670
117,40,11422.537229
117,45,11420.749141
118,32,13526.475744
118,33,13474.981769
118,34,12201.387811
118,35,12100.218621
118,36,11998.324664
118,38,11538.719670
118,40,11410.149472
119,32,13526.475744
119,33,13474.981769
119,34,12201.387811
119,35,12100.218621
119,36,11998.324664
119,38,11538.719670
119,39,11529.244193
119,40,11410.149472
120,32,13345.010740
120,34,12187.231122
120,35,12100.218621
120,36,11925.061735
120,38,11529.576076
120,39,11520.275349
120,40,11408.523695
121,32,13345.010740
121,34,12187.231122
121,35,12100.218621
121,36,11925.061735
121,38,11529.576076
121,39,11520.275349
121,40,11408.523695
122,32,13345.010740
122,33,13195.945732
122,34,12187.231122
122,35,12100.218621
122,36,11925.061735
122,38,11529.576076
122,39,11520.275349
122,40,11408.523695
123,32,13299.416387
123,33,13055.139288
123,34,12163.488558
123,35,12100.218621
123,36,11899.944923
123,38,11529.576076
123,39,11518.897663
123,40,11408.523695
124,32,13299.416387
124,33,13055.139288
124,34,12163.488558
124,35,12100.218621
124,36,11899.944923
124,37,11878.095609
124,38,11529.576076
124,39,11518.897663
124,40,11408.523695
125,32,13299.416387
125,33,12907.450566
125,34,12163.488558
125,35,12100.218621
125,36,11899.944923
125,37,11878.095609
125,38,11529.576076
125,39,11518.897663
125,40,11408.523695
126,32,13297.145750
126,33,12771.402968
126,34,12163.419837
126,35,12100.218621
126,36,11835.031248
126,38,11529.576076
126,39,11515.649200
126,40,11404.680182
127,32,13297.145750
127,33,12771.402968
127,34,12163.419837
127,35,12100.218621
127,36,11835.031248
127,37,11813.510937
127,38,11529.576076
127,39,11515.649200
127,40,11404.680182
127,42,11391.547436
128,32,13297.145750
128,33,12771.402968
128,34,12163.419837
128,35,12100.218621
128,36,11835.031248
128,37,11813.510937
128,38,11529.576076
128,39,11515.649200
128,40,11392.621570
128,42,11379.209489
129,32,13263.866063
129,33,12741.655129
129,34,12151.943178
129,35,12068.096315
129,36,11834.593588
129,37,11802.626990
129,38,11518.497252
129,39,11515.649200
129,40,11392.621570
129,41,11361.361964
130,32,13263.866063
130,33,12741.655129
130,34,12151.943178
130,35,12068.096315
130,36,11834.593588
130,37,11792.803388
130,38,11518.497252
130,39,11394.248244
130,40,11392.621570
130,41,11361.361964
131,32,13263.866063
131,33,12741.655129
131,34,12151.943178
131,35,12068.096315
131,36,11834.593588
131,37,11792.803388
131,38,11518.497252
131,39,11394.248244
131,40,11370.166979
131,41,11361.361964
131,42,11358.186358
132,32,13232.309505
132,33,12682.400402
132,34,12120.836974
132,35,12025.260387
132,36,11817.853017
132,37,11792.803388
132,38,11512.914645
132,39,11352.604708
133,32,13232.309505
133,33,12682.400402
133,34,12120.836974
133,35,12025.260387
133,36,11817.853017
133,37,11772.931977
133,38,11512.914645
133,39,11350.623638
134,32,13197.638282
134,33,12682.400402
134,34,12120.836974
134,35,12025.260387
134,36,11817.853017
134,37,11772.931977
134,38,11512.914645
134,39,11350.623638
135,32,13160.836344
135,33,12609.983792
135,34,12095.465505
135,35,12025.260387
135,36,11817.853017
135,37,11769.536225
135,38,11501.788941
135,39,11350.623638
136,32,13160.836344
136,33,12609.983792
136,34,12095.465505
136,35,12025.260387
136,36,11817.853017
136,37,11769.536225
136,38,11501.788941
136,39,11350.623638
137,32,13160.836344
137,33,12609.983792
137,34,12095.465505
137,35,12025.260387
137,36,11817.853017
137,37,11769.536225
137,38,11501.788941
137,39,11350.623638
137,42,11344.861199
138,32,13157.344572
138,33,12582.893595
138,34,12091.088719
138,35,12007.359378
138,36,11815.792105
138,37,11764.429928
138,38,11499.820595
138,39,11301.153229
139,32,13157.344572
139,33,12582.893595
139,34,12091.088719
139,35,12007.359378
139,36,11796.687805
139,37,11764.429928
139,38,11499.820595
139,39,11301.153229
140,32,13083.847955
140,33,12582.893595
140,34,12091.088719
140,35,12007.359378
140,36,11779.343292
140,37,11764.429928
140,38,11499.820595
140,39,11301.153229
141,32,12921.983768
141,33,12520.928836
141,34,12046.937209
141,35,11967.879824
141,36,11693.841159
141,38,11488.553370
141,39,11260.230055
142,32,12921.983768
142,33,12520.928836
142,34,12046.937209
142,35,11967.879824
142,36,11693.841159
142,38,11488.553370
142,39,11260.230055
143,31,13873.026071
143,32,12921.983768
143,33,12520.928836
143,34,12046.937209
143,35,11967.879824
143,36,11693.841159
143,38,11488.553370
143,39,11260.230055
144,31,13549.426993
144,32,12888.069119
144,33,12520.928836
144,34,12041.659742
144,35,11967.879824
144,36,11684.640398
144,38,11488.309994
144,39,11260.230055
145,31,13549.426993
145,32,12888.069119
145,33,12520.928836
145,34,12041.659742
145,35,11967.879824
145,36,11684.640398
145,38,11488.309994
145,39,11260.230055
146,31,13549.426993
146,32,12728.762720
146,33,12520.928836
146,34,12041.659742
146,35,11967.879824
146,36,11684.640398
146,38,11488.309994
146,39,11260.230055
147,31,13498.735332
147,32,12669.568034
147,33,12457.273314
147,34,12041.659742
147,35,11967.879824
147,36,11683.081920
147,38,11488.250049
147,39,11253.576672
148,31,13498.735332
148,32,12669.568034
148,33,12457.273314
148,34,12041.659742
148,35,11967.879824
148,36,11683.081920
148,38,11488.250049
148,39,11253.576672
149,31,13498.735332
149,32,12669.568034
149,33,12457.273314
149,34,12041.659742
149,35,11967.879824
149,36,11683.081920
149,37,11478.502507
149,38,11432.909476
149,39,11253.576672
150,31,13481.393055
150,32,12622.083062
150,33,12409.144353
150,34,12033.818216
150,35,11967.879824
150,36,11681.939074
150,37,11473.989298
150,38,11432.909476
150,39,11250.888630
151,31,13465.680711
151,32,12622.083062
151,33,12409.144353
151,34,12033.818216
151,35,11951.790823
151,36,11665.197155
151,37,11442.415093
151,38,11432.909476
151,39,11250.888630
152,31,13465.680711
152,32,12622.083062
152,33,12409.144353
152,34,12033.818216
152,35,11951.790823
152,36,11665.197155
152,37,11442.415093
152,38,11432.909476
152,39,11250.888630
153,31,13412.267413
153,32,12574.379636
153,33,12409.144353
153,34,12033.818216
153,35,11917.560709
153,36,11665.185932
153,37,11402.239527
153,39,11250.888630
154,31,13412.267413
154,32,12574.379636
154,33,12409.144353
154,34,12033.818216
154,35,11917.560709
154,36,11665.185932
154,37,11402.239527
154,39,11250.888630
155,31,13412.267413
155,32,12574.379636
155,33,12409.144353
155,34,12033.818216
155,35,11917.560709
155,36,11665.185932
155,37,11402.239527
155,39,11250.888630
156,31,13412.267413
156,32,12522.034480
156,33,12343.150423
156,34,12033.818216
156,35,11916.304872
156,36,11662.366440
156,37,11400.372814
156,39,11250.806611
157,31,13052.422758
157,32,12522.034480
157,33,12317.481841
157,34,12033.818216
157,35,11916.304872
157,36,11662.366440
157,37,11400.372814
157,39,11250.806611
158,31,13052.422758
158,32,12522.034480
158,33,12317.481841
158,34,12033.818216
158,35,11916.304872
158,36,11662.366440
158,37,11400.372814
158,39,11250.806611
159,31,13033.606376
159,32,12412.852270
159,33,12317.481841
159,34,12024.456463
159,35,11877.685468
159,36,11659.708807
159,37,11400.372814
159,39,11226.292872
160,31,13024.422412
160,32,12412.852270
160,33,12309.182634
160,34,12024.456463
160,35,11877.685468
160,36,11659.708807
160,37,11400.372814
160,39,11226.292872
161,31,13024.422412
161,32,12412.852270
161,33,12309.182634
161,34,12024.456463
161,35,11877.685468
161,36,11659.708807
161,37,11400.372814
161,39,11226.292872
162,31,12984.074871
162,32,12410.440709
162,33,12309.182634
162,34,12024.456463
162,35,11877.685468
162,36,11592.889677
162,37,11390.832043
162,39,11226.292872
163,31,12984.074871
163,32,12410.440709
163,33,12309.182634
163,34,12024.456463
163,35,11877.685468
163,36,11591.754391
163,37,11390.832043
163,39,11226.292872
164,31,12984.074871
164,32,12359.996685
164,33,12216.040841
164,34,11958.926101
164,35,11877.685468
164,36,11591.754391
164,37,11390.832043
164,39,11226.292872
165,31,12748.939435
165,32,12269.406365
165,33,12201.772930
165,34,11958.926101
165,35,11869.051572
165,36,11562.816237
165,37,11390.832043
165,39,11223.976066
166,30,13346.521440
166,31,12748.939435
166,32,12269.406365
166,33,12201.772930
166,34,11958.926101
166,35,11869.051572
166,36,11562.816237
166,37,11390.832043
166,39,11223.976066
167,30,13346.521440
167,31,12748.939435
167,32,12269.406365
167,33,12201.772930
167,34,11958.926101
167,35,11869.051572
167,36,11562.816237
167,37,11389.062481
167,39,11223.976066
168,30,13038.389789
168,31,12734.306038
168,32,12267.453440
168,33,12201.772930
168,34,11958.926101
168,35,11869.051572
168,36,11542.501048
168,37,11389.062481
168,38,11314.417061
168,39,11206.120160
169,30,13038.389789
169,31,12734.306038
169,32,12267.453440
169,33,12140.387935
169,34,11958.926101
169,35,11869.051572
169,36,11542.501048
169,37,11389.062481
169,38,11314.417061
169,39,11206.120160
170,30,13038.389789
170,31,12734.306038
170,32,12267.453440
170,33,12140.387935
170,34,11958.926101
170,35,11869.051572
170,36,11542.501048
170,37,11389.062481
170,38,11314.417061
170,39,11206.120160
170,40,11195.937961
171,30,13038.389789
171,31,12734.306038
171,32,12267.453440
171,33,12136.990987
171,34,11955.976023
171,35,11867.642628
171,36,11542.501048
171,37,11373.077970
171,38,11313.487651
171,39,11206.120160
171,40,11158.968979
172,30,13038.389789
172,31,12703.643128
172,32,12267.453440
172,33,12136.990987
172,34,11955.976023
172,35,11867.642628
172,36,11542.501048
172,37,11373.077970
172,38,11313.487651
172,39,11206.120160
172,40,11158.968979
173,30,13038.389789
173,31,12703.643128
173,32,12267.453440
173,33,12136.990987
173,34,11955.976023
173,35,11867.642628
173,36,11542.501048
173,37,11373.077970
173,38,11313.487651
173,39,11206.120160
173,40,11158.968979
174,30,13003.122985
174,31,12523.003077
174,32,12265.517266
174,33,12074.568388
174,34,11955.883666
174,35,11850.130834
174,36,11542.501048
174,37,11373.077970
174,38,11201.740539
174,40,11157.378692
175,30,13003.122985
175,31,12523.003077
175,32,12265.517266
175,33,12074.568388
175,34,11955.883666
175,35,11850.130834
175,36,11542.501048
175,37,11373.077970
175,38,11201.740539
175,40,11157.378692
176,30,13003.122985
176,31,12523.003077
176,32,12265.517266
176,33,11955.891853
176,34,11955.883666
176,35,11850.130834
176,36,11542.501048
176,37,11373.077970
176,38,11201.740539
176,40,11157.378692
177,30,12990.459868
177,31,12503.281637
177,32,12255.591789
177,33,11907.327307
177,35,11821.884164
177,36,11542.336019
177,37,11346.740562
177,38,11196.923599
177,40,11157.378692
178,30,12990.459868
178,31,12503.281637
178,32,12255.591789
178,33,11907.327307
178,35,11821.884164
178,36,11542.336019
178,37,11346.740562
178,38,11196.923599
178,40,11157.378692
179,30,12990.459868
179,31,12503.281637
179,32,12255.591789
179,33,11907.327307
179,35,11821.884164
179,36,11542.336019
179,37,11346.740562
179,38,11196.923599
179,40,11157.378692
180,30,12978.412767
180,31,12478.262730
180,32,12243.658334
180,33,11907.263558
180,35,11821.884164
180,36,11535.296514
180,37,11340.273021
180,38,11196.923599
180,39,11132.191417
181,30,12978.412767
181,31,12478.262730
181,32,12243.658334
181,33,11907.263558
181,35,11821.884164
181,36,11535.296514
181,37,11340.273021
181,38,11196.923599
181,39,11132.191417
182,30,12978.412767
182,31,12478.262730
182,32,12170.914725
182,33,11907.263558
182,34,11877.592665
182,35,11821.884164
182,36,11535.296514
182,37,11340.273021
182,38,11196.923599
182,39,11132.191417
183,30,12968.996992
183,31,12470.961796
183,32,12150.101616
183,33,11888.308630
183,34,11859.265607
183,35,11818.779457
183,36,11532.852774
183,37,11210.563787
183,38,11195.699631
183,39,11130.998619
184,30,12968.996992
184,31,12470.961796
184,32,12150.101616
184,33,11888.308630
184,34,11859.265607
184,35,11818.779457
184,36,11532.852774
184,37,11207.018197
184,38,11195.699631
184,39,11130.998619
185,30,12968.996992
185,31,12470.961796
185,32,12150.101616
185,33,11888.308630
185,34,11859.265607
185,35,11818.779457
185,36,11532.852774
185,37,11207.018197
185,38,11195.699631
185,39,11130.998619
186,30,12964.339750
186,31,12457.080539
186,32,12149.569719
186,33,11882.377954
186,34,11857.718774
186,35,11798.146943
186,36,11521.855453
186,37,11206.290537
186,38,11095.148506
187,30,12964.339750
187,31,12457.080539
187,32,12149.569719
187,33,11882.377954
187,34,11857.718774
187,35,11798.146943
187,36,11521.855453
187,37,11206.290537
187,38,11095.148506
188,30,12909.432664
188,31,12457.080539
188,32,12149.569719
188,33,11882.377954
188,34,11857.718774
188,35,11798.146943
188,36,11521.855453
188,37,11201.341368
188,38,11095.148506
189,30,12904.786323
189,31,12457.080539
189,32,12135.797818
189,33,11864.490807
189,34,11857.718774
189,35,11784.460536
189,36,11520.576729
189,37,11082.846690
190,30,12904.786323
190,31,12457.080539
190,32,12135.797818
190,33,11848.342557
190,35,11784.460536
190,36,11520.576729
190,37,11082.846690
191,30,12904.786323
191,31,12457.080539
191,32,12135.797818
191,33,11848.342557
191,35,11784.460536
191,36,11520.576729
191,37,11082.846690
192,30,12904.786323
192,31,12139.535774
192,32,12126.434162
192,33,11846.119914
192,35,11744.102571
192,36,11104.087588
192,37,11079.837969
193,30,12809.497429
193,31,11986.811341
193,33,11846.119914
193,35,11552.613096
193,36,11104.087588
193,37,11079.837969
194,30,12809.497429
194,31,11986.811341
194,33,11846.119914
194,34,11805.830770
194,35,11552.613096
194,36,11104.087588
194,37,11079.837969
195,30,12793.678364
195,31,11978.225348
195,33,11816.454419
195,34,11536.763932
195,36,11096.354349
195,37,11076.360096
196,30,12793.678364
196,31,11978.225348
196,32,11919.431621
196,33,11741.964854
196,34,11536.763932
196,36,11096.354349
196,37,11076.360096
197,30,12793.678364
197,31,11978.225348
197,32,11782.715169
197,33,11741.964854
197,34,11536.763932
197,36,11096.354349
197,37,11076.360096
197,38,11066.837461
198,30,12785.429081
198,31,11978.225348
198,32,11781.394905
198,33,11262.648023
198,36,11096.354349
198,37,11075.062805
198,38,11046.728723
199,30,12785.429081
199,31,11978.225348
199,32,11781.394905
199,33,11262.648023
199,35,11234.533832
199,36,11096.354349
199,37,11075.062805
199,38,11046.728723
200,30,12785.429081
200,31,11854.142018
200,32,11781.394905
200,33,11262.648023
200,35,11234.533832
200,36,11092.917856
200,37,11069.720123
200,38,11046.728723
201,30,12766.239915
201,31,11847.732730
201,32,11679.777925
201,33,11225.637335
201,35,11105.133219
201,36,11090.182317
201,37,11067.657602
201,38,11046.728723
202,30,12766.239915
202,31,11847.732730
202,32,11679.777925
202,33,11225.637335
202,35,11105.133219
202,36,11090.182317
202,37,11065.185265
202,38,11046.728723
203,30,12766.239915
203,31,11847.732730
203,32,11679.777925
203,33,11225.637335
203,35,11105.133219
203,36,11090.182317
203,37,11054.407360
203,38,11046.728723
204,30,12713.272131
204,31,11844.300561
204,32,11650.495175
204,33,11204.883092
204,35,11105.133219
204,36,11078.763606
204,37,11054.407360
204,38,11046.728723
205,30,12713.272131
205,31,11844.300561
205,32,11650.495175
205,33,11204.883092
205,35,11105.133219
205,36,11037.268462
206,30,12713.272131
206,31,11844.300561
206,32,11650.495175
206,33,11204.883092
206,35,11105.133219
206,36,11025.656253
207,30,12680.615179
207,31,11823.973270
207,32,11650.085276
207,33,11204.883092
207,35,11104.084749
207,36,11025.540246
208,30,12680.615179
208,31,11746.762701
208,32,11650.085276
208,33,11204.883092
208,35,11104.084749
208,36,11025.540246
209,30,12658.059425
209,31,11746.762701
209,32,11650.085276
209,33,11204.883092
209,35,11104.084749
209,36,11025.540246
210,30,11711.775221
210,32,11641.352629
210,33,11183.347800
210,35,11089.737933
210,36,11011.895996
211,30,11711.775221
211,31,11622.720285
211,33,11183.347800
211,35,11074.531999
211,36,11011.895996
212,30,11711.775221
212,31,11622.720285
212,32,11604.900136
212,33,11183.347800
212,35,11074.531999
212,36,11011.895996
213,30,11703.931859
213,31,11622.264334
213,32,11580.720382
213,33,11176.273534
213,34,11101.978889
213,35,11074.531999
213,36,11011.895996
213,37,10983.571874
214,30,11703.931859
214,31,11622.264334
214,32,11580.720382
214,33,11176.273534
214,34,11096.804741
214,35,11041.370526
214,36,11011.895996
214,37,10983.571874
215,29,11952.793170
215,30,11703.931859
215,31,11622.264334
215,32,11580.720382
215,33,11176.273534
215,34,11096.804741
215,35,11041.370526
215,36,11011.895996
215,37,10983.571874
216,29,11918.760883
216,30,11701.730656
216,31,11622.264334
216,32,11580.720382
216,33,11153.619140
216,34,11051.639671
216,35,10996.922001
216,37,10981.395863
217,29,11918.760883
217,30,11640.795305
217,31,11622.264334
217,32,11580.720382
217,33,11153.619140
217,34,11051.639671
217,35,10996.922001
217,37,10981.395863
218,29,11852.745966
218,30,11640.795305
218,31,11622.264334
218,32,11580.720382
218,33,11153.619140
218,34,11051.639671
218,35,10996.922001
218,37,10981.395863
219,29,11850.059827
219,30,11627.272265
219,31,11618.759453
219,32,11576.500011
219,33,11146.126325
219,34,11049.739093
219,35,10996.922001
219,37,10981.395863
220,29,11850.059827
220,30,11627.272265
220,31,11618.759453
220,32,11576.500011
220,33,11146.126325
220,34,11049.739093
220,35,10996.922001
220,37,10981.395863
221,29,11850.059827
221,30,11627.272265
221,31,11618.759453
221,32,11576.500011
221,33,11146.126325
221,34,11049.739093
221,35,10996.922001
221,36,10976.000030
222,29,11850.059827
222,30,11621.182520
222,31,11618.759453
222,32,11563.170579
222,33,11145.627276
222,34,11048.583589
222,35,10991.759187
222,36,10976.000030
223,29,11850.059827
223,30,11590.525695
223,32,11563.170579
223,33,11145.627276
223,34,11048.583589
223,35,10991.759187
223,36,10976.000030
224,29,11850.059827
224,30,11590.525695
224,32,11563.170579
224,33,11145.627276
224,34,11048.583589
224,35,10991.759187
224,36,10972.879412
225,29,11792.757395
225,30,11584.851840
225,32,11559.973623
225,33,11079.257761
225,34,11045.625925
225,35,10991.759187
225,36,10972.879412
226,29,11792.757395
226,30,11584.851840
226,32,11559.973623
226,33,11079.257761
226,34,11045.625925
226,35,10991.759187
226,36,10972.879412
227,29,11792.757395
227,30,11584.851840
227,32,11559.973623
227,33,11079.257761
227,34,11045.625925
227,35,10991.759187
227,36,10972.879412
228,29,11789.917645
228,30,11565.009094
228,32,11559.973623
228,33,11047.998562
228,34,11034.096052
228,35,10988.004994
228,36,10969.730878
229,29,11789.917645
229,30,11565.009094
229,32,11559.973623
229,33,11047.998562
229,34,11034.096052
229,35,10988.004994
229,36,10969.730878
230,29,11789.917645
230,30,11565.009094
230,32,11559.973623
230,33,11047.998562
230,34,11031.791859
230,35,10988.004994
230,36,10969.730878
231,29,11769.519352
231,30,11565.009094
231,32,11559.973623
231,33,11047.998562
231,34,11029.788869
231,35,10987.660721
231,36,10969.730878
232,29,11769.519352
232,30,11565.009094
232,32,11559.973623
232,33,11047.998562
232,34,11029.788869
232,35,10987.660721
232,36,10969.730878
233,29,11769.519352
233,30,11565.009094
233,32,11559.973623
233,33,11047.998562
233,34,10990.476780
233,35,10987.660721
233,36,10969.730878
234,29,11719.500208
234,30,11536.790903
234,32,11533.519838
234,33,11047.781037
234,34,10990.476780
234,35,10987.660721
234,36,10968.825431
235,29,11719.500208
235,30,11536.790903
235,31,11509.832296
235,33,11047.781037
235,34,10943.288175
236,29,11719.500208
236,30,11536.790903
236,31,11509.832296
236,33,11047.781037
236,34,10943.288175
237,29,11665.245976
237,30,11536.790903
237,31,11501.490985
237,33,11044.181277
237,34,10941.626140
238,29,11665.245976
238,30,11536.790903
238,31,11501.490985
238,33,11044.181277
238,34,10941.626140
239,29,11665.245976
239,30,11536.790903
239,31,11501.490985
239,33,11044.181277
239,34,10941.626140
240,29,11665.245976
240,30,11536.790903
240,31,11501.490985
240,33,11041.707237
240,34,10941.626140
241,29,11665.245976
241,30,11536.790903
241,31,11501.490985
241,33,11041.707237
241,34,10941.626140
242,29,11665.245976
242,30,11536.790903
242,31,11501.490985
242,33,11041.707237
242,34,10941.626140
243,29,11642.866071
243,30,11536.790903
243,31,11501.490985
243,33,11041.707237
243,34,10941.626140
244,29,11642.866071
244,30,11497.517554
244,31,11432.927795
244,33,11041.707237
244,34,10941.626140
245,29,11623.947721
245,30,11497.517554
245,31,11432.927795
245,33,11041.707237
245,34,10941.626140
246,29,11622.346048
246,30,11484.032233
246,31,11419.771415
246,33,11040.067495
246,34,10941.626140
247,29,11622.346048
247,30,11484.032233
247,31,11419.771415
247,33,11040.067495
247,34,10923.625426
248,29,11622.346048
248,30,11484.032233
248,31,11419.771415
248,33,11040.067495
248,34,10917.752001
249,29,11622.346048
249,30,11412.020217
249,33,10972.995748
249,34,10917.752001
250,29,11622.346048
250,30,11412.020217
250,32,11290.793062
250,33,10972.995748
250,34,10917.752001
251,29,11622.346048
251,30,11412.020217
251,32,11290.793062
251,33,10972.995748
251,34,10917.752001
252,29,11621.124825
252,30,11412.020217
252,32,11250.174036
252,33,10971.805239
252,34,10909.053997
253,29,11621.124825
253,30,11412.020217
253,32,11250.174036
253,33,10971.805239
253,34,10909.053997
254,29,11621.124825
254,30,11412.020217
254,32,11250.174036
254,33,10971.805239
254,34,10909.053997
255,29,11619.638091
255,30,11402.874565
255,32,11195.302117
255,33,10964.066358
255,34,10909.014468
256,29,11619.638091
256,30,11402.874565
256,32,11195.302117
256,33,10964.066358
256,34,10909.014468
257,29,11489.180469
257,30,11402.874565
257,32,11195.302117
257,33,10964.066358
257,34,10909.014468
258,28,12070.724731
258,29,11454.686254
258,30,11401.025242
258,32,11195.302117
258,33,10913.796564
258,34,10907.842975
259,28,12070.724731
259,29,11454.686254
259,30,11401.025242
259,32,11138.750868
259,33,10913.796564
259,34,10907.842975
260,28,12070.724731
260,29,11454.151127
260,30,11401.025242
260,32,11133.321489
260,33,10913.796564
260,34,10907.842975
261,28,12070.724731
261,29,11447.091654
261,30,11397.392363
261,32,11133.321489
261,33,10913.796564
261,34,10902.678561
261,36,10890.332070
262,28,12070.724731
262,29,11404.203302
262,30,11397.392363
262,32,11133.321489
262,33,10907.850451
262,34,10902.678561
262,36,10890.332070
263,28,12070.724731
263,29,11404.203302
263,30,11397.392363
263,32,11133.321489
263,33,10907.850451
263,34,10902.678561
263,36,10890.332070
264,28,12070.724731
264,29,11404.203302
264,30,11378.223483
264,32,11117.153927
264,33,10907.850451
264,34,10902.678561
264,36,10878.666644
265,28,12001.457939
265,29,11404.203302
265,30,11378.223483
265,32,11117.153927
265,33,10907.850451
265,34,10902.678561
265,35,10887.063250
265,36,10878.666644
266,28,12001.457939
266,29,11404.203302
266,30,11378.223483
266,32,11117.153927
266,33,10881.554500
266,36,10878.666644
267,28,11508.027954
267,29,11402.078017
267,30,11378.223483
267,32,11100.895646
267,33,10881.554500
267,36,10877.711178
268,28,11508.027954
268,29,11402.078017
268,30,11378.223483
268,32,11100.895646
268,33,10881.554500
268,36,10877.711178
269,28,11508.027954
269,29,11402.078017
269,30,11378.223483
269,32,11100.895646
269,33,10881.554500
269,36,10877.711178
270,28,11508.027954
270,29,11399.947962
270,30,11377.929152
270,32,11100.895646
270,33,10873.591961
271,28,11388.683802
271,30,11333.110046
271,32,11100.895646
271,33,10873.591961
272,28,11388.683802
272,30,11333.110046
272,32,11100.895646
272,33,10873.591961
273,28,11381.894809
273,30,11333.110046
273,32,11098.470287
273,33,10873.591961
274,28,11381.894809
274,30,11333.110046
274,32,11098.470287
274,33,10850.382727
275,28,11381.894809
275,30,11333.110046
275,32,11098.470287
275,33,10850.382727
276,28,11356.301293
276,30,11333.110046
276,32,11098.470287
276,33,10850.382727
277,28,11356.301293
277,30,11333.110046
277,32,11098.470287
277,33,10850.382727
278,28,11347.639131
278,30,11333.110046
278,31,11264.788036
278,32,11098.470287
278,33,10850.382727
279,28,11347.639131
279,30,11333.110046
279,31,11257.921427
279,32,11084.990568
279,33,10840.734798
280,28,11346.001017
280,30,11333.110046
280,31,11257.921427
280,32,11084.990568
280,33,10840.734798
281,28,11346.001017
281,30,11333.110046
281,31,11257.921427
281,32,11084.990568
281,33,10840.734798
282,28,11344.254616
282,30,11333.110046
282,31,11221.222184
282,32,11084.990568
282,33,10839.687651
283,28,11344.254616
283,30,11333.110046
283,31,11221.222184
283,32,11084.990568
283,33,10839.687651
284,28,11325.333602
284,31,11221.222184
284,32,11084.990568
284,33,10839.687651
285,28,11321.208413
285,31,11189.925303
285,32,11084.451371
285,33,10838.476990
286,28,11321.208413
286,31,11189.925303
286,32,11084.451371
286,33,10838.476990
287,28,11321.208413
287,31,11189.925303
287,32,11084.451371
287,33,10838.476990
288,28,11320.456571
288,31,11185.477555
288,32,10886.172928
288,33,10838.476990
289,28,11320.456571
289,31,10934.183574
289,32,10886.172928
289,33,10838.476990
290,28,11320.456571
290,31,10934.183574
290,32,10886.172928
290,33,10838.476990
291,28,11309.432039
291,31,10934.183574
291,32,10886.172928
291,33,10830.378371
292,28,11309.432039
292,31,10934.183574
292,32,10886.172928
292,33,10830.378371
293,28,11298.668564
293,31,10934.183574
293,32,10886.172928
293,33,10830.378371
294,28,11298.252738
294,29,11296.207820
294,31,10930.520633
294,32,10886.065383
294,33,10811.987129
295,28,11298.252738
295,29,11296.207820
295,31,10930.520633
295,32,10886.065383
295,33,10811.987129
296,28,11298.252738
296,29,11296.207820
296,31,10930.520633
296,32,10886.065383
296,33,10811.987129
297,28,11298.252738
297,29,11296.207820
297,31,10930.520633
297,32,10886.065383
297,33,10811.987129
298,28,11298.252738
298,29,11296.207820
298,31,10930.520633
298,32,10886.065383
298,33,10811.987129
299,28,11298.252738
299,29,11296.207820
299,31,10930.520633
299,32,10886.065383
299,33,10811.987129
300,28,11298.252738
300,29,11293.051563
300,31,10928.268423
300,32,10885.185016
300,33,10811.987129
301,28,11298.252738
301,29,11293.051563
301,31,10928.268423
301,32,10885.185016
301,33,10811.987129
302,28,11298.252738
302,29,11293.051563
302,31,10911.235031
302,32,10885.185016
302,33,10811.987129
303,28,11298.094582
303,29,11293.051563
303,30,11288.942217
303,31,10911.235031
303,32,10881.991968
303,33,10811.987129
304,28,11298.094582
304,29,11293.051563
304,30,11288.942217
304,31,10911.235031
304,32,10881.991968
304,33,10811.987129
305,28,11298.094582
305,29,11293.051563
305,30,11288.942217
305,31,10911.235031
305,32,10881.991968
305,33,10811.987129
306,28,11297.103781
306,29,11286.572617
306,31,10906.867234
306,32,10811.020469
307,28,11297.103781
307,29,11286.572617
307,31,10906.867234
307,32,10811.020469
308,28,11277.054685
308,31,10906.867234
308,32,10811.020469
309,27,11739.355177
309,28,11277.054685
309,30,11174.082280
309,31,10906.867234
309,32,10811.020469
310,27,11739.355177
310,28,11277.054685
310,30,11174.082280
310,31,10906.867234
310,32,10811.020469
311,27,11739.355177
311,28,11263.389907
311,29,11235.306226
311,30,11174.082280
311,31,10906.867234
311,32,10811.020469
312,27,11731.013824
312,28,11253.316123
312,29,11234.967116
312,30,11166.545852
312,31,10906.867234
312,32,10811.020469
313,27,11731.013824
313,28,11253.316123
313,29,11234.967116
313,30,11166.545852
313,31,10906.867234
313,32,10811.020469
314,27,11731.013824
314,28,11253.316123
314,29,11234.967116
314,30,11166.545852
314,31,10906.867234
314,32,10811.020469
315,27,11506.859200
315,28,11251.856499
315,29,11234.967116
315,30,11164.252104
315,31,10906.867234
315,32,10810.617957
316,27,11506.859200
316,28,11249.305322
316,29,11234.967116
316,30,11164.252104
316,31,10906.867234
316,32,10810.617957
317,27,11506.859200
317,28,11249.305322
317,29,11234.967116
317,30,11164.252104
317,31,10906.867234
317,32,10810.617957
318,27,11495.907648
318,28,11249.305322
318,29,11233.641539
318,30,11164.252104
318,31,10906.867234
318,32,10810.617957
319,27,11495.907648
319,28,11249.305322
319,29,11233.641539
319,30,11164.252104
319,31,10906.867234
319,32,10810.617957
320,27,11495.907648
320,28,11249.305322
320,29,11233.641539
320,30,11164.252104
320,31,10906.867234
320,32,10810.617957
321,27,11495.907648
321,28,11249.305322
321,29,11218.471876
321,30,11164.252104
321,31,10901.577696
321,32,10808.878203
322,27,11365.496883
322,28,11226.740115
322,29,11218.471876
322,30,11164.252104
322,31,10901.577696
322,32,10808.878203
323,27,11365.496883
323,28,11226.740115
323,29,11218.471876
323,30,11164.252104
323,31,10901.577696
323,32,10808.878203
324,27,11361.745644
324,28,11225.767698
324,29,11216.375131
324,30,11157.146506
324,31,10901.577696
324,32,10806.717171
325,27,11361.745644
325,28,11225.767698
325,29,11202.122440
325,30,11157.146506
325,31,10901.577696
325,32,10806.717171
326,27,11361.745644
326,28,11225.767698
326,29,11202.122440
326,30,11157.146506
326,31,10901.577696
326,32,10806.717171
