Generation,NV,TOC
1,51,18869.248651
1,60,16092.597191
1,65,15714.926596
1,72,15668.234869
1,75,15537.782518
1,83,15378.055366
1,111,15267.918382
1,119,15200.939451
1,134,15027.586180
2,51,18869.248651
2,60,16092.597191
2,62,16000.125069
2,65,15714.926596
2,66,15677.572498
2,67,15653.107112
2,75,15537.782518
2,82,15378.656871
2,83,15378.055366
2,92,15118.974402
2,113,15115.389538
2,134,15027.586180
3,49,19308.003054
3,51,18869.248651
3,52,16914.636256
3,59,15894.678139
3,60,15704.982080
3,65,15671.894845
3,66,15577.218679
3,68,15510.985237
3,69,15455.038641
3,82,15378.656871
3,83,15378.055366
3,89,14972.787793
3,127,14701.300633
4,49,17931.419552
4,50,17094.543887
4,52,16513.494224
4,58,15815.568080
4,59,15474.024350
4,65,15356.062787
4,68,15039.458291
4,73,14970.873271
4,88,14867.680937
4,127,14666.254633
5,49,17931.419552
5,50,17094.543887
5,52,16513.494224
5,56,14975.276122
5,73,14970.873271
5,77,14884.003436
5,88,14867.680937
5,127,14524.093253
6,48,19423.993089
6,49,17931.419552
6,50,17094.543887
6,52,16513.494224
6,56,14975.276122
6,66,14831.018432
6,77,14714.163460
6,125,14502.934845
7,47,19050.772285
7,49,17931.419552
7,50,17094.543887
7,52,16513.494224
7,56,14975.276122
7,60,14950.638252
7,63,14787.132510
7,77,14714.163460
7,78,14697.853173
7,93,14685.733665
7,98,14526.321579
7,125,14502.934845
8,45,17416.069752
8,48,17141.981312
8,50,15984.006401
8,56,14868.649505
8,60,14766.563317
8,61,14555.331602
8,67,14478.617852
8,77,14359.866851
9,45,17416.069752
9,48,17141.981312
9,50,15984.006401
9,54,15888.203177
9,56,14868.649505
9,57,14859.311730
9,60,14766.563317
9,61,14555.331602
9,67,14478.617852
9,76,14459.269169
9,77,14359.866851
10,45,17416.069752
10,47,17110.704116
10,50,15915.147892
10,54,15850.166572
10,55,14792.335786
10,59,14645.486623
10,60,14525.346549
10,65,14378.443741
10,73,14362.876221
10,77,14316.344725
11,41,17135.618008
11,43,16570.624554
11,49,15759.861109
11,55,14792.335786
11,59,14645.486623
11,60,14525.346549
11,65,14378.443741
11,67,14230.203599
12,41,17135.618008
12,43,16570.624554
12,48,15686.426202
12,53,15200.128139
12,55,14728.472429
12,58,14602.916467
12,60,14524.613642
12,62,14413.818223
12,64,14311.464973
12,66,14142.836486
12,78,14113.396304
13,41,17135.618008
13,43,16570.624554
13,48,15686.426202
13,53,15200.128139
13,55,14728.472429
13,58,14602.916467
13,60,14524.613642
13,62,14413.818223
13,64,14311.464973
13,66,14142.836486
13,78,14113.396304
13,98,13915.036048
14,41,17135.618008
14,43,16570.624554
14,45,16334.817635
14,48,15686.426202
14,52,15609.570009
14,53,15200.128139
14,55,14728.472429
14,58,14348.669725
14,62,14324.983315
14,64,14244.424937
14,65,14091.231068
14,76,13988.927359
14,79,13907.818831
14,98,13857.888035
15,41,17135.618008
15,43,16570.624554
15,44,16243.615354
15,48,15686.426202
15,50,15599.694913
15,53,15200.128139
15,55,14728.472429
15,58,14348.669725
15,61,14064.297969
15,76,13988.927359
15,79,13907.818831
15,84,13853.880709
16,41,17135.618008
16,43,16570.624554
16,44,16243.615354
16,47,15552.904465
16,49,15505.201301
16,51,15321.403540
16,52,14620.478813
16,58,14237.513938
16,61,14064.297969
16,76,13988.927359
16,79,13877.930015
16,84,13784.863642
17,41,17135.618008
17,42,16852.632616
17,43,16570.624554
17,44,16243.615354
17,47,15552.904465
17,49,15505.201301
17,51,15102.962833
17,52,14620.478813
17,58,14237.513938
17,61,14064.297969
17,70,14023.976014
17,76,13988.927359
17,78,13891.910919
17,79,13877.930015
17,84,13784.863642
17,97,13568.168945
17,98,13568.129561
18,41,17135.618008
18,42,16852.632616
18,43,16472.909673
18,44,15976.779308
18,45,15806.949428
18,47,15552.904465
18,49,15266.863465
18,51,14410.914969
18,58,14237.513938
18,60,13890.032924
18,77,13805.355766
18,84,13755.556798
18,95,13511.506434
18,97,13498.467283
19,41,17135.618008
19,42,16852.632616
19,43,15425.565698
19,49,15198.911073
19,51,14410.914969
19,58,14237.513938
19,60,13890.032924
19,61,13888.592054
19,67,13791.579523
19,75,13788.122174
19,82,13767.015781
19,84,13755.556798
19,95,13511.506434
19,97,13498.467283
20,41,17135.618008
20,42,16852.632616
20,43,15425.565698
20,46,15404.081950
20,49,15198.911073
20,50,14631.378601
20,51,14410.914969
20,57,14085.607950
20,59,13831.673741
20,66,13663.984285
20,93,13363.779761
21,41,17135.618008
21,42,16852.632616
21,43,15425.565698
21,44,15356.716865
21,46,15204.368732
21,49,15198.911073
21,50,14631.378601
21,51,14410.914969
21,57,14085.607950
21,59,13831.673741
21,61,13623.410524
21,71,13606.202648
21,93,13363.779761
22,41,17135.618008
22,42,16852.632616
22,43,15353.684435
22,44,15257.727323
22,46,14980.997240
22,50,14271.110287
22,55,14008.581145
22,57,13864.427392
22,58,13781.991455
22,61,13575.924567
22,63,13523.357223
22,92,13304.636611
23,41,17135.618008
23,42,16852.632616
23,43,15353.684435
23,44,15257.727323
23,46,14980.997240
23,50,14271.110287
23,55,14008.581145
23,57,13864.427392
23,58,13781.991455
23,61,13575.924567
23,63,13523.357223
23,64,13509.846217
23,65,13445.038996
23,92,13304.636611
24,41,17135.618008
24,42,15547.073885
24,43,15353.684435
24,44,15257.727323
24,46,14980.997240
24,48,14897.012420
24,50,14271.110287
24,54,13925.330361
24,56,13769.841806
24,58,13645.200571
24,59,13400.005585
24,66,13265.468696
25,41,16211.238822
25,42,15547.073885
25,43,15241.886844
25,44,15221.119190
25,46,14980.997240
25,48,14702.749058
25,50,14271.110287
25,54,13925.330361
25,56,13769.841806
25,58,13645.200571
25,59,13400.005585
25,66,13265.468696
26,41,16211.238822
26,42,14978.656384
26,46,14812.744448
26,47,14645.012196
26,50,14271.110287
26,53,13820.739265
26,56,13729.266577
26,58,13335.591561
26,64,13168.388114
27,41,16211.238822
27,42,14978.656384
27,46,14812.744448
27,47,14645.012196
27,50,14271.110287
27,53,13820.739265
27,56,13729.266577
27,58,13335.591561
27,64,13168.388114
28,41,16039.647385
28,42,14799.643111
28,46,14641.210423
28,47,14511.297499
28,49,14158.872099
28,51,14097.110428
28,52,13745.798068
28,56,13655.766245
28,57,13319.642051
28,63,13122.110532
29,41,16039.647385
29,42,14799.643111
29,45,14159.932957
29,49,14158.872099
29,51,14033.627600
29,52,13745.798068
29,56,13655.766245
29,57,13319.642051
29,63,13122.110532
30,41,16039.647385
30,42,14799.643111
30,45,14038.992210
30,49,14002.487063
30,51,13998.122143
30,52,13669.968693
30,55,13542.783529
30,57,13268.349461
30,61,13102.970802
30,63,13059.187299
30,66,12900.985764
31,41,15546.599627
31,42,14799.643111
31,45,14038.992210
31,46,13971.654638
31,47,13790.109562
31,52,13669.968693
31,55,13542.783529
31,57,13268.349461
31,61,13102.970802
31,62,13065.657891
31,63,13059.187299
31,66,12900.985764
32,40,15788.192472
32,41,15517.901436
32,42,14799.643111
32,45,13859.261494
32,46,13761.537195
32,52,13666.450065
32,55,13520.576830
32,56,13211.425181
32,61,13100.210199
32,62,13048.368139
32,65,12862.627147
33,40,15487.852937
33,42,14799.643111
33,45,13859.261494
33,46,13761.537195
33,52,13666.450065
33,55,13520.576830
33,56,13211.425181
33,61,13100.210199
33,62,13048.368139
33,65,12862.627147
34,40,15487.852937
34,41,14766.928851
34,45,13755.452596
34,52,13606.425276
34,55,13156.326577
34,58,13145.618547
34,60,13073.824067
34,61,13017.696229
34,65,12831.265853
35,40,15487.852937
35,41,14766.928851
35,43,14656.327488
35,45,13755.452596
35,50,13702.955824
35,52,13569.251715
35,55,13156.326577
35,58,13145.618547
35,60,13073.824067
35,61,13017.696229
35,65,12831.265853
36,40,15487.852937
36,41,14766.928851
36,42,14647.153468
36,45,13755.452596
36,50,13702.955824
36,52,13569.251715
36,55,13110.991526
36,60,12986.127316
36,65,12831.265853
36,67,12615.154104
37,40,15487.852937
37,41,14766.928851
37,42,14647.153468
37,45,13755.452596
37,50,13475.467726
37,55,13110.991526
37,59,13085.442394
37,60,12986.127316
37,64,12977.812560
37,65,12831.265853
37,67,12615.154104
38,40,15487.852937
38,41,14766.928851
38,42,14647.153468
38,44,13753.790994
38,49,13681.878668
38,50,13381.410004
38,54,13061.542132
38,59,13058.223067
38,60,12914.446220
38,63,12838.903190
38,64,12761.821046
38,67,12615.154104
39,40,15183.407911
39,41,14766.928851
39,42,14647.153468
39,44,13753.790994
39,49,13681.878668
39,50,13381.410004
39,53,13131.343346
39,54,13061.542132
39,59,13058.223067
39,60,12914.446220
39,63,12838.903190
39,64,12761.821046
39,65,12675.656530
39,67,12615.154104
40,40,14752.310561
40,42,14488.642810
40,44,13713.123723
40,48,13628.300348
40,50,13381.410004
40,53,13068.063318
40,54,12838.776250
40,62,12747.688668
40,64,12742.415362
40,65,12675.656530
40,67,12600.352283
41,40,14752.310561
41,42,14488.642810
41,44,13713.123723
41,48,13628.300348
41,50,13381.410004
41,53,13064.527432
41,54,12838.776250
41,56,12774.580263
41,62,12747.688668
41,64,12742.415362
41,65,12675.656530
41,67,12600.352283
42,40,14752.310561
42,42,14132.765067
42,44,13618.184874
42,48,13582.599412
42,50,13321.176069
42,52,13021.616264
42,54,12708.739716
42,64,12704.091929
42,65,12655.101803
42,67,12600.352283
43,40,14752.310561
43,42,14132.765067
43,44,13618.184874
43,48,13582.599412
43,50,13321.176069
43,51,13313.421386
43,52,13021.616264
43,54,12708.739716
43,58,12667.726441
43,65,12655.101803
43,67,12600.352283
44,40,14752.310561
44,41,14070.884143
44,44,13559.561563
44,50,13314.981390
44,51,13257.784981
44,52,12973.616427
44,54,12686.973767
44,55,12679.554534
44,58,12637.020963
44,65,12631.403408
44,67,12540.861690
45,40,14494.238462
45,41,14070.884143
45,44,13559.561563
45,50,13279.157075
45,51,13257.784981
45,52,12973.616427
45,54,12686.973767
45,55,12590.221636
45,67,12540.861690
46,40,14310.247444
46,41,13728.597780
46,44,13482.127589
46,49,13246.641871
46,52,12935.086785
46,53,12560.933344
46,59,12551.684058
46,66,12516.769892
47,40,14263.945756
47,41,13728.597780
47,42,13524.680890
47,44,13482.127589
47,49,13246.641871
47,52,12656.543253
47,53,12560.933344
47,59,12551.684058
47,66,12516.769892
48,38,15628.875079
48,40,14084.585656
48,41,13693.864348
48,42,13168.148027
48,47,13121.186762
48,51,12577.628755
48,53,12560.629654
48,56,12512.987400
49,38,15628.875079
49,40,14084.585656
49,41,13693.864348
49,42,13168.148027
49,47,13121.186762
49,51,12577.628755
49,53,12560.629654
49,56,12512.987400
50,38,15310.167760
50,39,14216.683658
50,40,14002.753913
50,41,13564.645119
50,42,13147.167603
50,47,13121.186762
50,51,12577.628755
50,53,12552.106438
50,55,12435.174883
51,38,15310.167760
51,39,14216.683658
51,40,13942.154318
51,41,13564.645119
51,42,13147.167603
51,47,13121.186762
51,51,12577.628755
51,53,12552.106438
51,55,12435.174883
52,38,15052.856721
52,39,13775.845774
52,41,13539.994595
52,42,13033.367295
52,43,12992.918268
52,51,12577.628755
52,53,12552.106438
52,55,12429.416663
53,38,14699.389579
53,39,13775.845774
53,41,13539.994595
53,42,13033.367295
53,43,12992.918268
53,45,12890.518742
53,51,12577.628755
53,53,12552.106438
53,55,12394.997071
54,38,14665.715838
54,39,13720.785721
54,41,12992.746233
54,43,12889.344756
54,45,12836.946480
54,51,12559.120274
54,52,12352.708488
55,38,14665.715838
55,39,13720.785721
55,41,12992.746233
55,42,12929.350897
55,43,12889.344756
55,45,12836.946480
55,50,12803.713190
55,51,12559.120274
55,52,12352.708488
56,37,14971.583026
56,38,14401.382526
56,39,13702.342937
56,41,12992.746233
56,42,12929.350897
56,43,12831.983177
56,44,12732.943159
56,49,12546.619734
56,52,12209.670550
57,37,14524.327844
57,38,14401.382526
57,39,13702.342937
57,41,12992.746233
57,42,12818.413067
57,44,12732.943159
57,49,12546.619734
57,52,12209.670550
58,37,14524.327844
58,38,14244.097500
58,39,13646.098702
58,40,13612.665811
58,41,12780.294697
58,42,12644.440522
58,49,12455.217947
58,52,12202.022372
59,37,14524.327844
59,38,14244.097500
59,39,13646.098702
59,40,13612.665811
59,41,12780.294697
59,42,12644.440522
59,49,12455.217947
59,52,12202.022372
60,37,14433.992385
60,38,14244.097500
60,39,13646.098702
60,40,13562.542928
60,41,12742.293905
60,42,12638.888417
60,48,12443.523686
60,51,12170.097475
61,37,14433.992385
61,38,14244.097500
61,39,13611.111195
61,40,13448.303907
61,41,12742.293905
61,42,12638.888417
61,47,12454.162451
61,48,12443.523686
61,51,12170.097475
62,37,14396.896817
62,38,14068.104529
62,39,13552.725193
62,40,13376.639894
62,41,12684.703691
62,42,12638.888417
62,43,12392.802359
62,47,12391.720099
62,51,12140.000256
63,37,14396.896817
63,38,14068.104529
63,39,13552.725193
63,40,13376.639894
63,41,12684.703691
63,42,12638.888417
63,43,12392.802359
63,47,12391.720099
63,51,12140.000256
63,52,12128.279245
64,37,14396.896817
64,38,13909.103941
64,39,13490.023546
64,40,13376.639894
64,41,12672.279214
64,42,12638.888417
64,43,12392.802359
64,45,12391.666908
64,51,12140.000256
64,52,12127.811305
65,37,14396.896817
65,38,13909.103941
65,39,13490.023546
65,40,13376.639894
65,41,12672.279214
65,42,12638.888417
65,43,12392.802359
65,45,12391.666908
65,48,12356.914706
65,51,12140.000256
65,52,12120.523758
66,37,14297.877680
66,38,13909.103941
66,39,13490.023546
66,40,13351.837140
66,41,12650.601270
66,42,12471.321935
66,43,12392.802359
66,45,12373.623243
66,46,12295.360721
66,51,12140.000256
66,52,12080.679992
66,54,12051.855877
67,37,14297.877680
67,38,13909.103941
67,39,13490.023546
67,40,13351.837140
67,41,12650.601270
67,42,12471.321935
67,43,12392.802359
67,44,12243.895844
67,48,12182.627140
67,51,12140.000256
67,52,12080.679992
67,54,12051.855877
68,36,15978.525555
68,37,14297.877680
68,38,13774.756276
68,39,13452.351902
68,40,13351.837140
68,41,12563.212796
68,42,12471.321935
68,43,12383.550241
68,44,12090.122739
68,51,12016.611088
69,36,15978.525555
69,37,14297.877680
69,38,13774.756276
69,39,13452.351902
69,40,13351.837140
69,41,12563.212796
69,42,12427.716761
69,43,12383.550241
69,44,12090.122739
69,51,12016.611088
70,36,15524.843961
70,37,14204.286095
70,38,13774.756276
70,39,12823.714584
70,41,12408.205735
70,43,12357.662877
70,44,12078.166608
70,51,12012.226640
71,36,15524.843961
71,37,14204.286095
71,38,13774.756276
71,39,12823.714584
71,41,12408.205735
71,43,12357.662877
71,44,12078.166608
71,51,12012.226640
72,35,15202.091351
72,37,14188.867856
72,38,13774.756276
72,39,12814.903426
72,41,12406.590549
72,43,12350.218296
72,44,12062.762280
72,51,11985.458107
73,35,15202.091351
73,37,14188.867856
73,38,13774.756276
73,39,12814.903426
73,40,12736.831257
73,41,12406.590549
73,42,12358.099085
73,43,12350.218296
73,44,12062.762280
73,51,11985.458107
74,35,15202.091351
74,37,14170.409359
74,38,13774.756276
74,39,12777.477329
74,40,12725.726069
74,41,12399.903775
74,42,12358.099085
74,43,12256.072519
74,44,12062.423114
74,51,11976.431995
74,52,11918.762924
75,35,15202.091351
75,37,14170.409359
75,38,13584.053528
75,39,12777.477329
75,40,12725.726069
75,41,12399.903775
75,42,12358.099085
75,43,12256.072519
75,44,12062.423114
75,49,11980.139136
75,51,11976.431995
75,52,11918.762924
76,35,15202.091351
76,37,13535.531064
76,39,12722.856440
76,40,12718.389517
76,41,12390.607175
76,42,12340.579779
76,43,12256.072519
76,44,12045.745223
76,49,11951.800415
76,52,11901.146750
77,35,15202.091351
77,36,14623.433296
77,37,13535.531064
77,39,12722.856440
77,40,12718.389517
77,41,12390.607175
77,42,12245.913312
77,43,12084.713546
77,44,12045.745223
77,49,11951.800415
77,52,11901.146750
78,35,15202.091351
78,36,14623.433296
78,37,13389.043431
78,39,12631.695842
78,41,12388.152430
78,42,12240.147312
78,43,12049.871066
78,44,12028.018116
78,49,11943.202962
78,51,11856.416457
78,53,11847.366362
79,35,15202.091351
79,36,14623.433296
79,37,13389.043431
79,39,12631.695842
79,41,12388.152430
79,42,12240.147312
79,43,12049.871066
79,44,12028.018116
79,46,11969.016073
79,47,11893.278343
79,51,11856.416457
79,53,11847.366362
80,35,15202.091351
80,36,14623.433296
80,37,13389.043431
80,38,12770.682838
80,39,12631.695842
80,41,12347.371689
80,42,12232.669924
80,43,12049.871066
80,44,11980.289181
80,46,11969.016073
80,47,11864.118979
80,51,11850.361598
80,53,11847.366362
81,35,15202.091351
81,36,14623.433296
81,37,13389.043431
81,38,12770.682838
81,39,12631.695842
81,41,12347.371689
81,42,12232.669924
81,43,12049.871066
81,44,11980.289181
81,46,11969.016073
81,47,11864.118979
81,51,11850.361598
81,53,11847.366362
82,35,15202.091351
82,36,14623.433296
82,37,13389.043431
82,38,12732.495905
82,39,12627.372062
82,41,12332.129527
82,42,12232.669924
82,43,11961.544303
82,46,11947.546973
82,47,11853.712491
82,50,11816.538492
83,35,15202.091351
83,36,14623.433296
83,37,13389.043431
83,38,12732.495905
83,39,12627.372062
83,40,12594.371614
83,41,12332.129527
83,42,12232.669924
83,43,11961.544303
83,46,11947.546973
83,47,11853.712491
83,50,11816.538492
84,35,15202.091351
84,36,14623.433296
84,37,13389.043431
84,38,12635.224299
84,39,12620.740504
84,40,12589.867260
84,41,12315.957385
84,42,12188.656575
84,43,11916.455341
84,47,11820.699504
84,50,11806.762231
85,35,14901.734048
85,36,14623.433296
85,37,13389.043431
85,38,12635.224299
85,39,12620.740504
85,40,12589.867260
85,41,12315.957385
85,42,12188.656575
85,43,11916.455341
85,47,11820.699504
85,50,11806.762231
86,35,14901.734048
86,36,14391.906598
86,37,13154.868538
86,38,12614.773922
86,40,12570.862748
86,41,12284.781014
86,42,12188.656575
86,43,11882.631310
86,47,11820.699504
86,50,11804.106837
87,35,14901.734048
87,36,14391.906598
87,37,13154.868538
87,38,12614.773922
87,40,12570.862748
87,41,12264.208292
87,42,12188.656575
87,43,11882.631310
87,47,11820.699504
87,50,11804.106837
87,51,11763.224348
88,35,14901.734048
88,36,14297.660148
88,37,13040.762510
88,38,12605.505684
88,39,12528.638222
88,41,12247.342293
88,42,12188.656575
88,43,11866.507683
88,47,11812.047729
88,50,11738.627068
89,35,14901.734048
89,36,14145.319101
89,37,13040.762510
89,38,12605.505684
89,39,12528.638222
89,41,12247.342293
89,42,12188.656575
89,43,11866.507683
89,46,11862.606909
89,47,11752.284751
89,50,11738.627068
90,35,14901.734048
90,36,14071.166779
90,37,13011.669113
90,38,12582.598590
90,39,12467.688152
90,41,12247.342293
90,42,12048.770291
90,43,11849.245666
90,44,11807.981014
90,46,11751.235451
90,50,11738.627068
91,35,14901.734048
91,36,14071.166779
91,37,13011.669113
91,38,12582.598590
91,39,12467.688152
91,40,12393.231690
91,41,12247.342293
91,42,12048.770291
91,43,11849.245666
91,44,11807.981014
91,46,11751.235451
91,50,11738.627068
91,51,11727.371932
91,52,11690.144902
92,35,14901.734048
92,36,14071.166779
92,37,13011.669113
92,38,12582.598590
92,39,12419.215872
92,40,12368.961188
92,41,12237.281589
92,42,12035.284432
92,43,11840.499881
92,44,11764.371878
92,46,11711.170988
92,51,11671.926848
93,35,14901.734048
93,36,14071.166779
93,37,13011.669113
93,38,12582.598590
93,39,12419.215872
93,40,12368.961188
93,41,12237.281589
93,42,12035.284432
93,43,11840.499881
93,44,11764.371878
93,46,11711.170988
93,51,11671.926848
94,35,14734.699550
94,36,14025.483285
94,37,12959.038922
94,38,12445.868179
94,39,12405.783228
94,40,11892.331241
94,43,11747.556349
94,45,11644.954400
95,35,14734.699550
95,36,14025.483285
95,37,12959.038922
95,38,12365.123173
95,40,11892.331241
95,42,11850.899728
95,43,11743.795052
95,45,11644.954400
95,47,11641.404442
96,35,14676.286177
96,36,14020.846096
96,37,12921.267025
96,38,12327.002250
96,39,12257.435447
96,40,11887.870985
96,42,11820.507901
96,43,11726.396197
96,45,11616.471424
97,35,14629.970210
97,36,14020.846096
97,37,12921.267025
97,38,12327.002250
97,39,12257.435447
97,40,11887.870985
97,42,11820.507901
97,43,11726.396197
97,44,11721.575952
97,45,11616.471424
98,35,14629.970210
98,36,13901.064118
98,37,12908.853124
98,38,12327.002250
98,39,12253.560395
98,40,11883.087593
98,42,11818.560804
98,43,11676.432239
98,45,11608.097971
98,48,11577.396440
99,35,14629.970210
99,36,13901.064118
99,37,12908.853124
99,38,12327.002250
99,39,12022.069265
99,40,11801.070524
99,42,11697.488100
99,43,11676.432239
99,45,11608.097971
99,48,11577.396440
100,35,14411.725431
100,36,13857.746384
100,37,12446.927444
100,38,12314.141382
100,39,12021.821439
100,40,11784.484141
100,42,11656.872912
100,44,11521.502615
101,35,14411.725431
101,36,13857.746384
101,37,12446.927444
101,38,12314.141382
101,39,12021.821439
101,40,11784.484141
101,41,11773.120620
101,42,11656.872912
101,44,11521.502615
102,35,14337.461073
102,36,13724.031444
102,37,12446.877131
102,38,12314.141382
102,39,12002.907535
102,40,11767.010826
102,42,11601.539120
102,44,11517.473068
103,35,14337.461073
103,36,13724.031444
103,37,12446.877131
103,38,12314.141382
103,39,12002.907535
103,40,11767.010826
103,41,11711.216195
103,42,11601.539120
103,44,11517.473068
104,35,14235.193108
104,36,13724.031444
104,37,12442.446282
104,38,12313.915931
104,39,11984.783027
104,40,11767.010826
104,41,11594.485595
104,43,11503.129514
105,35,14235.193108
105,36,13724.031444
105,37,12442.446282
105,38,12313.915931
105,39,11922.162497
105,40,11767.010826
105,41,11594.485595
105,43,11503.129514
106,35,14212.982710
106,36,13368.055941
106,37,12442.446282
106,38,12258.292940
106,39,11776.479248
106,40,11767.010826
106,41,11591.381115
106,43,11481.851443
107,35,14212.982710
107,36,13368.055941
107,37,12442.446282
107,38,12258.292940
107,39,11776.479248
107,40,11767.010826
107,41,11591.381115
107,43,11481.851443
107,44,11442.384470
108,35,14174.680779
108,36,13362.990492
108,37,12427.552760
108,38,12258.292940
108,39,11753.006725
108,40,11570.901887
108,42,11445.610416
108,44,11440.848805
109,35,14174.680779
109,36,13362.990492
109,37,12427.552760
109,38,12258.292940
109,39,11753.006725
109,40,11570.901887
109,42,11445.610416
109,44,11440.848805
110,35,14096.480577
110,36,13268.806927
110,37,12427.552760
110,38,12258.292940
110,39,11753.006725
110,40,11541.239510
110,42,11445.610416
110,44,11419.819137
111,35,14096.480577
111,36,13268.806927
111,37,12427.552760
111,38,12258.292940
111,39,11753.006725
111,40,11541.239510
111,42,11445.610416
111,44,11371.872722
112,35,14036.414382
112,36,13268.240129
112,37,12375.093083
112,38,12252.886166
112,39,11701.827669
112,40,11513.587185
112,42,11417.213928
112,44,11371.872722
113,35,14036.414382
113,36,13268.240129
113,37,12375.093083
113,38,12252.886166
113,39,11701.827669
113,40,11513.587185
113,42,11417.213928
113,44,11371.872722
114,35,13917.505033
114,36,13145.253988
114,37,12375.093083
114,38,12056.189581
114,39,11701.563161
114,40,11484.971676
114,42,11417.213928
114,44,11371.872722
114,45,11357.876040
115,35,13917.505033
115,36,13145.253988
115,37,12375.093083
115,38,12056.189581
115,39,11701.563161
115,40,11484.971676
115,42,11417.213928
115,44,11371.872722
115,45,11357.876040
116,35,13904.490577
116,36,12703.001252
116,37,12370.813423
116,38,12053.417953
116,39,11606.667033
116,40,11474.077678
116,42,11417.213928
116,44,11371.872722
116,45,11356.676036
117,35,13904.490577
117,36,12703.001252
117,37,12370.813423
117,38,11884.197700
117,39,11606.667033
117,40,11474.077678
117,42,11417.213928
117,44,11371.872722
117,45,11356.676036
118,35,13904.490577
118,36,12690.115982
118,37,12370.813423
118,38,11870.573182
118,39,11606.667033
118,40,11402.800802
118,41,11367.796026
118,44,11293.699768
119,35,13904.490577
119,36,12690.115982
119,37,12370.813423
119,38,11870.573182
119,39,11606.667033
119,40,11402.800802
119,41,11367.796026
119,44,11293.699768
119,46,11282.464847
120,35,13904.490577
120,36,12685.836321
120,37,12293.439841
120,38,11860.547824
120,39,11596.517519
120,40,11402.800802
120,41,11336.231962
120,43,11274.465486
120,45,11233.819952
121,35,13904.490577
121,36,12685.836321
121,37,12293.439841
121,38,11860.547824
121,39,11596.517519
121,40,11350.479278
121,41,11287.274320
121,43,11274.465486
121,44,11159.085236
122,35,13846.384342
122,36,12648.204622
122,37,12293.439841
122,38,11854.312765
122,39,11596.517519
122,40,11308.225715
122,41,11280.852788
122,43,11271.672331
122,44,11159.085236
123,35,13846.384342
123,36,12648.204622
123,37,12293.439841
123,38,11854.312765
123,39,11596.517519
123,40,11308.225715
123,41,11280.852788
123,43,11271.672331
123,44,11159.085236
124,35,13846.384342
124,36,12629.936725
124,37,12228.188863
124,38,11839.281656
124,39,11569.059118
124,40,11272.412403
124,42,11220.044628
124,44,11158.719409
125,35,13846.384342
125,36,12629.936725
125,37,12228.188863
125,38,11839.281656
125,39,11569.059118
125,40,11217.110900
125,44,11158.719409
126,35,13846.384342
126,36,12592.401637
126,37,12164.522589
126,38,11808.954550
126,39,11569.059118
126,40,11217.110900
126,43,11137.745484
127,35,13846.384342
127,36,12592.401637
127,37,12027.616044
127,38,11808.954550
127,39,11569.059118
127,40,11217.110900
127,43,11137.745484
128,35,13846.384342
128,36,12503.054799
128,37,12027.616044
128,38,11787.398773
128,39,11562.942724
128,40,11172.941802
128,43,11135.372596
129,35,13846.384342
129,36,12503.054799
129,37,12027.616044
129,38,11787.398773
129,39,11562.942724
129,40,11172.941802
129,43,11135.372596
130,35,13846.384342
130,36,12406.594784
130,37,11863.957509
130,38,11785.674555
130,39,11562.942724
130,40,11163.011944
130,43,11135.372596
131,35,13846.384342
131,36,12406.594784
131,37,11863.957509
131,38,11785.674555
131,39,11562.942724
131,40,11163.011944
131,43,11135.372596
132,34,13736.275591
132,36,12406.594784
132,37,11862.939523
132,38,11785.674555
132,39,11561.078195
132,40,11160.177162
132,43,11132.000267
133,33,14166.276732
133,34,13736.275591
133,36,12406.594784
133,37,11862.939523
133,38,11785.674555
133,39,11561.078195
133,40,11160.177162
133,43,11132.000267
134,33,13580.183066
134,36,12403.406370
134,37,11855.136773
134,38,11785.674555
134,39,11533.410025
134,40,11160.177162
134,43,11132.000267
135,33,13580.183066
135,36,12403.406370
135,37,11855.136773
135,38,11785.674555
135,39,11533.410025
135,40,11154.903273
135,43,11132.000267
136,33,13532.534444
136,36,12399.618531
136,37,11789.948879
136,38,11785.674555
136,39,11489.726264
136,40,11154.903273
136,43,11132.000267
137,33,13532.534444
137,36,12399.618531
137,37,11789.948879
137,38,11785.674555
137,39,11489.726264
137,40,11154.903273
137,43,11132.000267
138,33,13351.364774
138,36,12399.618531
138,37,11741.705553
138,38,11714.377988
138,39,11483.061807
138,40,11132.713720
138,43,11130.459826
139,33,13351.364774
139,36,12399.618531
139,37,11741.705553
139,38,11714.377988
139,39,11483.061807
139,40,11132.713720
139,43,11130.459826
140,33,13351.364774
140,36,12399.618531
140,37,11739.367799
140,38,11714.377988
140,39,11482.443147
140,40,11131.979516
140,43,11101.801197
141,33,13351.364774
141,36,12399.618531
141,37,11739.367799
141,38,11714.377988
141,39,11482.443147
141,40,11131.979516
141,43,11101.801197
142,33,13285.764757
142,36,12383.010376
142,37,11738.748033
142,38,11679.682151
142,39,11464.880625
142,40,11131.979516
142,43,11097.643618
143,32,13347.937662
143,33,13285.764757
143,36,12383.010376
143,37,11738.748033
143,38,11430.800243
143,40,11131.979516
143,43,11097.643618
144,32,13220.763946
144,33,13179.257747
144,36,12383.010376
144,37,11727.151742
144,38,11430.800243
144,40,11131.979516
144,43,11095.593635
145,32,13220.763946
145,33,13179.257747
145,36,12383.010376
145,37,11727.151742
145,38,11430.800243
145,40,11131.979516
145,43,11095.593635
146,32,13182.747906
146,33,13177.172399
146,36,12383.010376
146,37,11706.864429
146,38,11403.819962
146,40,11123.143393
146,42,11087.369382
147,32,13182.747906
147,33,13128.430421
147,36,12383.010376
147,37,11706.864429
147,38,11403.819962
147,40,11123.143393
147,42,11087.369382
148,32,13174.369503
148,33,13128.430421
148,34,13084.265733
148,36,12382.028233
148,37,11696.784495
148,38,11400.915318
148,40,11122.811091
148,42,11066.426186
149,32,13174.369503
149,33,13128.430421
149,34,13084.265733
149,36,12382.028233
149,37,11696.784495
149,38,11400.915318
149,40,11122.811091
149,42,11066.426186
150,32,13094.101822
150,33,13048.401373
150,35,12958.187342
150,36,12374.713557
150,37,11696.544075
150,38,11396.053547
150,40,11119.237758
150,42,11066.188978
151,32,13094.101822
151,33,12703.246650
151,36,12374.713557
151,37,11696.544075
151,38,11396.053547
151,39,11094.036769
151,42,11066.188978
152,32,13090.434348
152,33,12697.209123
152,36,12374.713557
152,37,11670.906461
152,38,11396.053547
152,39,11090.950352
152,42,11058.919047
153,32,13090.434348
153,33,12697.209123
153,36,12374.713557
153,37,11670.906461
153,38,11396.053547
153,39,11090.950352
153,42,11058.919047
154,32,13021.602905
154,33,12665.368237
154,35,12640.774152
154,36,12372.601330
154,37,11670.906461
154,38,11379.887810
154,39,11090.950352
154,42,11036.828623
155,32,13021.602905
155,33,12665.368237
155,35,12640.774152
155,36,12090.901126
155,37,11670.906461
155,38,11379.887810
155,39,11090.950352
155,42,11036.828623
156,32,13007.745371
156,33,12658.020244
156,35,12603.783497
156,36,12058.706820
156,37,11662.886261
156,38,11379.887810
156,39,11090.950352
156,41,11015.736527
157,32,13007.745371
157,33,12658.020244
157,35,12603.783497
157,36,12058.706820
157,37,11659.525364
157,38,11379.887810
157,39,11090.950352
157,41,11015.736527
158,31,13316.120169
158,32,12974.453216
158,33,12637.876585
158,35,12599.546159
158,36,12019.514928
158,37,11658.425752
158,38,11376.238908
158,39,11080.028391
158,41,11015.723740
159,31,13316.120169
159,32,12974.453216
159,33,12637.876585
159,35,12599.546159
159,36,12019.514928
159,37,11652.548609
159,38,11286.574869
159,39,11080.028391
159,41,11015.723740
160,31,13315.401473
160,32,12959.938064
160,33,12637.876585
160,35,12599.546159
160,36,11995.737274
160,37,11578.689320
160,38,11286.261238
160,39,11079.151749
160,41,11015.723740
161,31,13315.401473
161,32,12959.938064
161,33,12637.876585
161,35,12599.546159
161,36,11995.737274
161,37,11578.689320
161,38,11286.261238
161,39,11079.151749
161,41,11015.723740
162,31,13294.237254
162,32,12946.325356
162,33,12637.806168
162,35,12594.264186
162,36,11972.383960
162,37,11553.985323
162,38,11284.918377
162,39,11079.151749
162,41,11012.170498
163,31,13294.237254
163,32,12929.333165
163,33,12637.806168
163,35,12594.264186
163,36,11972.383960
163,37,11553.985323
163,38,11150.198064
163,39,11079.151749
163,41,11012.170498
164,31,13281.614488
164,32,12928.962418
164,33,12600.279279
164,35,12581.571608
164,36,11963.353271
164,37,11541.302588
164,38,11147.892809
164,39,11070.847526
164,41,11012.170498
165,31,13281.614488
165,32,12743.687163
165,33,12600.279279
165,35,12581.571608
165,36,11963.353271
165,37,11541.302588
165,38,11147.892809
165,39,11070.847526
165,41,11012.170498
166,31,13238.971263
166,32,12705.508873
166,33,12595.238732
166,35,12572.606815
166,36,11937.783529
166,37,11536.963146
166,38,11144.409999
166,39,11070.847526
166,41,11005.937144
167,31,13238.971263
167,32,12705.508873
167,33,12595.238732
167,35,12572.606815
167,36,11937.783529
167,37,11536.963146
167,38,11144.409999
167,39,11070.847526
167,41,11005.937144
168,31,13238.971263
168,32,12681.603239
168,33,12579.699911
168,35,12562.000442
168,36,11914.822758
168,37,11514.423288
168,38,11144.409999
168,39,11013.031577
168,41,10981.753273
169,31,13238.971263
169,32,12681.603239
169,33,12579.699911
169,35,12562.000442
169,36,11914.822758
169,37,11514.423288
169,38,11144.409999
169,39,11013.031577
169,41,10981.753273
170,31,13231.416598
170,32,12680.462714
170,33,12528.603350
170,35,11658.751236
170,37,11509.413904
170,38,11141.176484
170,39,11013.031577
170,41,10981.753273
171,31,13231.416598
171,32,12680.462714
171,33,12528.603350
171,35,11658.751236
171,37,11509.413904
171,38,11141.176484
171,39,11013.031577
171,41,10981.753273
172,31,13209.514854
172,32,12674.735097
172,33,12528.603350
172,35,11613.504102
172,37,11500.381217
172,38,11139.447646
172,39,10996.232845
172,41,10970.393883
173,31,13100.486800
173,32,12674.735097
173,33,12528.603350
173,35,11613.504102
173,37,11500.381217
173,38,11139.447646
173,39,10996.232845
173,41,10970.393883
174,31,13075.949598
174,32,12674.735097
174,33,12523.159234
174,35,11600.153182
174,37,11488.232305
174,38,11139.447646
174,39,10993.768804
174,41,10970.393883
175,31,13075.949598
175,32,12674.735097
175,33,12523.159234
175,34,12489.777512
175,35,11600.153182
175,37,11488.232305
175,38,11139.447646
175,39,10993.768804
175,41,10970.393883
176,31,13067.019868
176,32,12668.961691
176,33,12486.101337
176,34,12485.713740
176,35,11600.153182
176,37,11488.232305
176,38,11139.447646
176,39,10982.164309
176,41,10970.393883
177,31,13067.019868
177,32,12582.622619
177,33,12486.101337
177,34,12485.713740
177,35,11600.153182
177,36,11377.343337
177,38,11139.447646
177,39,10982.164309
177,41,10970.393883
178,31,13043.672646
178,32,12582.622619
178,33,12478.852259
178,34,12474.316430
178,35,11600.153182
178,36,11362.952169
178,38,11105.570944
178,39,10974.173511
178,41,10970.393883
179,31,13043.672646
179,32,12582.622619
179,33,12478.852259
179,34,12474.316430
179,35,11600.153182
179,36,11362.952169
179,38,10998.418521
179,39,10974.173511
179,41,10970.393883
180,31,13038.759856
180,32,12554.316070
180,33,12466.867425
180,35,11578.739173
180,36,11331.450786
180,38,10998.418521
180,39,10974.173511
180,41,10970.393883
180,42,10955.207392
181,31,12862.475786
181,32,12554.316070
181,33,12466.867425
181,35,11578.739173
181,36,11331.450786
181,38,10998.418521
181,39,10974.173511
181,41,10970.393883
181,42,10955.207392
182,31,12859.736574
182,32,12526.823244
182,33,12466.867425
182,35,11574.143819
182,36,11331.450786
182,38,10998.418521
182,39,10974.173511
182,41,10962.097602
182,42,10919.585834
183,31,12859.736574
183,32,12526.823244
183,33,12466.840899
183,35,11574.143819
183,36,11331.450786
183,38,10998.418521
183,39,10974.173511
183,41,10962.097602
183,42,10919.585834
184,31,12859.736574
184,32,12524.926080
184,33,12419.453897
184,35,11502.839602
184,36,11331.450786
184,38,10990.769051
184,39,10974.173511
184,41,10961.107345
184,42,10915.596738
185,31,12859.736574
185,32,12520.832682
185,33,12383.119824
185,34,12356.803586
185,35,11502.839602
185,36,11330.570517
185,38,10990.769051
185,39,10974.173511
185,41,10961.107345
185,42,10915.596738
186,31,12833.040647
186,32,12492.809580
186,33,12383.119824
186,34,12356.803586
186,35,11484.119305
186,36,11330.570517
186,38,10979.936158
186,39,10945.704902
186,40,10914.087134
187,31,12833.040647
187,32,12492.809580
187,33,12383.119824
187,34,12356.803586
187,35,11484.119305
187,36,11330.570517
187,38,10979.936158
187,39,10905.788704
188,31,12793.333827
188,32,12479.265524
188,33,12363.410762
188,34,12304.659071
188,35,11390.516355
188,36,11330.570517
188,38,10979.936158
188,39,10905.788704
189,31,12793.333827
189,32,12479.265524
189,33,12312.776009
189,34,12304.659071
189,35,11390.516355
189,36,11330.570517
189,38,10979.936158
189,39,10905.788704
190,31,12793.333827
190,32,12464.085249
190,33,12286.237595
190,35,11382.823951
190,36,11316.777543
190,37,11109.565464
190,38,10978.338408
190,39,10901.162568
191,31,12793.333827
191,32,12464.085249
191,33,12286.237595
191,35,11382.823951
191,36,11316.777543
191,37,11109.565464
191,38,10978.338408
191,39,10901.162568
192,31,12722.685652
192,32,12462.284086
192,33,12268.178076
192,35,11378.858626
192,36,10990.251559
192,38,10978.338408
192,39,10888.766771
193,31,12722.685652
193,32,12462.284086
193,33,12268.178076
193,35,11378.858626
193,36,10990.251559
193,38,10978.338408
193,39,10888.766771
194,31,12609.399435
194,32,12423.831638
194,33,12220.880538
194,35,11376.534440
194,36,10990.251559
194,38,10966.832220
194,39,10882.119967
195,31,12609.399435
195,32,12423.831638
195,33,12220.880538
195,34,12216.721519
195,35,11376.534440
195,36,10978.121940
195,38,10966.832220
195,39,10882.119967
196,31,12609.092431
196,32,12217.188541
196,34,12216.721519
196,35,11352.102441
196,36,10977.070226
196,38,10964.169922
196,39,10826.688892
197,31,12609.092431
197,32,12126.119985
197,35,11352.102441
197,36,10977.070226
197,38,10964.169922
197,39,10826.688892
198,31,12556.818547
198,32,12126.119985
198,35,11336.800120
198,36,10973.891730
198,38,10960.035626
198,39,10826.608978
199,31,12556.818547
199,32,12118.640836
199,35,11336.800120
199,36,10973.891730
199,38,10960.035626
199,39,10826.608978
200,31,12528.899596
200,32,12114.342705
200,35,11329.818045
200,36,10973.891730
200,38,10958.398199
200,39,10815.776085
201,31,12528.899596
201,32,12114.342705
201,35,11329.818045
201,36,10973.891730
201,37,10948.722907
201,38,10905.472095
201,39,10815.776085
202,31,12505.166694
202,32,12110.614352
202,35,10896.167985
202,39,10813.245278
203,31,12505.166694
203,32,12093.720748
203,35,10896.167985
203,39,10813.245278
204,31,12485.732709
204,32,12093.720748
204,35,10895.691874
204,39,10811.516440
205,31,12485.732709
205,32,12093.720748
205,35,10895.691874
205,39,10811.516440
206,31,12062.512925
206,35,10865.631874
206,39,10803.799780
207,31,12062.512925
207,35,10865.631874
207,39,10803.799780
208,31,12029.752655
208,35,10859.256687
208,39,10803.799780
209,31,12029.752655
209,35,10859.256687
209,39,10803.799780
210,30,12800.165955
210,31,11931.425990
210,35,10852.156962
210,39,10803.121389
211,30,12800.165955
211,31,11931.425990
211,35,10852.156962
211,39,10803.121389
212,30,12772.796883
212,31,11921.122205
212,35,10852.156962
212,39,10797.456952
213,30,12772.796883
213,31,11921.122205
213,35,10852.156962
213,39,10797.456952
214,30,12772.796883
214,31,11883.315680
214,35,10850.431411
214,39,10795.040650
215,30,12772.796883
215,31,11883.315680
215,35,10850.431411
215,39,10795.040650
216,30,12766.443708
216,31,11883.315680
216,35,10834.884500
216,39,10795.040650
217,30,12766.443708
217,31,11854.409443
217,35,10834.884500
217,39,10795.040650
218,30,12766.443708
218,31,11854.409443
218,35,10834.884500
218,39,10794.584069
219,30,12766.443708
219,31,11854.409443
219,35,10834.884500
219,39,10786.980590
220,30,11814.049485
220,35,10832.222201
220,39,10771.177517
221,30,11814.049485
221,35,10832.222201
221,39,10771.177517
222,30,11786.255695
222,35,10831.752844
222,38,10778.476927
222,39,10771.177517
223,30,11786.255695
223,35,10831.752844
223,38,10778.476927
223,39,10771.177517
224,30,11782.445342
224,35,10824.272477
224,38,10778.315665
224,39,10751.606860
225,30,11782.445342
225,35,10824.272477
225,38,10778.315665
225,39,10751.606860
226,30,11774.831374
226,35,10801.471669
226,38,10758.408970
226,39,10751.606860
227,30,11774.831374
227,35,10801.471669
227,38,10758.408970
227,39,10751.606860
228,30,11770.894037
228,35,10793.729263
228,38,10750.647662
228,39,10744.649732
229,30,11770.894037
229,35,10793.729263
229,38,10750.647662
229,39,10744.649732
230,30,11770.894037
230,35,10755.474797
230,38,10750.647662
230,39,10724.559608
231,30,11753.408069
231,35,10755.474797
231,38,10750.647662
231,39,10724.559608
232,30,11735.433971
232,35,10755.452811
232,38,10718.529443
233,30,11735.433971
233,35,10755.452811
233,38,10718.529443
234,30,11735.433971
234,33,11717.257940
234,35,10755.452811
234,38,10718.529443
235,30,11735.433971
235,33,11717.257940
235,35,10755.452811
235,38,10718.529443
236,30,11709.718756
236,33,11678.413812
236,35,10755.452811
236,38,10692.897604
237,30,11709.718756
237,33,11332.465649
237,34,11068.721914
237,35,10755.452811
237,38,10692.897604
238,30,11701.316520
238,33,11211.815143
238,34,11068.721914
238,35,10755.452811
238,38,10675.848722
239,30,11701.316520
239,33,11211.815143
239,34,11068.721914
239,35,10755.452811
239,38,10675.848722
240,30,11676.765560
240,33,11211.815143
240,34,11068.721914
240,35,10755.452811
240,38,10674.062746
241,30,11676.765560
241,33,11211.815143
241,34,11068.721914
241,35,10755.452811
241,38,10674.062746
242,30,11673.040867
242,33,11199.850886
242,34,11064.411981
242,35,10755.452811
242,38,10673.546265
243,30,11673.040867
243,33,11199.850886
243,34,11064.411981
243,35,10755.452811
243,38,10673.546265
244,30,11645.424414
244,33,11176.574291
244,34,11063.914551
244,35,10755.452811
244,38,10672.361306
245,30,11645.424414
245,32,11627.948343
245,33,11176.574291
245,34,11063.914551
245,35,10755.452811
245,38,10672.361306
246,30,11612.093393
246,33,11176.574291
246,34,11063.754767
246,35,10747.690731
246,38,10666.114422
247,30,11612.093393
247,33,11176.574291
247,34,11063.754767
247,35,10731.231866
247,38,10666.114422
248,30,11612.093393
248,33,11175.317643
248,34,11058.643101
248,35,10731.212028
248,38,10666.114422
249,30,11612.093393
249,33,11175.317643
249,34,11058.643101
249,35,10731.212028
249,38,10666.114422
250,30,11611.944677
250,32,11172.805059
250,34,11032.406518
250,35,10731.212028
250,36,10692.033087
250,38,10666.114422
251,29,11803.362784
251,30,11611.944677
251,32,11172.805059
251,34,11032.406518
251,35,10731.212028
251,36,10692.033087
251,37,10645.358686
252,29,11779.240279
252,30,11611.944677
252,32,11168.814354
252,34,11032.319688
252,35,10720.757465
252,36,10691.064093
252,37,10643.841856
253,29,11779.240279
253,30,11611.944677
253,32,11168.814354
253,33,11069.181568
253,34,11032.319688
253,35,10720.757465
253,36,10691.064093
253,37,10643.841856
254,29,11652.973165
254,30,11584.169153
254,31,11576.163601
254,32,11146.594797
254,33,11033.672908
254,34,11032.319688
254,35,10720.589871
254,36,10690.237773
254,37,10643.639107
255,29,11652.973165
255,30,11584.169153
255,31,11576.163601
255,32,11146.594797
255,33,11033.672908
255,34,11032.319688
255,35,10720.589871
255,36,10690.237773
255,37,10643.639107
256,29,11652.973165
256,30,11574.110377
256,31,11554.003271
256,32,11124.926269
256,33,11025.890690
256,35,10718.366259
256,36,10689.580488
256,37,10640.791293
257,29,11652.973165
257,30,11574.110377
257,31,11554.003271
257,32,11124.926269
257,33,11025.890690
257,35,10718.366259
257,36,10689.580488
257,37,10640.791293
258,29,11645.230440
258,30,11574.110377
258,31,11535.612425
258,32,11118.405845
258,33,11021.338952
258,35,10718.366259
258,36,10689.580488
258,37,10630.131277
259,29,11645.230440
259,30,11574.110377
259,31,11535.612425
259,32,11118.405845
259,33,11021.338952
259,35,10718.366259
259,36,10689.580488
259,37,10630.131277
260,29,11638.139122
260,30,11572.798946
260,31,11535.612425
260,32,11050.882229
260,33,11021.338952
260,35,10718.366259
260,36,10685.565382
260,37,10630.131277
261,29,11638.139122
261,30,11572.798946
261,31,11535.612425
261,32,11050.882229
261,33,11021.338952
261,35,10718.366259
261,36,10685.565382
261,37,10630.131277
262,29,11634.636500
262,30,11568.812052
262,31,11517.653134
262,32,11047.331289
262,33,11006.588072
262,35,10718.366259
262,36,10685.565382
262,37,10630.131277
263,29,11634.636500
263,30,11568.812052
263,31,11517.653134
263,32,11047.331289
263,33,11006.588072
263,35,10718.366259
263,36,10685.565382
263,37,10630.131277
264,29,11632.236861
264,30,11563.127696
264,31,11498.632010
264,32,11042.832365
264,33,10990.154219
264,35,10718.366259
264,36,10678.754227
264,37,10630.131277
265,29,11632.236861
265,30,11563.127696
265,31,11498.632010
265,32,11042.832365
265,33,10990.154219
265,35,10718.366259
265,36,10678.754227
265,37,10630.131277
266,29,11618.809422
266,30,11546.281942
266,31,11498.632010
266,32,11037.436263
266,33,10930.959104
266,35,10717.940023
266,36,10678.754227
266,37,10620.158821
267,29,11618.809422
267,30,11546.281942
267,31,11498.632010
267,32,11037.436263
267,33,10930.959104
267,34,10912.962318
267,35,10717.940023
267,36,10678.754227
267,37,10620.158821
268,29,11615.514977
268,30,11546.281942
268,31,11491.812746
268,32,11034.809606
268,33,10930.959104
268,34,10912.962318
268,35,10717.940023
268,36,10672.504823
268,37,10619.733914
269,29,11607.863661
269,30,11546.281942
269,31,11491.812746
269,32,11034.809606
269,33,10930.959104
269,34,10912.962318
269,35,10717.940023
269,36,10672.504823
269,37,10619.733914
270,29,11590.915315
270,30,11546.281942
270,31,11490.487227
270,32,11034.809606
270,33,10930.946375
270,34,10871.273061
270,35,10717.076349
270,36,10669.329771
270,37,10615.954180
271,29,11590.915315
271,30,11546.281942
271,31,11490.487227
271,32,11034.809606
271,33,10930.946375
271,34,10871.273061
271,35,10717.076349
271,36,10669.329771
271,37,10615.954180
272,29,11545.713497
272,31,11490.487227
272,32,11034.809606
272,33,10930.946375
272,34,10864.456882
272,35,10717.076349
272,36,10666.433430
272,37,10614.903437
273,29,11545.713497
273,31,11490.487227
273,32,11034.809606
273,33,10930.946375
273,34,10864.456882
273,35,10717.076349
273,36,10661.185679
273,37,10614.903437
274,29,11545.713497
274,31,11484.133055
274,32,11011.143230
274,33,10927.752922
274,34,10864.456882
274,35,10717.076349
274,36,10661.185679
274,37,10614.696877
275,29,11545.713497
275,31,11484.133055
275,32,11011.143230
275,33,10905.172322
275,34,10864.456882
275,35,10717.076349
275,36,10661.185679
275,37,10614.696877
276,29,11545.561052
276,31,11481.920358
276,32,10958.740959
276,33,10899.815376
276,34,10862.378355
276,35,10713.838960
276,36,10650.586483
276,37,10614.696877
277,29,11545.561052
277,31,11481.920358
277,32,10958.740959
277,33,10899.815376
277,34,10862.378355
277,35,10713.838960
277,36,10650.586483
277,37,10614.696877
278,29,11535.386410
278,31,11479.498545
278,32,10949.737607
278,33,10885.911923
278,34,10829.218452
278,35,10713.838960
278,36,10641.996662
278,37,10606.868156
279,29,11535.386410
279,31,11392.394976
279,32,10949.737607
279,33,10885.911923
279,34,10786.968614
279,35,10713.838960
279,36,10641.996662
279,37,10604.737449
280,29,11530.769123
280,31,11368.039648
280,32,10948.319693
280,33,10882.731848
280,34,10784.113931
280,35,10702.145383
280,36,10641.949386
280,37,10594.963203
281,29,11530.769123
281,31,11368.039648
281,32,10948.319693
281,33,10882.731848
281,34,10784.113931
281,35,10702.145383
281,36,10641.949386
281,37,10594.963203
282,29,11493.545565
282,31,11363.531829
282,32,10930.624610
282,33,10882.731848
282,34,10778.140887
282,35,10696.814242
282,36,10591.129504
283,29,11493.545565
283,31,11363.531829
283,32,10930.624610
283,33,10877.491795
283,34,10778.140887
283,35,10687.053140
283,36,10591.129504
284,29,11479.635439
284,31,11362.571948
284,32,10928.283472
284,33,10877.491795
284,34,10778.140887
284,35,10687.053140
284,36,10590.138941
285,29,11479.635439
285,31,11362.571948
285,32,10928.283472
285,33,10877.491795
285,34,10778.140887
285,35,10687.053140
285,36,10590.138941
286,29,11437.136803
286,31,11356.953613
286,32,10926.440342
286,33,10729.637259
286,35,10687.053140
286,36,10576.761545
287,29,11437.136803
287,31,11356.953613
287,32,10926.440342
287,33,10729.637259
287,35,10687.053140
287,36,10576.761545
288,29,11434.451025
288,31,11349.287934
288,32,10924.812882
288,33,10719.223369
288,35,10686.634218
288,36,10564.287282
289,29,11434.451025
289,31,11349.287934
289,32,10924.812882
289,33,10693.934337
289,35,10686.634218
289,36,10564.287282
290,29,11434.451025
290,31,11342.347394
290,32,10924.812882
290,33,10692.678216
290,34,10687.300068
290,35,10686.634218
290,36,10564.091862
291,29,11434.451025
291,31,11342.347394
291,32,10924.812882
291,33,10692.678216
291,34,10687.300068
291,35,10686.634218
291,36,10564.091862
292,28,12112.763572
292,29,11413.913734
292,31,11315.363777
292,32,10658.505170
292,36,10559.204515
293,28,11984.891340
293,29,11413.913734
293,31,11315.363777
293,32,10658.505170
293,33,10655.228960
293,34,10630.470214
293,36,10559.204515
294,28,11984.118663
294,29,11413.913734
294,31,11290.050846
294,32,10654.632932
294,33,10654.355701
294,34,10630.470214
294,36,10557.631136
295,28,11984.118663
295,29,11390.985045
295,31,11290.050846
295,32,10654.632932
295,33,10654.355701
295,34,10630.470214
295,36,10557.631136
296,28,11981.974690
296,29,11390.985045
296,31,11290.050846
296,32,10654.632932
296,33,10648.043272
296,34,10629.555898
296,36,10557.631136
297,28,11981.974690
297,29,11390.985045
297,31,11290.050846
297,32,10654.632932
297,33,10648.043272
297,34,10629.555898
297,36,10557.631136
298,28,11964.482290
298,29,11374.723783
298,31,11290.050846
298,32,10654.632932
298,33,10643.857424
298,34,10629.555898
298,36,10557.631136
299,28,11964.482290
299,29,11374.723783
299,31,11290.050846
299,32,10654.632932
299,33,10643.857424
299,34,10629.555898
299,36,10557.631136
300,28,11964.482290
300,29,11316.786354
300,31,11287.127874
300,32,10653.583488
300,33,10639.471062
300,34,10628.775649
300,36,10555.917587
301,28,11964.482290
301,29,11316.786354
301,31,11256.225408
301,32,10653.583488
301,33,10639.471062
301,34,10628.775649
301,36,10555.917587
302,28,11954.433022
302,29,11304.917520
302,31,11241.382214
302,32,10653.583488
302,33,10639.471062
302,34,10626.402225
302,36,10555.917587
303,28,11954.433022
303,29,11304.917520
303,31,11241.382214
303,32,10653.583488
303,33,10639.471062
303,34,10626.402225
303,36,10525.841270
304,28,11938.424929
304,29,11303.473100
304,31,11241.382214
304,32,10623.909624
304,36,10525.841270
305,28,11938.424929
305,29,11303.473100
305,31,11241.382214
305,32,10623.909624
305,36,10525.841270
306,28,11853.116160
306,29,11295.872652
306,31,11241.382214
306,32,10623.296051
306,36,10514.769981
307,28,11853.116160
307,29,11295.872652
307,31,11241.382214
307,32,10623.296051
307,36,10514.769981
308,28,11842.745611
308,29,11284.639571
308,31,11239.832374
308,32,10623.296051
308,36,10514.769981
309,28,11842.745611
309,29,11284.639571
309,31,11239.803246
309,32,10623.296051
309,33,10620.788202
309,36,10514.769981
310,28,11815.791907
310,29,11260.851891
310,31,11239.803246
310,32,10620.441368
310,33,10619.996950
310,36,10514.769981
311,28,11815.791907
311,29,11260.851891
311,31,11239.803246
311,32,10620.441368
311,33,10619.996950
311,36,10514.769981
312,28,11815.433189
312,29,11260.851891
312,31,11231.156919
312,32,10613.499258
312,36,10514.769981
313,28,11722.595562
313,29,11260.851891
313,31,11231.156919
313,32,10613.499258
313,36,10514.769981
314,28,11706.452973
314,29,11245.817491
314,31,11231.156919
314,32,10613.499258
314,36,10509.527265
315,28,11706.452973
315,29,11245.817491
315,31,11231.156919
315,32,10613.499258
315,34,10554.865721
315,36,10509.527265
316,28,11265.382496
316,29,11245.817491
316,31,11231.156919
316,32,10613.499258
316,34,10554.865721
316,36,10502.797421
317,28,11265.382496
317,29,11245.817491
317,31,11231.156919
317,32,10613.499258
317,33,10599.055059
317,34,10554.865721
317,36,10502.797421
318,28,11265.382496
318,29,11245.817491
318,31,11229.371730
318,32,10613.464638
318,33,10599.055059
318,34,10543.260148
318,36,10500.894068
319,28,11265.382496
319,29,11245.817491
319,31,11229.371730
319,32,10613.464638
319,33,10599.055059
319,34,10543.260148
319,36,10500.894068
320,28,11265.382496
320,29,11239.113434
320,31,11213.679395
320,32,10607.354391
320,33,10598.174212
320,34,10543.260148
320,36,10500.894068
321,28,11265.382496
321,29,11239.113434
321,31,11213.679395
321,32,10607.354391
321,33,10598.174212
321,34,10543.260148
321,36,10500.894068
322,28,11265.382496
322,29,11237.295317
322,31,11213.679395
322,32,10607.354391
322,33,10525.796685
322,36,10500.894068
323,28,11262.632116
323,29,11237.295317
323,31,11213.679395
323,32,10607.354391
323,33,10525.796685
323,36,10500.894068
