Generation,NV,TOC
1,13,2996.700448
1,15,2979.294112
1,16,2846.991945
1,17,2737.430262
1,19,2680.013587
1,20,2619.003949
1,22,2557.857157
2,12,3063.090405
2,13,2996.700448
2,14,2924.019392
2,16,2442.256847
2,18,2415.841562
3,12,3063.090405
3,13,2994.457958
3,14,2886.543632
3,16,2442.256847
3,18,2415.841562
4,12,2849.971789
4,15,2362.622914
5,11,2978.195674
5,12,2849.971789
5,14,2659.403886
5,15,2362.622914
5,17,2343.228907
5,19,2314.424103
6,11,2978.195674
6,12,2737.782268
6,13,2608.408949
6,15,2362.622914
6,17,2343.228907
6,19,2314.424103
7,11,2978.195674
7,12,2480.283723
7,15,2362.622914
7,17,2343.228907
7,19,2314.424103
8,11,2978.195674
8,12,2480.283723
8,15,2345.822848
8,16,2306.618142
9,11,2978.195674
9,12,2480.283723
9,13,2441.517676
9,14,2343.680267
9,16,2306.618142
10,11,2978.195674
10,12,2410.928639
10,14,2325.499079
10,16,2306.618142
11,10,2933.419219
11,12,2410.928639
11,14,2325.499079
11,15,2293.422468
12,10,2933.419219
12,11,2608.687459
12,12,2410.928639
12,13,2273.907628
13,10,2716.652220
13,11,2608.687459
13,12,2410.928639
13,13,2273.907628
13,16,2219.424943
14,9,3041.060020
14,10,2716.652220
14,11,2396.164509
14,13,2273.907628
14,15,2237.477243
14,16,2219.424943
15,9,3041.060020
15,10,2716.652220
15,11,2396.164509
15,13,2273.907628
15,15,2237.477243
15,16,2219.424943
16,9,3041.060020
16,10,2522.736064
16,11,2396.164509
16,13,2273.907628
16,15,2237.477243
16,16,2219.424943
17,9,3041.060020
17,10,2522.736064
17,11,2396.164509
17,12,2343.288477
17,13,2247.400377
17,14,2234.174772
17,15,2190.943880
18,9,2893.199579
18,10,2522.736064
18,11,2386.407457
18,12,2220.712868
18,13,2113.192784
19,9,2893.199579
19,10,2445.850516
19,11,2386.407457
19,12,2220.712868
19,13,2113.192784
20,9,2893.199579
20,10,2435.850294
20,11,2378.601013
20,12,2220.712868
20,13,2113.192784
21,9,2772.879573
21,10,2411.418749
21,11,2378.601013
21,12,2220.712868
21,13,2113.192784
22,9,2681.959836
22,10,2411.418749
22,11,2257.296832
22,12,2220.712868
22,13,2113.192784
23,9,2681.959836
23,10,2411.418749
23,11,2257.296832
23,12,2220.712868
23,13,2113.192784
24,9,2681.959836
24,10,2411.418749
24,11,2257.296832
24,12,2220.712868
24,13,2093.014095
25,9,2681.959836
25,10,2349.112581
25,11,2257.296832
25,12,2173.309662
25,13,2089.934508
26,9,2679.960241
26,10,2349.112581
26,11,2257.296832
26,12,2173.309662
26,13,2088.821477
27,9,2421.324769
27,10,2344.734056
27,11,2249.626836
27,12,2150.010774
27,13,2068.029810
28,9,2421.324769
28,10,2344.734056
28,11,2249.626836
28,12,2150.010774
28,13,2068.029810
29,9,2421.324769
29,10,2333.958968
29,11,2249.626836
29,12,2150.010774
29,13,2068.029810
30,9,2421.324769
30,10,2333.958968
30,11,2249.626836
30,12,2150.010774
30,13,2068.029810
31,9,2351.791242
31,10,2333.958968
31,11,2249.626836
31,12,2150.010774
31,13,2068.029810
32,8,2859.466094
32,9,2351.791242
32,10,2269.263477
32,11,2249.626836
32,12,2150.010774
32,13,2068.029810
33,8,2759.254109
33,9,2351.791242
33,10,2269.263477
33,11,2219.911887
33,12,2150.010774
33,13,2068.029810
34,8,2759.254109
34,9,2317.143749
34,10,2201.865124
34,12,2150.010774
34,13,2068.029810
35,8,2759.254109
35,9,2317.143749
35,10,2201.865124
35,12,2148.429822
35,13,2068.029810
36,8,2614.627081
36,9,2317.143749
36,10,2201.865124
36,12,2120.914620
36,13,2068.029810
37,8,2521.808850
37,9,2317.143749
37,10,2180.273730
37,11,2159.127758
37,12,2120.914620
37,13,2068.029810
38,8,2521.808850
38,9,2303.910725
38,10,2180.273730
38,11,2159.127758
38,12,2120.914620
38,13,2068.029810
39,8,2521.808850
39,9,2303.910725
39,10,2160.949858
39,11,2159.127758
39,12,2120.914620
39,13,2065.288795
40,8,2432.109190
40,9,2285.492226
40,10,2160.949858
40,11,2159.127758
40,12,2094.430532
40,13,2065.288795
41,8,2364.994042
41,9,2285.492226
41,10,2160.949858
41,11,2159.127758
41,12,2094.430532
41,13,2053.478389
42,8,2339.763913
42,9,2223.700230
42,10,2160.949858
42,11,2142.805202
42,12,2094.430532
42,13,2053.478389
43,8,2339.763913
43,9,2223.700230
43,10,2115.607139
43,11,2097.046857
43,12,2086.658634
43,13,2053.478389
44,8,2339.763913
44,9,2223.700230
44,10,2115.607139
44,11,2097.046857
44,12,2086.658634
44,13,2049.238929
45,8,2339.763913
45,9,2223.700230
45,10,2115.607139
45,11,2097.046857
45,12,2071.414446
45,13,2047.891682
46,8,2339.763913
46,9,2223.700230
46,10,2115.607139
46,11,2097.046857
46,12,2071.414446
46,13,2047.891682
47,8,2270.704992
47,9,2220.288607
47,10,2115.607139
47,11,2097.046857
47,12,2064.500115
47,13,2047.891682
48,8,2255.756636
48,9,2220.288607
48,10,2115.607139
48,11,2081.290630
48,12,2064.500115
48,13,2046.298045
49,8,2255.756636
49,9,2205.920037
49,10,2115.607139
49,11,2081.290630
49,12,2064.500115
49,13,2046.298045
50,8,2255.756636
50,9,2205.920037
50,10,2115.607139
50,11,2081.290630
50,12,2064.500115
50,13,2046.298045
51,8,2255.756636
51,9,2205.920037
51,10,2115.607139
51,11,2081.290630
51,12,2064.500115
51,13,2046.298045
52,8,2255.756636
52,9,2205.920037
52,10,2115.607139
52,11,2081.290630
52,12,2055.042904
52,13,2046.298045
53,8,2249.406022
53,9,2197.856101
53,10,2115.607139
53,11,2081.290630
53,12,2055.042904
53,13,2038.102386
54,8,2249.406022
54,9,2188.098592
54,10,2115.607139
54,11,2081.290630
54,12,2047.911394
54,13,2038.102386
55,8,2249.406022
55,9,2188.098592
55,10,2095.780781
55,11,2081.290630
55,12,2046.116491
55,13,2038.102386
56,8,2237.762160
56,9,2188.098592
56,10,2095.780781
56,11,2081.290630
56,12,2046.116491
56,13,2038.102386
57,8,2180.600585
57,10,2095.780781
57,11,2081.290630
57,12,2044.219616
57,13,2038.102386
58,8,2180.600585
58,10,2095.780781
58,11,2059.230270
58,12,2044.219616
58,13,2022.769060
59,8,2152.242522
59,10,2095.780781
59,11,2059.230270
59,12,2044.219616
59,13,2022.769060
60,8,2152.242522
60,10,2095.780781
60,11,2059.230270
60,12,2044.219616
60,13,2022.769060
61,8,2138.501032
61,10,2095.780781
61,11,2058.143890
61,12,2043.877363
61,13,2022.769060
62,8,2138.501032
62,10,2095.780781
62,11,2058.143890
62,12,2043.432553
62,13,2022.769060
63,7,2953.107486
63,8,2138.501032
63,9,2121.580157
63,10,2080.258440
63,11,2058.143890
63,12,2043.432553
63,13,2022.769060
64,7,2953.107486
64,8,2138.501032
64,9,2121.580157
64,10,2080.258440
64,11,2058.143890
64,12,2043.432553
64,13,2022.769060
65,7,2953.107486
65,8,2138.501032
65,9,2121.580157
65,10,2080.258440
65,11,2058.143890
65,12,2038.467391
65,13,2022.769060
66,7,2953.107486
66,8,2138.501032
66,9,2121.580157
66,10,2080.258440
66,11,2058.143890
66,12,2036.691604
66,13,2022.769060
67,7,2953.107486
67,8,2138.501032
67,9,2121.580157
67,10,2067.527234
67,11,2058.143890
67,12,2036.691604
67,13,2022.769060
68,7,2953.107486
68,8,2130.917800
68,9,2121.580157
68,10,2067.527234
68,11,2049.307207
68,12,2035.905515
68,13,2018.392530
69,7,2953.107486
69,8,2130.917800
69,9,2121.580157
69,10,2067.527234
69,11,2049.307207
69,12,2035.905515
69,13,2018.392530
70,7,2953.107486
70,8,2129.201446
70,9,2121.580157
70,10,2067.527234
70,11,2047.187170
70,12,2034.588494
70,13,2018.392530
71,7,2953.107486
71,8,2129.201446
71,9,2121.580157
71,10,2067.527234
71,11,2046.523052
71,12,2032.977413
71,13,2018.392530
72,7,2953.107486
72,8,2129.201446
72,9,2121.580157
72,10,2067.527234
72,11,2037.981243
72,12,2032.977413
72,13,2018.392530
73,7,2953.107486
73,8,2129.201446
73,9,2121.580157
73,10,2052.886625
73,11,2037.981243
73,12,2032.977413
73,13,2018.392530
74,7,2953.107486
74,8,2129.201446
74,9,2121.580157
74,10,2051.762005
74,11,2037.981243
74,12,2032.977413
74,13,2018.392530
75,7,2953.107486
75,8,2120.034695
75,10,2051.762005
75,11,2037.981243
75,12,2032.977413
75,13,2018.392530
76,7,2648.396215
76,8,2120.034695
76,10,2051.762005
76,11,2037.981243
76,12,2032.977413
76,13,2018.392530
77,7,2604.634312
77,8,2120.034695
77,10,2051.762005
77,11,2037.981243
77,12,2032.977413
77,13,2018.392530
78,7,2604.634312
78,8,2120.034695
78,9,2113.329513
78,10,2051.762005
78,11,2037.981243
78,12,2032.977413
78,13,2018.392530
79,7,2604.634312
79,8,2092.449206
79,10,2008.095927
80,7,2593.203280
80,8,2092.449206
80,9,2089.928255
80,10,2008.095927
81,7,2593.203280
81,8,2092.449206
81,9,2089.928255
81,10,2008.095927
82,7,2555.388848
82,8,2060.194313
82,10,2008.095927
83,7,2555.388848
83,8,2042.468117
83,10,2008.095927
84,7,2471.673769
84,8,2042.468117
84,10,2008.095927
85,7,2471.673769
85,8,2042.468117
85,10,2008.095927
86,7,2471.673769
86,8,2042.468117
86,10,2008.095927
87,7,2471.673769
87,8,2042.468117
87,10,2008.095927
88,7,2471.673769
88,8,2042.468117
88,10,2008.095927
89,7,2471.673769
89,8,2042.468117
89,10,2008.095927
90,7,2471.673769
90,8,2042.468117
90,10,2008.095927
91,7,2471.673769
91,8,2042.468117
91,10,2008.095927
92,7,2471.673769
92,8,2042.468117
92,10,2008.095927
93,7,2471.673769
93,8,2042.468117
93,10,2008.095927
94,7,2471.673769
94,8,2042.468117
94,10,2008.095927
95,7,2471.673769
95,8,2042.468117
95,10,2008.095927
96,7,2471.673769
96,8,2042.468117
96,10,2008.095927
97,7,2471.673769
97,8,2042.468117
97,10,2008.095927
98,7,2471.673769
98,8,2042.468117
98,9,2041.596581
98,10,2008.095927
99,7,2471.673769
99,8,2042.468117
99,9,2041.596581
99,10,2008.095927
100,7,2471.673769
100,8,2042.468117
100,9,2041.596581
100,10,2008.095927
101,7,2381.072921
101,8,2042.468117
101,9,2041.596581
101,10,2008.095927
102,7,2381.072921
102,8,2033.004816
102,10,2008.095927
103,7,2381.072921
103,8,2033.004816
103,10,2008.095927
104,7,2304.233805
104,8,2033.004816
104,10,2008.095927
104,11,2005.990359
105,7,2304.233805
105,8,2028.308699
105,10,2008.095927
105,11,2005.990359
106,7,2304.233805
106,8,2028.308699
106,10,2008.095927
106,11,2005.990359
107,7,2304.233805
107,8,2028.308699
107,10,2008.095927
107,11,2005.990359
108,7,2266.867402
108,8,2028.308699
108,10,2004.959700
109,7,2266.867402
109,8,2028.308699
109,10,2004.959700
110,7,2266.867402
110,8,2028.308699
110,10,1999.327008
111,7,2266.867402
111,8,2028.308699
111,10,1999.327008
112,7,2266.867402
112,8,2028.308699
112,10,1999.327008
113,7,2266.867402
113,8,2028.308699
113,10,1999.327008
114,7,2266.867402
114,8,2028.308699
114,10,1999.327008
115,7,2266.867402
115,8,2028.308699
115,10,1999.327008
116,7,2259.892421
116,8,2028.308699
116,10,1999.327008
117,7,2259.892421
117,8,2028.308699
117,10,1999.327008
118,7,2259.892421
118,8,2028.308699
118,10,1999.327008
119,7,2259.892421
119,8,2023.370145
119,10,1999.327008
120,7,2259.892421
120,8,2023.370145
120,10,1999.327008
121,7,2259.892421
121,8,2018.413399
121,10,1999.327008
122,7,2253.012810
122,8,2018.413399
122,10,1999.327008
123,7,2241.101143
123,8,2006.139443
123,10,1999.327008
124,7,2241.101143
124,8,2006.139443
124,10,1999.327008
125,7,2241.101143
125,8,2006.139443
125,10,1999.327008
126,7,2241.101143
126,8,2006.139443
126,10,1999.327008
127,7,2209.135414
127,8,2006.139443
127,10,1999.327008
128,7,2191.280990
128,8,2006.139443
128,10,1999.327008
129,7,2191.280990
129,8,2006.139443
129,9,1996.037483
130,7,2156.675895
130,8,2006.139443
130,9,1996.037483
131,7,2156.675895
131,8,2006.139443
131,9,1996.037483
132,7,2155.632482
132,8,2006.105929
132,9,1996.037483
133,7,2155.632482
133,8,2006.105929
133,9,1996.037483
134,7,2112.991562
134,8,2006.105929
134,9,1996.037483
135,7,2108.223226
135,8,2006.105929
135,9,1996.037483
136,7,2108.223226
136,8,2006.105929
136,9,1996.037483
137,7,2108.223226
137,8,2006.105929
137,9,1996.037483
138,7,2108.223226
138,8,2006.105929
138,9,1996.037483
139,7,2108.223226
139,8,2006.105929
139,9,1996.037483
140,7,2108.223226
140,8,2006.105929
140,9,1996.037483
141,7,2108.223226
141,8,2006.105929
141,9,1996.037483
142,7,2108.223226
142,8,2006.105929
142,9,1996.037483
143,7,2108.223226
143,8,2006.105929
143,9,1996.037483
144,7,2108.223226
144,8,2006.105929
144,9,1996.037483
145,7,2108.223226
145,8,2006.105929
145,9,1996.037483
146,7,2108.223226
146,8,2005.149689
146,9,1996.037483
147,7,2108.223226
147,8,2005.149689
147,9,1996.037483
148,7,2108.223226
148,8,2005.149689
148,9,1996.037483
149,7,2103.804002
149,8,2005.149689
149,9,1996.037483
150,7,2103.804002
150,8,2005.149689
150,9,1996.037483
151,7,2103.804002
151,8,2005.149689
151,9,1996.037483
152,7,2103.804002
152,8,2005.116175
152,9,1991.354875
153,7,2100.174153
153,8,2005.116175
153,9,1991.354875
154,7,2100.174153
154,8,2005.116175
154,9,1991.354875
155,7,2097.671996
155,8,2005.116175
155,9,1991.354875
156,7,2080.470992
156,8,2005.116175
156,9,1991.354875
157,7,2080.470992
157,8,2005.116175
157,9,1991.354875
158,7,2080.470992
158,8,2005.116175
158,9,1991.354875
159,7,2080.470992
159,8,2005.116175
159,9,1991.354875
160,7,2080.470992
160,8,2005.116175
160,9,1991.354875
161,7,2080.470992
161,8,2005.116175
161,9,1991.354875
162,7,2080.470992
162,8,2005.116175
162,9,1991.354875
163,7,2070.490443
163,8,2005.116175
163,9,1991.354875
164,7,2070.490443
164,8,2005.116175
164,9,1991.354875
165,7,2070.490443
165,8,2005.116175
165,9,1991.354875
166,7,2070.490443
166,8,2005.116175
166,9,1991.354875
167,7,2070.490443
167,8,2005.116175
167,9,1991.354875
168,7,2070.490443
168,8,2005.116175
168,9,1991.354875
169,7,2070.490443
169,8,2005.116175
169,9,1991.354875
170,7,2070.490443
170,8,2005.116175
170,9,1991.354875
171,7,2070.490443
171,8,2005.116175
171,9,1991.354875
172,7,2070.490443
172,8,2005.116175
172,9,1991.321361
173,7,2070.490443
173,8,2005.116175
173,9,1991.321361
174,7,2070.490443
174,8,2005.116175
174,9,1991.321361
175,7,2070.490443
175,8,2005.116175
175,9,1991.321361
176,7,2070.490443
176,8,2005.116175
176,9,1991.321361
177,7,2070.490443
177,8,2005.116175
177,9,1991.321361
178,7,2070.490443
178,8,2005.116175
178,9,1991.321361
179,7,2070.490443
179,8,2005.116175
179,9,1989.304261
180,7,2070.490443
180,8,2005.116175
180,9,1989.304261
181,7,2070.490443
181,8,2005.116175
181,9,1989.304261
182,7,2070.490443
182,8,2005.116175
182,9,1989.304261
183,7,2070.490443
183,8,2005.116175
183,9,1989.304261
184,7,2070.490443
184,8,2005.116175
184,9,1989.304261
185,7,2070.490443
185,8,2005.116175
185,9,1989.304261
186,7,2070.490443
186,8,2005.116175
186,9,1989.304261
187,7,2070.490443
187,8,2005.116175
187,9,1989.304261
188,7,2070.490443
188,8,2005.116175
188,9,1989.304261
189,7,2070.490443
189,8,2005.116175
189,9,1989.304261
190,7,2070.490443
190,8,2005.116175
190,9,1989.304261
191,7,2070.490443
191,8,2005.116175
191,9,1989.304261
192,7,2070.490443
192,8,2005.116175
192,9,1989.304261
193,7,2070.490443
193,8,2005.116175
193,9,1989.304261
194,7,2070.490443
194,8,2005.116175
194,9,1989.304261
195,7,2070.490443
195,8,2005.116175
195,9,1989.304261
196,7,2070.490443
196,8,2005.116175
196,9,1989.304261
197,7,2063.254681
197,8,2005.116175
197,9,1989.304261
198,7,2063.254681
198,8,2005.116175
198,9,1989.304261
199,7,2063.254681
199,8,2005.116175
199,9,1989.304261
200,7,2063.254681
200,8,2005.116175
200,9,1989.304261
201,7,2060.518852
201,8,2005.116175
201,9,1989.304261
202,7,2060.518852
202,8,2005.116175
202,9,1989.304261
203,7,2060.518852
203,8,2005.116175
203,9,1989.304261
204,7,2060.518852
204,8,2005.116175
204,9,1989.304261
205,7,2060.518852
205,8,2005.116175
205,9,1989.304261
206,7,2060.518852
206,8,2005.116175
206,9,1989.304261
207,7,2060.518852
207,8,2005.116175
207,9,1989.304261
208,7,2060.518852
208,8,2005.116175
208,9,1989.304261
209,7,2060.518852
209,8,2005.116175
209,9,1989.304261
210,7,2060.518852
210,8,2005.116175
210,9,1989.304261
211,7,2060.518852
211,8,2005.116175
211,9,1989.304261
212,7,2055.584773
212,8,2005.116175
212,9,1989.304261
213,7,2044.707342
213,8,2005.116175
213,9,1989.304261
214,7,2044.707342
214,8,2005.116175
214,9,1989.304261
215,7,2044.707342
215,8,2005.116175
215,9,1989.304261
216,7,2044.707342
216,8,2005.116175
216,9,1989.304261
217,7,2044.707342
217,8,2005.116175
217,9,1989.304261
218,7,2042.017944
218,8,2005.116175
218,9,1989.304261
219,7,2042.017944
219,8,2005.116175
219,9,1989.304261
220,7,2042.017944
220,8,2005.116175
220,9,1989.304261
221,7,2042.017944
221,8,2005.116175
221,9,1989.270747
222,7,2042.017944
222,8,2005.116175
222,9,1989.270747
223,7,2042.017944
223,8,2005.116175
223,9,1989.270747
224,7,2042.017944
224,8,2005.116175
224,9,1989.270747
225,7,2042.017944
225,8,2005.116175
225,9,1989.270747
226,7,2042.017944
226,8,2005.116175
226,9,1989.270747
227,7,2042.017944
227,8,2005.116175
227,9,1989.270747
228,7,2042.017944
228,8,2005.116175
228,9,1989.270747
229,7,2042.017944
229,8,2005.116175
229,9,1989.270747
230,7,2042.017944
230,8,2005.116175
230,9,1989.270747
231,7,2042.017944
231,8,2005.116175
231,9,1989.270747
232,7,2042.017944
232,8,2005.116175
232,9,1989.270747
233,7,2042.017944
233,8,2005.116175
233,9,1989.270747
234,7,2042.017944
234,8,2005.116175
234,9,1989.270747
235,7,2042.017944
235,8,2005.116175
235,9,1989.270747
236,7,2042.017944
236,8,2005.116175
236,9,1989.270747
237,7,2042.017944
237,8,2005.116175
237,9,1989.270747
238,7,2042.017944
238,8,2005.116175
238,9,1989.270747
239,7,2042.017944
239,8,2005.116175
239,9,1989.270747
240,7,2042.017944
240,8,2005.116175
240,9,1989.270747
241,7,2042.017944
241,8,2005.116175
241,9,1989.270747
242,7,2042.017944
242,8,2005.116175
242,9,1989.270747
243,7,2042.017944
243,8,2005.116175
243,9,1989.270747
244,7,2042.017944
244,8,2005.116175
244,9,1989.270747
245,7,2042.017944
245,8,2005.116175
245,9,1989.270747
246,7,2042.017944
246,8,2005.116175
246,9,1989.270747
247,7,2042.017944
247,8,2005.116175
247,9,1989.270747
248,7,2042.017944
248,8,2005.116175
248,9,1989.270747
249,7,2042.017944
249,8,2005.116175
249,9,1989.270747
250,7,2042.017944
250,8,2005.116175
250,9,1989.270747
251,7,2042.017944
251,8,2005.116175
251,9,1989.270747
252,7,2042.017944
252,8,2005.116175
252,9,1989.270747
253,7,2042.017944
253,8,2005.116175
253,9,1989.270747
254,7,2042.017944
254,8,2005.116175
254,9,1989.270747
255,7,2042.017944
255,8,2005.116175
255,9,1989.270747
256,7,2042.017944
256,8,2005.116175
256,9,1989.270747
257,7,2042.017944
257,8,2005.116175
257,9,1989.270747
258,7,2042.017944
258,8,2005.116175
258,9,1989.270747
259,7,2042.017944
259,8,2005.116175
259,9,1989.270747
260,7,2042.017944
260,8,2005.116175
260,9,1989.270747
261,7,2042.017944
261,8,2005.116175
261,9,1989.270747
262,7,2042.017944
262,8,2005.116175
262,9,1989.270747
263,7,2042.017944
263,8,2005.116175
263,9,1989.270747
264,7,2042.017944
264,8,2005.116175
264,9,1989.270747
265,7,2042.017944
265,8,2005.116175
265,9,1989.270747
266,7,2042.017944
266,8,2005.116175
266,9,1989.270747
267,7,2042.017944
267,8,2005.116175
267,9,1989.270747
268,7,2042.017944
268,8,2005.116175
268,9,1989.270747
269,7,2042.017944
269,8,2005.116175
269,9,1989.270747
270,7,2042.017944
270,8,2005.116175
270,9,1989.270747
271,7,2042.017944
271,8,2005.116175
271,9,1989.270747
272,7,2042.017944
272,8,2005.116175
272,9,1989.270747
273,7,2042.017944
273,8,2005.116175
273,9,1989.270747
274,7,2042.017944
274,8,2005.116175
274,9,1989.270747
275,7,2042.017944
275,8,2005.116175
275,9,1989.270747
276,7,2042.017944
276,8,2005.116175
276,9,1989.270747
277,7,2042.017944
277,8,2005.116175
277,9,1989.270747
278,7,2042.017944
278,8,2005.116175
278,9,1989.270747
279,7,2042.017944
279,8,2005.116175
279,9,1989.270747
280,7,2042.017944
280,8,2005.116175
280,9,1989.270747
281,7,2042.017944
281,8,2001.190767
281,9,1989.270747
282,7,2042.017944
282,8,2001.190767
282,9,1989.270747
283,7,2042.017944
283,8,2001.190767
283,9,1989.270747
284,7,2042.017944
284,8,2001.176989
284,9,1989.270747
285,7,2042.017944
285,8,2001.176989
285,9,1989.270747
286,7,2042.017944
286,8,2001.176989
286,9,1989.270747
287,7,2042.017944
287,8,1995.253143
287,9,1989.270747
288,7,2042.017944
288,8,1995.253143
288,9,1989.270747
289,7,2042.017944
289,8,1995.253143
289,9,1989.270747
290,7,2042.017944
290,8,1995.253143
290,9,1989.270747
291,7,2042.017944
291,8,1995.253143
291,9,1989.270747
292,7,2042.017944
292,8,1995.253143
292,9,1989.270747
293,7,2042.017944
293,8,1995.253143
293,9,1989.270747
294,7,2042.017944
294,8,1995.253143
294,9,1989.270747
295,7,2042.017944
295,8,1995.253143
295,9,1989.270747
296,7,2042.017944
296,8,1995.253143
296,9,1989.270747
297,7,2042.017944
297,8,1995.253143
297,9,1989.270747
298,7,2042.017944
298,8,1995.253143
298,9,1989.270747
299,7,2042.017944
299,8,1995.253143
299,9,1989.270747
300,7,2042.017944
300,8,1995.253143
300,9,1989.270747
301,7,2042.017944
301,8,1995.253143
301,9,1989.270747
302,7,2042.017944
302,8,1995.253143
302,9,1989.270747
303,7,2042.017944
303,8,1995.253143
303,9,1989.270747
304,7,2042.017944
304,8,1995.253143
304,9,1989.270747
305,7,2042.017944
305,8,1995.253143
305,9,1989.270747
306,7,2042.017944
306,8,1995.253143
306,9,1989.270747
307,7,2042.017944
307,8,1995.253143
307,9,1989.270747
308,7,2042.017944
308,8,1995.253143
308,9,1989.270747
309,7,2042.017944
309,8,1995.253143
309,9,1989.270747
310,7,2042.017944
310,8,1995.253143
310,9,1989.270747
311,7,2042.017944
311,8,1995.253143
311,9,1989.270747
312,7,2042.017944
312,8,1995.253143
312,9,1989.270747
313,7,2042.017944
313,8,1995.253143
313,9,1989.270747
314,7,2042.017944
314,8,1995.253143
314,9,1989.270747
315,7,2042.017944
315,8,1995.253143
315,9,1989.270747
316,7,2042.017944
316,8,1995.253143
316,9,1989.270747
317,7,2042.017944
317,8,1995.253143
317,9,1989.270747
318,7,2042.017944
318,8,1995.253143
318,9,1989.270747
319,7,2042.017944
319,8,1995.253143
319,9,1989.270747
320,7,2042.017944
320,8,1995.253143
320,9,1989.270747
321,7,2042.017944
321,8,1995.253143
321,9,1989.270747
322,7,2042.017944
322,8,1995.253143
322,9,1989.270747
323,7,2042.017944
323,8,1995.253143
323,9,1989.270747
324,7,2042.017944
324,8,1995.253143
324,9,1989.270747
325,7,2042.017944
325,8,1995.253143
325,9,1989.270747
326,7,2042.017944
326,8,1995.253143
326,9,1989.270747
327,7,2042.017944
327,8,1995.253143
327,9,1989.270747
328,7,2042.017944
328,8,1995.253143
328,9,1989.270747
329,7,2042.017944
329,8,1995.253143
329,9,1989.270747
330,7,2042.017944
330,8,1995.253143
330,9,1989.270747
331,7,2042.017944
331,8,1995.253143
331,9,1989.270747
