Generation,NV,TOC
1,11,3614.472198
1,12,3588.651046
1,13,3473.431875
1,14,3416.367623
1,15,2449.544075
1,16,2437.260473
1,25,2436.078218
1,27,2420.308119
1,30,2408.724439
1,31,2260.427144
2,11,3614.472198
2,12,3588.651046
2,13,3473.431875
2,14,2887.769791
2,15,2449.544075
2,16,2379.064451
2,19,2339.095787
2,23,2306.681277
2,31,2260.427144
2,32,2258.327813
3,11,3614.472198
3,12,3588.651046
3,13,3119.068408
3,14,2887.769791
3,15,2449.544075
3,16,2379.064451
3,19,2339.095787
3,20,2301.869013
3,22,2199.152800
4,11,3614.472198
4,12,3342.719566
4,13,3085.882577
4,14,2742.137119
4,15,2418.185778
4,16,2379.064451
4,19,2269.869955
4,22,2199.152800
5,11,3290.690258
5,12,3104.373830
5,13,2227.341203
5,22,2199.152800
6,11,3121.335569
6,12,2424.547728
6,13,2227.341203
6,14,2185.149028
7,11,3121.335569
7,12,2424.547728
7,13,2227.341203
7,14,2185.149028
8,10,3463.146492
8,11,2958.025172
8,12,2424.547728
8,13,2227.341203
8,14,2185.149028
9,10,3463.146492
9,11,2958.025172
9,12,2424.547728
9,13,2227.341203
9,14,2185.149028
10,10,3022.453475
10,11,2685.905616
10,12,2424.547728
10,13,2227.341203
10,14,2185.149028
11,10,3022.453475
11,11,2661.234290
11,12,2376.231433
11,13,2227.341203
11,14,2185.149028
11,16,2184.202572
12,10,2732.327516
12,11,2661.234290
12,12,2376.231433
12,13,2227.341203
12,14,2185.149028
12,16,2184.202572
12,19,2162.854706
13,10,2732.327516
13,11,2536.352390
13,12,2376.231433
13,13,2227.341203
13,14,2171.647010
13,18,2117.974533
14,10,2732.327516
14,11,2536.352390
14,12,2376.231433
14,13,2183.662976
14,14,2171.647010
14,18,2096.718251
15,10,2732.327516
15,11,2536.352390
15,12,2240.776340
15,13,2183.662976
15,14,2171.647010
15,16,2158.986133
15,18,2096.718251
16,10,2502.117095
16,12,2240.776340
16,13,2183.662976
16,14,2171.647010
16,16,2150.567411
16,18,2096.718251
16,19,2076.647417
17,9,3118.772922
17,10,2502.117095
17,11,2445.435920
17,12,2128.832328
17,16,2125.039616
17,18,2096.718251
17,19,2076.647417
18,9,3118.772922
18,10,2502.117095
18,11,2329.120288
18,12,2128.832328
18,16,2125.039616
18,18,2091.673841
18,19,2076.647417
18,21,2061.083058
19,9,3118.772922
19,10,2502.117095
19,11,2329.120288
19,12,2128.832328
19,13,2121.063457
19,18,2091.673841
19,19,2076.647417
19,21,2061.083058
20,9,3118.772922
20,10,2452.021640
20,11,2329.120288
20,12,2098.572670
20,18,2091.673841
20,19,2076.647417
20,20,2050.832639
20,22,2030.081971
21,9,2946.616500
21,10,2452.021640
21,11,2329.120288
21,12,2098.572670
21,18,2086.298909
21,19,2070.735113
21,20,2050.832639
21,22,2030.081971
22,9,2946.616500
22,10,2452.021640
22,11,2329.120288
22,12,2098.572670
22,18,2086.298909
22,19,2070.735113
22,20,2050.832639
22,22,2030.081971
23,9,2946.616500
23,10,2452.021640
23,11,2295.094494
23,12,2098.572670
23,16,2042.410049
23,22,2030.081971
24,9,2946.616500
24,10,2452.021640
24,11,2282.714556
24,12,2098.572670
24,16,2042.410049
24,17,2041.105558
24,22,2030.081971
25,9,2569.194660
25,10,2255.748460
25,12,2098.572670
25,16,2040.047346
25,18,2001.317232
26,9,2569.194660
26,10,2255.748460
26,12,2098.572670
26,13,2084.168177
26,14,2066.083103
26,16,2040.047346
26,18,2001.317232
27,9,2569.194660
27,10,2255.748460
27,11,2216.309452
27,12,2098.572670
27,13,2084.168177
27,14,2024.189384
27,18,2001.317232
28,9,2569.194660
28,10,2255.748460
28,11,2201.281109
28,12,2098.572670
28,13,2084.168177
28,14,2023.497502
28,15,2013.692519
28,18,2001.317232
29,9,2569.194660
29,10,2255.748460
29,11,2201.281109
29,12,2098.572670
29,13,2060.356212
29,14,2023.497502
29,15,2013.692519
29,18,2001.317232
30,9,2569.194660
30,10,2255.748460
30,11,2132.496924
30,12,2098.572670
30,13,2060.356212
30,14,2023.497502
30,15,2013.692519
30,16,2010.937263
30,18,2001.317232
31,9,2569.194660
31,10,2255.748460
31,11,2132.496924
31,12,2098.572670
31,13,2060.356212
31,14,2023.497502
31,15,2013.692519
31,16,2010.937263
31,18,2001.317232
32,9,2569.194660
32,10,2198.175909
32,11,2132.496924
32,12,2098.572670
32,13,2060.356212
32,14,2014.595300
32,15,2000.552691
32,18,1997.792105
33,9,2569.194660
33,10,2198.175909
33,11,2132.496924
33,12,2003.050533
33,15,2000.552691
33,16,1996.549316
33,17,1955.441061
34,8,2975.436577
34,9,2569.194660
34,10,2198.175909
34,11,2132.496924
34,12,2003.050533
34,15,2000.552691
34,16,1996.549316
34,17,1955.441061
35,8,2975.436577
35,9,2569.194660
35,10,2198.175909
35,11,2053.168043
35,12,2003.050533
35,15,2000.552691
35,16,1996.549316
35,17,1955.441061
36,8,2846.577615
36,9,2569.194660
36,10,2198.175909
36,11,2053.168043
36,12,2003.050533
36,15,2000.552691
36,16,1996.549316
36,17,1955.441061
37,8,2466.916438
37,10,2198.175909
37,11,2053.168043
37,12,2003.050533
37,14,1999.291661
37,16,1996.549316
37,17,1955.441061
38,8,2440.083222
38,10,2198.175909
38,11,1984.218374
38,13,1981.842840
38,17,1955.441061
39,8,2361.714656
39,10,2060.919657
39,11,1984.218374
39,13,1971.320820
39,16,1962.963838
39,17,1955.441061
40,8,2361.714656
40,9,2190.935701
40,10,2041.786238
40,11,1962.501827
40,16,1949.583420
41,8,2361.714656
41,9,2190.935701
41,10,2041.786238
41,11,1962.501827
41,13,1950.509460
41,16,1949.583420
42,8,2361.714656
42,9,2190.935701
42,10,2041.786238
42,11,1962.501827
42,13,1950.509460
42,16,1949.583420
43,8,2361.714656
43,9,2190.935701
43,10,2041.786238
43,11,1962.501827
43,13,1950.509460
43,16,1903.001230
44,8,2361.714656
44,9,2190.935701
44,10,2041.786238
44,11,1962.501827
44,13,1950.509460
44,16,1903.001230
45,8,2361.714656
45,9,2190.935701
45,10,2041.786238
45,11,1962.501827
45,13,1950.509460
45,16,1903.001230
46,8,2361.714656
46,9,2190.935701
46,10,2041.786238
46,11,1962.501827
46,13,1936.441860
46,16,1903.001230
47,8,2345.285609
47,9,2190.935701
47,10,2041.786238
47,11,1962.501827
47,13,1936.441860
47,14,1921.823669
47,16,1903.001230
48,7,2847.510629
48,8,2333.803144
48,9,2190.935701
48,10,2029.468824
48,11,1961.105868
48,13,1936.441860
48,14,1921.823669
48,16,1903.001230
49,7,2847.510629
49,8,2333.803144
49,9,2190.935701
49,10,2029.468824
49,11,1961.105868
49,13,1936.441860
49,14,1921.823669
49,16,1903.001230
50,7,2847.510629
50,8,2333.803144
50,9,2190.935701
50,10,2029.468824
50,11,1961.105868
50,13,1936.441860
50,14,1921.823669
50,16,1903.001230
51,7,2847.510629
51,8,2333.059835
51,9,2190.935701
51,10,2029.468824
51,11,1961.105868
51,12,1936.006028
51,14,1921.823669
51,16,1903.001230
52,7,2588.325653
52,8,2333.059835
52,9,2190.935701
52,10,2029.468824
52,11,1961.105868
52,12,1936.006028
52,14,1921.823669
52,16,1903.001230
53,7,2588.325653
53,8,2328.358041
53,9,2190.935701
53,10,2029.468824
53,11,1961.105868
53,12,1936.006028
53,13,1914.945374
53,16,1903.001230
54,7,2588.325653
54,8,2328.358041
54,9,2190.935701
54,10,2029.468824
54,11,1961.105868
54,12,1936.006028
54,13,1914.945374
54,16,1903.001230
55,7,2588.325653
55,8,2328.358041
55,9,2190.935701
55,10,2024.980852
55,11,1961.105868
55,12,1930.985365
55,13,1914.945374
55,16,1903.001230
56,7,2572.214458
56,8,2328.358041
56,9,2176.425744
56,10,2024.980852
56,11,1955.179155
56,12,1918.832693
56,13,1914.945374
56,16,1901.473847
57,7,2572.214458
57,8,2328.358041
57,9,2176.425744
57,10,2024.980852
57,11,1955.179155
57,12,1918.832693
57,13,1914.945374
57,16,1901.473847
58,7,2572.214458
58,8,2328.358041
58,9,2176.425744
58,10,2024.980852
58,11,1955.179155
58,12,1918.832693
58,13,1914.945374
58,15,1891.374750
59,7,2572.214458
59,8,2328.358041
59,9,2159.767413
59,10,2024.980852
59,11,1955.179155
59,12,1918.832693
59,13,1914.945374
59,15,1891.374750
60,7,2572.214458
60,8,2325.586170
60,9,2159.767413
60,10,2024.980852
60,11,1955.179155
60,12,1918.832693
60,13,1913.202955
60,15,1891.374750
61,7,2572.214458
61,8,2325.586170
61,9,2159.767413
61,10,2024.980852
61,11,1944.564701
61,12,1918.832693
61,13,1913.202955
61,15,1891.374750
62,6,3043.906257
62,7,2572.214458
62,8,2325.586170
62,9,2159.767413
62,10,2024.980852
62,11,1944.564701
62,12,1918.832693
62,13,1897.184039
62,15,1891.374750
63,6,3043.906257
63,7,2572.214458
63,8,2325.586170
63,9,2159.767413
63,10,2024.980852
63,11,1944.564701
63,12,1918.832693
63,13,1897.184039
63,15,1891.374750
64,6,3043.906257
64,7,2521.420617
64,8,2316.263354
64,9,2159.767413
64,10,2024.980852
64,11,1944.564701
64,12,1913.197871
64,13,1897.184039
64,15,1890.963116
65,6,3043.906257
65,7,2521.420617
65,8,2316.263354
65,9,2159.767413
65,10,2024.980852
65,11,1944.564701
65,12,1913.197871
65,13,1897.184039
65,15,1890.963116
66,6,3043.906257
66,7,2521.420617
66,8,2316.263354
66,9,2159.767413
66,10,2018.622271
66,11,1939.537842
66,12,1913.197871
66,13,1897.184039
66,15,1890.963116
67,6,2693.578180
67,7,2441.809376
67,8,2316.263354
67,9,2159.767413
67,10,2018.622271
67,11,1939.537842
67,12,1913.197871
67,13,1897.184039
67,15,1881.080121
68,6,2693.578180
68,7,2441.809376
68,8,2316.263354
68,9,2159.767413
68,10,2018.622271
68,11,1939.537842
68,12,1913.197871
68,13,1897.184039
68,15,1870.204678
69,6,2693.578180
69,7,2397.608922
69,8,2316.263354
69,9,2159.767413
69,10,2018.622271
69,11,1939.537842
69,12,1913.197871
69,13,1897.184039
69,14,1876.829995
69,15,1870.204678
70,6,2693.578180
70,7,2397.608922
70,8,2316.263354
70,9,2159.767413
70,10,2010.065470
70,11,1939.537842
70,12,1908.263449
70,13,1897.184039
70,14,1876.829995
70,15,1870.204678
71,6,2693.578180
71,7,2397.608922
71,8,2316.263354
71,9,2159.767413
71,10,2010.065470
71,11,1939.537842
71,12,1908.263449
71,13,1897.184039
71,14,1876.829995
71,15,1870.204678
72,6,2693.578180
72,7,2397.608922
72,8,2314.186862
72,9,2135.630683
72,10,1999.429831
72,11,1939.537842
72,12,1902.789647
72,13,1897.184039
72,14,1876.829995
72,15,1870.204678
73,6,2693.578180
73,7,2397.608922
73,8,2314.186862
73,9,2135.630683
73,10,1999.429831
73,11,1939.537842
73,12,1902.789647
73,13,1897.184039
73,14,1876.829995
73,15,1870.204678
74,6,2680.664919
74,7,2397.608922
74,8,2314.186862
74,9,2135.630683
74,10,1999.429831
74,11,1939.537842
74,12,1902.789647
74,13,1897.184039
74,14,1876.829995
74,15,1870.204678
75,6,2680.664919
75,7,2397.608922
75,8,2314.186862
75,9,2135.630683
75,10,1999.429831
75,11,1939.537842
75,12,1902.789647
75,13,1897.184039
75,14,1876.829995
75,15,1870.204678
76,6,2680.664919
76,7,2397.608922
76,8,2314.186862
76,9,2135.630683
76,10,1999.429831
76,11,1939.537842
76,12,1902.789647
76,13,1897.184039
76,14,1868.156535
77,6,2680.664919
77,7,2397.608922
77,8,2311.386212
77,9,2135.630683
77,10,1996.233768
77,11,1939.537842
77,12,1902.789647
77,13,1897.184039
77,14,1868.156535
78,6,2680.664919
78,7,2397.608922
78,8,2311.386212
78,9,2135.630683
78,10,1996.233768
78,11,1939.537842
78,12,1902.789647
78,13,1897.184039
78,14,1868.156535
79,6,2680.664919
79,7,2397.608922
79,8,2311.386212
79,9,2135.630683
79,10,1996.233768
79,11,1939.537842
79,12,1902.789647
79,13,1897.184039
79,14,1868.156535
80,6,2680.664919
80,7,2397.608922
80,8,2284.741341
80,9,2135.630683
80,10,1996.233768
80,11,1939.537842
80,12,1902.789647
80,13,1883.856688
80,14,1868.156535
81,6,2622.852003
81,7,2292.373449
81,8,2284.741341
81,9,2135.630683
81,10,1996.233768
81,11,1939.537842
81,12,1902.789647
81,13,1883.856688
81,14,1868.156535
82,6,2622.852003
82,7,2292.373449
82,8,2284.741341
82,9,2135.630683
82,10,1996.233768
82,11,1939.537842
82,12,1902.789647
82,13,1883.856688
82,14,1868.156535
83,6,2622.852003
83,7,2292.373449
83,8,2284.741341
83,9,2135.630683
83,10,1996.233768
83,11,1939.537842
83,12,1902.789647
83,13,1883.856688
83,14,1868.156535
84,6,2614.933287
84,7,2292.373449
84,8,2284.741341
84,9,2075.902741
84,10,1996.233768
84,11,1939.537842
84,12,1902.789647
84,13,1883.856688
84,14,1868.156535
85,6,2614.933287
85,7,2292.373449
85,8,2254.140672
85,9,2075.902741
85,10,1989.910526
85,11,1939.537842
85,12,1902.789647
85,13,1883.856688
85,14,1868.156535
86,6,2574.145855
86,7,2292.373449
86,8,2254.140672
86,9,2075.902741
86,10,1989.910526
86,11,1939.537842
86,12,1902.789647
86,13,1883.856688
86,14,1868.156535
87,6,2574.145855
87,7,2292.373449
87,8,2254.140672
87,9,2075.902741
87,10,1989.910526
87,11,1939.537842
87,12,1902.789647
87,13,1883.856688
87,14,1868.156535
88,6,2574.145855
88,7,2275.996732
88,8,2181.087448
88,9,2075.902741
88,10,1924.000396
88,12,1902.789647
88,13,1883.856688
88,14,1868.156535
89,6,2574.145855
89,7,2275.996732
89,8,2181.087448
89,9,2075.902741
89,10,1924.000396
89,12,1902.789647
89,13,1883.856688
89,14,1868.156535
90,6,2570.637212
90,7,2275.996732
90,8,2181.087448
90,9,2075.902741
90,10,1924.000396
90,12,1902.789647
90,13,1883.856688
90,14,1868.156535
91,6,2556.571074
91,7,2275.996732
91,8,2181.087448
91,9,2039.558983
91,10,1924.000396
91,12,1902.789647
91,13,1883.856688
91,14,1868.156535
92,6,2556.571074
92,7,2275.996732
92,8,2144.584456
92,9,2039.558983
92,10,1924.000396
92,12,1902.789647
92,13,1883.856688
92,14,1868.156535
93,6,2500.023804
93,7,2275.996732
93,8,2144.584456
93,9,2039.558983
93,10,1924.000396
93,12,1901.373867
93,13,1883.856688
93,14,1868.156535
94,6,2500.023804
94,7,2275.996732
94,8,2144.584456
94,9,2039.558983
94,10,1924.000396
94,12,1901.373867
94,13,1883.856688
94,14,1868.156535
95,6,2500.023804
95,7,2275.996732
95,8,2144.584456
95,9,2039.558983
95,10,1924.000396
95,12,1901.373867
95,13,1883.856688
95,14,1868.156535
96,6,2479.448113
96,7,2275.996732
96,8,2144.335159
96,9,2039.558983
96,10,1924.000396
96,11,1900.405656
96,13,1883.856688
96,14,1868.156535
97,6,2479.448113
97,7,2275.996732
97,8,2144.335159
97,9,2037.677949
97,10,1924.000396
97,11,1900.405656
97,12,1881.671513
97,14,1868.156535
98,6,2479.448113
98,7,2275.996732
98,8,2144.335159
98,9,1973.073851
98,10,1924.000396
98,11,1900.405656
98,12,1881.671513
98,14,1868.156535
99,6,2456.796196
99,7,2275.996732
99,8,2144.335159
99,9,1973.073851
99,10,1924.000396
99,11,1900.405656
99,12,1881.671513
99,14,1868.156535
100,6,2456.796196
100,7,2269.832653
100,8,2144.335159
100,9,1973.073851
100,10,1924.000396
100,11,1900.405656
100,12,1881.671513
100,14,1868.156535
101,6,2346.080063
101,7,2269.832653
101,8,2076.505028
101,9,1973.073851
101,10,1924.000396
101,11,1900.405656
101,12,1881.671513
101,14,1868.156535
102,6,2346.080063
102,7,2269.832653
102,8,2076.505028
102,9,1973.073851
102,10,1924.000396
102,11,1900.405656
102,12,1881.671513
102,14,1868.156535
103,6,2346.080063
103,7,2220.787737
103,8,2039.478765
103,9,1973.073851
103,10,1924.000396
103,11,1900.405656
103,12,1881.671513
103,14,1868.156535
104,6,2346.080063
104,7,2220.787737
104,8,2039.478765
104,9,1973.073851
104,10,1924.000396
104,11,1900.405656
104,12,1881.671513
104,14,1868.156535
105,6,2346.080063
105,7,2220.787737
105,8,2039.478765
105,9,1973.073851
105,10,1924.000396
105,11,1900.405656
105,12,1881.671513
105,14,1868.156535
106,6,2321.324568
106,7,2220.787737
106,8,2039.478765
106,9,1973.073851
106,10,1924.000396
106,11,1900.405656
106,12,1881.671513
106,14,1868.156535
107,6,2321.324568
107,7,2220.787737
107,8,2039.478765
107,9,1973.073851
107,10,1924.000396
107,11,1900.405656
107,12,1881.671513
107,14,1868.156535
108,6,2320.672720
108,7,2108.302552
108,8,2039.478765
108,9,1973.073851
108,10,1924.000396
108,11,1900.405656
108,12,1881.671513
108,14,1868.156535
109,6,2320.672720
109,7,2100.348674
109,8,2039.478765
109,9,1973.073851
109,10,1924.000396
109,11,1900.405656
109,12,1881.671513
109,14,1868.156535
110,6,2320.672720
110,7,2032.696893
110,8,2021.253900
110,9,1973.073851
110,10,1924.000396
110,11,1900.405656
110,12,1881.671513
110,14,1868.156535
111,6,2320.672720
111,7,2032.696893
111,8,2021.253900
111,9,1973.073851
111,10,1924.000396
111,11,1900.405656
111,12,1881.671513
111,14,1868.156535
112,6,2295.321474
112,7,2013.648628
112,8,1979.168375
112,9,1973.073851
112,10,1919.354447
112,11,1900.405656
112,12,1881.671513
112,14,1868.156535
113,6,2295.321474
113,7,2013.648628
113,8,1979.168375
113,9,1973.073851
113,10,1919.354447
113,11,1900.405656
113,12,1881.671513
113,14,1868.156535
114,6,2290.518177
114,7,2013.648628
114,8,1979.168375
114,9,1973.073851
114,10,1919.354447
114,11,1900.405656
114,12,1881.671513
114,14,1868.156535
115,6,2290.518177
115,7,2013.648628
115,8,1979.168375
115,9,1973.073851
115,10,1919.354447
115,11,1900.405656
115,12,1881.671513
115,14,1868.156535
116,6,2247.059835
116,7,2013.648628
116,8,1979.168375
116,9,1973.073851
116,10,1919.354447
116,11,1900.405656
116,12,1881.671513
116,14,1868.156535
117,6,2247.059835
117,7,2013.648628
117,8,1950.523243
117,10,1919.354447
117,11,1900.405656
117,12,1881.671513
117,14,1868.156535
118,6,2247.059835
118,7,2013.648628
118,8,1950.523243
118,10,1919.354447
118,11,1900.405656
118,12,1881.671513
118,14,1868.156535
119,6,2247.059835
119,7,2013.648628
119,8,1950.523243
119,10,1918.059159
119,11,1900.405656
119,12,1881.671513
119,14,1868.156535
120,6,2247.059835
120,7,2013.648628
120,8,1950.523243
120,10,1918.059159
120,11,1900.405656
120,12,1881.671513
120,14,1868.156535
121,6,2246.585715
121,7,2013.648628
121,8,1950.523243
121,10,1918.059159
121,11,1900.405656
121,12,1881.671513
121,14,1868.156535
122,6,2246.585715
122,7,2011.277113
122,8,1950.523243
122,10,1918.059159
122,11,1900.405656
122,12,1881.671513
122,14,1868.156535
123,6,2246.585715
123,7,2011.277113
123,8,1950.523243
123,9,1935.775460
123,10,1918.059159
123,11,1900.405656
123,12,1881.671513
123,14,1868.156535
124,6,2246.585715
124,7,2011.277113
124,8,1947.820393
124,9,1935.775460
124,10,1918.059159
124,11,1900.405656
124,12,1881.671513
124,14,1868.156535
125,6,2246.585715
125,7,2011.277113
125,8,1947.820393
125,9,1935.775460
125,10,1918.059159
125,11,1900.405656
125,12,1881.671513
125,14,1868.156535
126,6,2246.585715
126,7,2011.277113
126,8,1947.820393
126,9,1935.775460
126,10,1918.059159
126,11,1900.405656
126,12,1881.671513
126,14,1868.156535
127,6,2246.585715
127,7,2011.277113
127,8,1947.820393
127,9,1935.775460
127,10,1918.059159
127,11,1900.405656
127,12,1881.671513
127,14,1868.156535
128,6,2246.585715
128,7,2005.614519
128,8,1945.028949
128,9,1929.415991
128,10,1918.059159
128,11,1900.405656
128,12,1881.671513
128,14,1868.156535
129,6,2246.585715
129,7,2005.614519
129,8,1945.028949
129,9,1929.415991
129,10,1918.059159
129,11,1900.405656
129,12,1881.671513
129,14,1868.156535
130,6,2222.821279
130,7,2005.614519
130,8,1945.028949
130,9,1925.994139
130,10,1918.059159
130,11,1900.405656
130,12,1881.671513
130,14,1868.156535
131,6,2222.821279
131,7,2005.614519
131,8,1945.028949
131,9,1925.994139
131,10,1918.059159
131,11,1900.405656
131,12,1881.671513
131,14,1868.156535
132,6,2222.821279
132,7,2005.614519
132,8,1945.028949
132,9,1925.994139
132,10,1918.059159
132,11,1900.405656
132,12,1881.671513
132,14,1868.156535
133,6,2222.821279
133,7,2005.614519
133,8,1944.017566
133,9,1925.994139
133,10,1918.059159
133,11,1900.405656
133,12,1881.671513
133,14,1868.156535
134,6,2222.821279
134,7,2005.614519
134,8,1944.017566
134,9,1925.994139
134,10,1918.059159
134,11,1900.405656
134,12,1881.671513
134,14,1868.156535
135,6,2222.821279
135,7,2005.614519
135,8,1936.447945
135,9,1925.994139
135,10,1918.059159
135,11,1900.405656
135,12,1881.671513
135,14,1868.156535
136,6,2222.821279
136,7,2004.694555
136,8,1936.447945
136,9,1907.227635
136,11,1900.405656
136,12,1881.671513
136,14,1868.156535
137,6,2222.821279
137,7,2003.983737
137,8,1936.447945
137,9,1907.227635
137,11,1900.405656
137,12,1881.671513
137,14,1868.156535
138,6,2222.821279
138,7,2003.983737
138,8,1936.447945
138,9,1907.227635
138,11,1900.405656
138,12,1881.671513
138,14,1868.156535
139,6,2222.821279
139,7,2003.983737
139,8,1936.447945
139,9,1907.227635
139,11,1900.405656
139,12,1881.671513
139,14,1868.156535
140,6,2222.821279
140,7,1998.088640
140,8,1926.734510
140,9,1907.227635
140,11,1900.405656
140,12,1881.671513
140,14,1868.156535
141,6,2222.821279
141,7,1998.088640
141,8,1926.734510
141,9,1907.227635
141,11,1900.405656
141,12,1881.671513
141,14,1868.156535
142,6,2222.821279
142,7,1998.088640
142,8,1926.734510
142,9,1907.227635
142,11,1900.405656
142,12,1881.671513
142,14,1868.156535
143,6,2222.821279
143,7,1998.088640
143,8,1926.734510
143,9,1907.227635
143,11,1900.405656
143,12,1881.671513
143,14,1868.156535
144,6,2222.821279
144,7,1998.088640
144,8,1926.734510
144,9,1904.992696
144,11,1900.405656
144,12,1881.671513
144,14,1868.156535
145,6,2222.821279
145,7,1998.088640
145,8,1926.734510
145,9,1904.992696
145,11,1900.405656
145,12,1881.671513
145,14,1868.156535
146,6,2222.821279
146,7,1998.088640
146,8,1926.734510
146,9,1904.992696
146,11,1900.405656
146,12,1881.671513
146,14,1868.156535
147,6,2222.821279
147,7,1998.088640
147,8,1926.734510
147,9,1904.992696
147,11,1900.405656
147,12,1881.671513
147,14,1868.156535
148,6,2222.821279
148,7,1998.088640
148,8,1926.734510
148,9,1904.992696
148,11,1900.405656
148,12,1881.671513
148,14,1868.156535
149,6,2222.821279
149,7,1998.088640
149,8,1926.734510
149,9,1904.992696
149,11,1900.405656
149,12,1881.671513
149,14,1868.156535
150,6,2222.821279
150,7,1998.088640
150,8,1926.734510
150,9,1904.992696
150,11,1900.405656
150,12,1881.671513
150,14,1868.156535
151,6,2222.821279
151,7,1998.088640
151,8,1926.734510
151,9,1904.992696
151,11,1900.405656
151,12,1881.671513
151,14,1868.156535
152,6,2222.821279
152,7,1998.088640
152,8,1926.734510
152,9,1900.139156
152,12,1881.671513
152,14,1858.990857
153,6,2222.601885
153,7,1998.088640
153,8,1926.734510
153,9,1900.139156
153,12,1881.671513
153,14,1858.990857
154,6,2222.601885
154,7,1998.088640
154,8,1926.734510
154,9,1900.139156
154,12,1881.671513
154,14,1858.990857
155,6,2222.601885
155,7,1998.088640
155,8,1926.734510
155,9,1900.139156
155,12,1881.671513
155,14,1858.990857
156,6,2222.601885
156,7,1998.088640
156,8,1926.734510
156,9,1900.139156
156,12,1881.671513
156,14,1858.990857
157,6,2222.601885
157,7,1998.088640
157,8,1926.734510
157,9,1900.139156
157,12,1881.671513
157,14,1858.990857
158,6,2222.601885
158,7,1998.088640
158,8,1926.734510
158,9,1900.139156
158,12,1881.671513
158,14,1858.990857
159,6,2222.601885
159,7,1998.088640
159,8,1926.734510
159,9,1900.139156
159,12,1881.671513
159,14,1858.990857
160,6,2222.601885
160,7,1997.779584
160,8,1910.327843
160,9,1897.148571
160,12,1881.671513
160,14,1858.990857
161,6,2222.601885
161,7,1997.779584
161,8,1910.327843
161,9,1897.148571
161,12,1881.671513
161,14,1858.990857
162,6,2222.601885
162,7,1997.779584
162,8,1910.327843
162,9,1897.148571
162,12,1881.671513
162,14,1858.990857
163,6,2201.147002
163,7,1997.779584
163,8,1910.327843
163,9,1897.148571
163,12,1881.671513
163,14,1858.990857
164,6,2201.147002
164,7,1997.779584
164,8,1910.327843
164,9,1897.148571
164,12,1881.671513
164,14,1858.990857
165,6,2201.147002
165,7,1997.779584
165,8,1910.327843
165,9,1897.148571
165,12,1881.671513
165,14,1858.990857
166,6,2201.147002
166,7,1997.779584
166,8,1910.327843
166,9,1897.148571
166,12,1881.671513
166,14,1858.990857
167,6,2201.147002
167,7,1997.779584
167,8,1910.327843
167,9,1897.148571
167,12,1881.671513
167,14,1858.990857
168,6,2201.147002
168,7,1997.779584
168,8,1910.327843
168,9,1897.148571
168,12,1875.276979
168,13,1850.453114
169,6,2201.147002
169,7,1997.779584
169,8,1910.327843
169,9,1897.148571
169,12,1875.276979
169,13,1850.453114
170,6,2201.147002
170,7,1997.779584
170,8,1910.327843
170,9,1897.148571
170,12,1875.276979
170,13,1850.453114
171,6,2201.147002
171,7,1997.779584
171,8,1910.327843
171,9,1897.148571
171,12,1875.276979
171,13,1850.453114
172,6,2201.147002
172,7,1997.779584
172,8,1910.327843
172,9,1897.148571
172,12,1875.276979
172,13,1850.453114
173,6,2201.147002
173,7,1982.696449
173,8,1910.327843
173,9,1897.148571
173,12,1875.276979
173,13,1850.453114
174,6,2201.147002
174,7,1982.696449
174,8,1910.327843
174,9,1897.148571
174,12,1875.276979
174,13,1850.453114
175,6,2201.147002
175,7,1982.696449
175,8,1910.327843
175,9,1897.148571
175,12,1875.276979
175,13,1850.453114
176,6,2201.147002
176,7,1982.696449
176,8,1910.327843
176,9,1897.148571
176,12,1875.276979
176,13,1850.453114
177,6,2201.147002
177,7,1982.696449
177,8,1910.327843
177,9,1897.148571
177,12,1875.276979
177,13,1850.453114
178,6,2201.147002
178,7,1982.696449
178,8,1910.327843
178,9,1897.148571
178,12,1875.276979
178,13,1850.453114
179,6,2201.147002
179,7,1982.696449
179,8,1910.327843
179,9,1897.148571
179,12,1875.276979
179,13,1850.453114
180,6,2201.147002
180,7,1982.696449
180,8,1910.327843
180,9,1897.148571
180,12,1875.276979
180,13,1850.453114
181,6,2201.147002
181,7,1982.696449
181,8,1910.327843
181,9,1897.148571
181,12,1875.276979
181,13,1850.453114
182,6,2201.147002
182,7,1982.696449
182,8,1910.327843
182,9,1897.148571
182,12,1875.276979
182,13,1850.453114
183,6,2201.147002
183,7,1982.696449
183,8,1910.327843
183,9,1897.148571
183,12,1875.276979
183,13,1850.453114
184,6,2201.147002
184,7,1982.696449
184,8,1910.327843
184,9,1897.148571
184,12,1875.276979
184,13,1850.453114
185,6,2201.147002
185,7,1982.696449
185,8,1910.327843
185,9,1897.148571
185,12,1875.276979
185,13,1850.453114
186,6,2201.147002
186,7,1982.696449
186,8,1910.327843
186,9,1897.148571
186,12,1875.276979
186,13,1850.453114
187,6,2197.421649
187,7,1982.696449
187,8,1910.327843
187,9,1897.148571
187,12,1875.276979
187,13,1850.453114
188,6,2197.421649
188,7,1982.696449
188,8,1910.327843
188,9,1897.148571
188,12,1875.276979
188,13,1850.453114
189,6,2197.421649
189,7,1982.696449
189,8,1910.327843
189,9,1897.148571
189,12,1875.276979
189,13,1850.453114
190,6,2197.421649
190,7,1982.696449
190,8,1910.327843
190,9,1897.148571
190,12,1875.276979
190,13,1850.453114
191,6,2197.421649
191,7,1982.696449
191,8,1910.327843
191,9,1897.148571
191,12,1875.276979
191,13,1850.453114
192,6,2197.421649
192,7,1982.696449
192,8,1910.327843
192,9,1897.148571
192,12,1874.294348
192,13,1845.531111
193,6,2197.421649
193,7,1982.696449
193,8,1910.327843
193,9,1897.148571
193,12,1874.294348
193,13,1845.531111
194,6,2197.421649
194,7,1982.696449
194,8,1910.327843
194,9,1897.148571
194,12,1874.294348
194,13,1845.531111
195,6,2197.421649
195,7,1982.696449
195,8,1910.327843
195,9,1897.148571
195,12,1874.294348
195,13,1845.531111
196,6,2197.421649
196,7,1982.696449
196,8,1910.327843
196,9,1897.148571
196,12,1874.294348
196,13,1845.531111
197,6,2192.045869
197,7,1982.696449
197,8,1910.327843
197,9,1897.148571
197,12,1874.294348
197,13,1845.531111
198,6,2192.045869
198,7,1982.696449
198,8,1910.327843
198,9,1897.148571
198,12,1874.294348
198,13,1845.531111
199,6,2192.045869
199,7,1982.696449
199,8,1910.327843
199,9,1897.148571
199,12,1874.294348
199,13,1845.531111
200,6,2192.045869
200,7,1982.696449
200,8,1910.327843
200,9,1897.148571
200,12,1874.294348
200,13,1845.531111
201,6,2192.045869
201,7,1982.696449
201,8,1910.327843
201,9,1897.148571
201,12,1874.294348
201,13,1845.531111
202,6,2192.045869
202,7,1982.696449
202,8,1910.327843
202,9,1897.148571
202,12,1874.294348
202,13,1845.531111
203,6,2192.045869
203,7,1982.696449
203,8,1910.327843
203,9,1897.148571
203,12,1874.294348
203,13,1845.531111
204,6,2192.045869
204,7,1982.696449
204,8,1910.327843
204,9,1897.148571
204,12,1874.294348
204,13,1845.531111
205,6,2179.565887
205,7,1982.696449
205,8,1910.327843
205,9,1897.148571
205,12,1874.294348
205,13,1845.531111
206,6,2166.005445
206,7,1982.696449
206,8,1910.327843
206,9,1897.148571
206,12,1874.294348
206,13,1845.531111
207,6,2166.005445
207,7,1982.696449
207,8,1910.327843
207,9,1897.148571
207,12,1874.294348
207,13,1845.531111
208,6,2166.005445
208,7,1982.696449
208,8,1910.327843
208,9,1897.148571
208,12,1874.294348
208,13,1845.531111
209,6,2166.005445
209,7,1982.696449
209,8,1910.327843
209,9,1897.148571
209,12,1874.294348
209,13,1845.531111
210,6,2166.005445
210,7,1982.696449
210,8,1910.327843
210,9,1897.148571
210,12,1874.294348
210,13,1845.531111
211,6,2166.005445
211,7,1982.696449
211,8,1910.327843
211,9,1897.148571
211,12,1874.294348
211,13,1842.302995
212,6,2166.005445
212,7,1982.696449
212,8,1910.327843
212,9,1897.148571
212,12,1874.294348
212,13,1842.302995
213,6,2166.005445
213,7,1982.696449
213,8,1910.327843
213,9,1897.148571
213,12,1874.294348
213,13,1842.302995
214,6,2166.005445
214,7,1982.696449
214,8,1910.327843
214,9,1897.148571
214,12,1874.294348
214,13,1842.302995
215,6,2166.005445
215,7,1982.696449
215,8,1910.327843
215,9,1897.148571
215,12,1874.294348
215,13,1842.302995
216,6,2166.005445
216,7,1982.696449
216,8,1910.327843
216,9,1897.148571
216,12,1840.959173
217,6,2166.005445
217,7,1982.696449
217,8,1910.327843
217,9,1897.148571
217,12,1840.959173
218,6,2166.005445
218,7,1982.696449
218,8,1910.327843
218,9,1897.148571
218,12,1840.959173
219,6,2166.005445
219,7,1982.696449
219,8,1910.327843
219,9,1897.148571
219,12,1840.959173
220,6,2166.005445
220,7,1982.696449
220,8,1910.327843
220,9,1897.148571
220,12,1840.959173
221,6,2166.005445
221,7,1982.696449
221,8,1910.327843
221,9,1897.148571
221,12,1840.959173
222,6,2166.005445
222,7,1982.696449
222,8,1910.327843
222,9,1897.148571
222,12,1840.959173
223,6,2166.005445
223,7,1982.696449
223,8,1910.327843
223,9,1897.148571
223,12,1840.959173
224,6,2166.005445
224,7,1982.696449
224,8,1909.612739
224,9,1897.148571
224,12,1840.959173
225,6,2166.005445
225,7,1982.696449
225,8,1909.612739
225,9,1897.148571
225,12,1840.959173
226,6,2166.005445
226,7,1982.696449
226,8,1909.612739
226,9,1897.148571
226,12,1840.959173
227,6,2166.005445
227,7,1982.696449
227,8,1909.612739
227,9,1897.148571
227,12,1840.959173
228,6,2166.005445
228,7,1982.696449
228,8,1909.612739
228,9,1897.148571
228,12,1840.959173
229,6,2166.005445
229,7,1982.696449
229,8,1909.612739
229,9,1897.148571
229,12,1840.959173
230,6,2166.005445
230,7,1982.696449
230,8,1909.612739
230,9,1897.148571
230,12,1840.959173
231,6,2166.005445
231,7,1982.696449
231,8,1909.612739
231,9,1897.148571
231,12,1840.959173
232,6,2166.005445
232,7,1982.696449
232,8,1909.612739
232,9,1897.148571
232,12,1840.959173
233,6,2166.005445
233,7,1982.696449
233,8,1909.612739
233,9,1897.148571
233,12,1840.959173
234,6,2166.005445
234,7,1982.696449
234,8,1909.612739
234,9,1897.148571
234,12,1840.959173
235,6,2166.005445
235,7,1982.696449
235,8,1909.612739
235,9,1897.148571
235,12,1840.959173
236,6,2166.005445
236,7,1982.696449
236,8,1909.612739
236,9,1897.148571
236,12,1840.959173
237,6,2166.005445
237,7,1982.696449
237,8,1909.612739
237,9,1897.148571
237,12,1840.959173
238,6,2166.005445
238,7,1982.696449
238,8,1909.612739
238,9,1897.148571
238,12,1840.959173
239,6,2166.005445
239,7,1982.696449
239,8,1909.612739
239,9,1897.148571
239,12,1840.959173
240,6,2166.005445
240,7,1982.696449
240,8,1909.612739
240,9,1897.148571
240,11,1840.868152
241,6,2166.005445
241,7,1982.696449
241,8,1909.612739
241,9,1897.148571
241,11,1840.868152
242,6,2166.005445
242,7,1982.696449
242,8,1909.612739
242,9,1897.148571
242,11,1840.868152
243,6,2166.005445
243,7,1982.696449
243,8,1909.612739
243,9,1897.148571
243,11,1840.868152
244,6,2166.005445
244,7,1982.696449
244,8,1909.612739
244,9,1897.148571
244,11,1840.868152
245,6,2166.005445
245,7,1982.696449
245,8,1909.612739
245,9,1897.148571
245,11,1840.868152
246,6,2166.005445
246,7,1982.696449
246,8,1909.612739
246,9,1897.148571
246,11,1840.868152
247,6,2166.005445
247,7,1982.696449
247,8,1909.612739
247,9,1897.148571
247,11,1840.868152
248,6,2166.005445
248,7,1982.696449
248,8,1909.612739
248,9,1897.148571
248,11,1840.868152
249,6,2166.005445
249,7,1982.696449
249,8,1909.612739
249,9,1897.148571
249,11,1840.868152
250,6,2166.005445
250,7,1982.696449
250,8,1909.612739
250,9,1897.148571
250,11,1840.868152
251,6,2166.005445
251,7,1982.696449
251,8,1909.612739
251,9,1897.148571
251,11,1840.868152
252,6,2166.005445
252,7,1982.696449
252,8,1909.612739
252,9,1897.148571
252,11,1840.868152
253,6,2166.005445
253,7,1973.250563
253,8,1909.612739
253,9,1897.148571
253,11,1840.868152
254,6,2166.005445
254,7,1973.250563
254,8,1909.612739
254,9,1897.148571
254,11,1840.868152
255,6,2166.005445
255,7,1973.250563
255,8,1909.612739
255,9,1897.148571
255,11,1840.868152
256,6,2166.005445
256,7,1973.250563
256,8,1909.612739
256,9,1897.148571
256,11,1839.896183
257,6,2166.005445
257,7,1973.250563
257,8,1909.612739
257,9,1897.148571
257,11,1839.896183
258,6,2166.005445
258,7,1973.250563
258,8,1909.612739
258,9,1897.148571
258,11,1839.896183
259,6,2166.005445
259,7,1973.250563
259,8,1909.612739
259,9,1897.148571
259,11,1839.896183
260,6,2166.005445
260,7,1973.250563
260,8,1909.612739
260,9,1897.148571
260,11,1839.896183
261,6,2166.005445
261,7,1973.250563
261,8,1909.612739
261,9,1897.148571
261,11,1839.896183
262,6,2166.005445
262,7,1973.250563
262,8,1909.612739
262,9,1897.148571
262,11,1839.896183
263,6,2166.005445
263,7,1973.250563
263,8,1909.612739
263,9,1897.148571
263,11,1839.896183
264,6,2164.662161
264,7,1973.250563
264,8,1909.612739
264,9,1897.148571
264,11,1839.896183
265,6,2164.662161
265,7,1973.250563
265,8,1902.414200
265,9,1897.148571
265,11,1839.896183
266,6,2164.662161
266,7,1973.250563
266,8,1885.448962
266,11,1839.896183
267,6,2162.687542
267,7,1973.250563
267,8,1885.448962
267,11,1839.896183
268,6,2162.687542
268,7,1973.250563
268,8,1885.448962
268,11,1839.896183
269,6,2162.687542
269,7,1973.250563
269,8,1885.448962
269,11,1839.896183
270,6,2162.687542
270,7,1973.250563
270,8,1885.448962
270,11,1839.896183
271,6,2162.687542
271,7,1973.250563
271,8,1885.448962
271,11,1839.896183
272,6,2162.687542
272,7,1973.250563
272,8,1885.448962
272,11,1839.896183
273,6,2162.687542
273,7,1973.250563
273,8,1885.448962
273,11,1839.896183
274,6,2162.687542
274,7,1973.250563
274,8,1885.448962
274,11,1839.896183
275,6,2162.687542
275,7,1973.250563
275,8,1885.448962
275,11,1839.896183
276,6,2162.687542
276,7,1973.250563
276,8,1885.448962
276,11,1839.896183
277,6,2162.687542
277,7,1973.250563
277,8,1885.448962
277,11,1839.896183
278,6,2162.687542
278,7,1973.250563
278,8,1885.448962
278,11,1839.896183
279,6,2162.687542
279,7,1973.250563
279,8,1885.448962
279,11,1839.896183
280,6,2162.687542
280,7,1973.250563
280,8,1885.448962
280,11,1839.420169
281,6,2162.687542
281,7,1973.250563
281,8,1885.448962
281,11,1839.420169
282,6,2162.687542
282,7,1973.250563
282,8,1885.448962
282,11,1839.420169
283,6,2162.687542
283,7,1973.250563
283,8,1885.448962
283,11,1839.420169
284,6,2162.687542
284,7,1973.250563
284,8,1885.448962
284,11,1839.420169
285,6,2162.687542
285,7,1973.250563
285,8,1885.448962
285,11,1839.420169
286,6,2162.687542
286,7,1973.250563
286,8,1885.448962
286,11,1839.420169
287,6,2162.687542
287,7,1973.250563
287,8,1885.448962
287,11,1839.420169
288,6,2162.687542
288,7,1973.250563
288,8,1885.448962
288,11,1839.420169
289,6,2162.687542
289,7,1973.250563
289,8,1885.448962
289,11,1839.420169
290,6,2162.687542
290,7,1973.250563
290,8,1885.448962
290,11,1839.420169
291,6,2162.687542
291,7,1973.250563
291,8,1885.448962
291,11,1839.420169
292,6,2162.687542
292,7,1973.250563
292,8,1885.448962
292,11,1839.420169
293,6,2162.687542
293,7,1973.250563
293,8,1885.448962
293,11,1839.420169
294,6,2162.687542
294,7,1973.250563
294,8,1885.448962
294,11,1839.420169
295,6,2162.687542
295,7,1973.250563
295,8,1885.448962
295,11,1839.420169
296,6,2162.687542
296,7,1973.250563
296,8,1885.448962
296,11,1839.420169
297,6,2162.687542
297,7,1973.250563
297,8,1885.448962
297,11,1839.420169
298,6,2162.687542
298,7,1973.250563
298,8,1885.448962
298,11,1839.420169
299,6,2162.687542
299,7,1973.250563
299,8,1885.448962
299,11,1839.420169
300,6,2162.687542
300,7,1973.250563
300,8,1885.448962
300,11,1839.420169
301,6,2162.687542
301,7,1973.250563
301,8,1885.448962
301,11,1839.420169
302,6,2162.687542
302,7,1973.250563
302,8,1885.448962
302,11,1839.420169
303,6,2162.687542
303,7,1973.250563
303,8,1885.448962
303,11,1839.420169
304,6,2162.687542
304,7,1973.250563
304,8,1885.448962
304,11,1839.420169
305,6,2162.687542
305,7,1973.250563
305,8,1885.448962
305,11,1839.420169
306,6,2162.687542
306,7,1973.250563
306,8,1885.448962
306,11,1839.420169
307,6,2162.687542
307,7,1968.444640
307,8,1885.448962
307,11,1839.420169
308,6,2162.687542
308,7,1968.444640
308,8,1885.448962
308,11,1839.420169
309,6,2162.687542
309,7,1968.444640
309,8,1885.448962
309,11,1839.420169
310,6,2162.687542
310,7,1968.444640
310,8,1885.448962
310,11,1839.420169
311,6,2162.687542
311,7,1968.444640
311,8,1885.448962
311,11,1839.420169
312,6,2162.687542
312,7,1968.444640
312,8,1885.448962
312,11,1839.420169
313,6,2162.687542
313,7,1968.444640
313,8,1885.448962
313,11,1839.420169
314,6,2162.687542
314,7,1968.444640
314,8,1885.448962
314,11,1839.420169
315,6,2162.687542
315,7,1968.444640
315,8,1885.448962
315,11,1839.420169
316,6,2162.687542
316,7,1968.444640
316,8,1885.448962
316,11,1839.420169
317,6,2162.687542
317,7,1968.444640
317,8,1885.448962
317,11,1839.420169
318,6,2162.687542
318,7,1968.444640
318,8,1885.448962
318,11,1839.420169
319,6,2162.687542
319,7,1968.444640
319,8,1885.448962
319,11,1839.420169
320,6,2162.687542
320,7,1968.444640
320,8,1885.448962
320,11,1839.420169
321,6,2162.687542
321,7,1968.444640
321,8,1885.448962
321,9,1884.841548
321,11,1839.420169
322,6,2162.687542
322,7,1968.444640
322,8,1885.448962
322,9,1884.841548
322,11,1839.420169
323,6,2162.687542
323,7,1968.444640
323,8,1885.448962
323,9,1884.841548
323,11,1839.420169
324,6,2162.687542
324,7,1968.444640
324,8,1885.448962
324,9,1884.841548
324,11,1839.420169
325,6,2162.687542
325,7,1968.444640
325,8,1885.448962
325,9,1884.841548
325,11,1839.420169
326,6,2162.687542
326,7,1968.444640
326,8,1885.448962
326,9,1884.841548
326,11,1839.420169
327,6,2162.687542
327,7,1968.444640
327,8,1885.448962
327,9,1884.841548
327,11,1839.420169
328,6,2162.687542
328,7,1968.444640
328,8,1885.448962
328,9,1884.841548
328,11,1833.574356
329,6,2162.687542
329,7,1968.444640
329,8,1885.448962
329,9,1884.841548
329,11,1833.574356
330,6,2162.687542
330,7,1968.444640
330,8,1885.448962
330,9,1884.841548
330,11,1833.574356
