Generation,NV,TOC
1,12,3501.973807
1,15,2297.288534
2,11,3164.903833
2,12,2937.073054
2,13,2721.342533
2,14,2569.866576
2,15,2297.288534
2,18,2276.677207
3,11,3164.903833
3,12,2937.073054
3,13,2721.342533
3,14,2548.848313
3,15,2297.288534
3,16,2270.700093
3,18,2195.701350
4,11,3093.765474
4,12,2913.992043
4,13,2593.757930
4,14,2314.155741
4,15,2205.379195
4,16,2145.568874
5,11,2354.979906
5,14,2218.925694
5,15,2205.379195
5,16,2145.568874
6,10,2199.217997
6,13,2159.013786
6,15,2124.362014
7,10,2199.217997
7,12,2145.691202
7,15,2124.362014
7,17,2084.795662
8,10,2086.174892
8,17,2084.795662
9,9,2088.252743
9,10,2086.174892
9,13,2075.535577
9,14,2002.925652
10,9,2088.252743
10,10,2086.174892
10,12,2064.881359
10,13,2063.315412
10,14,2002.925652
11,8,2457.859137
11,9,2088.252743
11,10,2085.464727
11,11,2076.469374
11,12,1950.825742
12,8,2272.577880
12,9,2047.604131
12,12,1950.825742
13,8,2272.577880
13,9,2008.735421
13,10,1977.222091
13,12,1950.825742
13,13,1935.503489
14,8,2008.742757
14,9,1999.059433
14,10,1977.222091
14,12,1950.825742
14,13,1935.503489
15,8,2008.742757
15,9,1999.059433
15,10,1977.222091
15,12,1950.825742
15,13,1924.766001
16,8,1911.181377
16,13,1903.655635
17,7,2447.739288
17,8,1911.181377
17,13,1903.655635
18,7,2144.273266
18,8,1911.181377
18,10,1907.806758
18,12,1903.400095
19,7,2144.273266
19,8,1911.181377
19,10,1907.806758
19,11,1889.847438
20,7,2144.273266
20,8,1889.740360
20,9,1841.442600
21,7,2114.257853
21,8,1852.781687
21,9,1832.658962
22,7,2114.257853
22,8,1852.781687
22,9,1832.658962
23,7,2071.063796
23,8,1852.781687
23,9,1832.658962
24,7,2071.063796
24,8,1852.781687
24,9,1832.658962
25,7,2049.442545
25,8,1852.781687
25,9,1832.658962
26,7,2049.442545
26,8,1821.662384
27,7,2049.442545
27,8,1821.662384
28,7,2049.442545
28,8,1821.662384
29,7,1991.849711
29,8,1821.662384
30,7,1991.849711
30,8,1815.854048
31,7,1991.849711
31,8,1815.854048
32,7,1991.849711
32,8,1815.854048
32,11,1802.202387
33,7,1991.849711
33,8,1815.854048
33,10,1812.012391
33,11,1802.202387
34,7,1991.849711
34,8,1815.854048
34,10,1812.012391
34,11,1802.202387
35,7,1991.849711
35,8,1815.854048
35,10,1798.273251
36,7,1891.719333
36,8,1815.854048
36,9,1809.063279
36,10,1780.782614
37,6,2338.441732
37,7,1872.289895
37,8,1815.854048
37,9,1809.063279
37,10,1780.782614
38,6,2276.263028
38,7,1872.289895
38,8,1815.854048
38,9,1784.817169
38,10,1780.782614
39,6,2276.263028
39,7,1858.062895
39,8,1815.854048
39,9,1784.817169
39,10,1780.782614
40,6,2276.263028
40,7,1858.062895
40,8,1815.854048
40,9,1784.817169
40,10,1780.782614
41,6,2276.263028
41,7,1858.062895
41,8,1815.854048
41,9,1784.817169
41,10,1772.990525
42,6,2276.263028
42,7,1858.062895
42,8,1815.854048
42,9,1784.817169
42,10,1772.990525
43,6,2276.263028
43,7,1858.062895
43,8,1815.854048
43,9,1784.817169
43,10,1761.458625
44,6,2276.263028
44,7,1858.062895
44,8,1815.854048
44,9,1782.999618
44,10,1761.458625
45,6,2276.263028
45,7,1858.062895
45,8,1815.854048
45,9,1780.420617
45,10,1761.458625
46,6,2242.861194
46,7,1858.062895
46,8,1815.854048
46,9,1780.420617
46,10,1761.458625
47,6,2082.765382
47,7,1858.062895
47,8,1811.138775
47,9,1769.313847
47,10,1761.458625
48,6,2082.765382
48,7,1858.062895
48,8,1811.138775
48,9,1767.770003
48,10,1761.458625
49,6,2082.765382
49,7,1844.074915
49,8,1800.172264
49,9,1767.487528
49,10,1761.458625
50,6,2082.765382
50,7,1844.074915
50,8,1800.172264
50,9,1767.487528
50,10,1761.458625
51,6,2082.765382
51,7,1844.074915
51,8,1800.172264
51,9,1767.487528
51,10,1761.458625
52,6,2082.765382
52,7,1844.074915
52,8,1800.172264
52,9,1767.487528
52,10,1761.458625
53,6,2082.765382
53,7,1833.184856
53,8,1790.093614
53,9,1767.487528
53,10,1761.458625
54,6,2043.458343
54,7,1833.184856
54,8,1790.093614
54,9,1767.487528
54,10,1761.458625
55,6,2034.837213
55,7,1833.184856
55,8,1790.093614
55,9,1767.487528
55,10,1761.458625
56,6,2034.837213
56,7,1833.184856
56,8,1790.093614
56,9,1767.487528
56,10,1761.458625
57,6,2034.837213
57,7,1833.184856
57,8,1790.093614
57,9,1767.487528
57,10,1761.458625
58,6,2018.229722
58,7,1833.184856
58,8,1790.093614
58,9,1767.487528
58,10,1761.458625
59,6,1963.004118
59,7,1833.184856
59,8,1790.093614
59,9,1767.487528
59,10,1761.458625
60,6,1963.004118
60,7,1833.184856
60,8,1790.093614
60,9,1767.487528
60,10,1761.458625
61,6,1963.004118
61,7,1833.184856
61,8,1790.093614
61,9,1767.487528
61,10,1761.458625
62,6,1962.837598
62,7,1833.184856
62,8,1790.093614
62,9,1767.487528
62,10,1761.458625
63,6,1962.837598
63,7,1830.841127
63,8,1790.093614
63,9,1766.005095
63,10,1761.458625
64,6,1962.837598
64,7,1830.841127
64,8,1790.093614
64,9,1766.005095
64,10,1761.458625
65,6,1962.837598
65,7,1830.841127
65,8,1790.093614
65,9,1766.005095
65,10,1761.458625
66,6,1962.837598
66,7,1830.841127
66,8,1786.262515
66,9,1766.005095
66,10,1761.458625
67,6,1962.837598
67,7,1802.933139
67,8,1786.262515
67,9,1765.918930
67,10,1761.458625
68,6,1962.837598
68,7,1802.933139
68,8,1772.580753
68,9,1765.918930
68,10,1761.458625
69,6,1962.837598
69,7,1802.933139
69,8,1772.580753
69,9,1764.126807
69,10,1761.458625
70,6,1962.837598
70,7,1802.933139
70,8,1772.580753
70,9,1764.126807
70,10,1761.458625
71,6,1962.837598
71,7,1802.933139
71,8,1768.638700
71,9,1764.126807
71,10,1761.458625
72,6,1962.837598
72,7,1802.933139
72,8,1768.638700
72,9,1764.126807
72,10,1761.458625
73,6,1962.837598
73,7,1802.933139
73,8,1768.638700
73,9,1764.126807
73,10,1761.458625
74,6,1962.837598
74,7,1802.933139
74,8,1768.638700
74,9,1764.126807
74,10,1761.458625
75,6,1947.641175
75,7,1796.040099
75,8,1768.638700
75,9,1764.126807
75,10,1761.458625
76,6,1947.641175
76,7,1796.040099
76,8,1768.638700
76,9,1764.126807
76,10,1761.458625
77,6,1947.641175
77,7,1791.813816
77,8,1768.638700
77,9,1764.126807
77,10,1755.488846
78,6,1924.862409
78,7,1791.813816
78,8,1768.638700
78,9,1764.126807
78,10,1755.488846
79,6,1924.862409
79,7,1791.813816
79,8,1768.638700
79,9,1764.126807
79,10,1755.488846
80,6,1924.862409
80,7,1791.813816
80,8,1768.638700
80,9,1764.126807
80,10,1755.488846
81,6,1924.862409
81,7,1790.230598
81,8,1768.638700
81,9,1764.126807
81,10,1755.488846
82,6,1924.862409
82,7,1775.688508
82,8,1768.638700
82,9,1764.126807
82,10,1755.488846
83,6,1924.862409
83,7,1775.688508
83,8,1768.638700
83,9,1764.126807
83,10,1755.488846
84,6,1920.003405
84,7,1775.688508
84,8,1768.638700
84,9,1764.126807
84,10,1755.488846
85,6,1909.405698
85,7,1775.688508
85,8,1767.562138
85,9,1764.126807
85,10,1755.488846
86,6,1909.405698
86,7,1775.688508
86,8,1767.562138
86,9,1764.126807
86,10,1755.488846
87,6,1899.744360
87,7,1775.688508
87,8,1767.562138
87,9,1764.126807
87,10,1755.488846
88,6,1899.744360
88,7,1775.688508
88,8,1767.562138
88,9,1764.126807
88,10,1755.488846
89,6,1899.744360
89,7,1775.688508
89,8,1767.562138
89,9,1764.126807
89,10,1755.488846
90,6,1899.744360
90,7,1775.688508
90,8,1767.562138
90,9,1764.126807
90,10,1755.488846
91,6,1899.744360
91,7,1775.688508
91,8,1767.562138
91,9,1764.126807
91,10,1755.488846
92,6,1898.008127
92,7,1775.688508
92,8,1767.562138
92,9,1764.007603
92,10,1755.488846
93,6,1898.008127
93,7,1775.688508
93,8,1767.562138
93,9,1764.007603
93,10,1755.488846
94,6,1898.008127
94,7,1775.688508
94,8,1767.562138
94,9,1761.666831
94,10,1755.488846
95,6,1898.008127
95,7,1775.688508
95,8,1767.562138
95,9,1761.666831
95,10,1755.488846
96,6,1898.008127
96,7,1775.688508
96,8,1767.562138
96,9,1761.666831
96,10,1755.488846
97,6,1898.008127
97,7,1772.708696
97,8,1767.562138
97,9,1761.666831
97,10,1755.488846
98,6,1898.008127
98,7,1772.708696
98,8,1767.562138
98,9,1761.666831
98,10,1755.488846
99,6,1898.008127
99,7,1772.708696
99,8,1767.562138
99,9,1761.666831
99,10,1755.488846
100,6,1898.008127
100,7,1772.708696
100,8,1767.562138
100,9,1761.666831
100,10,1755.488846
101,6,1898.008127
101,7,1772.708696
101,8,1767.562138
101,9,1761.666831
101,10,1755.488846
102,6,1898.008127
102,7,1772.708696
102,8,1767.562138
102,9,1761.577363
102,10,1755.488846
103,6,1897.836716
103,7,1772.708696
103,8,1767.562138
103,9,1761.577363
103,10,1755.488846
104,6,1897.836716
104,7,1772.708696
104,8,1767.562138
104,9,1761.577363
104,10,1755.488846
105,6,1897.836716
105,7,1772.708696
105,8,1767.562138
105,9,1761.577363
105,10,1755.488846
106,6,1897.836716
106,7,1772.708696
106,8,1767.562138
106,9,1761.577363
106,10,1755.488846
107,6,1897.836716
107,7,1772.084239
107,8,1767.562138
107,9,1761.577363
107,10,1754.609398
108,6,1897.836716
108,7,1772.084239
108,8,1767.562138
108,9,1761.577363
108,10,1754.609398
109,6,1897.836716
109,7,1772.084239
109,8,1767.562138
109,9,1761.577363
109,10,1754.609398
110,6,1897.836716
110,7,1772.084239
110,8,1767.562138
110,9,1761.577363
110,10,1754.609398
111,6,1897.836716
111,7,1772.084239
111,8,1767.562138
111,9,1761.577363
111,10,1754.609398
112,6,1897.836716
112,7,1772.084239
112,8,1767.562138
112,9,1761.577363
112,10,1754.609398
113,6,1897.836716
113,7,1772.084239
113,8,1767.562138
113,9,1761.577363
113,10,1754.609398
114,6,1897.836716
114,7,1772.084239
114,8,1767.562138
114,9,1761.577363
114,10,1754.609398
115,6,1897.836716
115,7,1772.084239
115,8,1767.562138
115,9,1761.577363
115,10,1754.609398
116,6,1897.836716
116,7,1772.084239
116,8,1767.562138
116,9,1761.577363
116,10,1754.609398
117,6,1897.836716
117,7,1772.084239
117,8,1767.562138
117,9,1761.577363
117,10,1754.609398
118,6,1891.866952
118,7,1772.084239
118,8,1767.562138
118,9,1761.577363
118,10,1754.609398
119,6,1891.866952
119,7,1772.084239
119,8,1767.562138
119,9,1761.577363
119,10,1754.609398
120,6,1891.866952
120,7,1772.084239
120,8,1767.562138
120,9,1761.577363
120,10,1754.609398
121,6,1891.866952
121,7,1772.084239
121,8,1767.562138
121,9,1761.577363
121,10,1754.609398
122,6,1891.866952
122,7,1772.084239
122,8,1767.562138
122,9,1761.577363
122,10,1754.609398
123,6,1889.437260
123,7,1772.084239
123,8,1767.562138
123,9,1761.577363
123,10,1754.609398
124,6,1889.437260
124,7,1772.084239
124,8,1767.562138
124,9,1761.577363
124,10,1754.609398
125,6,1889.437260
125,7,1772.084239
125,8,1755.228576
125,10,1754.609398
126,6,1880.368659
126,7,1772.084239
126,8,1755.228576
126,10,1754.609398
127,6,1880.368659
127,7,1772.084239
127,8,1755.228576
127,10,1754.609398
128,6,1880.368659
128,7,1772.084239
128,8,1755.228576
128,10,1754.609398
129,6,1880.368659
129,7,1772.084239
129,8,1755.228576
129,10,1754.609398
130,6,1880.368659
130,7,1772.084239
130,8,1755.228576
130,10,1754.609398
131,6,1880.368659
131,7,1772.084239
131,8,1755.228576
131,10,1754.609398
132,6,1880.368659
132,7,1772.084239
132,8,1750.394963
133,6,1865.925180
133,7,1772.084239
133,8,1750.394963
134,6,1865.925180
134,7,1772.084239
134,8,1750.394963
135,6,1865.925180
135,7,1772.084239
135,8,1750.394963
136,6,1865.925180
136,7,1772.084239
136,8,1750.394963
137,6,1861.051864
137,7,1772.084239
137,8,1748.581765
138,6,1861.051864
138,7,1772.084239
138,8,1748.581765
139,6,1855.030456
139,7,1772.084239
139,8,1748.581765
140,6,1855.030456
140,7,1772.084239
140,8,1748.581765
141,6,1855.030456
141,7,1772.084239
141,8,1748.581765
142,6,1855.030456
142,7,1772.084239
142,8,1748.581765
143,6,1855.030456
143,7,1772.084239
143,8,1748.581765
144,6,1855.030456
144,7,1772.084239
144,8,1748.581765
145,6,1847.324541
145,7,1772.084239
145,8,1748.581765
146,6,1847.324541
146,7,1772.084239
146,8,1748.581765
146,9,1744.099340
147,6,1847.324541
147,7,1772.084239
147,8,1748.581765
147,9,1744.099340
148,6,1847.324541
148,7,1772.084239
148,8,1748.581765
148,9,1744.099340
149,6,1847.324541
149,7,1772.084239
149,8,1748.581765
149,9,1744.099340
150,6,1847.324541
150,7,1772.084239
150,8,1748.581765
150,9,1744.099340
151,6,1847.324541
151,7,1772.084239
151,8,1748.581765
151,9,1744.099340
152,6,1847.324541
152,7,1772.084239
152,8,1748.581765
152,9,1744.099340
153,6,1847.324541
153,7,1772.084239
153,8,1748.581765
153,9,1743.911597
154,6,1847.324541
154,7,1772.084239
154,8,1748.581765
154,9,1743.911597
155,6,1847.324541
155,7,1772.084239
155,8,1748.581765
155,9,1743.911597
156,6,1847.324541
156,7,1772.084239
156,8,1748.074084
156,9,1743.911597
157,6,1847.324541
157,7,1771.910663
157,8,1748.074084
157,9,1743.911597
158,6,1847.324541
158,7,1771.910663
158,8,1748.074084
158,9,1743.911597
159,6,1847.324541
159,7,1771.910663
159,8,1748.074084
159,9,1743.911597
160,6,1847.324541
160,7,1771.910663
160,8,1748.074084
160,9,1743.911597
161,6,1845.127370
161,7,1771.910663
161,8,1748.074084
161,9,1743.911597
162,6,1845.127370
162,7,1771.910663
162,8,1748.074084
162,9,1743.911597
163,6,1845.127370
163,7,1771.910663
163,8,1748.074084
163,9,1743.911597
164,6,1845.127370
164,7,1771.910663
164,8,1748.074084
164,9,1743.911597
165,6,1845.127370
165,7,1771.910663
165,8,1748.074084
165,9,1743.911597
166,6,1845.127370
166,7,1771.910663
166,8,1748.074084
166,9,1743.911597
167,6,1835.463220
167,7,1771.910663
167,8,1748.074084
167,9,1743.911597
168,6,1835.463220
168,7,1771.910663
168,8,1748.074084
168,9,1743.911597
169,6,1835.463220
169,7,1771.910663
169,8,1748.074084
169,9,1743.911597
170,6,1835.463220
170,7,1771.910663
170,8,1748.074084
170,9,1743.911597
171,6,1835.463220
171,7,1752.731879
171,8,1748.074084
171,9,1743.911597
172,6,1835.463220
172,7,1752.731879
172,8,1748.074084
172,9,1743.911597
173,6,1835.463220
173,7,1752.731879
173,8,1748.074084
173,9,1743.911597
174,6,1835.463220
174,7,1752.731879
174,8,1748.074084
174,9,1743.911597
175,6,1835.463220
175,7,1752.731879
175,8,1748.074084
175,9,1743.911597
176,6,1835.463220
176,7,1752.731879
176,8,1748.074084
176,9,1743.911597
177,6,1835.463220
177,7,1752.731879
177,8,1748.074084
177,9,1743.911597
178,6,1835.463220
178,7,1752.731879
178,8,1748.074084
178,9,1743.911597
179,6,1835.463220
179,7,1752.731879
179,8,1748.074084
179,9,1743.911597
180,6,1835.463220
180,7,1752.731879
180,8,1748.074084
180,9,1743.911597
181,6,1835.463220
181,7,1752.731879
181,8,1748.074084
181,9,1743.911597
182,6,1835.463220
182,7,1752.731879
182,8,1748.074084
182,9,1743.911597
183,6,1835.463220
183,7,1752.731879
183,8,1748.074084
183,9,1743.911597
184,6,1835.463220
184,7,1752.731879
184,8,1748.074084
184,9,1743.911597
185,6,1835.463220
185,7,1752.731879
185,8,1748.074084
185,9,1743.911597
186,6,1835.463220
186,7,1752.731879
186,8,1748.074084
186,9,1743.911597
187,6,1835.463220
187,7,1752.731879
187,8,1748.074084
187,9,1743.911597
188,6,1835.463220
188,7,1752.731879
188,8,1748.074084
188,9,1743.911597
189,6,1835.463220
189,7,1752.731879
189,8,1748.074084
189,9,1743.911597
190,6,1835.463220
190,7,1752.731879
190,8,1748.074084
190,9,1743.911597
191,6,1835.463220
191,7,1752.731879
191,8,1748.074084
191,9,1743.911597
192,6,1835.463220
192,7,1752.731879
192,8,1748.074084
192,9,1743.911597
193,6,1835.463220
193,7,1752.731879
193,8,1748.074084
193,9,1743.911597
194,6,1835.463220
194,7,1752.731879
194,8,1748.074084
194,9,1743.911597
195,6,1835.463220
195,7,1752.731879
195,8,1748.074084
195,9,1743.911597
196,6,1835.463220
196,7,1752.731879
196,8,1748.074084
196,9,1743.911597
197,6,1835.463220
197,7,1752.327697
197,8,1748.074084
197,9,1743.911597
198,6,1835.463220
198,7,1752.327697
198,8,1748.074084
198,9,1743.911597
199,6,1835.463220
199,7,1752.327697
199,8,1748.074084
199,9,1743.911597
200,6,1835.463220
200,7,1752.327697
200,8,1748.074084
200,9,1743.911597
201,6,1830.368345
201,7,1752.327697
201,8,1748.074084
201,9,1743.911597
202,6,1830.368345
202,7,1752.327697
202,8,1748.074084
202,9,1743.911597
203,6,1830.368345
203,7,1752.327697
203,8,1748.074084
203,9,1743.911597
204,6,1830.368345
204,7,1752.327697
204,8,1748.074084
204,9,1743.911597
205,6,1830.368345
205,7,1752.327697
205,8,1748.074084
205,9,1743.911597
206,6,1830.368345
206,7,1752.327697
206,8,1748.074084
206,9,1743.911597
207,6,1830.368345
207,7,1752.327697
207,8,1748.074084
207,9,1743.911597
208,6,1830.368345
208,7,1752.327697
208,8,1748.074084
208,9,1743.911597
209,6,1830.368345
209,7,1752.327697
209,8,1748.074084
209,9,1743.911597
210,6,1830.368345
210,7,1752.327697
210,8,1748.074084
210,9,1743.911597
211,6,1830.368345
211,7,1752.327697
211,8,1748.074084
211,9,1743.911597
212,6,1828.657231
212,7,1752.327697
212,8,1748.074084
212,9,1743.911597
213,6,1828.657231
213,7,1752.327697
213,8,1748.074084
213,9,1743.911597
214,6,1828.657231
214,7,1752.327697
214,8,1748.074084
214,9,1743.911597
215,6,1828.657231
215,7,1752.327697
215,8,1748.074084
215,9,1743.911597
216,6,1828.657231
216,7,1752.327697
216,8,1748.074084
216,9,1743.911597
217,6,1828.657231
217,7,1752.327697
217,8,1748.074084
217,9,1743.911597
218,6,1828.657231
218,7,1752.327697
218,8,1748.074084
218,9,1743.911597
219,6,1828.657231
219,7,1752.327697
219,8,1748.074084
219,9,1743.911597
220,6,1828.657231
220,7,1752.327697
220,8,1748.074084
220,9,1743.911597
221,6,1826.798864
221,7,1752.327697
221,8,1748.074084
221,9,1743.911597
222,6,1826.798864
222,7,1752.327697
222,8,1748.074084
222,9,1743.911597
223,6,1826.798864
223,7,1752.327697
223,8,1748.074084
223,9,1743.911597
224,6,1826.798864
224,7,1752.327697
224,8,1748.074084
224,9,1743.911597
225,6,1826.798864
225,7,1752.327697
225,8,1748.074084
225,9,1743.911597
226,6,1826.798864
226,7,1752.327697
226,8,1748.074084
226,9,1743.911597
227,6,1826.798864
227,7,1752.327697
227,8,1748.074084
227,9,1743.911597
228,6,1826.798864
228,7,1752.327697
228,8,1748.074084
228,9,1743.911597
229,6,1826.798864
229,7,1752.327697
229,8,1748.074084
229,9,1743.911597
230,6,1826.798864
230,7,1752.327697
230,8,1748.074084
230,9,1743.911597
231,6,1826.798864
231,7,1752.327697
231,8,1748.074084
231,9,1743.911597
232,6,1826.798864
232,7,1752.327697
232,8,1748.074084
232,9,1743.911597
233,6,1826.798864
233,7,1752.327697
233,8,1748.074084
233,9,1743.911597
234,6,1826.798864
234,7,1752.327697
234,8,1748.074084
234,9,1743.911597
235,6,1826.798864
235,7,1752.327697
235,8,1748.074084
235,9,1743.911597
236,6,1826.798864
236,7,1752.327697
236,8,1748.074084
236,9,1743.911597
237,6,1826.798864
237,7,1752.327697
237,8,1748.074084
237,9,1743.911597
238,6,1826.798864
238,7,1752.327697
238,8,1748.074084
238,9,1743.911597
239,6,1826.798864
239,7,1752.327697
239,8,1748.074084
239,9,1743.911597
240,6,1826.798864
240,7,1752.327697
240,8,1748.074084
240,9,1743.911597
241,6,1826.798864
241,7,1752.327697
241,8,1748.074084
241,9,1743.911597
242,6,1826.798864
242,7,1752.327697
242,8,1748.074084
242,9,1743.911597
243,6,1826.798864
243,7,1752.327697
243,8,1748.074084
243,9,1743.911597
244,6,1826.798864
244,7,1752.327697
244,8,1748.074084
244,9,1743.911597
245,6,1826.798864
245,7,1750.882365
245,8,1748.074084
245,9,1743.911597
246,6,1826.798864
246,7,1750.882365
246,8,1748.074084
246,9,1743.911597
247,6,1826.798864
247,7,1750.882365
247,8,1748.074084
247,9,1743.911597
248,6,1826.798864
248,7,1750.882365
248,8,1748.074084
248,9,1743.911597
249,6,1826.798864
249,7,1750.882365
249,8,1748.074084
249,9,1743.911597
250,6,1818.745469
250,7,1750.882365
250,8,1748.074084
250,9,1743.911597
251,6,1818.745469
251,7,1750.882365
251,8,1748.074084
251,9,1743.911597
252,6,1818.745469
252,7,1750.882365
252,8,1748.074084
252,9,1743.911597
253,6,1818.745469
253,7,1750.882365
253,8,1748.074084
253,9,1743.911597
254,6,1818.745469
254,7,1750.882365
254,8,1748.074084
254,9,1743.911597
255,6,1818.745469
255,7,1750.882365
255,8,1748.074084
255,9,1743.911597
256,6,1818.745469
256,7,1750.882365
256,8,1748.074084
256,9,1743.911597
257,6,1818.745469
257,7,1750.882365
257,8,1748.074084
257,9,1743.911597
258,6,1818.745469
258,7,1750.882365
258,8,1748.074084
258,9,1743.911597
259,6,1818.745469
259,7,1750.882365
259,8,1748.074084
259,9,1743.911597
260,6,1818.745469
260,7,1750.882365
260,8,1748.074084
260,9,1743.911597
261,6,1818.745469
261,7,1750.882365
261,8,1748.074084
261,9,1743.911597
262,6,1818.745469
262,7,1750.882365
262,8,1748.074084
262,9,1743.911597
263,6,1818.745469
263,7,1750.882365
263,8,1748.074084
263,9,1743.911597
264,6,1818.745469
264,7,1750.882365
264,8,1748.074084
264,9,1743.911597
265,6,1818.745469
265,7,1750.882365
265,8,1748.074084
265,9,1743.911597
266,6,1818.745469
266,7,1750.882365
266,8,1748.074084
266,9,1743.911597
267,6,1818.745469
267,7,1750.882365
267,8,1748.074084
267,9,1743.911597
268,6,1818.745469
268,7,1750.882365
268,8,1748.074084
268,9,1743.911597
269,6,1818.745469
269,7,1750.882365
269,8,1748.074084
269,9,1743.911597
270,6,1818.745469
270,7,1750.882365
270,8,1748.074084
270,9,1743.911597
271,6,1818.745469
271,7,1750.882365
271,8,1748.074084
271,9,1743.911597
272,6,1818.745469
272,7,1750.882365
272,8,1748.074084
272,9,1743.911597
273,6,1818.745469
273,7,1750.882365
273,8,1748.074084
273,9,1743.911597
274,6,1818.745469
274,7,1750.882365
274,8,1748.074084
274,9,1743.911597
275,6,1818.745469
275,7,1750.882365
275,8,1748.074084
275,9,1743.911597
276,6,1818.745469
276,7,1750.882365
276,8,1748.074084
276,9,1743.911597
277,6,1818.745469
277,7,1750.882365
277,8,1748.074084
277,9,1743.911597
278,6,1818.745469
278,7,1750.882365
278,8,1748.074084
278,9,1743.911597
279,6,1818.745469
279,7,1750.882365
279,8,1748.074084
279,9,1743.911597
280,6,1818.745469
280,7,1750.882365
280,8,1748.074084
280,9,1743.911597
281,6,1818.745469
281,7,1750.882365
281,8,1748.074084
281,9,1743.911597
282,6,1818.745469
282,7,1750.882365
282,8,1748.074084
282,9,1743.911597
283,6,1818.745469
283,7,1750.882365
283,8,1748.074084
283,9,1743.911597
284,6,1818.745469
284,7,1750.882365
284,8,1748.074084
284,9,1743.911597
285,6,1818.745469
285,7,1750.882365
285,8,1748.074084
285,9,1743.911597
286,6,1817.555493
286,7,1750.882365
286,8,1748.074084
286,9,1743.911597
287,6,1817.555493
287,7,1750.882365
287,8,1748.074084
287,9,1743.911597
288,6,1817.555493
288,7,1750.882365
288,8,1748.074084
288,9,1743.911597
289,6,1817.555493
289,7,1750.882365
289,8,1748.074084
289,9,1743.911597
290,6,1817.528402
290,7,1750.882365
290,8,1748.074084
290,9,1743.911597
291,6,1817.528402
291,7,1750.882365
291,8,1748.074084
291,9,1743.911597
292,6,1817.528402
292,7,1750.882365
292,8,1748.074084
292,9,1743.911597
293,6,1817.528402
293,7,1750.882365
293,8,1748.074084
293,9,1743.911597
294,6,1817.528402
294,7,1750.882365
294,8,1748.074084
294,9,1743.911597
295,6,1817.528402
295,7,1750.882365
295,8,1748.074084
295,9,1743.911597
296,6,1817.528402
296,7,1750.882365
296,8,1748.074084
296,9,1743.911597
297,6,1817.528402
297,7,1750.882365
297,8,1748.074084
297,9,1743.911597
298,6,1816.174197
298,7,1750.882365
298,8,1748.074084
298,9,1743.911597
299,6,1816.174197
299,7,1750.882365
299,8,1748.074084
299,9,1743.911597
300,6,1816.174197
300,7,1750.882365
300,8,1748.074084
300,9,1743.911597
301,6,1816.174197
301,7,1750.882365
301,8,1748.074084
301,9,1743.911597
302,6,1816.174197
302,7,1750.882365
302,8,1748.074084
302,9,1743.911597
303,6,1816.174197
303,7,1750.882365
303,8,1748.074084
303,9,1743.911597
304,6,1816.174197
304,7,1750.882365
304,8,1748.074084
304,9,1743.911597
305,6,1816.174197
305,7,1750.882365
305,8,1748.074084
305,9,1743.911597
306,6,1816.174197
306,7,1750.882365
306,8,1748.074084
306,9,1743.911597
307,6,1812.407492
307,7,1750.882365
307,8,1748.074084
307,9,1743.911597
308,6,1812.407492
308,7,1750.882365
308,8,1748.074084
308,9,1743.911597
309,6,1812.407492
309,7,1750.882365
309,8,1748.074084
309,9,1743.911597
310,6,1812.407492
310,7,1750.882365
310,8,1748.074084
310,9,1743.911597
311,6,1812.407492
311,7,1750.882365
311,8,1748.074084
311,9,1743.911597
312,6,1812.407492
312,7,1750.882365
312,8,1748.074084
312,9,1743.911597
313,6,1812.407492
313,7,1750.882365
313,8,1748.074084
313,9,1743.911597
314,6,1812.407492
314,7,1750.882365
314,8,1748.074084
314,9,1743.911597
315,6,1812.407492
315,7,1750.882365
315,8,1748.074084
315,9,1743.911597
316,6,1812.407492
316,7,1750.882365
316,8,1748.074084
316,9,1743.911597
317,6,1812.407492
317,7,1750.882365
317,8,1748.074084
317,9,1743.911597
318,6,1812.407492
318,7,1750.882365
318,8,1748.074084
318,9,1743.911597
319,6,1812.407492
319,7,1750.882365
319,8,1748.074084
319,9,1743.911597
320,6,1812.407492
320,7,1750.882365
320,8,1748.074084
320,9,1743.911597
321,6,1812.407492
321,7,1750.882365
321,8,1748.074084
321,9,1743.911597
322,6,1812.407492
322,7,1750.882365
322,8,1748.074084
322,9,1743.911597
323,6,1812.407492
323,7,1750.882365
323,8,1748.074084
323,9,1743.911597
324,6,1812.407492
324,7,1750.882365
324,8,1748.074084
324,9,1743.911597
325,6,1812.407492
325,7,1750.882365
325,8,1748.074084
325,9,1743.911597
326,6,1812.407492
326,7,1750.882365
326,8,1748.074084
326,9,1743.911597
327,6,1811.091215
327,7,1750.882365
327,8,1748.074084
327,9,1743.911597
328,6,1811.091215
328,7,1750.882365
328,8,1748.074084
328,9,1743.911597
329,6,1811.091215
329,7,1750.882365
329,8,1748.074084
329,9,1743.911597
330,6,1811.091215
330,7,1750.882365
330,8,1748.074084
330,9,1743.911597
331,6,1811.091215
331,7,1750.882365
331,8,1748.074084
331,9,1743.911597
