Generation,NV,TOC
1,52,20833.730655
1,54,20550.084955
1,77,17424.908294
1,87,17069.106150
1,99,17046.496509
1,109,16945.844197
1,115,16861.541865
2,52,20833.730655
2,54,20550.084955
2,59,19537.803626
2,60,19272.231213
2,71,17693.019671
2,72,17577.378401
2,77,17348.128146
2,80,17041.535809
2,90,17031.500938
2,109,16945.844197
2,113,16784.985205
2,118,16698.875697
3,52,20833.730655
3,54,20550.084955
3,56,19979.847955
3,59,19537.803626
3,60,19089.457901
3,66,18443.226410
3,70,17860.690278
3,71,17693.019671
3,72,17577.378401
3,73,17563.316633
3,76,17224.828666
3,80,17041.535809
3,85,17030.462598
3,87,16929.217702
3,89,16738.002527
3,101,16653.347623
3,103,16634.705712
3,106,16373.537271
3,107,16157.901480
4,52,20833.730655
4,54,20550.084955
4,55,19978.256238
4,59,19537.803626
4,60,19058.969757
4,62,18913.754027
4,64,18301.896123
4,65,17944.545638
4,70,17860.690278
4,71,17693.019671
4,72,17577.378401
4,73,17563.316633
4,76,17224.828666
4,80,17041.535809
4,84,16884.088887
4,85,16814.907961
4,86,16752.153068
4,88,16617.675231
4,103,16607.556734
4,105,16032.835230
5,52,20833.730655
5,53,20322.959036
5,54,19767.597758
5,57,19482.903614
5,60,18819.326933
5,61,18319.072721
5,63,18171.860672
5,65,17944.545638
5,66,17764.313322
5,68,17735.081945
5,69,17185.420855
5,79,17029.284403
5,80,17025.996232
5,83,16660.941489
5,88,16617.675231
5,98,16608.100438
5,100,16563.230119
5,105,16032.835230
6,52,20569.458024
6,53,20322.959036
6,54,19586.860749
6,56,19177.487537
6,58,18736.825346
6,61,18169.905634
6,63,18163.230704
6,64,17873.444603
6,66,17560.264241
6,67,17243.199202
6,69,16999.953736
6,72,16777.157219
6,83,16591.410890
6,85,16491.730996
6,104,15936.800202
7,52,20569.458024
7,53,19608.755338
7,54,19586.860749
7,55,19282.732029
7,56,18857.442189
7,58,18736.825346
7,60,18349.475005
7,61,17973.926297
7,64,17873.444603
7,66,17560.264241
7,67,17243.199202
7,69,16999.953736
7,72,16777.157219
7,83,16591.410890
7,85,16491.730996
7,101,16001.330111
7,102,15975.976765
7,104,15735.733985
8,48,19635.249707
8,53,19608.755338
8,54,19586.860749
8,55,19144.782848
8,56,18857.442189
8,58,18736.825346
8,60,18187.770780
8,61,17973.926297
8,64,17873.444603
8,65,17708.100675
8,66,17560.264241
8,67,17143.510740
8,69,16999.953736
8,72,16777.157219
8,78,16696.071092
8,83,16473.585670
8,85,16385.464091
8,86,16363.601004
8,96,15857.861047
8,100,15670.650452
9,48,19635.249707
9,53,19608.755338
9,54,18984.491544
9,56,18741.211270
9,58,18531.865236
9,60,18187.770780
9,61,17973.926297
9,64,17067.921490
9,69,16999.953736
9,72,16777.157219
9,78,16696.071092
9,82,16596.067688
9,83,16473.585670
9,85,16385.464091
9,86,15977.180478
9,96,15857.861047
9,99,15675.766857
9,100,15670.650452
9,102,15623.832130
9,105,15596.920006
10,48,19635.249707
10,53,19608.755338
10,54,18984.491544
10,56,18741.211270
10,58,18531.865236
10,60,18187.770780
10,61,17973.926297
10,64,17067.921490
10,65,17027.603023
10,69,16999.953736
10,71,16627.084708
10,74,16558.269420
10,77,16532.725818
10,81,16472.669685
10,83,16233.428816
10,86,15910.049628
10,96,15857.861047
10,99,15637.702029
10,101,15577.583006
10,103,15541.050024
11,48,19635.249707
11,53,18619.293312
11,56,18304.008076
11,57,18050.204472
11,61,16959.376193
11,71,16627.084708
11,74,16558.269420
11,77,16532.725818
11,78,16486.401286
11,79,16451.719251
11,82,16446.201255
11,83,16233.428816
11,86,15910.049628
11,95,15768.052104
11,99,15637.702029
11,101,15577.583006
11,103,15541.050024
12,48,19635.249707
12,53,18619.293312
12,55,18491.347911
12,56,18304.008076
12,57,17931.714014
12,58,17743.233086
12,61,16855.735946
12,70,16553.820035
12,71,16296.175191
12,75,15750.872644
12,94,15724.141724
12,98,15602.529861
12,99,15540.469450
12,102,15454.103094
13,48,19635.249707
13,51,19460.930039
13,53,18619.293312
13,55,18491.347911
13,56,18304.008076
13,57,17842.383686
13,58,17743.233086
13,61,16855.735946
13,70,16553.820035
13,71,16296.175191
13,75,15750.872644
13,94,15724.141724
13,96,15469.928192
13,102,15454.103094
14,48,19635.249707
14,51,19460.930039
14,53,18619.293312
14,55,18491.347911
14,56,18304.008076
14,57,17646.890083
14,60,16775.380090
14,70,16476.657315
14,71,16261.870419
14,75,15658.200938
14,91,15608.079776
14,96,15381.396343
14,97,15371.782093
15,48,19635.249707
15,51,19442.997470
15,53,18613.577545
15,55,18245.425511
15,57,17646.890083
15,60,16775.380090
15,67,16637.414733
15,69,16241.576460
15,75,15658.200938
15,91,15608.079776
15,93,15241.780521
16,48,19635.249707
16,51,19442.997470
16,52,18568.094535
16,54,18451.888245
16,55,18007.588664
16,56,17786.333523
16,57,17555.724117
16,58,17208.246377
16,59,16674.421081
16,67,16572.832131
16,69,16176.548062
16,75,15658.200938
16,88,15349.418231
16,91,15196.541791
17,48,19635.249707
17,50,19390.293500
17,51,18825.927171
17,52,18568.094535
17,54,18015.013421
17,55,18007.588664
17,56,17786.333523
17,57,17555.724117
17,58,17208.246377
17,59,16674.421081
17,67,16572.832131
17,69,16176.548062
17,72,16086.706314
17,75,15658.200938
17,88,15349.418231
17,91,15196.541791
18,48,19635.249707
18,50,18666.880900
18,51,18579.831298
18,52,17944.254600
18,54,17408.976635
18,58,17164.215486
18,59,16655.546454
18,66,16460.730384
18,69,16176.548062
18,72,15977.226428
18,73,15603.522370
18,88,15091.161228
19,48,19571.803615
19,50,18666.880900
19,51,18382.209850
19,52,17472.205077
19,53,17274.404458
19,55,17268.892377
19,58,16965.115143
19,59,16655.546454
19,61,16477.253867
19,66,16460.730384
19,69,16176.548062
19,72,15977.226428
19,73,15603.522370
19,87,15562.742254
19,88,15091.161228
20,48,19571.803615
20,50,18578.898955
20,51,18110.085398
20,52,17278.455506
20,53,17274.404458
20,54,17056.165653
20,58,16822.747340
20,59,16622.454106
20,61,16313.189807
20,64,16078.605822
20,72,15564.837682
20,82,15514.434587
20,86,15049.816385
21,48,19571.803615
21,50,18578.898955
21,51,17738.840687
21,52,17278.455506
21,53,17274.404458
21,54,16968.448602
21,58,16822.747340
21,59,16622.454106
21,60,16601.927436
21,61,16313.189807
21,64,16078.605822
21,72,15564.837682
21,82,15435.082793
21,86,15049.816385
22,48,19571.803615
22,50,17823.608963
22,51,17738.840687
22,52,17278.455506
22,53,16970.551942
22,54,16832.589708
22,58,16822.747340
22,59,16535.389453
22,60,16494.856461
22,61,16298.984417
22,63,15937.593690
22,72,15493.481447
22,81,15350.165158
22,86,15049.816385
23,48,19571.803615
23,50,17768.785938
23,51,17724.730942
23,52,17278.455506
23,53,16970.551942
23,54,16800.884220
23,59,16535.389453
23,60,16494.856461
23,61,16298.984417
23,63,15937.593690
23,72,15493.481447
23,81,15350.165158
23,86,15049.816385
24,48,19571.803615
24,49,19234.452360
24,50,17224.451779
24,53,16923.463896
24,54,16800.884220
24,55,16696.495715
24,59,16535.389453
24,60,16494.856461
24,61,16298.984417
24,63,15937.593690
24,64,15816.460814
24,72,15493.481447
24,78,15492.417614
24,81,15350.165158
24,86,15049.816385
25,48,19571.803615
25,49,18172.615985
25,50,17165.995461
25,51,16715.693850
25,53,16682.463214
25,54,16276.537073
25,63,15937.593690
25,64,15816.460814
25,72,15493.481447
25,78,15492.417614
25,81,15350.165158
25,84,15126.792364
25,85,15103.425187
25,86,15049.816385
26,48,19571.803615
26,49,18077.163240
26,50,16877.889504
26,51,16715.693850
26,53,16424.553103
26,54,16276.537073
26,63,15937.593690
26,64,15816.460814
26,72,15493.481447
26,76,15481.269161
26,81,15350.165158
26,83,15314.209465
26,84,15126.792364
26,85,15089.813154
26,86,15049.816385
27,48,19227.746039
27,49,18018.352563
27,50,16877.889504
27,51,16715.693850
27,53,16424.553103
27,54,16276.537073
27,56,16028.844381
27,63,15888.005088
27,64,15688.583572
27,71,15565.914007
27,72,15406.368226
27,75,15406.325254
27,80,15298.647987
27,83,15294.812072
27,84,15038.815623
28,48,19227.746039
28,49,18018.352563
28,50,16877.889504
28,51,16715.693850
28,53,16424.553103
28,54,16276.537073
28,56,16028.844381
28,62,15977.106517
28,63,15888.005088
28,64,15688.583572
28,68,15365.810088
28,70,15308.148092
28,71,15286.345814
28,82,15270.977718
28,84,15038.815623
29,47,19272.501090
29,48,18132.131849
29,49,16663.016222
29,50,16472.600309
29,53,16424.553103
29,54,16271.633780
29,56,16028.844381
29,62,15977.106517
29,63,15888.005088
29,64,15688.583572
29,68,15365.810088
29,70,15308.148092
29,71,15286.345814
29,76,15225.256194
29,83,15135.290927
29,84,15038.815623
30,47,19272.501090
30,48,18132.131849
30,49,16663.016222
30,50,16142.374720
30,56,16028.844381
30,62,15977.106517
30,63,15888.005088
30,64,15688.583572
30,68,15365.810088
30,69,15284.288872
30,76,15225.256194
30,80,15092.488622
30,84,15038.815623
31,47,17368.177785
31,48,17179.245338
31,49,16534.736819
31,50,16142.374720
31,56,16028.844381
31,58,15833.105675
31,64,15688.583572
31,68,15365.810088
31,69,15284.288872
31,74,15262.600732
31,76,15225.256194
31,80,15092.488622
31,84,15038.815623
31,85,14936.002646
32,46,18892.124015
32,47,17368.177785
32,48,15879.719872
32,49,15684.861894
32,55,15460.177796
32,57,15325.257432
32,69,15284.288872
32,74,15259.953313
32,75,15078.747777
32,84,15038.815623
32,85,14936.002646
33,46,17810.704074
33,47,17291.075766
33,48,15879.719872
33,49,15684.861894
33,55,15460.177796
33,57,15325.257432
33,69,15284.288872
33,73,15119.868544
33,75,15078.747777
33,84,15038.815623
33,85,14936.002646
34,46,17377.058162
34,47,17291.075766
34,48,15770.191603
34,49,15661.965760
34,55,15257.223943
34,66,15204.995821
34,69,15073.445542
34,84,15026.597929
34,85,14933.797092
35,45,17708.540903
35,46,17169.013543
35,47,16810.012045
35,48,15770.191603
35,49,15536.657309
35,55,15257.223943
35,57,15220.943196
35,66,15204.995821
35,69,15073.445542
35,73,15017.884194
35,85,14933.797092
36,45,17708.540903
36,46,16702.074315
36,48,15672.168511
36,49,15318.469259
36,55,15241.461481
36,56,15142.960211
36,62,14960.459342
36,83,14873.493901
37,45,17389.128375
37,46,16702.074315
37,47,16688.999524
37,48,15672.168511
37,49,15318.469259
37,54,15100.595387
37,56,15070.532213
37,59,14980.260735
37,60,14949.375750
37,61,14921.259922
37,83,14873.493901
38,45,17389.128375
38,46,16702.074315
38,47,16688.999524
38,48,15258.805702
38,54,15100.595387
38,56,15070.532213
38,59,14980.260735
38,60,14949.375750
38,61,14826.812162
39,45,16536.709208
39,48,15007.151274
39,51,14969.963928
39,59,14950.888717
39,60,14929.010448
39,61,14826.812162
39,62,14702.064950
39,64,14620.602284
40,44,17610.576235
40,45,16536.709208
40,46,16053.663024
40,48,15007.151274
40,51,14969.963928
40,57,14955.374984
40,59,14950.888717
40,60,14929.010448
40,61,14826.812162
40,62,14702.064950
40,64,14620.602284
41,44,17405.656614
41,45,16524.617552
41,46,15379.695382
41,48,14940.838585
41,50,14827.334372
41,56,14736.836324
41,62,14702.064950
41,64,14620.602284
41,73,14456.981279
42,44,17405.656614
42,45,16524.617552
42,46,15315.421835
42,48,14940.838585
42,50,14827.334372
42,56,14736.836324
42,62,14702.064950
42,64,14620.602284
42,73,14456.981279
43,44,17405.656614
43,45,16476.573591
43,46,15315.421835
43,47,15113.962237
43,48,14896.622861
43,49,14762.745489
43,56,14736.836324
43,62,14564.417875
43,73,14414.026709
44,44,16924.661368
44,45,16476.573591
44,46,15315.421835
44,47,15113.962237
44,48,14896.622861
44,49,14762.745489
44,56,14736.836324
44,57,14723.322510
44,59,14647.313624
44,62,14564.417875
44,73,14414.026709
45,44,16728.966546
45,45,16476.573591
45,46,15315.421835
45,47,15113.962237
45,48,14896.622861
45,49,14754.512360
45,56,14712.993391
45,59,14625.212448
45,60,14600.881216
45,62,14559.847124
45,68,14554.700205
45,70,14407.974693
45,72,14362.078017
46,43,17455.446205
46,44,16728.966546
46,45,16476.573591
46,46,15315.421835
46,47,15112.351190
46,48,14777.585328
46,49,14754.512360
46,56,14712.993391
46,59,14625.212448
46,60,14600.881216
46,62,14528.662474
46,70,14407.974693
46,72,14362.078017
47,42,17260.476297
47,44,16603.455467
47,45,16418.257815
47,46,15226.450646
47,47,15044.678153
47,48,14711.290462
47,50,14706.344581
47,53,14589.437539
47,57,14574.072216
47,61,14412.484376
47,70,14391.336746
47,71,14354.537803
48,42,17260.476297
48,43,16962.326627
48,44,16463.638363
48,45,16418.257815
48,46,15053.481249
48,47,15044.678153
48,48,14711.290462
48,49,14705.661152
48,53,14589.437539
48,57,14513.160994
48,61,14412.484376
48,70,14391.336746
48,71,14354.537803
49,42,17260.476297
49,43,16749.160289
49,44,16258.426470
49,45,16118.796785
49,46,15053.481249
49,47,14965.964062
49,48,14648.608421
49,49,14602.002224
49,53,14589.437539
49,56,14447.774425
49,59,14432.835312
49,61,14373.984029
49,69,14365.266160
49,70,14339.462979
50,42,17260.476297
50,43,16472.571170
50,44,16258.426470
50,45,16118.796785
50,46,15053.481249
50,47,14710.205522
50,48,14648.608421
50,49,14602.002224
50,53,14589.437539
50,54,14485.360907
50,56,14447.774425
50,59,14432.835312
50,61,14373.984029
50,69,14365.266160
50,70,14339.462979
51,42,16958.469856
51,43,16472.571170
51,44,16258.426470
51,45,16118.796785
51,46,14917.864035
51,47,14643.910394
51,48,14642.059338
51,49,14598.091286
51,53,14589.437539
51,54,14479.113445
51,56,14371.112677
51,69,14297.360196
52,42,16958.469856
52,43,16227.277630
52,45,15322.757308
52,46,14917.864035
52,47,14643.910394
52,48,14642.059338
52,49,14598.091286
52,51,14495.004438
52,53,14491.393646
52,54,14479.113445
52,56,14371.112677
52,69,14297.360196
53,42,16958.469856
53,43,16207.012230
53,45,15233.167319
53,46,14590.347323
53,49,14521.231444
53,51,14495.004438
53,53,14430.499167
53,56,14371.112677
53,69,14280.410774
54,42,16944.606605
54,43,16207.012230
54,44,15226.977293
54,46,14590.347323
54,49,14521.231444
54,51,14495.004438
54,53,14312.475496
54,55,14299.218052
54,69,14280.410774
55,42,15828.035448
55,44,15193.405580
55,46,14458.028978
55,53,14290.681708
55,55,14270.574908
56,42,15828.035448
56,44,15193.405580
56,46,14458.028978
56,51,14454.037554
56,52,14260.559727
57,42,15822.938959
57,44,15193.405580
57,45,15024.827049
57,46,14398.081129
57,51,14201.858385
58,42,15822.938959
58,44,14762.112466
58,46,14398.081129
58,51,14201.858385
59,41,16831.701872
59,42,15804.642217
59,44,14762.112466
59,45,14351.079443
59,50,14272.018397
59,51,14201.858385
60,41,16831.701872
60,42,15348.636600
60,44,14762.112466
60,45,14351.079443
60,50,14272.018397
60,51,14201.858385
60,52,14132.753882
61,40,16243.133339
61,42,15348.636600
61,43,14560.033406
61,44,14258.329676
61,51,14201.858385
61,52,14132.339372
62,40,16196.655278
62,42,15348.636600
62,43,14560.033406
62,44,14258.329676
62,50,14158.408012
62,51,14147.797562
62,52,14132.339372
63,40,16073.467534
63,41,15744.170007
63,42,15188.027996
63,43,14548.658303
63,44,14138.761658
63,49,14074.383507
63,57,13997.637735
64,39,16727.113611
64,40,16073.467534
64,41,15373.390791
64,42,15086.747981
64,43,14548.658303
64,44,14138.761658
64,48,14112.111268
64,49,14074.383507
64,56,13985.268039
64,59,13966.574377
65,39,16727.113611
65,40,16073.467534
65,41,15373.390791
65,42,15031.601014
65,43,14434.468908
65,44,14138.761658
65,46,14103.911162
65,49,14072.639073
65,54,14014.385141
65,55,13976.373559
65,56,13973.325937
65,59,13966.574377
66,39,16727.113611
66,40,15690.625746
66,41,15373.390791
66,42,15031.601014
66,43,14434.468908
66,44,14138.761658
66,46,14079.166604
66,49,14072.639073
66,54,14014.385141
66,55,13976.373559
66,56,13954.859759
67,39,16552.724554
67,40,15433.951681
67,41,15294.898234
67,42,15031.601014
67,43,14434.468908
67,44,14122.605413
67,46,14038.066643
67,53,13904.340249
68,39,16552.724554
68,40,15433.951681
68,41,15294.898234
68,42,15001.167102
68,43,14434.468908
68,44,14072.339869
68,46,14038.066643
68,52,13986.734216
68,53,13904.340249
69,39,16482.670155
69,40,15137.708525
69,42,14938.691496
69,43,14425.226263
69,44,14072.339869
69,46,13991.475936
69,50,13910.189433
69,53,13895.605511
70,39,16482.670155
70,40,15137.708525
70,42,14938.691496
70,43,14425.226263
70,44,14066.225798
70,46,13991.475936
70,48,13936.497862
70,50,13910.189433
70,53,13895.605511
70,56,13886.832103
71,39,16435.704629
71,40,15137.708525
71,42,14881.101191
71,43,14091.835659
71,44,14048.722825
71,46,13986.090040
71,48,13916.318274
71,49,13904.096720
71,53,13888.901486
71,54,13813.866239
72,39,16435.704629
72,40,15137.708525
72,42,14881.101191
72,43,14090.675574
72,44,14048.722825
72,46,13986.090040
72,47,13815.694335
72,54,13813.866239
73,39,15484.697872
73,40,15125.312672
73,42,14805.999450
73,43,14061.027754
73,44,14046.712359
73,45,14029.523951
73,46,13960.278438
73,47,13815.694335
73,54,13813.866239
74,39,15484.697872
74,40,15025.392658
74,42,14805.999450
74,43,14061.027754
74,44,14046.712359
74,45,14029.523951
74,46,13960.278438
74,47,13815.694335
74,49,13769.264212
75,39,15385.597559
75,40,14756.569448
75,42,14562.721197
75,43,14026.771941
75,44,14009.627844
75,46,13960.278438
75,47,13815.694335
75,49,13769.264212
76,39,15385.597559
76,40,14707.759255
76,41,14566.368930
76,42,14562.721197
76,43,14026.771941
76,44,14004.234132
76,46,13960.278438
76,47,13815.694335
76,49,13769.264212
77,39,15364.826429
77,40,14700.716727
77,41,14566.368930
77,42,14523.200285
77,43,14004.785610
77,44,13998.848236
77,46,13960.278438
77,47,13800.675226
77,49,13769.264212
78,39,15291.814494
78,40,14700.716727
78,41,14555.401529
78,42,14523.200285
78,43,14004.785610
78,44,13998.848236
78,46,13960.278438
78,47,13800.675226
78,48,13704.858115
79,38,15478.466497
79,39,14801.659786
79,40,14693.763135
79,41,14526.197570
79,42,14520.400869
79,43,13968.117621
79,44,13954.711851
79,45,13939.725258
79,47,13797.916130
79,48,13612.881739
80,38,15478.466497
80,39,14801.659786
80,40,14693.763135
80,41,14526.197570
80,42,14520.400869
80,43,13968.117621
80,44,13954.711851
80,45,13939.725258
80,47,13797.916130
80,48,13612.881739
81,38,15372.981266
81,39,14771.210224
81,40,14693.763135
81,41,14435.578818
81,43,13948.636099
81,44,13889.451476
81,47,13692.134592
81,48,13606.929852
82,38,15372.981266
82,39,14771.210224
82,40,14693.763135
82,41,14435.578818
82,42,14089.211225
82,43,13948.636099
82,44,13889.451476
82,47,13692.134592
82,48,13606.929852
83,38,15372.981266
83,39,14771.210224
83,40,14637.639700
83,41,14435.578818
83,42,14081.521229
83,43,13863.612050
83,44,13862.807677
83,47,13692.134592
83,48,13606.427881
84,38,15372.981266
84,39,14565.228691
84,41,14435.578818
84,42,14081.521229
84,43,13863.612050
84,44,13862.807677
84,45,13649.326527
84,48,13606.427881
85,38,15262.942906
85,39,14507.999512
85,41,14435.578818
85,42,14081.521229
85,43,13827.126815
85,45,13646.701629
85,48,13606.427881
86,38,14955.262241
86,39,14507.999512
86,40,14325.969205
86,42,14081.521229
86,43,13827.126815
86,45,13646.701629
86,48,13606.427881
87,38,14938.630384
87,39,14487.501256
87,40,14323.852776
87,41,14217.851547
87,42,13899.130817
87,43,13825.371877
87,45,13611.365390
87,48,13580.402197
88,38,14938.630384
88,39,14487.501256
88,40,14323.852776
88,41,14217.851547
88,42,13899.130817
88,43,13825.371877
88,44,13779.989719
88,45,13611.365390
88,48,13580.402197
89,38,14847.781524
89,39,14468.762366
89,40,14319.774818
89,41,14217.851547
89,42,13889.354519
89,43,13815.142305
89,44,13763.432050
89,45,13604.482990
89,47,13545.535027
90,38,14847.781524
90,39,14468.762366
90,40,14251.717852
90,41,14217.851547
90,42,13889.354519
90,43,13815.142305
90,44,13763.432050
90,45,13604.482990
90,47,13545.535027
91,37,15534.862465
91,38,14741.227004
91,39,14442.815936
91,40,14246.088031
91,41,14217.851547
91,42,13814.537957
91,43,13778.020152
91,44,13732.085035
91,45,13604.482990
91,47,13533.552811
92,37,15534.862465
92,38,14741.227004
92,39,14442.815936
92,40,14244.471724
92,41,14217.851547
92,42,13814.537957
92,43,13778.020152
92,44,13732.085035
92,45,13604.482990
92,47,13533.552811
93,37,15492.423003
93,38,14741.227004
93,39,14427.382925
93,40,14215.145161
93,41,14194.855717
93,42,13789.046949
93,43,13778.020152
93,44,13723.150743
93,45,13586.968747
93,47,13531.750880
94,37,15492.423003
94,38,14741.227004
94,39,14427.382925
94,40,14215.145161
94,41,14194.855717
94,42,13785.741749
94,43,13778.020152
94,44,13723.150743
94,45,13586.968747
94,47,13531.750880
95,37,15487.960472
95,38,14706.051326
95,39,14388.955841
95,40,14197.776925
95,41,14176.545655
95,42,13770.233063
95,44,13723.150743
95,45,13553.665864
95,47,13494.371293
96,37,15487.960472
96,38,14706.051326
96,39,14388.955841
96,40,14197.776925
96,41,14176.545655
96,42,13751.122435
96,44,13723.150743
96,45,13553.665864
96,47,13494.371293
97,37,15487.960472
97,38,14562.791741
97,39,14320.391081
97,40,14197.776925
97,41,14176.545655
97,42,13709.722806
97,44,13688.860269
97,45,13553.665864
97,47,13494.371293
98,37,15161.708900
98,38,14562.791741
98,39,14320.391081
98,40,14197.776925
98,41,14176.545655
98,42,13709.722806
98,44,13688.860269
98,45,13553.665864
98,47,13494.371293
99,37,15000.238189
99,38,14559.433219
99,39,14293.436662
99,40,14110.648570
99,42,13709.722806
99,44,13688.860269
99,45,13521.846044
99,47,13477.813623
100,36,15800.457093
100,37,15000.238189
100,38,14559.433219
100,39,14293.436662
100,40,14110.648570
100,41,14063.429756
100,42,13709.722806
100,44,13682.870844
100,45,13521.846044
100,47,13477.813623
101,36,15729.958339
101,37,14956.522508
101,38,14504.839643
101,39,14161.174215
101,40,14066.340010
101,41,13882.249027
101,42,13708.906266
101,44,13637.636964
101,45,13521.846044
101,47,13477.813623
102,36,15729.958339
102,37,14956.522508
102,38,14504.839643
102,39,14137.010185
102,40,14066.340010
102,41,13882.249027
102,42,13708.906266
102,44,13637.636964
102,45,13521.846044
102,47,13477.813623
103,36,15683.826123
103,37,14956.522508
103,38,14497.594012
103,39,14093.104136
103,40,14021.072347
103,41,13694.402018
103,44,13637.636964
103,45,13519.087688
103,47,13461.788481
104,36,15526.618783
104,37,14932.441041
104,38,14497.594012
104,39,14093.104136
104,40,14021.072347
104,41,13694.402018
104,44,13637.636964
104,45,13519.087688
104,47,13461.788481
105,36,15489.507622
105,37,14885.063101
105,38,14497.493154
105,39,14093.104136
105,40,14021.072347
105,41,13678.168173
105,44,13615.212374
105,45,13517.220425
105,46,13490.501307
105,47,13461.788481
106,36,15489.507622
106,37,14863.501171
106,38,14497.493154
106,39,14093.104136
106,40,14021.072347
106,41,13678.168173
106,44,13615.212374
106,45,13517.220425
106,46,13490.501307
106,47,13461.788481
107,36,15447.725321
107,37,14714.391107
107,38,14473.619943
107,39,14037.590277
107,40,14006.387108
107,41,13670.686389
107,44,13589.105516
107,45,13480.673223
107,47,13461.788481
108,36,15447.725321
108,37,14714.391107
108,38,14473.619943
108,39,14037.590277
108,40,13770.110267
108,41,13670.686389
108,44,13589.105516
108,45,13480.673223
108,47,13428.062332
109,36,15373.567379
109,37,14681.402095
109,38,14473.619943
109,39,14023.839695
109,40,13725.699513
109,41,13670.686389
109,44,13585.417811
109,45,13480.673223
109,47,13426.485998
110,36,15373.567379
110,37,14681.402095
110,38,14095.015384
110,39,14023.839695
110,40,13725.699513
110,41,13670.686389
110,44,13585.417811
110,45,13480.673223
110,46,13438.159527
110,47,13426.485998
111,36,15373.567379
111,37,14681.402095
111,38,14095.015384
111,39,14023.839695
111,40,13722.400849
111,41,13670.686389
111,42,13649.873613
111,43,13574.465454
111,45,13478.628372
111,46,13424.471992
112,36,15373.567379
112,37,14681.402095
112,38,14095.015384
112,39,14023.839695
112,40,13701.781262
112,41,13670.686389
112,42,13649.873613
112,43,13553.819992
112,45,13478.628372
112,46,13424.471992
113,36,15314.047259
113,37,14665.696735
113,38,14095.015384
113,39,14021.491637
113,40,13693.325972
113,41,13670.686389
113,42,13610.884804
113,43,13553.819992
113,45,13478.628372
113,46,13424.471992
114,36,15111.634626
114,37,14665.696735
114,38,14081.186609
114,39,14021.491637
114,40,13636.331403
114,42,13610.884804
114,43,13553.819992
114,44,13550.153319
114,45,13478.628372
114,46,13424.471992
115,36,15091.223377
115,37,14365.520391
115,38,14073.855697
115,39,13982.016547
115,40,13556.794457
115,43,13509.950195
115,45,13448.517793
115,46,13414.269420
115,48,13400.463381
116,36,15091.223377
116,37,14365.520391
116,38,14073.855697
116,39,13982.016547
116,40,13556.794457
116,43,13509.950195
116,45,13448.517793
116,46,13414.269420
116,48,13400.463381
117,36,14940.063525
117,37,14299.742181
117,38,14038.664724
117,39,13980.898613
117,40,13553.654913
117,43,13500.737902
117,45,13448.517793
117,46,13414.088617
117,48,13400.463381
118,36,14940.063525
118,37,14299.742181
118,38,14038.664724
118,39,13980.898613
118,40,13553.654913
118,43,13500.737902
118,45,13448.517793
118,46,13414.088617
118,48,13400.463381
119,36,14656.855368
119,37,14278.800747
119,38,14038.664724
119,39,13978.170611
119,40,13532.102169
119,43,13487.030652
119,45,13421.133720
119,46,13382.147984
120,36,14656.855368
120,37,14278.800747
120,38,14038.664724
120,39,13978.170611
120,40,13532.102169
120,42,13493.237284
120,43,13487.030652
120,45,13421.133720
120,46,13382.147984
121,36,14623.931355
121,37,14267.302861
121,38,14028.922093
121,39,13504.095678
121,42,13490.133065
121,43,13484.056643
121,45,13421.133720
121,46,13382.147984
122,36,14623.931355
122,37,14267.302861
122,38,13975.075247
122,39,13504.095678
122,42,13490.133065
122,43,13484.056643
122,45,13421.133720
122,46,13382.147984
122,49,13381.393526
123,36,14581.532748
123,37,14071.579584
123,38,13965.824373
123,39,13472.168373
123,43,13461.359773
123,45,13419.288291
123,46,13381.761169
123,47,13345.415742
124,36,14581.532748
124,37,14071.579584
124,38,13965.824373
124,39,13472.168373
124,43,13461.359773
124,45,13419.288291
124,46,13381.761169
124,47,13345.415742
125,36,14581.532748
125,37,14027.356439
125,38,13965.824373
125,39,13472.168373
125,43,13449.103878
125,45,13419.288291
125,46,13381.761169
125,47,13345.415742
126,36,14581.532748
126,37,14027.356439
126,38,13965.824373
126,39,13472.168373
126,43,13449.103878
126,45,13419.288291
126,46,13381.761169
126,47,13345.415742
127,36,14581.532748
127,37,14025.018542
127,38,13937.029282
127,39,13465.314462
127,43,13449.103878
127,45,13415.176418
127,46,13332.468399
128,36,14370.790425
128,37,14025.018542
128,38,13937.029282
128,39,13465.314462
128,43,13422.933224
128,45,13406.864747
128,46,13332.468399
129,36,14361.607847
129,37,13965.158723
129,38,13902.142681
129,39,13447.211162
129,43,13422.896932
129,45,13397.849798
129,46,13332.468399
130,36,14361.607847
130,37,13965.158723
130,38,13902.142681
130,39,13447.211162
130,43,13412.952385
130,45,13313.724302
131,35,14759.320416
131,36,14257.970601
131,37,13856.477151
131,39,13383.725835
131,45,13309.723113
132,35,14759.320416
132,36,14257.970601
132,37,13856.477151
132,39,13383.725835
132,45,13309.723113
133,35,14759.320416
133,36,14257.970601
133,37,13782.791915
133,39,13381.259828
133,42,13353.257897
133,44,13281.381127
134,35,14759.320416
134,36,14257.970601
134,37,13782.791915
134,39,13381.259828
134,42,13353.257897
134,44,13281.381127
135,35,14737.013738
135,36,14227.062612
135,37,13780.599051
135,39,13360.768740
135,42,13349.903131
135,44,13281.381127
136,35,14737.013738
136,36,14227.062612
136,37,13780.599051
136,39,13360.768740
136,42,13349.903131
136,44,13281.381127
137,35,14731.703003
137,36,14183.265852
137,37,13726.992553
137,39,13359.652101
137,42,13335.507945
137,43,13275.066916
138,35,14731.703003
138,36,14183.265852
138,37,13317.435192
138,43,13275.066916
139,35,14641.560359
139,36,14173.033197
139,37,13316.322716
139,43,13275.066916
140,35,14641.560359
140,36,14173.033197
140,37,13316.322716
140,43,13275.066916
141,35,14549.414888
141,36,14161.013479
141,37,13315.487903
141,38,13314.560758
141,42,13266.908006
142,35,14549.414888
142,36,14161.013479
142,37,13315.487903
142,38,13313.994617
142,42,13266.908006
143,35,14519.625533
143,36,14158.864810
143,37,13315.487903
143,38,13313.994617
143,41,13254.279918
144,35,14495.571837
144,36,14158.864810
144,37,13315.487903
144,38,13299.746513
144,39,13293.801663
144,41,13254.279918
145,35,14482.347343
145,36,13564.333873
145,37,13302.115654
145,38,13289.030689
145,39,13285.487042
145,41,13254.279918
145,45,13227.015921
146,34,14894.151919
146,35,14482.347343
146,36,13564.333873
146,37,13302.115654
146,38,13289.030689
146,39,13285.487042
146,41,13254.279918
146,45,13227.015921
147,34,14894.151919
147,35,13727.472735
147,36,13555.338097
147,37,13299.377195
147,38,13289.030689
147,39,13278.350825
147,40,13233.704198
147,45,13217.789436
148,34,14894.151919
148,35,13727.472735
148,36,13388.360337
148,37,13299.377195
148,38,13289.030689
148,39,13278.350825
148,40,13233.704198
148,45,13217.789436
149,34,14892.004429
149,35,13699.860359
149,36,13376.268878
149,37,13283.777968
149,39,13278.350825
149,40,13219.225171
149,45,13217.789436
150,34,14892.004429
150,35,13699.860359
150,36,13376.268878
150,37,13283.777968
150,39,13278.350825
150,40,13219.225171
150,45,13217.789436
151,34,14833.049606
151,35,13699.860359
151,36,13376.268878
151,37,13283.777968
151,39,13278.350825
151,40,13213.275442
152,34,14833.049606
152,35,13699.860359
152,36,13376.268878
152,37,13283.777968
152,39,13278.350825
152,40,13213.275442
152,44,13190.060559
153,34,14731.243607
153,35,13484.105032
153,36,13343.334092
153,37,13272.997005
153,39,13262.833452
153,40,13213.275442
153,44,13190.060559
154,34,14731.243607
154,35,13484.105032
154,36,13343.334092
154,37,13272.997005
154,39,13262.833452
154,40,13213.275442
154,44,13171.413693
155,34,14731.243607
155,35,13454.089064
155,36,13295.062534
155,37,13272.997005
155,39,13255.179374
155,40,13213.233751
155,42,13187.845787
155,44,13171.413693
156,34,14731.243607
156,35,13449.675533
156,36,13295.062534
156,37,13272.997005
156,39,13255.179374
156,40,13213.233751
156,42,13140.652869
157,34,14705.227962
157,35,13448.084722
157,36,13292.417954
157,37,13248.015611
157,38,13224.318625
157,40,13211.741910
157,42,13140.652869
158,34,14705.227962
158,35,13418.465844
158,36,13292.417954
158,37,13248.015611
158,38,13224.318625
158,40,13211.741910
158,42,13140.652869
159,34,14705.227962
159,35,13414.744714
159,36,13275.654770
159,37,13248.015611
159,38,13224.318625
159,40,13211.255219
159,42,13140.652869
160,34,14705.227962
160,35,13414.744714
160,36,13275.654770
160,37,13248.015611
160,38,13224.318625
160,40,13172.966001
160,42,13140.652869
161,34,14053.052405
161,35,13397.835470
161,36,13258.896711
161,37,13248.015611
161,38,13219.673977
161,40,13169.505255
161,42,13140.652869
162,34,14053.052405
162,35,13397.835470
162,36,13258.896711
162,37,13248.015611
162,38,13219.673977
162,40,13169.505255
162,42,13140.652869
163,34,14035.822915
163,35,13386.775061
163,36,13258.896711
163,37,13245.440829
163,38,13202.396282
163,40,13163.907497
163,42,13140.104003
164,34,14030.211457
164,35,13386.775061
164,36,13220.919425
164,38,13202.396282
164,40,13163.907497
164,42,13140.104003
165,34,13996.124285
165,35,13384.868805
165,36,13204.394999
165,38,13202.396282
165,40,13157.799802
165,42,13113.582877
166,34,13996.124285
166,35,13384.868805
166,36,13204.394999
166,38,13202.396282
166,40,13157.799802
166,42,13113.582877
167,34,13996.124285
167,35,13366.606412
167,36,13204.394999
167,38,13186.571990
167,40,13154.910052
167,42,13113.582877
168,34,13996.124285
168,35,13366.606412
168,36,13204.394999
168,38,13186.571990
168,40,13154.910052
168,42,13113.582877
169,34,13970.235365
169,35,13354.790628
169,36,13196.820587
169,38,13186.571990
169,40,13154.910052
169,42,13113.582877
170,34,13771.567768
170,35,13354.790628
170,36,13186.338063
170,40,13154.910052
170,42,13113.582877
171,34,13770.737040
171,35,13220.118074
171,36,13186.338063
171,40,13154.910052
171,42,13093.852683
172,34,13770.737040
172,35,13220.118074
172,36,13186.338063
172,39,13181.168709
172,40,13154.910052
172,42,13093.852683
173,34,13760.767089
173,35,13210.654288
173,36,13186.338063
173,39,13181.168709
173,40,13154.910052
173,42,13093.852683
174,34,13760.767089
174,35,13210.654288
174,36,13186.338063
174,38,13143.794868
174,42,13093.852683
175,34,13757.581107
175,35,13210.654288
175,36,13181.487792
175,38,13084.077157
176,34,13757.581107
176,35,13210.654288
176,36,13181.487792
176,38,13084.077157
177,34,13552.043533
177,35,13210.400331
177,36,13181.487792
177,38,13084.077157
178,34,13552.043533
178,35,13210.400331
178,36,13129.388639
178,38,13084.077157
179,33,14593.549637
179,34,13531.916767
179,35,13210.400331
179,36,13108.600620
179,38,13084.077157
180,33,14593.549637
180,34,13531.916767
180,35,13210.400331
180,36,13108.600620
180,38,13084.077157
181,33,14593.549637
181,34,13397.577219
181,35,13210.400331
181,36,13108.012695
181,38,13077.138670
181,46,13054.685417
182,33,14305.766674
182,34,13397.577219
182,35,13210.400331
182,36,13108.012695
182,38,13077.138670
182,46,13054.685417
183,33,14305.766674
183,34,13396.679391
183,35,13210.400331
183,36,13108.012695
183,38,13077.138670
183,46,13054.431119
184,33,14011.938757
184,34,13396.679391
184,35,13210.400331
184,36,13108.012695
184,38,13077.138670
184,46,13054.431119
184,47,13048.227659
185,33,13876.164874
185,34,13396.053448
185,35,13175.002457
185,36,13107.067518
185,38,13077.138670
185,46,13053.453518
185,47,13048.227659
186,33,13876.164874
186,34,13396.053448
186,35,13175.002457
186,36,13107.067518
186,38,13077.138670
186,46,13053.453518
186,47,13048.227659
187,33,13876.164874
187,34,13395.116320
187,35,13160.458006
187,36,13107.067518
187,37,13089.608367
187,38,13077.138670
187,46,13034.862640
188,33,13876.164874
188,34,13395.116320
188,35,13146.359773
188,36,13105.652097
188,37,13089.608367
188,38,13077.138670
188,39,13043.549116
188,46,13034.862640
189,33,13864.662714
189,34,13293.644269
189,35,13146.082996
189,36,13105.652097
189,37,13089.608367
189,38,13077.138670
189,39,13043.549116
189,46,13030.986389
190,33,13864.662714
190,34,13293.644269
190,35,13146.082996
190,36,13105.523919
190,37,13065.346612
190,39,13043.549116
190,46,13030.986389
191,33,13822.245644
191,34,13276.593796
191,35,13144.848264
191,36,13094.107681
191,37,13065.346612
191,39,13043.549116
191,46,13023.778530
192,32,14293.413762
192,33,13807.831330
192,34,13276.593796
192,35,13144.848264
192,36,13094.107681
192,37,13065.346612
192,39,13043.549116
192,46,13023.778530
193,32,14293.413762
193,33,13511.693643
193,34,13262.215450
193,35,13142.450484
193,36,13094.107681
193,37,13065.346612
193,39,13040.196922
193,46,13023.507152
194,32,14293.413762
194,33,13511.693643
194,34,13262.215450
194,35,13142.450484
194,36,13094.107681
194,37,13065.346612
194,39,13040.196922
194,46,13023.507152
195,32,14246.936712
195,33,13493.801122
195,34,13262.215450
195,35,13142.450484
195,36,13081.340649
195,37,13062.702031
195,39,13040.196922
195,46,13022.723727
196,32,14246.936712
196,33,13493.801122
196,34,13262.215450
196,35,13142.450484
196,36,13076.176046
196,37,13062.702031
196,39,13040.196922
196,40,13007.029024
197,32,13944.173388
197,33,13493.801122
197,34,13200.523850
197,35,13142.450484
197,36,13076.176046
197,37,13058.339585
197,39,13040.196922
197,40,12999.361740
198,32,13944.173388
198,33,13493.801122
198,34,13178.019084
198,35,13142.450484
198,36,13076.176046
198,37,13058.339585
198,39,13040.196922
198,40,12999.361740
199,32,13604.167597
199,33,13488.223948
199,34,13153.924413
199,35,13127.096841
199,36,13047.179040
199,39,13030.653936
199,40,12990.784884
200,32,13604.167597
200,33,13488.223948
200,34,13153.924413
200,35,13127.096841
200,36,13047.179040
200,39,13030.653936
200,40,12990.784884
201,32,13594.462213
201,33,13431.372030
201,34,13153.924413
201,35,13127.096841
201,36,13047.179040
201,39,13030.320392
201,40,12987.780684
202,32,13594.462213
202,33,13431.372030
202,34,13153.924413
202,35,13127.096841
202,36,13047.179040
202,39,13007.547207
202,40,12987.780684
203,32,13584.074663
203,33,13420.334125
203,34,13153.924413
203,35,13126.578225
203,36,13047.179040
203,39,13007.547207
203,40,12987.379444
204,32,13584.074663
204,33,13420.334125
204,34,13153.924413
204,35,13126.578225
204,36,13047.179040
204,39,13007.547207
204,40,12987.379444
205,32,13579.515136
205,33,13420.334125
205,34,13153.924413
205,35,13104.318672
205,36,13040.627635
205,39,13007.547207
205,40,12987.379444
206,32,13579.515136
206,33,13420.334125
206,34,13153.924413
206,35,13104.318672
206,36,13040.627635
206,38,13040.376255
206,39,13007.547207
206,40,12987.379444
207,32,13574.734254
207,33,13108.876712
207,35,13078.601657
207,36,13040.627635
207,38,13037.615572
207,39,12985.612844
208,32,13574.734254
208,33,13108.876712
208,35,13078.601657
208,36,13040.627635
208,37,13031.595721
208,39,12985.612844
209,32,13574.734254
209,33,13108.876712
209,35,13078.601657
209,36,13040.627635
209,37,13031.595721
209,39,12985.612844
210,32,13574.734254
210,33,13098.481840
210,35,13078.601657
210,36,13007.358453
210,39,12985.612844
210,40,12968.408080
211,32,13574.734254
211,33,13097.363379
211,35,13063.160127
211,36,13007.358453
211,39,12983.842919
211,40,12968.408080
211,41,12946.713866
212,32,13556.028906
212,33,13097.363379
212,35,13063.160127
212,36,13007.358453
212,39,12983.842919
212,40,12968.408080
212,41,12946.713866
213,32,13554.309694
213,33,13097.363379
213,35,13061.559691
213,36,13007.358453
213,39,12983.842919
213,40,12968.408080
213,41,12946.713866
214,32,13466.563651
214,33,13097.363379
214,35,13061.559691
214,36,13007.358453
214,37,13004.630400
214,39,12983.842919
214,40,12968.408080
214,41,12927.685757
214,42,12872.511419
215,32,13408.139745
215,33,13095.158575
215,35,12992.732476
215,39,12983.842919
215,40,12961.804602
215,41,12927.685757
215,42,12865.907940
216,32,13408.139745
216,33,13095.158575
216,35,12992.732476
216,39,12983.842919
216,40,12951.261608
216,41,12927.685757
216,42,12865.907940
217,32,13382.397896
217,33,13085.501603
217,35,12992.732476
217,39,12982.151804
217,40,12905.182609
217,42,12841.665634
218,32,13382.397896
218,33,13047.257739
218,35,12992.732476
218,36,12991.524433
218,39,12982.151804
218,40,12905.182609
218,42,12841.665634
219,32,13382.397896
219,33,13011.030395
219,35,12992.732476
219,36,12991.524433
219,39,12982.151804
219,40,12905.182609
219,42,12837.375330
220,32,13382.397896
220,33,13011.030395
220,35,12992.732476
220,36,12991.524433
220,39,12982.151804
220,40,12905.182609
220,42,12837.375330
221,32,13380.661974
221,33,13006.806997
221,35,12992.732476
221,36,12991.524433
221,39,12881.956750
221,42,12819.441760
222,32,13380.661974
222,33,13006.806997
222,35,12992.732476
222,36,12991.524433
222,39,12881.956750
222,42,12819.441760
223,32,13380.376770
223,33,12983.072201
223,36,12941.208153
223,39,12881.956750
223,42,12819.441760
224,32,13380.376770
224,33,12983.072201
224,35,12982.057625
224,36,12941.208153
224,39,12881.956750
224,42,12819.441760
225,32,13380.376770
225,33,12983.072201
225,35,12982.057625
225,36,12930.303063
225,39,12881.956750
225,42,12819.441760
226,32,13380.376770
226,33,12983.072201
226,34,12930.785512
226,36,12930.303063
226,39,12881.956750
226,42,12819.441760
227,32,13379.482465
227,33,12970.948398
227,34,12900.830047
227,39,12881.956750
227,40,12879.927790
227,42,12810.589366
228,31,13946.263642
228,32,13379.482465
228,33,12970.948398
228,34,12900.830047
228,39,12881.956750
228,40,12879.927790
228,42,12810.589366
229,31,13885.584521
229,32,13379.482465
229,33,12957.843026
229,34,12900.830047
229,38,12846.514113
229,42,12810.589366
230,31,13885.584521
230,32,13379.482465
230,33,12957.843026
230,34,12900.830047
230,38,12846.514113
230,42,12810.589366
231,31,13885.584521
231,32,13373.659310
231,33,12955.289959
231,34,12900.830047
231,38,12846.514113
231,42,12810.589366
232,31,13885.584521
232,32,13373.659310
232,33,12955.289959
232,34,12900.830047
232,38,12846.514113
232,42,12810.589366
233,31,13882.664777
233,32,13355.111308
233,33,12952.565439
233,34,12900.830047
233,38,12840.090544
233,42,12810.589366
234,31,13882.664777
234,32,13355.111308
234,33,12952.565439
234,34,12900.830047
234,38,12840.090544
234,42,12810.589366
235,31,13866.034646
235,32,13127.570436
235,33,12950.668924
235,34,12900.830047
235,38,12840.090544
235,42,12793.936199
236,31,13866.034646
236,32,13127.570436
236,33,12950.668924
236,34,12900.830047
236,36,12893.688960
236,38,12840.090544
236,42,12793.936199
237,31,13770.653136
237,32,13127.570436
237,33,12950.668924
237,34,12900.830047
237,36,12863.698137
237,38,12840.090544
237,42,12793.936199
238,31,13770.653136
238,32,13127.570436
238,33,12950.668924
238,34,12879.084647
238,36,12863.698137
238,38,12840.090544
238,40,12810.042205
238,42,12793.936199
239,31,13763.208230
239,32,13109.251999
239,33,12946.445526
239,34,12876.105959
239,36,12862.051099
239,37,12824.432709
239,40,12810.042205
239,42,12793.936199
240,31,13755.966374
240,32,13109.251999
240,33,12945.124845
240,34,12876.105959
240,35,12840.849513
240,37,12824.432709
240,40,12810.042205
240,42,12793.936199
241,31,13507.406719
241,32,13049.799213
241,33,12944.485738
241,34,12875.057750
241,35,12839.901932
241,37,12824.432709
241,40,12810.042205
241,42,12793.936199
242,31,13507.406719
242,32,13049.799213
242,33,12944.485738
242,34,12875.057750
242,35,12839.901932
242,37,12824.432709
242,38,12818.635610
242,40,12810.042205
242,42,12793.936199
243,31,13507.406719
243,32,13049.799213
243,33,12944.056596
243,34,12875.057750
243,35,12839.901932
243,37,12824.432709
243,38,12818.635610
243,40,12780.067844
244,31,13507.406719
244,32,13049.799213
244,33,12944.056596
244,34,12875.057750
244,35,12839.901932
244,37,12824.432709
244,38,12818.635610
244,40,12780.067844
245,31,13507.406719
245,32,13049.799213
245,33,12943.283208
245,34,12875.057750
245,35,12839.268556
245,37,12824.432709
245,38,12817.622339
245,40,12780.067844
246,31,13507.406719
246,32,13049.799213
246,33,12943.283208
246,34,12866.388508
246,35,12839.268556
246,37,12824.432709
246,38,12817.622339
246,40,12780.067844
247,31,13473.754389
247,32,13049.799213
247,33,12934.832559
247,34,12862.926593
247,35,12839.268556
247,36,12798.805347
247,40,12780.067844
248,31,13473.754389
248,32,13049.799213
248,33,12934.832559
248,34,12862.926593
248,35,12839.268556
248,36,12798.805347
248,40,12780.067844
249,31,13429.151221
249,32,13049.799213
249,33,12934.832559
249,34,12853.959346
249,35,12839.268556
249,36,12778.054991
249,40,12774.621533
250,31,13290.887719
250,32,13049.799213
250,33,12934.832559
250,34,12853.959346
250,35,12839.268556
250,36,12778.054991
250,40,12774.621533
251,31,13251.979353
251,32,13046.710158
251,33,12924.696813
251,34,12849.781007
251,35,12839.268556
251,36,12778.054991
251,40,12774.621533
252,31,13226.088984
252,32,13046.710158
252,33,12924.696813
252,34,12849.781007
252,35,12839.268556
252,36,12778.054991
252,40,12774.621533
253,31,13225.307357
253,32,13033.690364
253,33,12920.850416
253,34,12848.718088
253,35,12829.346758
253,36,12778.054991
253,40,12774.621533
254,31,13225.307357
254,32,12996.471325
254,33,12920.850416
254,34,12841.462381
254,35,12829.346758
254,36,12778.054991
254,40,12774.621533
255,31,13225.307357
255,32,12996.471325
255,33,12918.880953
255,34,12841.462381
255,35,12827.246341
255,36,12769.340054
256,31,13225.307357
256,32,12996.471325
256,33,12918.880953
256,34,12841.462381
256,35,12827.246341
256,36,12769.340054
257,31,13215.405228
257,32,12996.471325
257,33,12918.535212
257,34,12841.462381
257,35,12800.606967
257,36,12769.340054
258,31,13203.079368
258,32,12996.471325
258,33,12918.535212
258,34,12841.462381
258,35,12800.606967
258,36,12769.340054
259,31,13202.297741
259,32,12992.082899
259,33,12908.629191
259,34,12819.038166
259,35,12800.606967
259,36,12763.591329
260,31,13202.297741
260,32,12992.082899
260,33,12908.629191
260,34,12819.038166
260,35,12800.606967
260,36,12763.591329
260,39,12756.667915
261,31,13201.718645
261,32,12978.205061
261,33,12908.629191
261,34,12817.863100
261,35,12800.606967
261,36,12763.591329
261,39,12756.667915
262,31,13201.718645
262,32,12978.205061
262,33,12908.629191
262,34,12817.863100
262,35,12774.528115
262,36,12763.591329
262,39,12756.667915
263,31,13194.730274
263,32,12974.267865
263,33,12901.258278
263,34,12817.863100
263,35,12773.260465
263,36,12762.995951
263,39,12756.667915
264,31,13194.730274
264,32,12974.267865
264,33,12901.258278
264,34,12817.863100
264,35,12773.260465
264,36,12762.995951
264,39,12756.667915
265,31,13194.461692
265,32,12974.267865
265,33,12901.258278
265,34,12802.605257
265,35,12773.260465
265,36,12756.211516
266,31,13194.461692
266,32,12974.267865
266,33,12880.567909
266,34,12802.605257
266,35,12773.260465
266,36,12756.211516
267,31,13191.529891
267,32,12974.267865
267,33,12880.567909
267,34,12802.605257
267,35,12773.260465
267,36,12753.397421
268,31,13191.529891
268,32,12974.267865
268,33,12880.567909
268,34,12802.605257
268,35,12773.260465
268,36,12753.397421
269,31,13191.529891
269,32,12952.707512
269,33,12878.412089
269,34,12802.605257
269,35,12773.260465
269,36,12751.360974
270,31,13191.529891
270,32,12952.707512
270,33,12878.412089
270,34,12802.605257
270,35,12773.260465
270,36,12751.360974
271,31,13191.529891
271,32,12951.850532
271,33,12878.412089
271,34,12802.605257
271,35,12773.260465
271,36,12751.360974
272,31,13191.529891
272,32,12951.850532
272,33,12878.412089
272,34,12802.605257
272,35,12773.260465
272,36,12733.884023
273,31,13191.529891
273,32,12951.850532
273,33,12878.412089
273,34,12802.605257
273,35,12760.031887
273,36,12733.884023
273,39,12731.744792
274,31,13191.529891
274,32,12951.850532
274,33,12878.412089
274,34,12802.605257
274,35,12760.031887
274,36,12733.884023
274,39,12731.744792
275,31,13087.651918
275,32,12951.850532
275,33,12871.962924
275,34,12797.535467
275,35,12760.031887
275,36,12733.884023
275,39,12731.744792
276,31,13087.651918
276,32,12951.850532
276,33,12871.962924
276,34,12797.535467
276,35,12760.031887
276,36,12733.884023
276,39,12731.744792
277,31,13087.448358
277,32,12915.140887
277,33,12860.507819
277,34,12790.793843
277,35,12760.031887
277,36,12733.884023
277,38,12709.130116
278,31,13087.448358
278,32,12915.140887
278,33,12860.507819
278,34,12790.793843
278,35,12760.031887
278,36,12733.884023
278,38,12709.130116
279,31,13086.626396
279,32,12914.838945
279,33,12860.507819
279,34,12790.793843
279,35,12760.031887
279,36,12733.884023
279,38,12709.130116
280,31,13086.626396
280,32,12914.838945
280,33,12860.507819
280,34,12790.793843
280,35,12760.031887
280,36,12733.884023
280,38,12709.130116
281,31,13075.755887
281,32,12914.552055
281,33,12860.507819
281,34,12788.895398
281,35,12749.250175
281,36,12733.884023
281,38,12709.130116
282,31,13075.755887
282,32,12914.552055
282,33,12860.507819
282,34,12788.895398
282,35,12726.790371
282,38,12709.130116
283,31,13075.655444
283,32,12898.128405
283,33,12858.905350
283,34,12788.895398
283,35,12726.790371
283,38,12709.130116
284,31,13075.655444
284,32,12898.128405
284,33,12829.069725
284,34,12788.895398
284,35,12720.466342
284,38,12684.768785
285,31,13075.356520
285,32,12898.128405
285,33,12829.069725
285,34,12788.895398
285,35,12720.466342
285,38,12684.768785
286,31,13075.356520
286,32,12898.128405
286,33,12829.069725
286,34,12788.895398
286,35,12720.466342
286,36,12713.939411
286,38,12684.768785
287,31,13054.838734
287,32,12886.776608
287,33,12827.700016
287,34,12788.895398
287,35,12686.663037
287,38,12684.768785
288,31,13054.838734
288,32,12886.776608
288,33,12827.700016
288,34,12788.895398
288,35,12686.663037
288,38,12684.768785
289,31,13037.870647
289,32,12886.776608
289,33,12827.700016
289,34,12772.422003
289,35,12686.663037
289,38,12684.768785
290,31,13009.508654
290,32,12886.776608
290,33,12827.700016
290,34,12772.422003
290,35,12686.663037
290,38,12684.768785
291,31,13002.724219
291,32,12886.776608
291,33,12827.700016
291,34,12748.963462
291,35,12684.766688
291,42,12681.262735
292,31,13002.724219
292,32,12886.776608
292,33,12827.700016
292,34,12748.963462
292,35,12684.766688
292,41,12653.617916
293,31,13002.724219
293,32,12884.725786
293,33,12825.544196
293,34,12737.218994
293,35,12684.766688
293,41,12653.617916
294,31,13002.724219
294,32,12877.886640
294,33,12825.544196
294,34,12737.218994
294,35,12672.613699
294,41,12653.617916
295,31,13002.724219
295,32,12872.345627
295,33,12816.577350
295,34,12737.218994
295,35,12672.613699
295,41,12653.617916
296,31,13002.724219
296,32,12872.345627
296,33,12816.577350
296,34,12737.218994
296,35,12672.613699
296,38,12664.174909
296,41,12653.617916
297,31,12988.009753
297,32,12866.087183
297,33,12816.577350
297,34,12737.218994
297,35,12672.613699
297,38,12664.174909
297,41,12650.507918
298,31,12988.009753
298,32,12866.087183
298,33,12816.577350
298,34,12737.218994
298,35,12672.613699
298,37,12669.299180
298,38,12664.174909
298,41,12650.507918
299,31,12985.580924
299,32,12865.955766
299,33,12816.577350
299,34,12736.657268
299,35,12672.613699
299,37,12667.569278
299,38,12648.796370
300,31,12985.580924
300,32,12865.955766
300,33,12816.577350
300,34,12736.657268
300,35,12672.613699
300,37,12667.569278
300,38,12648.796370
301,31,12985.142198
301,32,12865.955766
301,33,12814.170950
301,34,12736.657268
301,35,12672.613699
301,37,12667.569278
301,38,12648.796370
302,31,12985.142198
302,32,12865.955766
302,33,12802.200500
302,34,12736.657268
302,35,12672.613699
302,37,12667.569278
302,38,12648.796370
303,31,12985.142198
303,32,12865.668876
303,33,12802.200500
303,34,12736.657268
303,35,12672.613699
303,37,12667.203536
303,38,12647.664956
303,41,12641.193195
304,31,12972.451144
304,32,12865.668876
304,33,12802.200500
304,34,12736.657268
304,35,12672.613699
304,37,12667.203536
304,38,12647.664956
304,41,12641.193195
305,31,12972.451144
305,32,12831.996454
305,33,12802.200500
305,34,12736.657268
305,35,12672.477305
305,37,12667.189185
305,38,12647.650606
305,41,12641.109171
306,31,12972.451144
306,32,12825.697201
306,33,12802.200500
306,34,12736.657268
306,35,12672.477305
306,37,12667.189185
306,38,12647.650606
306,41,12632.762331
306,42,12631.368979
307,31,12966.213205
307,32,12825.697201
307,33,12802.200500
307,34,12725.476285
307,35,12672.477305
307,37,12659.119272
307,38,12647.650606
307,41,12626.486780
308,31,12966.213205
308,32,12825.697201
308,33,12732.681969
308,34,12725.476285
308,35,12672.477305
308,37,12659.119272
308,38,12647.650606
308,41,12626.486780
309,31,12966.213205
309,32,12825.697201
309,33,12726.420288
309,34,12725.476285
309,35,12672.477305
309,37,12658.784001
309,38,12647.650606
309,40,12614.183015
310,31,12966.213205
310,32,12814.628612
310,33,12726.420288
310,34,12725.476285
310,35,12672.477305
310,37,12658.784001
310,38,12647.650606
310,40,12614.183015
311,31,12966.213205
311,32,12812.859991
311,33,12717.459888
311,34,12700.401776
311,35,12670.580955
311,37,12649.300880
311,38,12646.436957
311,40,12614.046292
312,31,12966.213205
312,32,12806.349619
312,33,12717.459888
312,34,12697.515749
312,35,12670.580955
312,37,12649.300880
312,38,12646.436957
312,40,12614.046292
313,31,12965.040635
313,32,12806.349619
313,33,12717.459888
313,34,12697.515749
313,35,12606.414833
314,31,12962.266913
314,32,12806.349619
314,33,12717.459888
314,34,12697.515749
314,35,12606.414833
315,31,12962.266913
315,32,12805.530133
315,33,12717.459888
315,34,12697.515749
315,35,12606.036128
316,31,12961.457789
316,32,12805.530133
316,33,12717.459888
316,34,12697.515749
316,35,12606.036128
317,31,12961.457789
317,32,12803.780384
317,33,12717.459888
317,34,12685.032863
317,35,12601.290902
318,31,12961.457789
318,32,12797.338443
318,33,12709.707237
318,34,12685.032863
318,35,12601.290902
319,31,12961.457789
319,32,12783.154912
319,33,12691.133687
319,34,12685.032863
319,35,12601.290902
320,31,12961.457789
320,32,12783.154912
320,33,12691.133687
320,34,12669.867531
320,35,12601.290902
321,31,12952.062648
321,32,12780.829488
321,33,12691.133687
321,34,12669.867531
321,35,12601.290902
322,31,12934.880756
322,32,12780.829488
322,33,12676.242359
322,34,12629.505958
322,35,12601.290902
323,31,12934.880756
323,32,12780.173455
323,33,12674.584572
323,34,12628.591789
323,35,12599.986795
324,31,12934.880756
324,32,12780.173455
324,33,12674.584572
324,34,12628.591789
324,35,12599.986795
