Generation,NV,TOC
1,9,2256.449615
1,10,1928.152790
1,11,1720.827247
1,12,1676.108302
2,7,1974.938445
2,8,1792.537015
2,9,1770.834582
2,11,1623.788065
3,6,2101.405713
3,7,1907.338109
3,8,1716.166331
3,9,1676.871745
3,10,1526.955746
4,6,2100.828329
4,7,1907.338109
4,8,1716.166331
4,9,1675.862879
4,10,1526.955746
5,6,1998.301489
5,7,1907.338109
5,8,1647.087081
5,9,1582.217736
5,10,1509.875115
6,6,1823.656589
6,7,1790.080840
6,8,1599.542889
6,9,1516.677310
6,10,1486.463578
7,6,1823.656589
7,7,1749.552133
7,8,1599.542889
7,9,1516.677310
7,10,1484.583718
8,5,2330.984334
8,6,1823.656589
8,7,1661.993096
8,8,1566.896692
8,9,1516.677310
8,10,1484.583718
9,5,2330.984334
9,6,1823.656589
9,7,1661.993096
9,8,1566.896692
9,9,1509.643339
9,10,1484.583718
10,5,2330.984334
10,6,1776.989464
10,7,1634.419185
10,8,1504.198321
10,9,1489.282352
10,10,1484.583718
11,5,2301.237676
11,6,1673.815996
11,7,1577.075462
11,8,1489.364041
11,9,1489.282352
11,10,1484.583718
12,5,1726.370371
12,6,1673.815996
12,7,1546.716517
12,8,1489.364041
12,9,1459.449037
13,5,1726.370371
13,6,1590.448500
13,7,1546.716517
13,8,1489.364041
13,9,1459.449037
14,5,1726.370371
14,6,1590.448500
14,7,1541.656256
14,8,1468.331551
14,9,1459.449037
15,5,1726.370371
15,6,1590.448500
15,7,1514.987382
15,8,1468.331551
15,9,1453.052836
16,5,1726.370371
16,6,1590.448500
16,7,1513.983750
16,8,1452.674221
16,9,1440.240098
17,5,1695.979047
17,6,1590.448500
17,7,1496.736608
17,8,1452.674221
17,9,1440.240098
18,5,1695.979047
18,6,1535.460652
18,7,1475.082025
18,8,1452.674221
18,9,1431.021386
19,5,1695.979047
19,6,1535.460652
19,7,1475.082025
19,8,1452.674221
19,9,1431.021386
20,5,1638.835095
20,6,1512.850930
20,7,1475.082025
20,8,1452.674221
20,9,1431.021386
21,5,1638.835095
21,6,1510.556833
21,7,1475.082025
21,8,1427.824480
22,5,1638.835095
22,6,1510.556833
22,7,1475.082025
22,8,1412.615755
23,5,1638.835095
23,6,1510.556833
23,7,1475.082025
23,8,1412.615755
24,5,1581.160993
24,6,1510.556833
24,7,1430.553730
24,8,1412.615755
25,5,1581.160993
25,6,1442.644142
25,7,1430.553730
25,8,1412.615755
26,5,1581.160993
26,6,1442.644142
26,7,1405.003620
27,5,1581.160993
27,6,1442.644142
27,7,1405.003620
28,5,1581.160993
28,6,1442.644142
28,7,1405.003620
29,5,1581.160993
29,6,1442.644142
29,7,1405.003620
30,5,1581.160993
30,6,1442.644142
30,7,1405.003620
31,5,1581.160993
31,6,1442.644142
31,7,1405.003620
32,5,1552.996305
32,6,1442.644142
32,7,1396.151245
33,5,1552.996305
33,6,1442.644142
33,7,1396.151245
34,5,1552.996305
34,6,1435.385089
34,7,1396.151245
35,5,1552.996305
35,6,1435.385089
35,7,1396.151245
36,5,1552.462027
36,6,1435.385089
36,7,1396.151245
37,5,1552.462027
37,6,1428.466201
37,7,1396.151245
38,5,1552.462027
38,6,1428.466201
38,7,1396.151245
39,5,1549.270664
39,6,1428.466201
39,7,1396.151245
40,5,1527.055724
40,6,1420.335742
40,7,1396.151245
41,5,1498.561567
41,6,1418.517503
41,7,1388.810609
42,5,1485.614639
42,6,1407.297844
42,7,1388.810609
43,5,1478.373496
43,6,1407.297844
43,7,1388.810609
44,5,1478.373496
44,6,1407.297844
44,7,1388.810609
45,5,1478.373496
45,6,1407.297844
45,7,1388.810609
46,5,1478.373496
46,6,1403.810051
46,7,1388.810609
47,5,1478.373496
47,6,1403.810051
47,7,1388.810609
48,4,1857.284093
48,5,1478.373496
48,6,1403.810051
48,7,1383.261309
49,4,1857.284093
49,5,1478.373496
49,6,1403.810051
49,7,1383.261309
50,4,1857.284093
50,5,1478.373496
50,6,1388.920455
50,7,1383.261309
51,4,1844.029388
51,5,1478.373496
51,6,1388.866922
51,7,1383.261309
52,4,1844.029388
52,5,1478.373496
52,6,1388.866922
52,7,1383.261309
53,4,1844.029388
53,5,1478.373496
53,6,1388.866922
53,7,1383.261309
54,4,1844.029388
54,5,1478.373496
54,6,1388.866922
54,7,1383.261309
55,4,1844.029388
55,5,1478.373496
55,6,1388.866922
55,7,1383.261309
56,4,1844.029388
56,5,1478.373496
56,6,1388.866922
56,7,1383.261309
57,4,1844.029388
57,5,1478.373496
57,6,1388.866922
57,7,1383.261309
58,4,1844.029388
58,5,1478.373496
58,6,1388.866922
58,7,1383.261309
59,4,1820.797473
59,5,1478.373496
59,6,1388.866922
59,7,1383.261309
60,4,1820.797473
60,5,1478.373496
60,6,1388.866922
60,7,1383.261309
61,4,1820.797473
61,5,1478.373496
61,6,1388.866922
61,7,1383.261309
62,4,1820.797473
62,5,1478.373496
62,6,1388.866922
62,7,1383.261309
63,4,1814.712211
63,5,1478.373496
63,6,1388.866922
63,7,1383.261309
64,4,1722.001975
64,5,1478.373496
64,6,1388.866922
64,7,1383.261309
65,4,1722.001975
65,5,1478.373496
65,6,1388.866922
65,7,1383.003466
66,4,1722.001975
66,5,1478.373496
66,6,1388.866922
66,7,1383.003466
67,4,1722.001975
67,5,1478.373496
67,6,1388.866922
67,7,1383.003466
68,4,1722.001975
68,5,1478.373496
68,6,1388.866922
68,7,1383.003466
69,4,1722.001975
69,5,1478.373496
69,6,1388.866922
69,7,1383.003466
70,4,1722.001975
70,5,1478.373496
70,6,1388.866922
70,7,1383.003466
71,4,1722.001975
71,5,1478.373496
71,6,1388.866922
71,7,1383.003466
72,4,1722.001975
72,5,1478.373496
72,6,1388.866922
72,7,1383.003466
73,4,1722.001975
73,5,1478.373496
73,6,1388.866922
73,7,1383.003466
74,4,1722.001975
74,5,1478.373496
74,6,1388.866922
74,7,1383.003466
75,4,1722.001975
75,5,1478.373496
75,6,1388.866922
75,7,1383.003466
76,4,1722.001975
76,5,1478.373496
76,6,1388.866922
76,7,1383.003466
77,4,1722.001975
77,5,1478.373496
77,6,1378.211772
78,4,1670.207896
78,5,1478.373496
78,6,1378.211772
79,4,1670.207896
79,5,1478.373496
79,6,1378.211772
80,4,1670.207896
80,5,1478.373496
80,6,1378.211772
81,4,1670.207896
81,5,1478.373496
81,6,1378.211772
82,4,1670.207896
82,5,1478.373496
82,6,1378.211772
83,4,1670.207896
83,5,1478.373496
83,6,1378.211772
84,4,1670.207896
84,5,1478.373496
84,6,1378.211772
85,4,1670.207896
85,5,1478.373496
85,6,1378.211772
86,4,1670.207896
86,5,1467.974269
86,6,1378.211772
87,4,1670.207896
87,5,1467.974269
87,6,1378.211772
88,4,1670.207896
88,5,1467.974269
88,6,1378.211772
89,4,1670.207896
89,5,1467.974269
89,6,1378.211772
90,4,1670.207896
90,5,1467.974269
90,6,1378.211772
91,4,1670.207896
91,5,1467.974269
91,6,1378.211772
92,4,1670.207896
92,5,1467.974269
92,6,1378.211772
93,4,1670.207896
93,5,1467.974269
93,6,1378.211772
94,4,1670.207896
94,5,1467.974269
94,6,1378.211772
95,4,1670.207896
95,5,1467.974269
95,6,1378.211772
96,4,1670.207896
96,5,1467.974269
96,6,1378.211772
97,4,1670.207896
97,5,1467.974269
97,6,1378.211772
98,4,1670.207896
98,5,1467.974269
98,6,1378.211772
99,4,1670.207896
99,5,1467.974269
99,6,1378.211772
100,4,1670.207896
100,5,1467.974269
100,6,1378.211772
101,4,1670.207896
101,5,1457.267424
101,6,1378.211772
102,4,1649.250601
102,5,1457.267424
102,6,1372.522668
103,4,1649.250601
103,5,1457.267424
103,6,1372.522668
104,4,1649.250601
104,5,1457.267424
104,6,1372.522668
105,4,1640.339713
105,5,1457.267424
105,6,1372.522668
106,4,1640.339713
106,5,1449.654906
106,6,1372.522668
107,4,1640.339713
107,5,1449.654906
107,6,1372.522668
108,4,1640.339713
108,5,1449.654906
108,6,1372.522668
109,4,1640.339713
109,5,1449.654906
109,6,1372.522668
110,4,1640.339713
110,5,1449.654906
110,6,1372.522668
111,4,1640.339713
111,5,1449.654906
111,6,1372.522668
112,4,1640.339713
112,5,1449.654906
112,6,1372.522668
113,4,1640.339713
113,5,1449.654906
113,6,1372.522668
114,4,1640.339713
114,5,1449.654906
114,6,1372.522668
115,4,1640.339713
115,5,1449.654906
115,6,1372.522668
116,4,1640.339713
116,5,1449.654906
116,6,1372.522668
117,4,1640.339713
117,5,1449.654906
117,6,1372.522668
118,4,1640.339713
118,5,1449.654906
118,6,1372.522668
119,4,1640.339713
119,5,1449.654906
119,6,1372.522668
120,4,1640.339713
120,5,1449.654906
120,6,1372.522668
121,4,1640.339713
121,5,1449.654906
121,6,1372.522668
122,4,1640.339713
122,5,1448.582547
122,6,1372.522668
122,7,1363.285634
123,4,1624.878712
123,5,1426.544949
123,6,1372.522668
123,7,1363.285634
124,4,1624.878712
124,5,1426.544949
124,6,1372.522668
124,7,1363.285634
125,4,1624.878712
125,5,1426.544949
125,6,1372.522668
125,7,1363.285634
126,4,1624.878712
126,5,1426.544949
126,6,1372.522668
126,7,1363.285634
127,4,1624.878712
127,5,1426.544949
127,6,1372.522668
127,7,1363.285634
128,4,1624.878712
128,5,1426.544949
128,6,1372.522668
128,7,1363.285634
129,4,1622.089747
129,5,1426.544949
129,6,1372.522668
129,7,1363.285634
130,4,1622.089747
130,5,1426.544949
130,6,1372.522668
130,7,1363.285634
131,4,1622.089747
131,5,1426.544949
131,6,1372.522668
131,7,1363.285634
132,4,1622.089747
132,5,1426.544949
132,6,1372.522668
132,7,1363.285634
133,4,1622.089747
133,5,1426.544949
133,6,1372.522668
133,7,1363.285634
134,4,1622.089747
134,5,1426.544949
134,6,1372.522668
134,7,1363.285634
135,4,1622.089747
135,5,1426.544949
135,6,1372.522668
135,7,1363.285634
136,4,1622.089747
136,5,1426.544949
136,6,1372.522668
136,7,1363.285634
137,4,1622.089747
137,5,1426.544949
137,6,1372.522668
137,7,1363.285634
138,4,1622.089747
138,5,1426.544949
138,6,1372.522668
138,7,1363.285634
139,4,1622.089747
139,5,1426.544949
139,6,1372.522668
139,7,1363.285634
140,4,1622.089747
140,5,1426.544949
140,6,1372.522668
140,7,1363.285634
141,4,1622.089747
141,5,1426.544949
141,6,1372.522668
141,7,1363.285634
142,4,1622.089747
142,5,1426.544949
142,6,1372.522668
142,7,1363.285634
143,4,1622.089747
143,5,1426.544949
143,6,1372.522668
143,7,1363.285634
144,4,1622.089747
144,5,1426.544949
144,6,1372.522668
144,7,1363.285634
145,4,1622.089747
145,5,1426.544949
145,6,1372.522668
145,7,1363.285634
146,4,1622.089747
146,5,1426.544949
146,6,1372.522668
146,7,1363.285634
147,4,1622.089747
147,5,1426.544949
147,6,1372.522668
147,7,1363.285634
148,4,1622.089747
148,5,1426.544949
148,6,1372.522668
148,7,1363.285634
149,4,1622.089747
149,5,1426.544949
149,6,1372.522668
149,7,1363.285634
150,4,1622.089747
150,5,1426.544949
150,6,1372.522668
150,7,1363.285634
151,4,1622.089747
151,5,1426.544949
151,6,1372.522668
151,7,1363.285634
152,4,1622.089747
152,5,1426.544949
152,6,1372.522668
152,7,1363.285634
153,4,1622.089747
153,5,1426.544949
153,6,1372.522668
153,7,1363.285634
154,4,1622.089747
154,5,1426.544949
154,6,1372.522668
154,7,1363.285634
155,4,1622.089747
155,5,1426.544949
155,6,1372.522668
155,7,1363.285634
156,4,1622.089747
156,5,1426.544949
156,6,1372.522668
156,7,1363.285634
157,4,1622.089747
157,5,1426.544949
157,6,1372.522668
157,7,1363.285634
158,4,1622.089747
158,5,1426.544949
158,6,1372.522668
158,7,1363.285634
159,4,1622.089747
159,5,1426.544949
159,6,1368.048738
159,7,1363.285634
160,4,1597.385287
160,5,1426.544949
160,6,1368.048738
160,7,1363.285634
161,4,1597.385287
161,5,1426.544949
161,6,1368.048738
161,7,1363.285634
162,4,1597.385287
162,5,1426.544949
162,6,1368.048738
162,7,1363.285634
163,4,1597.385287
163,5,1426.544949
163,6,1368.048738
163,7,1363.285634
164,4,1597.385287
164,5,1426.544949
164,6,1368.048738
164,7,1363.285634
165,4,1597.385287
165,5,1426.544949
165,6,1368.048738
165,7,1363.285634
166,4,1597.385287
166,5,1426.544949
166,6,1368.048738
166,7,1363.285634
167,4,1597.385287
167,5,1426.544949
167,6,1368.048738
167,7,1363.285634
168,4,1597.385287
168,5,1426.544949
168,6,1368.048738
168,7,1363.285634
169,4,1597.385287
169,5,1426.544949
169,6,1368.048738
169,7,1363.285634
170,4,1597.385287
170,5,1426.544949
170,6,1368.048738
170,7,1363.285634
171,4,1597.385287
171,5,1426.544949
171,6,1368.048738
171,7,1363.285634
172,4,1597.385287
172,5,1426.544949
172,6,1368.048738
172,7,1363.285634
173,4,1597.385287
173,5,1426.544949
173,6,1368.048738
173,7,1363.285634
174,4,1597.385287
174,5,1426.544949
174,6,1368.048738
174,7,1363.285634
175,4,1597.385287
175,5,1426.544949
175,6,1368.048738
175,7,1363.285634
176,4,1597.385287
176,5,1426.544949
176,6,1368.048738
176,7,1363.285634
177,4,1597.385287
177,5,1426.544949
177,6,1368.048738
177,7,1363.285634
178,4,1597.385287
178,5,1426.544949
178,6,1368.048738
178,7,1363.285634
179,4,1597.385287
179,5,1426.544949
179,6,1368.048738
179,7,1363.285634
180,4,1597.385287
180,5,1426.544949
180,6,1368.048738
180,7,1363.285634
181,4,1597.385287
181,5,1426.544949
181,6,1368.048738
181,7,1363.285634
182,4,1597.385287
182,5,1426.544949
182,6,1368.048738
182,7,1363.285634
183,4,1597.385287
183,5,1426.544949
183,6,1368.048738
183,7,1363.285634
184,4,1597.385287
184,5,1426.544949
184,6,1368.048738
184,7,1363.285634
185,4,1597.385287
185,5,1426.544949
185,6,1368.048738
185,7,1363.285634
186,4,1597.385287
186,5,1426.544949
186,6,1368.048738
186,7,1363.285634
187,4,1597.385287
187,5,1426.544949
187,6,1368.048738
187,7,1363.285634
188,4,1597.385287
188,5,1426.544949
188,6,1368.048738
188,7,1363.285634
189,4,1597.385287
189,5,1426.544949
189,6,1368.048738
189,7,1363.285634
190,4,1597.385287
190,5,1426.544949
190,6,1368.048738
190,7,1363.285634
191,4,1597.385287
191,5,1426.544949
191,6,1368.048738
191,7,1363.285634
192,4,1597.385287
192,5,1426.544949
192,6,1368.048738
192,7,1363.285634
193,4,1597.385287
193,5,1426.544949
193,6,1368.048738
193,7,1363.285634
194,4,1597.385287
194,5,1426.544949
194,6,1368.048738
194,7,1363.285634
195,4,1591.751867
195,5,1426.544949
195,6,1368.048738
195,7,1363.285634
196,4,1591.751867
196,5,1426.544949
196,6,1368.048738
196,7,1363.285634
197,4,1591.751867
197,5,1426.544949
197,6,1368.048738
197,7,1363.285634
198,4,1591.751867
198,5,1426.544949
198,6,1368.048738
198,7,1363.285634
199,4,1591.751867
199,5,1426.544949
199,6,1368.048738
199,7,1363.285634
200,4,1591.751867
200,5,1426.544949
200,6,1368.048738
200,7,1363.285634
201,4,1591.751867
201,5,1425.445173
201,6,1368.048738
201,7,1363.285634
202,4,1591.751867
202,5,1415.763627
202,6,1368.048738
202,7,1363.285634
203,4,1591.751867
203,5,1415.763627
203,6,1368.048738
203,7,1363.285634
204,4,1591.751867
204,5,1415.763627
204,6,1368.048738
204,7,1363.285634
205,4,1591.751867
205,5,1415.763627
205,6,1368.048738
205,7,1363.285634
206,4,1591.751867
206,5,1415.763627
206,6,1368.048738
206,7,1363.285634
207,4,1591.751867
207,5,1415.763627
207,6,1368.048738
207,7,1363.285634
208,4,1591.751867
208,5,1415.763627
208,6,1368.048738
208,7,1363.285634
209,4,1591.751867
209,5,1415.763627
209,6,1368.048738
209,7,1363.285634
210,4,1591.751867
210,5,1415.763627
210,6,1368.048738
210,7,1363.285634
211,4,1591.751867
211,5,1415.763627
211,6,1368.048738
211,7,1363.285634
212,4,1591.751867
212,5,1415.763627
212,6,1368.048738
212,7,1363.285634
213,4,1591.751867
213,5,1415.763627
213,6,1368.048738
213,7,1363.285634
214,4,1591.751867
214,5,1413.972818
214,6,1368.048738
214,7,1363.285634
215,4,1591.751867
215,5,1413.972818
215,6,1368.048738
215,7,1363.285634
216,4,1591.751867
216,5,1413.972818
216,6,1368.048738
216,7,1363.285634
217,4,1591.751867
217,5,1413.972818
217,6,1368.048738
217,7,1363.285634
218,4,1591.751867
218,5,1413.972818
218,6,1367.505792
218,7,1363.285634
219,4,1591.751867
219,5,1413.972818
219,6,1367.505792
219,7,1363.285634
220,4,1591.751867
220,5,1413.972818
220,6,1364.673945
220,7,1363.285634
221,4,1591.751867
221,5,1413.972818
221,6,1364.673945
221,7,1363.285634
222,4,1565.276259
222,5,1413.972818
222,6,1364.673945
222,7,1363.285634
223,4,1565.276259
223,5,1413.972818
223,6,1364.673945
223,7,1363.285634
224,4,1565.276259
224,5,1413.972818
224,6,1364.673945
224,7,1363.285634
225,4,1565.276259
225,5,1413.972818
225,6,1364.673945
225,7,1363.285634
226,4,1565.276259
226,5,1413.972818
226,6,1364.673945
226,7,1363.285634
227,4,1565.276259
227,5,1413.972818
227,6,1364.673945
227,7,1363.285634
228,4,1565.276259
228,5,1409.520750
228,6,1364.673945
228,7,1363.285634
229,4,1565.276259
229,5,1409.520750
229,6,1364.673945
229,7,1363.285634
230,4,1565.276259
230,5,1409.520750
230,6,1364.673945
230,7,1363.285634
231,4,1565.276259
231,5,1409.520750
231,6,1364.673945
231,7,1363.285634
232,4,1565.276259
232,5,1409.520750
232,6,1364.673945
232,7,1363.285634
233,4,1565.276259
233,5,1409.520750
233,6,1364.673945
233,7,1363.285634
234,4,1565.276259
234,5,1409.520750
234,6,1364.673945
234,7,1363.285634
235,4,1565.276259
235,5,1409.520750
235,6,1364.673945
235,7,1363.285634
236,4,1565.276259
236,5,1409.520750
236,6,1364.673945
236,7,1363.285634
237,4,1565.276259
237,5,1409.520750
237,6,1364.673945
237,7,1363.285634
238,4,1565.276259
238,5,1409.520750
238,6,1364.673945
238,7,1363.285634
239,4,1565.276259
239,5,1409.520750
239,6,1364.673945
239,7,1363.285634
240,4,1565.276259
240,5,1409.520750
240,6,1364.673945
240,7,1363.285634
241,4,1564.517112
241,5,1409.520750
241,6,1364.673945
241,7,1363.285634
242,4,1564.517112
242,5,1409.520750
242,6,1364.673945
242,7,1363.285634
243,4,1564.517112
243,5,1409.520750
243,6,1364.673945
243,7,1363.285634
244,4,1564.517112
244,5,1409.520750
244,6,1364.673945
244,7,1363.285634
245,4,1564.517112
245,5,1409.520750
245,6,1364.673945
245,7,1363.285634
246,4,1564.517112
246,5,1409.520750
246,6,1364.673945
246,7,1363.285634
247,4,1564.517112
247,5,1409.520750
247,6,1364.673945
247,7,1363.285634
248,4,1564.517112
248,5,1409.520750
248,6,1364.673945
248,7,1363.285634
249,4,1564.517112
249,5,1409.520750
249,6,1364.673945
249,7,1363.285634
250,4,1564.517112
250,5,1409.520750
250,6,1364.673945
250,7,1363.285634
251,4,1564.517112
251,5,1409.520750
251,6,1364.673945
251,7,1363.285634
252,4,1564.517112
252,5,1409.520750
252,6,1364.673945
252,7,1363.285634
253,4,1564.517112
253,5,1409.520750
253,6,1364.673945
253,7,1363.285634
254,4,1564.517112
254,5,1409.520750
254,6,1364.673945
254,7,1363.285634
255,4,1564.517112
255,5,1409.520750
255,6,1364.673945
255,7,1363.285634
256,4,1564.517112
256,5,1409.520750
256,6,1364.673945
256,7,1363.285634
257,4,1564.517112
257,5,1409.520750
257,6,1364.673945
257,7,1363.285634
258,4,1564.517112
258,5,1409.520750
258,6,1364.673945
258,7,1363.285634
259,4,1564.517112
259,5,1409.520750
259,6,1364.673945
259,7,1363.285634
260,4,1564.517112
260,5,1409.520750
260,6,1364.673945
260,7,1363.285634
261,4,1564.517112
261,5,1409.520750
261,6,1364.673945
261,7,1363.285634
262,4,1564.517112
262,5,1407.555736
262,6,1364.673945
262,7,1363.285634
263,4,1564.517112
263,5,1407.555736
263,6,1364.673945
263,7,1363.285634
264,4,1564.517112
264,5,1407.555736
264,6,1364.673945
264,7,1363.285634
265,4,1564.517112
265,5,1407.555736
265,6,1364.673945
265,7,1363.285634
266,4,1564.517112
266,5,1407.555736
266,6,1364.673945
266,7,1363.285634
267,4,1564.517112
267,5,1407.555736
267,6,1364.673945
267,7,1363.285634
268,4,1564.517112
268,5,1407.555736
268,6,1364.673945
268,7,1363.285634
269,4,1564.517112
269,5,1407.555736
269,6,1364.673945
269,7,1363.285634
270,4,1564.517112
270,5,1407.555736
270,6,1364.673945
270,7,1363.285634
271,4,1563.538147
271,5,1404.056225
271,6,1364.673945
271,7,1363.285634
272,4,1563.538147
272,5,1404.056225
272,6,1364.673945
272,7,1363.285634
273,4,1563.538147
273,5,1404.056225
273,6,1364.673945
273,7,1363.285634
274,4,1563.538147
274,5,1404.056225
274,6,1364.673945
274,7,1363.285634
275,4,1563.538147
275,5,1404.056225
275,6,1364.673945
275,7,1363.285634
276,4,1563.538147
276,5,1404.056225
276,6,1364.673945
276,7,1363.285634
277,4,1563.538147
277,5,1404.056225
277,6,1364.673945
277,7,1363.285634
278,4,1563.538147
278,5,1404.056225
278,6,1364.673945
278,7,1363.285634
279,4,1563.538147
279,5,1404.056225
279,6,1364.673945
279,7,1363.285634
280,4,1563.538147
280,5,1404.056225
280,6,1364.673945
280,7,1363.285634
281,4,1561.083442
281,5,1404.056225
281,6,1364.673945
281,7,1363.285634
282,4,1561.083442
282,5,1404.056225
282,6,1364.673945
282,7,1363.285634
283,4,1561.083442
283,5,1404.056225
283,6,1364.673945
283,7,1363.285634
284,4,1561.083442
284,5,1404.056225
284,6,1364.673945
284,7,1363.285634
285,4,1550.744325
285,5,1404.056225
285,6,1364.673945
285,7,1363.285634
286,4,1550.744325
286,5,1404.056225
286,6,1364.673945
286,7,1363.285634
287,4,1550.744325
287,5,1404.056225
287,6,1364.673945
287,7,1363.285634
288,4,1550.744325
288,5,1404.056225
288,6,1364.673945
288,7,1363.285634
289,4,1550.744325
289,5,1404.056225
289,6,1364.673945
289,7,1363.285634
290,4,1550.744325
290,5,1404.056225
290,6,1364.673945
290,7,1363.285634
291,4,1550.744325
291,5,1404.056225
291,6,1364.673945
291,7,1363.285634
292,4,1550.744325
292,5,1404.056225
292,6,1364.673945
292,7,1363.285634
293,4,1550.744325
293,5,1404.056225
293,6,1364.673945
293,7,1363.285634
294,4,1550.744325
294,5,1404.056225
294,6,1364.673945
294,7,1363.285634
295,4,1550.744325
295,5,1404.056225
295,6,1364.673945
295,7,1363.285634
296,4,1550.744325
296,5,1404.056225
296,6,1364.673945
296,7,1363.285634
297,4,1550.744325
297,5,1404.056225
297,6,1364.673945
297,7,1363.285634
298,4,1550.744325
298,5,1404.056225
298,6,1364.673945
298,7,1363.285634
299,4,1550.744325
299,5,1404.056225
299,6,1364.673945
299,7,1363.285634
300,4,1550.744325
300,5,1404.056225
300,6,1364.673945
300,7,1363.285634
301,4,1550.744325
301,5,1404.056225
301,6,1364.673945
301,7,1363.285634
302,4,1550.744325
302,5,1404.056225
302,6,1364.673945
302,7,1363.285634
303,4,1538.170871
303,5,1404.056225
303,6,1364.673945
303,7,1363.285634
304,4,1538.170871
304,5,1404.056225
304,6,1364.673945
304,7,1363.285634
305,4,1538.170871
305,5,1404.056225
305,6,1364.673945
305,7,1363.285634
306,4,1538.170871
306,5,1404.056225
306,6,1364.673945
306,7,1363.285634
307,4,1538.170871
307,5,1404.056225
307,6,1364.673945
307,7,1363.285634
308,4,1538.170871
308,5,1404.056225
308,6,1364.673945
308,7,1363.285634
309,4,1538.170871
309,5,1404.056225
309,6,1364.673945
309,7,1363.285634
310,4,1538.170871
310,5,1404.056225
310,6,1364.673945
310,7,1363.285634
311,4,1538.170871
311,5,1404.056225
311,6,1364.673945
311,7,1363.285634
312,4,1538.170871
312,5,1404.056225
312,6,1364.673945
312,7,1363.285634
313,4,1538.170871
313,5,1404.056225
313,6,1364.673945
313,7,1363.285634
314,4,1538.170871
314,5,1404.056225
314,6,1364.673945
314,7,1363.285634
315,4,1538.170871
315,5,1404.056225
315,6,1364.673945
315,7,1363.285634
316,4,1538.170871
316,5,1404.056225
316,6,1364.673945
316,7,1363.285634
317,4,1538.170871
317,5,1404.056225
317,6,1364.673945
317,7,1363.285634
318,4,1538.170871
318,5,1404.056225
318,6,1364.673945
318,7,1363.285634
319,4,1538.170871
319,5,1404.056225
319,6,1364.673945
319,7,1363.285634
320,4,1538.170871
320,5,1404.056225
320,6,1364.673945
320,7,1363.285634
321,4,1538.170871
321,5,1404.056225
321,6,1364.673945
321,7,1363.285634
322,4,1538.170871
322,5,1404.056225
322,6,1364.673945
322,7,1363.285634
323,4,1538.170871
323,5,1404.056225
323,6,1364.673945
323,7,1363.285634
324,4,1538.170871
324,5,1404.056225
324,6,1364.673945
324,7,1363.285634
325,4,1538.170871
325,5,1404.056225
325,6,1364.673945
325,7,1363.285634
326,4,1538.170871
326,5,1404.056225
326,6,1364.673945
326,7,1363.285634
327,4,1538.170871
327,5,1402.352747
327,6,1364.673945
327,7,1363.285634
328,4,1538.170871
328,5,1402.352747
328,6,1364.673945
328,7,1363.285634
329,4,1538.170871
329,5,1397.945468
329,6,1364.673945
329,7,1363.285634
330,4,1538.170871
330,5,1397.945468
330,6,1364.673945
330,7,1363.285634
331,4,1538.170871
331,5,1397.945468
331,6,1364.673945
331,7,1363.285634
