Generation,NV,TOC
1,31,8326.431753
1,37,8315.088728
1,40,7045.719959
1,49,7010.059129
1,52,7000.784969
1,53,6977.787693
1,55,6927.456454
1,60,6881.054557
1,63,6843.113255
1,65,6768.764065
1,68,6758.070475
1,74,6713.791947
1,76,6282.585518
2,30,8194.238303
2,38,7194.564583
2,39,7000.677990
2,47,6638.073201
2,54,6548.756243
2,60,6457.177877
2,63,6392.425521
2,70,6042.344100
3,28,8693.401380
3,30,7805.379455
3,35,7319.019856
3,38,7194.564583
3,39,7000.677990
3,46,6517.635482
3,54,6320.525247
3,55,6276.923315
3,61,6271.488710
3,70,6042.344100
3,74,6038.974572
4,27,9627.235582
4,28,8693.401380
4,30,7805.379455
4,34,7623.495342
4,35,7319.019856
4,38,7194.564583
4,39,7000.677990
4,46,6517.635482
4,54,6320.525247
4,55,6276.923315
4,58,6270.296300
4,66,6223.533088
4,67,6221.255754
4,68,6199.718749
4,70,6042.344100
4,74,6009.381844
4,75,5940.775615
5,26,9071.351234
5,28,8693.401380
5,30,7805.379455
5,34,7623.495342
5,35,7319.019856
5,36,7291.575357
5,38,7194.564583
5,39,7000.677990
5,46,6517.635482
5,54,6320.525247
5,55,6276.923315
5,58,6270.296300
5,59,6149.373351
5,70,6042.344100
5,74,6009.381844
5,75,5940.775615
5,78,5902.700668
6,25,10131.505642
6,26,8954.440621
6,27,8745.997033
6,28,8693.401380
6,29,8205.093474
6,30,7805.379455
6,31,7699.221017
6,34,7497.849798
6,35,7319.019856
6,36,7291.575357
6,37,7173.795266
6,39,7000.677990
6,45,6478.041931
6,52,6317.526773
6,54,6205.681022
6,55,6175.638372
6,58,6071.850724
6,65,6023.936853
6,69,5964.575181
6,70,5857.298129
6,73,5808.314728
7,25,10131.505642
7,26,8560.172542
7,29,8046.359798
7,30,7805.379455
7,31,7699.221017
7,32,7471.085043
7,34,6851.161143
7,36,6783.064867
7,38,6577.291614
7,40,6431.111000
7,50,6328.475495
7,52,6317.526773
7,54,6205.681022
7,55,6175.638372
7,58,5980.971295
7,60,5954.286416
7,66,5943.783963
7,67,5923.976018
7,70,5857.298129
7,73,5808.314728
8,25,10131.505642
8,26,8378.125321
8,28,8095.252859
8,29,8046.359798
8,30,7805.379455
8,31,7699.221017
8,32,7471.085043
8,33,6702.661553
8,38,6577.291614
8,40,6431.111000
8,50,6328.475495
8,52,6023.833171
8,58,5980.971295
8,60,5954.286416
8,66,5943.783963
8,67,5923.976018
8,70,5857.298129
8,73,5808.314728
9,25,8753.437157
9,26,8348.403388
9,28,7792.784235
9,30,7775.432897
9,31,7699.221017
9,32,7471.085043
9,33,6441.808694
9,35,6440.057205
9,36,6257.560464
9,38,6159.130856
9,52,6023.833171
9,56,5976.527640
9,60,5954.286416
9,65,5917.688486
9,70,5857.298129
9,73,5808.314728
10,25,8671.546373
10,26,7640.842855
10,32,7471.085043
10,33,6441.808694
10,34,6148.584330
10,37,6140.615697
10,48,6060.528423
10,52,5996.970953
10,56,5933.061781
10,64,5912.572522
10,65,5890.656210
10,68,5855.945743
10,71,5792.645234
11,24,9250.551270
11,25,8671.546373
11,26,7640.842855
11,27,7492.282542
11,31,7137.849491
11,32,6726.284911
11,33,6441.808694
11,34,6148.584330
11,37,6140.615697
11,48,6060.528423
11,52,5996.970953
11,55,5831.125941
11,61,5713.319526
12,24,8441.497290
12,25,7941.764572
12,26,7310.849867
12,29,7116.121687
12,30,7016.648730
12,31,6702.373479
12,33,6069.294085
12,39,6044.975870
12,48,6036.590222
12,49,6012.267942
12,52,5992.752816
12,55,5831.125941
12,60,5651.518602
13,24,8441.497290
13,25,7941.764572
13,26,7310.849867
13,27,7106.392952
13,30,7016.648730
13,31,6702.373479
13,32,6347.697506
13,33,6069.294085
13,39,6044.975870
13,40,5901.973909
13,49,5723.408793
13,51,5636.968101
14,24,7995.620405
14,25,7073.852640
14,28,6830.337608
14,31,6702.373479
14,32,6066.241422
14,39,5965.988947
14,40,5901.973909
14,43,5804.712398
14,49,5480.819531
14,58,5393.487859
15,24,7579.532091
15,25,7073.852640
15,26,6755.754545
15,30,6095.749943
15,32,6013.660392
15,36,5909.351080
15,40,5901.973909
15,43,5804.712398
15,48,5790.980363
15,49,5480.819531
15,58,5393.487859
16,24,7579.532091
16,25,6706.050354
16,26,6599.335439
16,29,5949.082433
16,36,5884.131610
16,39,5794.963517
16,46,5715.134092
16,49,5480.819531
16,58,5393.487859
17,23,8414.134517
17,24,7578.405956
17,25,6706.050354
17,26,6599.335439
17,28,6550.388844
17,29,5949.082433
17,31,5877.113194
17,34,5714.915811
17,45,5714.184936
17,49,5480.819531
17,52,5472.266568
17,58,5393.487859
18,23,8370.065915
18,24,7578.405956
18,25,6706.050354
18,26,6599.335439
18,28,6550.388844
18,29,5915.421220
18,30,5726.523065
18,33,5571.486518
18,49,5480.819531
18,52,5437.250827
18,58,5393.487859
19,23,7845.871566
19,24,7578.405956
19,25,6706.050354
19,26,6581.517665
19,28,6025.582796
19,29,5915.421220
19,30,5726.523065
19,33,5571.486518
19,49,5480.819531
19,52,5437.250827
19,58,5393.487859
20,23,7491.628041
20,25,6638.197514
20,26,6581.517665
20,28,5959.226750
20,29,5910.184107
20,30,5726.523065
20,31,5696.951130
20,33,5531.093814
20,42,5480.313704
20,47,5372.443075
20,53,5343.439269
21,23,7491.628041
21,24,7431.949373
21,25,6638.197514
21,26,6581.517665
21,27,6396.637313
21,28,5959.226750
21,29,5910.184107
21,30,5726.523065
21,31,5696.951130
21,33,5531.093814
21,42,5480.313704
21,47,5372.443075
21,53,5343.439269
22,23,7491.628041
22,24,7113.903526
22,25,6592.362622
22,26,6573.736681
22,27,6200.002984
22,28,5810.951809
22,30,5713.402616
22,31,5696.951130
22,33,5514.222416
22,42,5449.105120
22,47,5372.443075
22,53,5327.490114
23,23,7491.628041
23,24,7113.903526
23,25,6592.362622
23,26,6163.313065
23,28,5810.951809
23,30,5713.402616
23,31,5696.951130
23,33,5514.222416
23,38,5463.845003
23,42,5449.105120
23,46,5406.712661
23,47,5372.443075
23,53,5327.490114
24,23,7211.645764
24,24,6992.736413
24,25,6535.614759
24,26,6163.313065
24,27,5872.737763
24,28,5767.677832
24,30,5622.694458
24,33,5494.505872
24,35,5404.004971
24,40,5301.858136
25,22,7970.745059
25,23,7211.645764
25,24,6915.148298
25,25,6035.152343
25,27,5872.737763
25,28,5757.706961
25,30,5622.694458
25,33,5494.505872
25,35,5404.004971
25,40,5301.858136
25,42,5258.084718
26,22,7970.745059
26,23,7210.497629
26,24,6910.020379
26,25,6025.355247
26,27,5859.048008
26,28,5733.091306
26,30,5622.694458
26,33,5483.386161
26,35,5393.099317
26,39,5327.988246
26,40,5226.790981
27,22,7743.409343
27,23,7065.064445
27,24,6701.402164
27,25,6025.355247
27,27,5859.048008
27,28,5733.091306
27,30,5622.694458
27,33,5483.386161
27,35,5393.099317
27,39,5327.988246
27,40,5226.790981
27,47,5198.074451
28,22,7743.409343
28,23,7065.064445
28,24,6634.664005
28,25,6010.157528
28,27,5837.819212
28,28,5588.960672
28,33,5474.503051
28,34,5389.878486
28,39,5327.988246
28,40,5222.308466
28,46,5189.479593
29,22,7079.711524
29,23,7065.064445
29,24,6468.653202
29,25,6010.157528
29,27,5837.819212
29,28,5588.960672
29,33,5474.503051
29,34,5389.878486
29,39,5327.988246
29,40,5222.308466
29,46,5189.479593
30,22,6965.823742
30,24,6468.653202
30,25,6010.157528
30,26,5870.509403
30,27,5814.997923
30,28,5580.054484
30,32,5573.461125
30,33,5468.184808
30,34,5300.147786
30,39,5210.097605
30,46,5189.479593
31,22,6965.823742
31,23,6934.382989
31,24,6468.653202
31,25,6010.157528
31,26,5870.509403
31,27,5814.997923
31,28,5580.054484
31,32,5541.223682
31,33,5468.184808
31,34,5300.147786
31,39,5210.097605
31,46,5189.479593
32,22,6792.349393
32,24,6351.448861
32,25,6010.157528
32,26,5805.660954
32,27,5805.200827
32,28,5580.054484
32,32,5524.678614
32,33,5468.184808
32,34,5296.833119
32,39,5208.151127
32,46,5189.479593
33,22,6792.349393
33,24,6351.448861
33,25,6010.157528
33,26,5805.660954
33,27,5805.200827
33,28,5580.054484
33,32,5524.678614
33,33,5468.184808
33,34,5296.833119
33,39,5208.151127
33,46,5189.479593
34,22,6792.349393
34,24,6351.448861
34,25,6010.157528
34,26,5791.971199
34,28,5565.279578
34,32,5503.710820
34,33,5466.297045
34,34,5282.201331
34,37,5152.819701
35,21,7026.622451
35,22,6792.349393
35,24,5972.986512
35,26,5728.492528
35,27,5653.001756
35,28,5565.279578
35,32,5503.710820
35,33,5466.297045
35,34,5282.201331
35,37,5152.819701
36,21,6917.281931
36,22,6760.936443
36,23,6591.833760
36,24,5806.530431
36,26,5722.033842
36,27,5643.742106
36,28,5510.473794
36,29,5407.973180
36,33,5244.710204
36,37,5152.819701
37,21,6867.819142
37,22,6760.936443
37,23,6591.833760
37,24,5806.530431
37,25,5660.781170
37,26,5657.433890
37,27,5643.742106
37,28,5510.473794
37,29,5407.973180
37,33,5244.710204
37,37,5152.819701
37,39,5136.163103
38,21,6733.013170
38,22,6194.915943
38,24,5806.530431
38,25,5630.804011
38,27,5456.625228
38,29,5396.568501
38,33,5244.710204
38,37,5152.819701
38,38,5116.449928
39,19,6706.343227
39,22,6126.630122
39,24,5806.530431
39,25,5630.804011
39,26,5606.786428
39,27,5456.625228
39,29,5394.226671
39,33,5244.710204
39,37,5152.819701
39,38,5116.449928
39,41,5100.526400
40,19,6706.343227
40,22,6126.630122
40,24,5803.886133
40,25,5582.748634
40,27,5426.927382
40,29,5364.146753
40,32,5356.228006
40,33,5244.710204
40,36,5130.792695
40,38,5106.648741
40,41,5099.514927
41,19,6706.343227
41,20,6536.255269
41,22,6126.630122
41,23,6089.504887
41,24,5803.886133
41,25,5582.748634
41,27,5426.927382
41,29,5364.146753
41,32,5356.228006
41,33,5244.710204
41,36,5130.792695
41,38,5106.648741
41,41,5099.514927
41,42,5085.009364
42,19,6706.343227
42,20,6535.696519
42,21,6394.443471
42,22,6126.630122
42,23,5836.752458
42,24,5795.340544
42,25,5582.748634
42,27,5426.927382
42,29,5357.992331
42,32,5308.782763
42,33,5235.821355
42,35,5126.912176
42,38,5099.607972
42,39,5057.371535
43,19,6706.343227
43,20,6535.696519
43,21,6394.443471
43,22,6126.630122
43,23,5836.752458
43,24,5795.340544
43,25,5582.748634
43,27,5426.927382
43,29,5357.992331
43,32,5308.782763
43,33,5235.821355
43,35,5126.912176
43,38,5099.607972
43,39,5057.371535
44,19,6706.343227
44,20,6179.799704
44,22,6126.630122
44,23,5836.752458
44,24,5779.790284
44,25,5573.293880
44,27,5420.316301
44,28,5337.536106
44,32,5308.782763
44,33,5225.181473
44,35,5122.082417
44,38,5099.607972
44,39,5057.371535
45,19,6655.803544
45,20,6095.478186
45,23,5836.752458
45,24,5779.790284
45,25,5573.293880
45,26,5572.883004
45,27,5420.316301
45,28,5337.536106
45,32,5308.782763
45,33,5225.181473
45,35,5122.082417
45,37,5103.952910
45,38,5065.894366
45,39,5057.371535
46,19,6538.507196
46,20,6095.478186
46,23,5836.752458
46,24,5779.790284
46,25,5573.293880
46,26,5572.883004
46,27,5420.316301
46,28,5329.979983
46,32,5308.782763
46,33,5222.166602
46,34,5095.354270
46,38,5065.894366
46,39,5057.371535
47,19,6538.507196
47,20,6071.146392
47,23,5836.752458
47,24,5759.782640
47,25,5573.293880
47,26,5572.883004
47,27,5344.306184
47,28,5329.979983
47,29,5274.997791
47,33,5222.166602
47,34,5095.354270
47,38,5065.894366
47,39,5057.371535
48,19,6513.091218
48,20,6071.146392
48,23,5792.758436
48,24,5631.457326
48,25,5573.293880
48,26,5428.024979
48,27,5291.787932
48,29,5262.098065
48,32,5220.069320
48,34,5095.354270
48,38,5033.425958
49,19,6493.325961
49,20,6071.146392
49,23,5792.758436
49,24,5631.457326
49,25,5573.293880
49,26,5428.024979
49,27,5291.787932
49,29,5262.098065
49,32,5220.069320
49,34,5095.354270
49,38,5033.425958
50,19,6493.325961
50,20,6071.146392
50,22,5813.269325
50,23,5683.142457
50,24,5631.457326
50,25,5545.780864
50,26,5414.895964
50,27,5291.787932
50,29,5262.098065
50,32,5220.069320
50,34,5092.543009
50,38,5021.809193
50,44,5017.758902
51,19,6493.325961
51,20,6071.146392
51,22,5813.269325
51,23,5634.853285
51,24,5631.457326
51,25,5545.780864
51,26,5414.895964
51,27,5291.787932
51,29,5262.098065
51,32,5220.069320
51,34,5092.543009
51,38,5021.809193
51,44,5017.758902
52,18,7085.005439
52,19,6259.050441
52,20,6071.146392
52,22,5813.269325
52,23,5634.853285
52,24,5617.401610
52,25,5545.780864
52,26,5390.147253
52,27,5268.881910
52,28,5257.881965
52,32,5212.791038
52,34,5092.356818
52,37,5019.743314
52,43,4993.727616
53,18,7085.005439
53,19,6259.050441
53,20,6071.146392
53,22,5813.269325
53,23,5634.853285
53,24,5617.401610
53,25,5545.780864
53,26,5390.147253
53,27,5268.881910
53,28,5257.881965
53,32,5212.791038
53,34,5092.356818
53,37,5019.743314
53,43,4993.727616
54,18,7085.005439
54,19,6197.266845
54,20,6071.146392
54,22,5780.390146
54,23,5634.853285
54,24,5608.340732
54,25,5545.780864
54,26,5218.114104
54,32,5212.791038
54,34,5071.989555
54,37,5019.743314
54,43,4993.727616
55,18,6389.087178
55,19,6197.266845
55,20,6071.146392
55,21,6026.671794
55,22,5780.390146
55,23,5634.853285
55,24,5608.340732
55,25,5545.780864
55,26,5218.114104
55,32,5212.791038
55,34,5071.989555
55,37,5019.743314
55,43,4993.727616
56,18,6389.087178
56,19,6193.406024
56,20,6071.146392
56,21,5710.609957
56,23,5634.853285
56,24,5574.456793
56,25,5518.036320
56,26,5189.162025
56,32,5188.327877
56,34,5071.989555
56,37,5013.854084
56,43,4979.488751
57,18,6389.087178
57,19,6193.406024
57,20,6071.146392
57,21,5710.609957
57,22,5705.453078
57,23,5545.117094
57,24,5477.639998
57,26,5189.162025
57,32,5188.327877
57,34,5071.989555
57,37,5013.854084
57,43,4979.488751
58,18,6389.087178
58,19,6193.406024
58,20,6071.146392
58,21,5707.916516
58,22,5705.453078
58,23,5521.740985
58,24,5477.639998
58,26,5189.162025
58,32,5165.026755
58,34,5071.989555
58,36,5046.680850
58,37,5013.854084
58,43,4950.959120
59,18,6389.087178
59,19,6193.406024
59,20,5466.676508
59,26,5189.162025
59,32,5165.026755
59,34,5071.989555
59,36,5046.680850
59,37,5013.854084
59,43,4950.959120
60,18,6389.087178
60,19,6182.264606
60,20,5466.676508
60,26,5189.162025
60,32,5163.016406
60,34,5071.989555
60,36,5046.680850
60,37,5013.854084
60,43,4948.974312
61,18,6334.359021
61,19,6182.264606
61,20,5397.849106
61,26,5189.162025
61,30,5186.795717
61,32,5163.016406
61,34,5071.989555
61,36,5046.680850
61,37,5013.854084
61,43,4948.974312
62,18,6179.930292
62,19,6150.920790
62,20,5355.312869
62,26,5189.162025
62,30,5115.151192
62,34,5069.897591
62,36,5014.695333
62,37,5009.507309
62,43,4935.010040
63,18,6179.930292
63,19,6150.920790
63,20,5355.312869
63,26,5189.162025
63,29,5166.980220
63,30,5115.151192
63,34,5069.897591
63,36,5014.695333
63,37,5009.507309
63,43,4935.010040
64,18,6179.930292
64,19,6066.808443
64,20,5355.312869
64,26,5180.085460
64,29,5163.153878
64,30,5115.151192
64,34,5069.897591
64,35,5004.008990
64,36,4998.218544
64,38,4997.413723
64,42,4927.346830
65,18,6179.930292
65,19,6066.808443
65,20,5303.966019
65,26,5180.085460
65,28,5151.595826
65,29,5127.383800
65,30,5115.151192
65,34,5069.897591
65,35,5004.008990
65,36,4998.218544
65,37,4975.940078
65,42,4927.346830
66,18,6179.930292
66,19,6066.808443
66,20,5303.966019
66,26,5180.085460
66,28,5129.044203
66,29,5125.430030
66,30,5087.356530
66,34,5058.546425
66,35,5004.008990
66,36,4998.218544
66,37,4957.933731
66,42,4925.681311
67,18,6179.930292
67,19,6066.808443
67,20,5303.966019
67,26,5180.085460
67,28,5129.044203
67,29,5125.430030
67,30,5087.356530
67,34,5058.546425
67,35,5004.008990
67,36,4998.218544
67,37,4957.933731
67,42,4925.681311
68,18,6179.930292
68,19,6066.808443
68,20,5303.966019
68,24,5249.957638
68,26,5180.085460
68,28,5094.592948
68,30,5087.356530
68,34,4994.311763
68,37,4957.933731
68,42,4923.800206
69,18,6179.930292
69,19,6041.848624
69,20,5303.966019
69,22,5277.093071
69,24,5249.957638
69,25,5204.683668
69,26,5180.085460
69,28,5094.592948
69,30,5087.356530
69,34,4994.311763
69,37,4957.933731
69,42,4923.800206
70,18,6179.930292
70,19,6041.848624
70,20,5303.966019
70,22,5277.093071
70,24,5249.957638
70,25,5204.683668
70,26,5127.615292
70,28,5086.279430
70,33,4979.102503
70,37,4957.933731
70,41,4954.140509
70,42,4923.800206
71,18,6179.930292
71,19,6009.975274
71,20,5285.561140
71,22,5277.093071
71,24,5249.957638
71,25,5204.683668
71,26,5127.615292
71,27,5075.527996
71,33,4979.102503
71,37,4957.933731
71,41,4954.140509
71,42,4923.800206
72,18,5941.687318
72,20,5263.393475
72,22,5242.761809
72,25,5180.771471
72,26,5111.370377
72,27,5075.527996
72,31,4962.280319
72,37,4957.933731
72,41,4921.274695
73,18,5941.687318
73,19,5407.646393
73,20,5263.393475
73,22,5242.761809
73,23,5227.246577
73,25,5180.771471
73,26,5111.370377
73,27,5075.527996
73,28,5061.190195
73,31,4962.280319
73,37,4957.933731
73,41,4921.274695
74,17,5938.795746
74,19,5407.646393
74,20,5263.393475
74,22,5241.578423
74,23,5214.132923
74,25,5180.771471
74,26,5111.370377
74,27,5075.527996
74,28,5060.617868
74,30,4957.233346
74,41,4919.836218
75,17,5938.795746
75,18,5640.916001
75,19,5407.646393
75,20,5263.393475
75,21,5240.649468
75,23,5214.132923
75,25,5180.771471
75,26,5111.370377
75,27,5075.527996
75,28,5060.617868
75,30,4957.233346
75,41,4919.836218
76,17,5938.795746
76,18,5640.916001
76,19,5407.646393
76,20,5263.393475
76,21,5230.455065
76,23,5214.132923
76,25,5096.152751
76,27,5067.121554
76,28,5029.383492
76,30,4957.233346
76,41,4919.682227
77,17,5938.795746
77,18,5640.916001
77,19,5407.646393
77,20,5263.393475
77,21,5196.323548
77,22,5172.777616
77,25,5096.152751
77,27,5067.121554
77,28,5029.383492
77,30,4957.233346
77,41,4919.682227
78,16,6474.473247
78,17,5938.795746
78,18,5538.995875
78,19,5407.646393
78,20,5263.393475
78,21,5196.323548
78,22,5163.940510
78,25,5096.152751
78,27,4998.707231
78,30,4956.930585
78,41,4919.682227
79,16,6474.473247
79,17,5938.795746
79,18,5538.995875
79,19,5407.646393
79,20,5263.393475
79,21,5176.842974
79,22,5135.605402
79,25,5096.152751
79,27,4998.707231
79,30,4956.930585
79,41,4919.682227
80,16,6474.473247
80,17,5938.795746
80,18,5514.963034
80,19,5341.392947
80,20,5263.393475
80,21,5154.218584
80,22,5080.569271
80,27,4998.707231
80,30,4954.857152
80,35,4950.092064
80,41,4919.682227
81,16,6474.473247
81,17,5938.795746
81,18,5514.963034
81,19,5341.392947
81,20,5263.393475
81,21,5154.218584
81,22,5080.569271
81,27,4998.707231
81,30,4954.857152
81,32,4948.333201
81,41,4919.682227
82,16,6474.473247
82,17,5938.795746
82,18,5514.963034
82,19,5329.635471
82,20,5263.393475
82,21,5154.218584
82,22,5080.569271
82,27,4998.646986
82,30,4954.857152
82,32,4943.021824
82,41,4919.682227
83,16,6327.748882
83,17,5618.917666
83,18,5514.963034
83,19,5329.635471
83,20,5263.393475
83,21,5154.218584
83,22,5080.569271
83,27,4998.646986
83,30,4954.857152
83,32,4943.021824
83,41,4919.682227
84,16,6327.748882
84,17,5618.917666
84,18,5514.963034
84,19,5329.635471
84,20,5263.393475
84,21,5154.218584
84,22,5025.517778
84,26,5019.492402
84,27,4998.646986
84,30,4954.857152
84,32,4943.021824
84,41,4919.682227
85,16,6327.748882
85,17,5618.917666
85,18,5514.963034
85,19,5329.635471
85,20,5263.393475
85,21,5154.218584
85,22,5025.517778
85,26,5019.492402
85,27,4998.646986
85,30,4954.857152
85,32,4943.021824
85,41,4919.682227
86,16,6327.748882
86,17,5618.917666
86,18,5514.963034
86,19,5329.635471
86,20,5263.393475
86,21,5150.991962
86,22,5025.517778
86,26,5019.492402
86,27,4998.646986
86,30,4954.857152
86,32,4943.021824
86,40,4895.853655
87,16,6327.748882
87,17,5544.138685
87,18,5514.963034
87,19,5329.635471
87,20,5263.393475
87,21,5150.991962
87,22,5025.517778
87,26,5019.492402
87,27,4998.646986
87,30,4954.857152
87,31,4923.699795
87,40,4895.853655
88,16,6195.545144
88,17,5544.138685
88,18,5509.126570
88,19,5325.115099
88,20,5263.393475
88,21,5145.878328
88,22,5025.517778
88,26,5019.492402
88,27,4998.646986
88,30,4954.857152
88,31,4923.699795
88,40,4895.853655
89,16,6195.545144
89,17,5544.138685
89,18,5509.126570
89,19,5325.115099
89,20,5258.114495
89,21,5145.878328
89,22,5025.517778
89,26,5019.492402
89,27,4998.646986
89,29,4975.802232
89,30,4954.857152
89,31,4923.699795
89,40,4895.853655
90,16,6195.545144
90,17,5544.138685
90,18,5502.934373
90,19,5324.535630
90,20,5258.114495
90,21,5145.878328
90,22,5025.517778
90,26,4973.974852
90,30,4910.780072
90,40,4895.853655
91,15,5905.154247
91,17,5544.138685
91,18,5407.769090
91,19,5324.535630
91,20,5258.114495
91,21,5145.878328
91,22,5025.517778
91,26,4973.974852
91,30,4910.780072
91,40,4895.853655
92,15,5905.154247
92,16,5708.287038
92,17,5544.138685
92,18,5355.328460
92,19,5318.343433
92,20,5258.114495
92,21,5145.878328
92,22,5025.517778
92,26,4973.974852
92,30,4900.657325
92,40,4895.853655
93,15,5905.154247
93,16,5708.287038
93,17,5543.309405
93,18,5355.328460
93,19,5318.343433
93,20,5258.114495
93,21,5145.878328
93,22,5025.517778
93,26,4973.974852
93,30,4900.657325
93,40,4895.853655
94,15,5905.154247
94,16,5535.349677
94,18,5353.031502
94,19,5318.343433
94,20,5258.114495
94,21,5145.878328
94,22,5025.517778
94,26,4973.974852
94,30,4899.714750
94,40,4895.853655
95,15,5905.154247
95,16,5535.349677
95,17,5532.541321
95,18,5353.031502
95,19,5318.343433
95,20,5258.114495
95,21,5111.823659
95,22,5025.517778
95,26,4973.974852
95,30,4899.714750
95,40,4895.853655
96,15,5905.154247
96,16,5535.349677
96,17,5532.541321
96,18,5340.127173
96,19,5313.979215
96,20,5258.114495
96,21,5105.136578
96,22,5025.517778
96,26,4973.974852
96,27,4968.820797
96,30,4899.714750
96,40,4878.655881
97,15,5905.154247
97,16,5535.349677
97,17,5532.541321
97,18,5340.127173
97,19,5313.979215
97,20,5258.114495
97,21,5105.136578
97,22,5025.517778
97,26,4973.974852
97,27,4968.820797
97,29,4915.104898
97,30,4899.714750
97,40,4878.655881
98,15,5905.154247
98,16,5535.349677
98,17,5532.541321
98,18,5340.127173
98,19,5307.292134
98,20,5258.114495
98,21,5105.136578
98,22,5025.517778
98,26,4961.126777
98,29,4915.104898
98,30,4899.714750
98,33,4894.555680
98,40,4878.655881
99,15,5905.154247
99,16,5535.349677
99,17,5485.009951
99,18,5340.127173
99,19,5307.292134
99,20,5258.114495
99,21,5105.136578
99,22,5025.517778
99,25,4987.697323
99,26,4961.126777
99,29,4915.104898
99,30,4899.714750
99,32,4885.759657
99,40,4878.655881
100,15,5905.154247
100,16,5535.349677
100,17,5485.009951
100,18,5340.127173
100,19,5294.323090
100,20,5136.093823
100,21,5086.411654
100,22,5025.517778
100,25,4955.966082
100,29,4898.302649
100,32,4873.640327
101,15,5905.154247
101,16,5535.349677
101,17,5485.009951
101,18,5340.127173
101,19,5294.323090
101,20,5136.093823
101,21,5086.411654
101,22,5025.517778
101,25,4955.966082
101,29,4898.302649
101,32,4873.640327
102,15,5905.154247
102,16,5535.349677
102,17,5474.198936
102,18,5338.152532
102,19,5212.319182
102,20,5136.093823
102,21,5086.411654
102,22,5025.517778
102,25,4955.966082
102,29,4898.302649
102,32,4872.896655
103,15,5905.154247
103,16,5535.349677
103,17,5474.198936
103,18,5338.152532
103,19,5212.319182
103,20,5136.093823
103,21,5086.411654
103,22,5025.517778
103,24,4983.158371
103,25,4955.966082
103,29,4898.302649
103,32,4872.896655
104,15,5905.154247
104,16,5535.349677
104,17,5468.686536
104,18,5335.854465
104,19,5172.787244
104,20,5132.197815
104,21,5086.411654
104,22,5025.098245
104,24,4983.158371
104,25,4955.966082
104,29,4896.712627
104,31,4860.419232
105,15,5905.154247
105,16,5535.349677
105,17,5433.151784
105,18,5335.854465
105,19,5172.787244
105,20,5132.197815
105,21,5086.411654
105,22,5025.098245
105,23,4997.229752
105,24,4961.156395
105,25,4955.966082
105,29,4896.712627
105,31,4860.419232
106,15,5905.154247
106,16,5535.349677
106,17,5433.151784
106,18,5335.854465
106,19,5172.787244
106,20,5132.197815
106,21,5052.859948
106,22,5019.039878
106,23,4997.229752
106,24,4948.281847
106,27,4940.201281
106,29,4894.832388
106,31,4860.419232
106,33,4859.191020
107,15,5905.154247
107,16,5513.390854
107,17,5433.151784
107,18,5335.854465
107,19,5172.787244
107,20,5132.197815
107,21,5052.859948
107,22,5019.039878
107,23,4997.229752
107,24,4948.281847
107,25,4920.311428
107,29,4894.832388
107,31,4860.419232
107,33,4859.191020
108,15,5905.154247
108,16,5513.390854
108,17,5433.151784
108,18,5335.854465
108,19,5172.787244
108,20,5132.197815
108,21,5052.859948
108,22,5019.039878
108,23,4997.229752
108,24,4948.281847
108,25,4920.311428
108,29,4882.713058
108,31,4860.419232
108,33,4859.156715
109,15,5905.154247
109,16,5513.390854
109,17,5433.151784
109,18,5335.854465
109,19,5172.787244
109,20,5132.197815
109,21,5052.859948
109,22,5019.039878
109,23,4997.229752
109,24,4948.281847
109,25,4920.311428
109,29,4882.713058
109,31,4860.419232
109,33,4859.156715
110,15,5905.154247
110,16,5513.390854
110,17,5433.151784
110,18,5335.854465
110,19,5172.787244
110,20,5114.759485
110,21,5052.859948
110,22,5019.039878
110,23,4997.229752
110,24,4947.646693
110,25,4920.311428
110,29,4882.713058
110,31,4860.419232
110,33,4858.167239
111,15,5905.154247
111,16,5506.757640
111,17,5433.151784
111,18,5335.854465
111,19,5172.787244
111,20,5113.389077
111,21,5052.859948
111,22,5019.039878
111,23,4997.229752
111,24,4947.646693
111,25,4920.311428
111,29,4882.713058
111,31,4860.419232
111,33,4845.581026
112,15,5905.154247
112,16,5506.757640
112,17,5433.151784
112,18,5322.739068
112,19,5171.612485
112,20,5113.389077
112,21,5027.601207
112,22,5006.655657
112,23,4990.598208
112,24,4947.646693
112,25,4920.311428
112,29,4882.713058
112,31,4860.419232
112,33,4845.581026
113,15,5905.154247
113,16,5506.757640
113,17,5424.502045
113,18,5314.580300
113,19,5171.612485
113,20,5081.760294
113,21,5025.446982
113,22,5006.655657
113,23,4990.598208
113,24,4945.353851
113,25,4920.311428
113,29,4882.713058
113,31,4860.419232
113,33,4845.581026
114,15,5864.872680
114,16,5506.757640
114,17,5424.502045
114,18,5314.580300
114,19,5171.612485
114,20,5076.800868
114,21,5014.635967
114,22,4984.612005
114,24,4945.353851
114,25,4902.871126
114,29,4882.713058
114,30,4877.444898
114,31,4860.419232
114,33,4845.581026
115,15,5864.872680
115,16,5506.757640
115,17,5424.502045
115,18,5314.580300
115,19,5171.612485
115,20,5076.800868
115,21,5011.146837
115,22,4984.612005
115,23,4909.459670
115,25,4902.871126
115,29,4882.713058
115,30,4877.444898
115,31,4860.419232
115,33,4845.581026
116,15,5864.872680
116,16,5455.781845
116,17,5424.502045
116,18,5281.064415
116,19,5171.612485
116,20,5064.041504
116,21,4986.045944
116,22,4984.612005
116,23,4909.459670
116,25,4887.674593
116,27,4868.279882
116,31,4853.472445
116,33,4845.581026
117,15,5864.872680
117,16,5455.781845
117,17,5424.502045
117,18,5281.064415
117,19,5171.612485
117,20,5064.041504
117,21,4986.045944
117,22,4984.612005
117,23,4909.459670
117,25,4887.674593
117,27,4868.279882
117,29,4845.453933
118,15,5864.872680
118,16,5455.781845
118,17,5309.368133
118,18,5281.064415
118,19,5171.587852
118,20,5064.041504
118,21,4986.045944
118,22,4984.612005
118,23,4909.459670
118,25,4887.674593
118,27,4868.279882
118,29,4845.453933
118,32,4831.796842
119,15,5864.872680
119,16,5455.781845
119,17,5309.368133
119,18,5281.064415
119,19,5171.587852
119,20,5045.447216
119,21,4986.045944
119,22,4984.612005
119,23,4909.459670
119,25,4887.674593
119,27,4868.279882
119,29,4845.453933
119,32,4831.796842
120,15,5864.872680
120,16,5455.781845
120,17,5309.368133
120,18,5281.022848
120,19,5171.587852
120,20,5045.447216
120,21,4967.300627
120,23,4909.459670
120,25,4882.242523
120,27,4868.279882
120,29,4845.453933
120,32,4827.082608
121,15,5864.872680
121,16,5455.781845
121,17,5309.368133
121,18,5245.862890
121,19,5171.587852
121,20,5045.447216
121,21,4967.300627
121,23,4909.459670
121,25,4882.242523
121,27,4820.785786
122,15,5864.872680
122,16,5455.272614
122,17,5309.368133
122,18,5245.862890
122,19,5158.922167
122,20,5045.447216
122,21,4967.300627
122,23,4909.459670
122,25,4882.242523
122,27,4820.785786
122,29,4797.959838
123,15,5864.872680
123,16,5411.496654
123,17,5309.368133
123,18,5245.862890
123,19,5158.922167
123,20,5045.447216
123,21,4967.300627
123,23,4909.459670
123,25,4882.242523
123,26,4839.804584
123,27,4820.785786
123,29,4797.959838
124,15,5466.828647
124,16,5411.496654
124,17,5309.368133
124,18,5245.862890
124,19,5158.922167
124,20,5040.379677
124,21,4967.300627
124,23,4909.459670
124,25,4882.242523
124,26,4839.804584
124,27,4820.785786
124,29,4787.689539
125,15,5466.828647
125,16,5376.966753
125,17,5309.368133
125,18,5245.862890
125,19,5158.779862
125,20,5040.379677
125,21,4967.300627
125,22,4961.765770
125,23,4909.459670
125,25,4882.242523
125,26,4839.804584
125,27,4811.060309
125,29,4787.689539
126,15,5466.828647
126,16,5376.966753
126,17,5309.368133
126,18,5179.106800
126,19,5158.779862
126,20,5040.379677
126,21,4967.300627
126,22,4956.357900
126,23,4909.459670
126,25,4882.242523
126,26,4834.382913
126,27,4811.060309
126,29,4787.689539
127,15,5466.828647
127,16,5376.966753
127,17,5309.368133
127,18,5179.106800
127,19,5158.779862
127,20,5040.379677
127,21,4967.300627
127,22,4956.357900
127,23,4909.459670
127,25,4882.242523
127,26,4834.382913
127,27,4811.060309
127,29,4787.689539
128,15,5466.828647
128,16,5376.966753
128,17,5309.368133
128,18,5161.531289
128,19,5158.779862
128,20,5040.379677
128,21,4964.909191
128,22,4956.357900
128,23,4909.459670
128,25,4878.043803
128,26,4834.382913
128,27,4811.060309
128,29,4775.095055
129,14,5993.904810
129,15,5466.828647
129,16,5376.966753
129,17,5309.368133
129,18,5161.531289
129,19,5158.779862
129,20,5040.379677
129,21,4946.748809
129,23,4909.459670
129,25,4878.043803
129,26,4834.382913
129,27,4811.060309
129,29,4775.095055
130,14,5993.904810
130,15,5466.828647
130,16,5376.966753
130,17,5309.368133
130,18,5161.531289
130,19,5158.779862
130,20,5040.379677
130,21,4946.748809
130,23,4909.459670
130,25,4856.320240
130,26,4828.834950
130,27,4811.060309
130,29,4775.095055
131,14,5993.904810
131,15,5466.828647
131,16,5332.711639
131,17,5309.368133
131,18,5161.531289
131,19,5158.779862
131,20,5033.713918
131,21,4946.748809
131,23,4909.459670
131,25,4856.320240
131,26,4828.834950
131,27,4811.060309
131,29,4775.095055
132,14,5993.904810
132,15,5466.828647
132,16,5316.052429
132,17,5309.368133
132,18,5161.531289
132,19,5158.779862
132,20,5033.713918
132,21,4946.748809
132,23,4904.228267
132,24,4853.551137
132,26,4821.428599
132,27,4811.060309
132,29,4775.095055
133,14,5993.904810
133,15,5453.337921
133,16,5316.052429
133,17,5309.368133
133,18,5161.531289
133,19,5158.779862
133,20,5033.713918
133,21,4946.748809
133,23,4904.228267
133,24,4853.551137
133,26,4821.428599
133,27,4811.060309
133,29,4775.095055
134,14,5993.904810
134,15,5453.337921
134,16,5316.052429
134,17,5309.368133
134,18,5161.531289
134,19,5153.952928
134,20,5033.713918
134,21,4946.748809
134,23,4904.228267
134,24,4853.551137
134,25,4846.588190
134,26,4821.428599
134,27,4811.060309
134,29,4775.095055
135,14,5993.904810
135,15,5453.337921
135,16,5316.052429
135,17,5268.736441
135,18,5161.531289
135,19,5153.952928
135,20,5033.713918
135,21,4946.748809
135,23,4904.228267
135,24,4853.551137
135,25,4846.588190
135,26,4817.735002
135,27,4811.060309
135,29,4775.095055
136,14,5993.904810
136,15,5453.337921
136,16,5316.052429
136,17,5268.736441
136,18,5160.044873
136,19,5132.234475
136,20,5021.204843
136,21,4946.748809
136,23,4904.228267
136,24,4853.551137
136,25,4846.588190
136,26,4817.735002
136,27,4811.060309
136,29,4775.095055
137,14,5700.748692
137,15,5453.337921
137,16,5316.052429
137,17,5268.736441
137,18,5160.044873
137,19,5132.234475
137,20,5021.204843
137,21,4946.748809
137,23,4904.228267
137,24,4853.551137
137,25,4846.588190
137,26,4817.735002
137,27,4811.060309
137,29,4775.095055
138,14,5700.748692
138,15,5453.337921
138,16,5285.068454
138,17,5268.736441
138,18,5157.999355
138,19,5132.234475
138,20,5021.204843
138,21,4927.404259
138,23,4904.228267
138,24,4853.551137
138,25,4846.588190
138,26,4817.735002
138,27,4811.060309
138,28,4768.832834
139,14,5687.269124
139,15,5453.337921
139,16,5285.068454
139,17,5268.736441
139,18,5157.999355
139,19,5132.234475
139,20,5021.204843
139,21,4927.404259
139,23,4891.041301
139,24,4853.551137
139,25,4807.083247
139,28,4768.832834
140,14,5687.269124
140,15,5414.374229
140,16,5244.676696
140,18,5128.228240
140,20,4994.412594
140,21,4927.404259
140,23,4890.371937
140,24,4853.551137
140,25,4807.083247
140,28,4768.832834
141,14,5687.269124
141,15,5389.424039
141,16,5244.676696
141,18,5128.228240
141,19,5096.032473
141,20,4994.412594
141,21,4927.404259
141,23,4890.371937
141,24,4848.840046
141,25,4807.083247
141,28,4768.832834
142,14,5668.564428
142,15,5378.941296
142,16,5244.676696
142,18,5128.228240
142,19,5096.032473
142,20,4994.412594
142,21,4907.990425
142,23,4890.371937
142,24,4848.840046
142,25,4807.083247
142,28,4768.184707
143,14,5668.564428
143,15,5378.941296
143,16,5244.676696
143,18,5128.228240
143,19,5096.032473
143,20,4994.412594
143,21,4907.990425
143,23,4890.371937
143,24,4848.840046
143,25,4807.083247
143,28,4768.184707
144,14,5668.564428
144,15,5378.941296
144,16,5244.676696
144,18,5128.228240
144,19,5090.875100
144,20,4987.170888
144,21,4907.990425
144,23,4890.371937
144,24,4848.840046
144,25,4807.083247
144,28,4768.184707
145,14,5668.564428
145,15,5378.941296
145,16,5244.676696
145,18,5128.228240
145,19,5090.875100
145,20,4987.170888
145,21,4907.990425
145,23,4890.371937
145,24,4848.840046
145,25,4807.083247
145,28,4768.184707
146,14,5625.810148
146,15,5378.941296
146,16,5234.068622
146,18,5128.228240
146,19,5090.875100
146,20,4987.170888
146,21,4907.990425
146,23,4890.371937
146,24,4848.840046
146,25,4807.083247
146,28,4768.184707
147,14,5625.810148
147,15,5378.941296
147,16,5234.068622
147,18,5128.228240
147,19,5090.875100
147,20,4987.170888
147,21,4907.990425
147,23,4890.371937
147,24,4848.840046
147,25,4807.083247
147,28,4768.184707
148,14,5625.810148
148,15,5378.941296
148,16,5234.068622
148,18,5125.550790
148,19,5090.291165
148,20,4987.170888
148,21,4907.990425
148,23,4890.371937
148,24,4848.840046
148,25,4807.083247
148,28,4756.423729
148,30,4751.016209
149,14,5625.810148
149,15,5339.914181
149,16,5234.068622
149,17,5209.769745
149,18,5125.550790
149,19,5090.291165
149,20,4987.170888
149,21,4907.990425
149,23,4890.371937
149,24,4848.840046
149,25,4807.083247
149,28,4756.423729
149,30,4751.016209
150,14,5625.810148
150,15,5339.914181
150,16,5234.068622
150,17,5209.769745
150,18,5108.175950
150,19,5090.291165
150,20,4987.170888
150,21,4905.962242
150,22,4887.976962
150,24,4848.840046
150,25,4807.083247
150,28,4756.423729
150,30,4751.016209
151,14,5625.810148
151,15,5339.914181
151,16,5219.863017
151,17,5209.769745
151,18,5108.175950
151,19,5090.291165
151,20,4987.170888
151,21,4905.962242
151,22,4875.227012
151,24,4848.840046
151,25,4807.083247
151,28,4756.423729
151,30,4751.016209
152,14,5625.810148
152,15,5339.914181
152,16,5219.863017
152,17,5209.769745
152,18,5108.175950
152,19,5052.490195
152,20,4987.170888
152,21,4894.407538
152,22,4874.719984
152,24,4848.840046
152,25,4807.083247
152,27,4797.971217
152,28,4756.423729
152,30,4751.016209
153,14,5625.810148
153,15,5308.785813
153,16,5219.863017
153,17,5209.769745
153,18,5108.175950
153,19,5052.490195
153,20,4987.170888
153,21,4894.407538
153,22,4874.719984
153,24,4848.840046
153,25,4807.083247
153,27,4797.971217
153,28,4756.423729
153,30,4751.016209
154,14,5625.810148
154,15,5308.785813
154,16,5219.863017
154,17,5196.451970
154,18,5108.175950
154,19,5052.490195
154,20,4987.170888
154,21,4886.304899
154,22,4874.719984
154,24,4844.450286
154,25,4807.083247
154,27,4797.971217
154,28,4756.423729
154,30,4751.016209
155,14,5625.810148
155,15,5240.374440
155,16,5181.402768
155,18,5108.175950
155,19,5052.490195
155,20,4987.170888
155,21,4886.304899
155,22,4874.719984
155,24,4842.874029
155,25,4807.083247
155,27,4797.971217
155,28,4756.423729
155,30,4751.016209
156,14,5625.810148
156,15,5240.374440
156,16,5181.402768
156,18,5108.175950
156,19,5048.966502
156,20,4987.170888
156,21,4886.304899
156,22,4874.719984
156,24,4842.874029
156,25,4807.083247
156,27,4797.971217
156,28,4756.423729
156,30,4751.016209
157,14,5625.810148
157,15,5239.756928
157,16,5181.402768
157,18,5108.175950
157,19,5048.966502
157,20,4987.170888
157,21,4853.283890
157,24,4842.874029
157,25,4807.083247
157,27,4797.971217
157,28,4756.423729
157,30,4751.016209
158,14,5625.810148
158,15,5239.756928
158,16,5181.402768
158,17,5095.054550
158,19,5048.966502
158,20,4959.992646
158,21,4853.283890
158,24,4842.874029
158,25,4806.413883
158,27,4797.971217
158,28,4756.423729
158,30,4751.016209
159,14,5625.810148
159,15,5239.756928
159,16,5181.402768
159,17,5095.054550
159,19,5048.966502
159,20,4959.992646
159,21,4853.283890
159,24,4842.874029
159,25,4806.413883
159,27,4797.971217
159,28,4753.012528
159,30,4751.016209
160,14,5625.810148
160,15,5174.247251
160,17,5083.385246
160,19,5048.966502
160,20,4959.992646
160,21,4853.283890
160,24,4842.874029
160,25,4806.413883
160,27,4797.971217
160,28,4753.012528
160,30,4751.016209
161,14,5625.810148
161,15,5174.247251
161,17,5083.385246
161,19,5048.966502
161,20,4938.995330
161,21,4853.283890
161,23,4838.614571
161,25,4806.413883
161,27,4797.971217
161,28,4753.012528
161,30,4751.016209
162,14,5625.810148
162,15,5128.508463
162,17,5081.931943
162,19,5048.607832
162,20,4938.995330
162,21,4853.283890
162,23,4838.200331
162,25,4806.413883
162,27,4793.119362
162,28,4748.431993
163,14,5625.810148
163,15,5060.373410
163,19,5047.813626
163,20,4938.995330
163,21,4853.283890
163,23,4838.200331
163,24,4819.469464
163,25,4806.413883
163,27,4793.119362
163,28,4748.431993
164,14,5573.756352
164,15,5060.373410
164,19,5047.813626
164,20,4935.513856
164,21,4853.283890
164,23,4838.200331
164,24,4819.469464
164,25,4806.413883
164,26,4801.664030
164,27,4793.119362
164,28,4748.431993
165,14,5573.756352
165,15,5060.373410
165,19,5047.813626
165,20,4895.960379
165,21,4853.283890
165,23,4838.200331
165,24,4819.469464
165,25,4806.413883
165,26,4801.664030
165,27,4793.119362
165,28,4748.431993
166,14,5573.756352
166,15,5060.373410
166,19,5033.774534
166,20,4895.960379
166,21,4853.283890
166,22,4829.742083
166,24,4819.469464
166,25,4806.413883
166,26,4795.881057
166,27,4782.884381
166,28,4748.431993
167,14,5573.756352
167,15,5060.373410
167,19,5033.774534
167,20,4895.960379
167,21,4853.283890
167,22,4829.742083
167,24,4819.469464
167,25,4806.413883
167,26,4795.881057
167,27,4782.884381
167,28,4748.431993
168,14,5573.756352
168,15,5060.373410
168,19,5032.867659
168,20,4895.960379
168,21,4853.283890
168,22,4829.742083
168,24,4819.469464
168,25,4806.350453
168,26,4795.881057
168,27,4767.493463
168,28,4748.247702
169,14,5573.756352
169,15,5060.373410
169,19,4894.242182
169,21,4853.283890
169,22,4829.742083
169,24,4819.469464
169,25,4806.350453
169,26,4795.881057
169,27,4767.493463
169,28,4748.247702
170,14,5573.756352
170,15,5060.373410
170,19,4894.242182
170,21,4853.283890
170,22,4829.742083
170,24,4819.469464
170,25,4806.350453
170,26,4786.677675
170,27,4767.493463
170,28,4748.247702
171,14,5573.756352
171,15,5060.373410
171,19,4894.242182
171,20,4894.048696
171,21,4853.283890
171,22,4829.742083
171,24,4819.469464
171,25,4806.350453
171,26,4786.677675
171,27,4767.493463
171,28,4748.247702
172,14,5573.756352
172,15,5060.373410
172,19,4894.242182
172,20,4890.694173
172,21,4853.283890
172,22,4827.098245
172,24,4819.469464
172,25,4806.350453
172,26,4786.677675
172,27,4767.493463
172,28,4748.247702
173,14,5573.756352
173,15,5052.434099
173,19,4894.242182
173,20,4890.694173
173,21,4850.943380
173,22,4803.997083
173,26,4786.677675
173,27,4767.493463
173,28,4748.247702
174,14,5573.756352
174,15,5052.434099
174,19,4894.242182
174,20,4890.694173
174,21,4849.521101
174,22,4803.997083
174,26,4786.677675
174,27,4767.493463
174,28,4748.247702
175,14,5559.156906
175,15,5052.434099
175,19,4854.451023
175,21,4849.521101
175,22,4803.997083
175,26,4786.677675
175,27,4767.493463
175,28,4748.247702
176,13,5996.623223
176,14,5559.156906
176,15,5041.574837
176,19,4854.451023
176,21,4849.521101
176,22,4803.997083
176,26,4786.677675
176,27,4767.493463
176,28,4748.247702
176,29,4741.537785
177,13,5996.623223
177,14,5559.156906
177,15,5041.574837
177,17,4998.929960
177,19,4854.451023
177,21,4849.521101
177,22,4803.997083
177,26,4786.677675
177,27,4767.493463
177,28,4748.247702
177,29,4741.537785
178,13,5843.712706
178,14,5559.156906
178,15,5038.691278
178,17,4998.929960
178,19,4854.451023
178,21,4849.521101
178,22,4803.997083
178,26,4786.677675
178,27,4767.493463
178,28,4748.247702
178,29,4741.537785
179,13,5843.712706
179,14,5559.156906
179,15,5038.691278
179,17,4998.929960
179,19,4854.451023
179,21,4849.521101
179,22,4803.997083
179,26,4786.677675
179,27,4767.493463
179,28,4748.247702
179,29,4741.537785
180,13,5843.712706
180,14,5559.156906
180,15,5038.691278
180,17,4998.929960
180,19,4854.451023
180,20,4820.037522
180,22,4803.997083
180,26,4786.677675
180,27,4764.563047
180,28,4748.247702
180,29,4741.537785
181,13,5843.712706
181,14,5559.156906
181,15,5038.691278
181,17,4998.929960
181,19,4854.451023
181,20,4820.037522
181,22,4803.997083
181,26,4786.677675
181,27,4764.563047
181,28,4748.247702
181,29,4741.537785
181,30,4736.351923
182,13,5843.712706
182,14,5559.156906
182,15,5038.691278
182,17,4994.850399
182,18,4979.601565
182,19,4854.451023
182,20,4820.037522
182,21,4811.867252
182,22,4803.997083
182,26,4786.677675
182,27,4764.563047
182,28,4748.247702
182,29,4728.202484
183,13,5826.895306
183,14,5559.156906
183,15,5038.691278
183,17,4994.850399
183,18,4979.601565
183,19,4854.451023
183,20,4820.037522
183,21,4811.867252
183,22,4783.581227
183,27,4764.563047
183,28,4748.247702
183,29,4728.202484
184,13,5798.994326
184,14,5559.156906
184,15,5038.691278
184,17,4994.850399
184,18,4979.601565
184,19,4819.683016
184,21,4811.867252
184,22,4783.581227
184,27,4759.444951
184,28,4747.590922
184,29,4728.202484
185,13,5798.994326
185,14,5559.156906
185,15,5038.691278
185,17,4994.850399
185,18,4968.455140
185,19,4819.683016
185,21,4811.867252
185,22,4783.581227
185,27,4744.941869
185,29,4728.202484
186,13,5798.994326
186,14,5559.156906
186,15,5038.691278
186,17,4994.850399
186,18,4968.455140
186,19,4817.446649
186,21,4811.867252
186,22,4783.581227
186,27,4741.874798
186,29,4728.202484
187,13,5798.994326
187,14,5559.156906
187,15,5038.691278
187,16,5037.173249
187,17,4994.850399
187,18,4968.455140
187,19,4817.446649
187,21,4811.867252
187,22,4783.581227
187,24,4734.363446
187,29,4728.202484
188,13,5798.994326
188,14,5559.156906
188,15,5038.691278
188,16,5031.106202
188,17,4994.850399
188,18,4920.858934
188,19,4817.446649
188,21,4811.867252
188,22,4783.581227
188,24,4734.363446
188,29,4724.733777
189,13,5798.994326
189,14,5559.156906
189,15,5038.691278
189,16,5031.106202
189,17,4994.850399
189,18,4915.667426
189,19,4817.446649
189,21,4811.867252
189,22,4783.581227
189,24,4734.363446
189,29,4724.733777
190,13,5798.994326
190,14,5559.156906
190,15,5038.691278
190,16,4977.994709
190,18,4915.667426
190,19,4817.446649
190,21,4806.421065
190,22,4781.663763
190,24,4734.363446
190,29,4722.760148
191,13,5798.994326
191,14,5559.156906
191,15,5038.691278
191,16,4977.994709
191,18,4915.667426
191,19,4817.446649
191,21,4806.421065
191,22,4781.663763
191,24,4734.363446
191,29,4722.760148
192,13,5798.994326
192,14,5559.156906
192,15,5038.691278
192,16,4977.994709
192,18,4915.667426
192,19,4817.446649
192,21,4806.421065
192,22,4781.663763
192,24,4734.363446
192,29,4722.760148
193,13,5798.994326
193,14,5559.156906
193,15,5038.691278
193,16,4977.994709
193,18,4915.667426
193,19,4817.446649
193,21,4806.421065
193,22,4781.663763
193,24,4734.363446
193,29,4722.609176
194,13,5798.994326
194,14,5559.156906
194,15,5038.691278
194,16,4977.994709
194,18,4912.916114
194,19,4817.163025
194,20,4804.571479
194,22,4781.663763
194,24,4734.363446
194,29,4713.691651
195,13,5798.994326
195,14,5559.156906
195,15,5038.691278
195,16,4977.994709
195,17,4940.242733
195,18,4912.916114
195,19,4817.163025
195,20,4804.571479
195,22,4781.663763
195,24,4734.363446
195,29,4713.691651
196,13,5798.994326
196,14,5559.156906
196,15,5038.691278
196,16,4977.994709
196,17,4940.242733
196,18,4912.916114
196,19,4817.163025
196,20,4804.571479
196,22,4781.663763
196,24,4734.363446
196,28,4708.683167
197,13,5798.994326
197,14,5559.156906
197,15,5038.691278
197,16,4977.994709
197,17,4940.242733
197,18,4912.916114
197,19,4817.163025
197,20,4804.571479
197,22,4781.663763
197,24,4734.363446
197,28,4708.683167
198,13,5798.994326
198,14,5559.156906
198,15,5017.964003
198,16,4977.994709
198,17,4940.242733
198,18,4912.916114
198,19,4811.244938
198,20,4804.571479
198,21,4799.549465
198,22,4781.663763
198,24,4726.068091
198,28,4708.683167
199,12,6891.543361
199,13,5798.994326
199,14,5559.156906
199,15,5017.964003
199,16,4977.994709
199,17,4940.242733
199,18,4912.916114
199,19,4811.244938
199,20,4804.571479
199,21,4799.549465
199,22,4781.663763
199,24,4726.068091
199,28,4708.683167
200,12,6891.543361
200,13,5798.994326
200,14,5559.156906
200,15,5017.964003
200,16,4977.994709
200,17,4940.242733
200,18,4912.916114
200,19,4811.244938
200,20,4802.040278
200,21,4799.549465
200,22,4781.663763
200,23,4779.990662
200,24,4726.068091
200,28,4708.683167
201,12,6891.543361
201,13,5798.994326
201,14,5559.156906
201,15,5017.964003
201,16,4977.994709
201,17,4940.242733
201,18,4912.916114
201,19,4811.244938
201,20,4802.040278
201,21,4799.549465
201,22,4781.663763
201,23,4779.990662
201,24,4720.500102
201,28,4708.683167
202,12,6891.543361
202,13,5798.994326
202,14,5559.156906
202,15,5017.964003
202,16,4977.994709
202,17,4940.242733
202,18,4912.916114
202,19,4811.244938
202,20,4802.040278
202,21,4799.549465
202,22,4781.663763
202,23,4779.990662
202,24,4720.500102
202,28,4708.683167
203,12,6891.543361
203,13,5798.994326
203,14,5559.156906
203,15,5017.964003
203,16,4977.994709
203,17,4940.242733
203,18,4912.916114
203,19,4811.244938
203,20,4802.040278
203,21,4799.549465
203,22,4781.663763
203,23,4752.854971
203,24,4720.500102
203,28,4708.683167
204,12,6891.543361
204,13,5798.994326
204,14,5559.156906
204,15,5017.964003
204,16,4977.994709
204,17,4930.120915
204,18,4912.916114
204,19,4811.244938
204,20,4801.390191
204,21,4799.549465
204,22,4781.663763
204,23,4752.854971
204,24,4720.500102
204,28,4708.683167
205,12,6891.543361
205,13,5798.994326
205,14,5559.156906
205,15,5017.964003
205,16,4977.994709
205,17,4930.120915
205,18,4912.916114
205,19,4811.244938
205,20,4801.390191
205,21,4799.549465
205,22,4781.663763
205,23,4752.854971
205,24,4720.500102
205,28,4708.683167
206,12,6891.543361
206,13,5798.994326
206,14,5559.156906
206,15,5017.964003
206,16,4977.994709
206,17,4930.120915
206,18,4912.916114
206,19,4811.244938
206,20,4801.390191
206,21,4781.012710
206,23,4752.854971
206,24,4720.500102
206,28,4708.683167
207,12,6891.543361
207,13,5798.994326
207,14,5559.156906
207,15,5014.696776
207,16,4977.994709
207,17,4930.120915
207,18,4912.916114
207,19,4811.244938
207,20,4801.390191
207,21,4781.012710
207,22,4773.688614
207,23,4752.854971
207,24,4720.500102
207,28,4708.683167
208,12,6891.543361
208,13,5798.994326
208,14,5559.156906
208,15,5014.696776
208,16,4977.994709
208,17,4930.120915
208,18,4897.532397
208,19,4811.244938
208,20,4801.390191
208,21,4781.012710
208,22,4771.134509
208,23,4750.949711
208,24,4720.500102
208,28,4708.683167
209,12,6891.543361
209,13,5798.994326
209,14,5559.156906
209,15,5014.696776
209,16,4977.994709
209,17,4930.120915
209,18,4897.532397
209,19,4811.244938
209,20,4801.390191
209,21,4781.012710
209,22,4771.134509
209,23,4750.949711
209,24,4720.500102
209,27,4708.454710
210,12,6891.543361
210,13,5775.244123
210,14,5535.406703
210,15,5014.696776
210,16,4977.994709
210,17,4930.120915
210,18,4897.532397
210,19,4811.244938
210,20,4801.390191
210,21,4781.012710
210,22,4771.134509
210,23,4750.949711
210,24,4720.500102
210,26,4697.702499
211,12,6891.543361
211,13,5775.244123
211,14,5535.406703
211,15,5014.696776
211,16,4977.994709
211,17,4930.120915
211,18,4897.532397
211,19,4811.244938
211,20,4801.390191
211,21,4781.012710
211,22,4771.134509
211,23,4750.949711
211,24,4720.500102
211,26,4697.702499
212,12,6891.543361
212,13,5775.244123
212,14,5535.406703
212,15,5014.696776
212,16,4977.994709
212,17,4930.120915
212,18,4894.999863
212,19,4811.244938
212,20,4801.390191
212,21,4781.012710
212,22,4771.134509
212,23,4750.949711
212,24,4720.500102
212,26,4689.134012
213,12,6891.543361
213,13,5725.884656
213,14,5535.406703
213,15,5014.696776
213,16,4977.994709
213,17,4930.120915
213,18,4894.999863
213,19,4811.244938
213,20,4801.390191
213,21,4781.012710
213,22,4771.134509
213,23,4750.949711
213,24,4720.500102
213,26,4689.134012
214,12,6891.543361
214,13,5725.884656
214,14,5535.406703
214,15,5011.586739
214,16,4977.994709
214,17,4919.339423
214,18,4894.999863
214,19,4811.244938
214,20,4793.525047
214,21,4781.012710
214,22,4770.693504
214,23,4750.949711
214,24,4717.522966
214,26,4689.134012
215,12,6891.543361
215,13,5725.884656
215,14,5535.406703
215,15,5011.586739
215,16,4958.137199
215,17,4919.339423
215,18,4894.999863
215,19,4811.244938
215,20,4793.525047
215,21,4781.012710
215,22,4766.837352
215,23,4750.949711
215,24,4717.522966
215,26,4689.134012
216,12,6891.543361
216,13,5725.884656
216,14,5535.406703
216,15,5011.586739
216,16,4958.137199
216,17,4919.339423
216,18,4894.999863
216,19,4804.823200
216,20,4793.525047
216,21,4781.012710
216,22,4760.277333
216,23,4750.949711
216,24,4717.522966
216,26,4689.134012
217,12,6891.543361
217,13,5725.884656
217,14,5471.797070
217,15,5011.586739
217,16,4941.391263
217,17,4919.339423
217,18,4894.999863
217,19,4804.823200
217,20,4793.525047
217,21,4781.012710
217,22,4760.277333
217,23,4750.949711
217,24,4717.522966
217,26,4689.134012
218,12,6891.543361
218,13,5725.884656
218,14,5370.758692
218,15,5011.586739
218,16,4941.391263
218,17,4885.823502
218,19,4804.823200
218,20,4793.525047
218,21,4781.012710
218,22,4760.277333
218,23,4743.476267
218,24,4715.362402
218,26,4689.134012
219,12,6891.543361
219,13,5725.884656
219,14,5370.758692
219,15,5011.586739
219,16,4941.391263
219,17,4885.823502
219,19,4804.823200
219,20,4793.525047
219,21,4781.012710
219,22,4760.277333
219,23,4743.476267
219,24,4715.362402
219,26,4689.134012
220,12,6891.543361
220,13,5725.884656
220,14,5370.758692
220,15,5011.586739
220,16,4941.391263
220,17,4885.823502
220,19,4804.823200
220,20,4793.525047
220,21,4781.012710
220,22,4760.277333
220,23,4743.476267
220,24,4715.362402
220,26,4689.134012
221,12,6891.543361
221,13,5725.884656
221,14,5370.758692
221,15,5011.586739
221,16,4941.391263
221,17,4885.823502
221,19,4804.823200
221,20,4793.525047
221,21,4781.012710
221,22,4760.277333
221,23,4743.476267
221,24,4715.362402
221,26,4689.134012
222,12,6891.543361
222,13,5725.884656
222,14,5370.758692
222,15,5011.586739
222,16,4941.391263
222,17,4885.823502
222,19,4804.823200
222,20,4793.525047
222,21,4781.012710
222,22,4760.277333
222,23,4743.476267
222,24,4715.362402
222,26,4689.134012
223,12,6891.543361
223,13,5725.884656
223,14,5370.758692
223,15,5002.337501
223,16,4941.391263
223,17,4885.823502
223,19,4804.823200
223,20,4793.525047
223,21,4781.012710
223,22,4760.277333
223,23,4743.476267
223,24,4715.362402
223,26,4689.134012
224,12,6891.543361
224,13,5725.884656
224,14,5370.758692
224,15,5002.337501
224,16,4941.391263
224,17,4885.823502
224,19,4804.823200
224,20,4792.630636
224,21,4781.012710
224,22,4760.277333
224,23,4741.676152
224,24,4715.362402
224,26,4689.134012
225,12,6891.543361
225,13,5725.884656
225,14,5370.758692
225,15,5002.337501
225,16,4941.391263
225,17,4885.823502
225,19,4804.823200
225,20,4792.630636
225,21,4781.012710
225,22,4760.277333
225,23,4741.676152
225,24,4715.362402
225,26,4689.134012
226,12,6505.263123
226,13,5725.884656
226,14,5370.758692
226,15,5002.337501
226,16,4941.391263
226,17,4881.702364
226,19,4804.823200
226,20,4792.630636
226,21,4781.012710
226,22,4760.277333
226,23,4741.676152
226,24,4715.362402
226,26,4689.134012
227,12,6505.263123
227,13,5725.884656
227,14,5370.758692
227,15,5002.337501
227,16,4941.391263
227,17,4881.702364
227,19,4804.823200
227,20,4792.630636
227,21,4768.251653
227,22,4760.277333
227,23,4741.676152
227,24,4715.362402
227,26,4689.134012
228,12,6499.675336
228,13,5725.884656
228,14,5370.758692
228,15,5002.337501
228,16,4941.391263
228,17,4881.702364
228,19,4804.823200
228,20,4792.420345
228,21,4768.251653
228,22,4760.277333
228,23,4741.676152
228,24,4715.362402
228,26,4689.134012
229,12,6499.675336
229,13,5725.884656
229,14,5370.758692
229,15,5002.337501
229,16,4941.391263
229,17,4881.702364
229,18,4874.747419
229,19,4804.823200
229,20,4792.420345
229,21,4768.251653
229,22,4760.277333
229,23,4741.676152
229,24,4715.362402
229,26,4689.134012
230,12,6258.759715
230,13,5680.836194
230,14,5325.820514
230,15,5002.337501
230,16,4941.391263
230,17,4881.702364
230,18,4873.844596
230,19,4804.823200
230,20,4792.420345
230,21,4768.251653
230,22,4760.277333
230,23,4741.676152
230,24,4715.362402
230,25,4712.361504
230,26,4689.134012
231,12,6258.759715
231,13,5680.836194
231,14,5325.820514
231,15,5002.337501
231,16,4941.391263
231,17,4881.702364
231,18,4873.844596
231,19,4804.823200
231,20,4792.420345
231,21,4768.251653
231,22,4760.277333
231,23,4741.676152
231,24,4715.362402
231,25,4712.361504
231,26,4689.134012
232,12,6258.759715
232,13,5665.799633
232,14,5325.820514
232,15,5002.337501
232,16,4941.391263
232,17,4864.668234
232,19,4804.823200
232,20,4790.842224
232,21,4768.251653
232,22,4760.277333
232,23,4741.676152
232,24,4715.362402
232,25,4709.357386
232,26,4689.134012
233,12,6258.759715
233,13,5665.799633
233,14,5325.820514
233,15,5002.337501
233,16,4941.391263
233,17,4864.668234
233,19,4804.823200
233,20,4790.842224
233,21,4768.251653
233,22,4760.277333
233,23,4741.676152
233,24,4715.362402
233,25,4709.357386
233,26,4689.134012
234,12,6258.759715
234,13,5665.799633
234,14,5325.820514
234,15,5002.337501
234,16,4939.130120
234,17,4864.668234
234,19,4804.823200
234,20,4790.842224
234,21,4768.251653
234,22,4760.277333
234,23,4741.676152
234,24,4715.362402
234,25,4709.357386
234,26,4689.134012
235,12,6258.759715
235,13,5665.799633
235,14,5290.899086
235,15,5002.337501
235,16,4939.130120
235,17,4864.668234
235,19,4802.836060
235,20,4790.842224
235,21,4768.251653
235,22,4760.277333
235,23,4741.676152
235,24,4715.362402
235,25,4709.357386
235,26,4689.134012
236,12,6258.759715
236,13,5665.799633
236,14,5290.899086
236,15,5002.337501
236,16,4939.130120
236,17,4864.668234
236,19,4802.836060
236,20,4787.324273
236,21,4768.251653
236,22,4760.277333
236,23,4741.676152
236,24,4715.362402
236,25,4709.357386
236,26,4689.134012
237,12,6258.759715
237,13,5665.799633
237,14,5290.899086
237,15,5002.337501
237,16,4939.130120
237,17,4864.668234
237,19,4802.836060
237,20,4787.324273
237,21,4768.251653
237,22,4760.277333
237,23,4741.676152
237,24,4715.362402
237,25,4709.357386
237,26,4689.134012
238,12,6258.759715
238,13,5657.678500
238,14,5290.899086
238,15,5002.337501
238,16,4939.130120
238,17,4864.668234
238,19,4802.836060
238,20,4787.324273
238,21,4768.251653
238,22,4760.277333
238,23,4741.676152
238,24,4715.362402
238,25,4709.357386
238,26,4689.134012
239,12,6258.759715
239,13,5657.678500
239,14,5290.899086
239,15,5002.337501
239,16,4939.130120
239,17,4864.668234
239,19,4802.836060
239,20,4787.324273
239,21,4768.251653
239,22,4760.277333
239,23,4723.957807
239,24,4715.362402
239,25,4709.357386
239,26,4689.134012
240,12,6258.759715
240,13,5621.758090
240,14,5290.899086
240,15,5002.337501
240,16,4939.130120
240,17,4864.380399
240,19,4802.836060
240,20,4787.324273
240,21,4768.251653
240,22,4760.277333
240,23,4723.957807
240,24,4715.362402
240,25,4709.357386
240,26,4689.134012
241,12,6258.759715
241,13,5621.758090
241,14,5290.899086
241,15,5002.337501
241,16,4939.130120
241,17,4864.380399
241,18,4850.596852
241,19,4802.836060
241,20,4787.324273
241,21,4768.251653
241,22,4760.277333
241,23,4723.957807
241,24,4715.362402
241,25,4709.357386
241,26,4689.134012
242,12,6258.759715
242,13,5621.758090
242,14,5290.899086
242,15,5002.337501
242,16,4939.130120
242,17,4864.380399
242,18,4850.596852
242,19,4802.836060
242,20,4787.324273
242,21,4762.367387
242,22,4757.791632
242,23,4723.957807
242,24,4715.362402
242,25,4701.467652
242,26,4689.134012
243,12,6258.759715
243,13,5621.758090
243,14,5290.899086
243,15,5002.337501
243,16,4939.130120
243,17,4864.380399
243,18,4850.596852
243,19,4802.836060
243,20,4781.500528
243,21,4762.367387
243,22,4757.791632
243,23,4723.957807
243,24,4715.362402
243,25,4701.467652
243,26,4689.134012
244,12,6243.015077
244,13,5621.758090
244,14,5290.899086
244,15,5002.337501
244,16,4939.130120
244,17,4864.380399
244,18,4850.596852
244,19,4802.836060
244,20,4781.500528
244,21,4762.367387
244,22,4757.791632
244,23,4723.957807
244,24,4715.362402
244,25,4697.502099
244,26,4689.134012
245,12,6243.015077
245,13,5594.677845
245,14,5290.899086
245,15,5002.337501
245,16,4939.130120
245,17,4864.380399
245,18,4850.596852
245,19,4802.836060
245,20,4777.880065
245,21,4762.367387
245,22,4757.791632
245,23,4723.957807
245,24,4715.362402
245,25,4697.502099
245,26,4689.134012
246,12,6243.015077
246,13,5594.677845
246,14,5290.899086
246,15,5002.337501
246,16,4939.130120
246,17,4864.380399
246,18,4850.596852
246,19,4802.836060
246,20,4777.880065
246,21,4762.367387
246,22,4757.791632
246,23,4723.957807
246,24,4715.362402
246,25,4697.502099
246,26,4689.134012
247,12,6243.015077
247,13,5594.677845
247,14,5290.899086
247,15,5002.337501
247,16,4939.130120
247,17,4864.380399
247,18,4850.596852
247,19,4802.836060
247,20,4777.880065
247,21,4762.367387
247,22,4757.791632
247,23,4723.957807
247,24,4715.362402
247,25,4697.502099
247,26,4689.134012
248,12,6243.015077
248,13,5594.677845
248,14,5192.240632
248,15,5002.337501
248,16,4939.130120
248,17,4864.380399
248,18,4850.596852
248,19,4802.836060
248,20,4777.880065
248,21,4762.367387
248,22,4757.791632
248,23,4723.957807
248,24,4715.362402
248,25,4697.502099
248,26,4689.134012
249,12,6243.015077
249,13,5594.677845
249,14,5192.240632
249,15,5002.337501
249,16,4939.130120
249,17,4864.380399
249,18,4850.596852
249,19,4802.836060
249,20,4777.880065
249,21,4762.367387
249,22,4757.791632
249,23,4723.957807
249,24,4715.362402
249,25,4697.502099
249,26,4689.134012
250,12,6243.015077
250,13,5527.099363
250,14,5192.240632
250,15,5002.337501
250,16,4939.130120
250,17,4864.380399
250,18,4850.596852
250,19,4802.836060
250,20,4777.880065
250,21,4762.367387
250,22,4757.791632
250,23,4723.957807
250,24,4715.362402
250,25,4689.050180
251,12,6243.015077
251,13,5527.099363
251,14,5192.240632
251,15,4992.789530
251,16,4932.344584
251,17,4864.380399
251,18,4850.596852
251,19,4802.836060
251,20,4777.880065
251,21,4762.367387
251,22,4757.791632
251,23,4723.957807
251,24,4715.362402
251,25,4689.050180
252,12,6243.015077
252,13,5527.099363
252,14,5192.240632
252,15,4992.491222
252,16,4932.344584
252,17,4864.380399
252,18,4850.308184
252,19,4802.836060
252,20,4777.880065
252,21,4762.367387
252,22,4757.791632
252,23,4723.957807
252,24,4715.362402
252,25,4689.050180
253,12,6243.015077
253,13,5527.099363
253,14,5192.240632
253,15,4992.491222
253,16,4932.344584
253,17,4864.380399
253,18,4850.308184
253,19,4802.836060
253,20,4777.880065
253,21,4762.367387
253,22,4757.791632
253,23,4723.957807
253,24,4715.362402
253,25,4689.050180
254,12,6243.015077
254,13,5527.099363
254,14,5192.240632
254,15,4992.491222
254,16,4932.344584
254,17,4864.380399
254,18,4850.308184
254,19,4802.836060
254,20,4777.880065
254,21,4762.367387
254,22,4757.791632
254,23,4723.957807
254,24,4715.362402
254,25,4689.050180
255,12,6243.015077
255,13,5527.099363
255,14,5192.240632
255,15,4992.491222
255,16,4932.344584
255,17,4864.380399
255,18,4850.308184
255,19,4802.836060
255,20,4777.880065
255,21,4762.367387
255,22,4757.791632
255,23,4723.957807
255,24,4715.362402
255,25,4689.050180
256,12,6243.015077
256,13,5527.099363
256,14,5192.240632
256,15,4992.491222
256,16,4932.344584
256,17,4864.380399
256,18,4850.308184
256,19,4802.836060
256,20,4777.880065
256,21,4762.367387
256,22,4757.791632
256,23,4723.957807
256,24,4715.362402
256,25,4689.050180
257,12,6243.015077
257,13,5492.128685
257,14,5192.240632
257,15,4992.491222
257,16,4932.344584
257,17,4864.380399
257,18,4850.308184
257,19,4802.836060
257,20,4777.880065
257,21,4762.367387
257,22,4757.791632
257,23,4723.957807
257,24,4715.362402
257,25,4689.050180
258,12,6243.015077
258,13,5492.128685
258,14,5192.240632
258,15,4992.491222
258,16,4932.344584
258,17,4864.380399
258,18,4850.308184
258,19,4802.836060
258,20,4777.880065
258,21,4762.367387
258,22,4751.879336
258,23,4721.967282
258,24,4715.362402
258,25,4689.050180
259,12,6243.015077
259,13,5492.128685
259,14,5192.240632
259,15,4992.491222
259,16,4922.481445
259,17,4864.380399
259,18,4850.308184
259,19,4802.836060
259,20,4777.880065
259,21,4762.367387
259,22,4751.879336
259,23,4721.967282
259,24,4715.362402
259,25,4689.050180
260,12,6243.015077
260,13,5492.128685
260,14,5192.240632
260,15,4992.491222
260,16,4922.481445
260,17,4851.798467
260,18,4850.308184
260,19,4802.836060
260,20,4777.880065
260,21,4760.378008
260,22,4751.879336
260,23,4721.967282
260,24,4715.362402
260,25,4675.944918
261,12,6076.013410
261,13,5492.128685
261,14,5192.240632
261,15,4992.491222
261,16,4922.481445
261,17,4851.798467
261,18,4850.308184
261,19,4802.836060
261,20,4777.880065
261,21,4760.378008
261,22,4751.879336
261,23,4721.967282
261,24,4715.362402
261,25,4675.944918
262,12,6076.013410
262,13,5492.128685
262,14,5192.240632
262,15,4992.491222
262,16,4922.481445
262,17,4851.798467
262,18,4850.308184
262,19,4802.836060
262,20,4777.880065
262,21,4760.378008
262,22,4750.655419
262,23,4721.967282
262,24,4715.362402
262,25,4675.944918
263,12,6076.013410
263,13,5492.128685
263,14,5192.240632
263,15,4992.491222
263,16,4922.481445
263,17,4851.798467
263,18,4850.308184
263,19,4802.836060
263,20,4777.880065
263,21,4760.378008
263,22,4750.655419
263,23,4721.967282
263,24,4715.362402
263,25,4675.944918
264,12,6076.013410
264,13,5492.128685
264,14,5192.240632
264,15,4992.491222
264,16,4922.481445
264,17,4851.798467
264,18,4850.308184
264,19,4802.836060
264,20,4777.880065
264,21,4760.378008
264,22,4750.655419
264,23,4721.967282
264,24,4715.362402
264,25,4675.944918
265,12,6076.013410
265,13,5492.128685
265,14,5192.240632
265,15,4992.491222
265,16,4922.481445
265,17,4851.798467
265,18,4850.308184
265,19,4802.836060
265,20,4777.880065
265,21,4760.378008
265,22,4750.655419
265,23,4721.967282
265,24,4715.362402
265,25,4675.944918
266,12,6076.013410
266,13,5492.128685
266,14,5192.240632
266,15,4992.491222
266,16,4922.481445
266,17,4851.798467
266,18,4838.014920
266,19,4802.836060
266,20,4777.880065
266,21,4760.378008
266,22,4744.231385
266,23,4721.967282
266,24,4715.362402
266,25,4675.944918
266,27,4656.746566
267,12,6076.013410
267,13,5492.128685
267,14,5192.240632
267,15,4992.491222
267,16,4922.481445
267,17,4851.798467
267,18,4838.014920
267,19,4802.836060
267,20,4777.880065
267,21,4760.378008
267,22,4744.231385
267,23,4721.967282
267,24,4715.362402
267,25,4675.944918
267,27,4656.746566
268,12,6076.013410
268,13,5492.128685
268,14,5192.240632
268,15,4992.491222
268,16,4922.481445
268,17,4851.798467
268,18,4838.014920
268,19,4802.836060
268,20,4777.880065
268,21,4760.378008
268,22,4744.231385
268,23,4721.967282
268,24,4715.362402
268,25,4675.944918
268,27,4656.746566
269,12,6076.013410
269,13,5492.128685
269,14,5192.240632
269,15,4992.491222
269,16,4922.481445
269,17,4851.798467
269,18,4837.478565
269,19,4802.836060
269,20,4777.880065
269,21,4760.378008
269,22,4744.231385
269,23,4721.967282
269,24,4715.362402
269,25,4675.944918
269,27,4656.746566
270,12,6076.013410
270,13,5492.128685
270,14,5192.240632
270,15,4992.491222
270,16,4922.481445
270,17,4851.798467
270,18,4837.478565
270,19,4802.836060
270,20,4777.880065
270,21,4760.378008
270,22,4744.231385
270,23,4721.967282
270,24,4714.668079
270,25,4675.944918
270,27,4656.746566
271,12,6076.013410
271,13,5492.128685
271,14,5157.887622
271,15,4992.491222
271,16,4922.481445
271,17,4851.798467
271,18,4837.478565
271,19,4802.836060
271,20,4777.880065
271,21,4760.378008
271,22,4744.231385
271,23,4721.967282
271,24,4714.668079
271,25,4675.944918
271,26,4675.152980
271,27,4656.746566
272,12,6076.013410
272,13,5492.128685
272,14,5157.887622
272,15,4992.491222
272,16,4922.481445
272,17,4851.798467
272,18,4837.478565
272,19,4802.836060
272,20,4777.880065
272,21,4760.378008
272,22,4744.231385
272,23,4721.967282
272,24,4714.668079
272,25,4675.944918
272,26,4675.152980
272,27,4656.746566
273,12,6076.013410
273,13,5492.128685
273,14,5157.887622
273,15,4992.491222
273,16,4922.481445
273,17,4851.798467
273,18,4837.478565
273,19,4802.836060
273,20,4777.880065
273,21,4760.378008
273,22,4744.231385
273,23,4721.967282
273,24,4714.668079
273,25,4675.944918
273,26,4675.152980
273,27,4656.746566
274,12,6076.013410
274,13,5492.128685
274,14,5157.887622
274,15,4992.491222
274,16,4922.481445
274,17,4851.798467
274,18,4837.478565
274,19,4802.836060
274,20,4777.880065
274,21,4760.378008
274,22,4744.231385
274,23,4721.967282
274,24,4714.668079
274,25,4675.944918
274,26,4663.135811
274,27,4656.746566
275,12,5973.062906
275,13,5492.128685
275,14,5157.887622
275,15,4992.491222
275,16,4922.481445
275,17,4851.798467
275,18,4837.478565
275,19,4802.836060
275,20,4777.880065
275,21,4760.378008
275,22,4744.231385
275,23,4721.967282
275,24,4714.668079
275,25,4675.944918
275,26,4663.135811
275,27,4656.746566
276,12,5973.062906
276,13,5492.128685
276,14,5157.887622
276,15,4992.491222
276,16,4922.481445
276,17,4851.798467
276,18,4837.478565
276,19,4802.836060
276,20,4777.880065
276,21,4760.378008
276,22,4744.231385
276,23,4721.967282
276,24,4714.668079
276,25,4672.898636
276,26,4663.135811
276,27,4656.746566
277,12,5973.062906
277,13,5482.916280
277,14,5143.379121
277,15,4992.491222
277,16,4922.481445
277,17,4851.798467
277,18,4837.478565
277,19,4802.836060
277,20,4777.880065
277,21,4760.378008
277,22,4744.231385
277,23,4721.967282
277,24,4682.355544
277,25,4672.898636
277,26,4663.135811
277,27,4656.746566
278,12,5946.434975
278,13,5482.916280
278,14,5143.379121
278,15,4992.491222
278,16,4922.481445
278,17,4851.798467
278,18,4837.478565
278,19,4802.836060
278,20,4777.880065
278,21,4760.378008
278,22,4744.231385
278,23,4704.816006
278,24,4682.355544
278,25,4672.898636
278,26,4663.135811
278,27,4656.746566
279,12,5946.434975
279,13,5482.916280
279,14,5143.379121
279,15,4992.491222
279,16,4922.481445
279,17,4851.798467
279,18,4837.478565
279,19,4802.836060
279,20,4777.880065
279,21,4760.378008
279,22,4744.231385
279,23,4704.816006
279,24,4682.355544
279,25,4672.898636
279,26,4663.135811
279,27,4656.746566
280,12,5946.434975
280,13,5482.916280
280,14,5143.379121
280,15,4992.491222
280,16,4922.481445
280,17,4851.798467
280,18,4837.478565
280,19,4802.836060
280,20,4777.880065
280,21,4760.378008
280,22,4737.719777
280,23,4704.816006
280,24,4682.355544
280,25,4672.898636
280,26,4663.135811
280,27,4656.746566
281,12,5938.367572
281,13,5447.224870
281,14,5143.379121
281,15,4992.491222
281,16,4915.644227
281,17,4851.798467
281,18,4837.478565
281,19,4802.836060
281,20,4777.880065
281,21,4760.378008
281,22,4737.719777
281,23,4704.816006
281,24,4665.800719
281,26,4663.135811
281,27,4656.746566
282,12,5938.367572
282,13,5447.224870
282,14,5143.379121
282,15,4992.491222
282,16,4915.644227
282,17,4851.798467
282,18,4837.478565
282,19,4802.836060
282,20,4777.880065
282,21,4760.378008
282,22,4737.700294
282,23,4701.769724
282,24,4665.800719
282,26,4663.135811
282,27,4656.746566
283,12,5933.956633
283,13,5447.224870
283,14,5143.379121
283,15,4992.491222
283,16,4915.644227
283,17,4851.798467
283,18,4837.478565
283,19,4802.836060
283,20,4777.880065
283,21,4760.378008
283,22,4737.700294
283,23,4701.769724
283,24,4665.800719
283,26,4663.135811
283,27,4656.746566
284,12,5933.956633
284,13,5447.224870
284,14,5143.379121
284,15,4992.491222
284,16,4915.644227
284,17,4851.798467
284,18,4837.478565
284,19,4802.836060
284,20,4777.880065
284,21,4760.378008
284,22,4737.700294
284,23,4701.769724
284,24,4665.800719
284,25,4657.898376
284,27,4656.746566
285,12,5933.956633
285,13,5443.616024
285,14,5143.379121
285,15,4992.491222
285,16,4915.644227
285,17,4851.798467
285,18,4837.478565
285,19,4802.836060
285,20,4777.880065
285,21,4760.378008
285,22,4737.700294
285,23,4701.769724
285,24,4665.800719
285,25,4657.898376
285,27,4656.746566
286,12,5933.956633
286,13,5443.616024
286,14,5143.379121
286,15,4992.491222
286,16,4915.644227
286,17,4851.798467
286,18,4837.478565
286,19,4802.836060
286,20,4777.880065
286,21,4760.378008
286,22,4737.700294
286,23,4701.769724
286,24,4665.800719
286,25,4646.726633
287,12,5933.956633
287,13,5443.616024
287,14,5143.379121
287,15,4992.491222
287,16,4915.644227
287,17,4851.798467
287,18,4837.478565
287,19,4802.836060
287,20,4777.880065
287,21,4760.378008
287,22,4737.700294
287,23,4701.769724
287,24,4665.800719
287,25,4644.367415
288,12,5907.253665
288,13,5443.616024
288,14,5143.379121
288,15,4992.491222
288,16,4915.644227
288,17,4851.798467
288,18,4837.478565
288,19,4802.836060
288,20,4777.880065
288,21,4760.378008
288,22,4737.700294
288,23,4701.267053
288,24,4665.800719
288,25,4644.367415
289,12,5907.253665
289,13,5390.305339
289,14,5143.379121
289,15,4989.488474
289,16,4915.644227
289,17,4851.798467
289,18,4837.478565
289,19,4802.836060
289,20,4777.880065
289,21,4760.378008
289,22,4737.700294
289,23,4701.267053
289,24,4665.800719
289,25,4644.367415
290,12,5907.253665
290,13,5390.305339
290,14,5143.379121
290,15,4989.488474
290,16,4915.644227
290,17,4851.798467
290,18,4837.478565
290,19,4802.836060
290,20,4777.880065
290,21,4757.342515
290,22,4737.700294
290,23,4701.267053
290,24,4665.800719
290,25,4644.367415
291,12,5907.253665
291,13,5390.305339
291,14,5143.379121
291,15,4989.488474
291,16,4915.644227
291,17,4851.798467
291,18,4837.478565
291,19,4802.836060
291,20,4777.880065
291,21,4757.342515
291,22,4737.700294
291,23,4701.267053
291,24,4665.800719
291,25,4644.367415
292,12,5907.253665
292,13,5390.305339
292,14,5118.674988
292,15,4989.488474
292,16,4915.644227
292,17,4847.871750
292,18,4837.478565
292,19,4802.836060
292,20,4777.880065
292,21,4757.342515
292,22,4737.700294
292,23,4701.267053
292,24,4645.543818
292,25,4644.367415
293,12,5907.253665
293,13,5390.305339
293,14,5118.674988
293,15,4989.488474
293,16,4907.584970
293,17,4847.871750
293,18,4837.478565
293,19,4802.836060
293,20,4777.880065
293,21,4757.342515
293,22,4737.700294
293,23,4701.267053
293,24,4645.543818
293,25,4644.367415
294,12,5907.253665
294,13,5390.305339
294,14,5118.674988
294,15,4989.488474
294,16,4907.584970
294,17,4847.871750
294,18,4837.478565
294,19,4802.836060
294,20,4777.880065
294,21,4757.342515
294,22,4737.700294
294,23,4701.267053
294,24,4645.543818
294,25,4644.367415
295,12,5907.253665
295,13,5390.305339
295,14,5118.674988
295,15,4989.488474
295,16,4907.584970
295,17,4847.871750
295,18,4837.478565
295,19,4802.836060
295,20,4777.880065
295,21,4757.342515
295,22,4737.700294
295,23,4701.267053
295,24,4645.543818
295,25,4644.367415
296,12,5907.253665
296,13,5390.305339
296,14,5118.674988
296,15,4989.190165
296,16,4907.584970
296,17,4847.871750
296,18,4837.478565
296,19,4802.836060
296,20,4777.880065
296,21,4757.342515
296,22,4737.700294
296,23,4701.267053
296,24,4645.543818
296,25,4644.367415
297,12,5907.253665
297,13,5390.305339
297,14,5118.674988
297,15,4989.190165
297,16,4907.584970
297,17,4847.871750
297,18,4837.478565
297,19,4802.836060
297,20,4777.880065
297,21,4757.342515
297,22,4737.700294
297,23,4701.267053
297,24,4645.543818
297,25,4644.367415
298,12,5907.253665
298,13,5390.305339
298,14,5118.674988
298,15,4989.190165
298,16,4907.584970
298,17,4847.871750
298,18,4837.478565
298,19,4802.836060
298,20,4777.880065
298,21,4757.132224
298,22,4737.700294
298,23,4701.267053
298,24,4645.543818
298,25,4644.367415
299,12,5907.253665
299,13,5390.305339
299,14,5118.674988
299,15,4989.190165
299,16,4907.584970
299,17,4847.871750
299,18,4837.478565
299,19,4802.836060
299,20,4777.880065
299,21,4757.132224
299,22,4737.700294
299,23,4701.267053
299,24,4643.184601
300,12,5907.253665
300,13,5390.305339
300,14,5118.674988
300,15,4989.190165
300,16,4907.584970
300,17,4847.871750
300,18,4833.800368
300,19,4802.836060
300,20,4777.880065
300,21,4757.132224
300,22,4737.700294
300,23,4701.267053
300,24,4643.184601
301,12,5907.253665
301,13,5390.305339
301,14,5110.605898
301,15,4989.190165
301,16,4907.584970
301,17,4847.871750
301,18,4833.800368
301,19,4802.836060
301,20,4777.880065
301,21,4757.132224
301,22,4737.700294
301,23,4701.267053
301,24,4643.184601
302,12,5907.253665
302,13,5390.305339
302,14,5110.605898
302,15,4989.190165
302,16,4907.584970
302,17,4847.871750
302,18,4833.800368
302,19,4802.836060
302,20,4777.880065
302,21,4757.132224
302,22,4737.700294
302,23,4701.267053
302,24,4643.184601
303,12,5907.253665
303,13,5390.305339
303,14,5110.605898
303,15,4989.130461
303,16,4907.584970
303,17,4847.871750
303,18,4833.800368
303,19,4802.836060
303,20,4777.880065
303,21,4757.132224
303,22,4737.700294
303,23,4701.267053
303,24,4643.184601
304,12,5907.253665
304,13,5390.305339
304,14,5110.605898
304,15,4989.130461
304,16,4907.584970
304,17,4847.871750
304,18,4833.591797
304,19,4802.836060
304,20,4777.880065
304,21,4757.132224
304,22,4737.700294
304,23,4701.267053
304,24,4643.184601
305,12,5907.253665
305,13,5390.305339
305,14,5110.605898
305,15,4989.130461
305,16,4907.584970
305,17,4847.871750
305,18,4833.591797
305,19,4802.836060
305,20,4777.880065
305,21,4757.132224
305,22,4737.700294
305,23,4701.267053
305,24,4643.184601
306,12,5907.253665
306,13,5385.552885
306,14,5110.605898
306,15,4989.130461
306,16,4907.584970
306,17,4847.871750
306,18,4830.214258
306,19,4802.836060
306,20,4777.880065
306,21,4757.132224
306,22,4671.187805
306,24,4643.184601
307,12,5907.253665
307,13,5385.552885
307,14,5110.605898
307,15,4989.130461
307,16,4907.584970
307,17,4847.871750
307,18,4830.214258
307,19,4802.836060
307,20,4777.880065
307,21,4757.132224
307,22,4671.187805
307,24,4643.184601
308,12,5907.253665
308,13,5385.552885
308,14,5110.605898
308,15,4989.130461
308,16,4907.584970
308,17,4847.871750
308,18,4830.214258
308,19,4802.836060
308,20,4777.880065
308,21,4757.132224
308,22,4671.187805
308,24,4643.184601
309,12,5907.253665
309,13,5385.552885
309,14,5110.605898
309,15,4989.130461
309,16,4907.584970
309,17,4844.285640
309,18,4830.214258
309,19,4802.836060
309,20,4777.880065
309,21,4745.138260
309,22,4671.187805
309,24,4643.184601
310,12,5907.253665
310,13,5385.552885
310,14,5110.605898
310,15,4985.401092
310,16,4907.584970
310,17,4844.285640
310,18,4826.534319
310,19,4802.836060
310,20,4777.880065
310,21,4745.138260
310,22,4671.187805
310,24,4643.184601
311,12,5907.253665
311,13,5385.552885
311,14,5110.605898
311,15,4985.401092
311,16,4907.584970
311,17,4844.285640
311,18,4826.534319
311,19,4802.836060
311,20,4777.880065
311,21,4745.138260
311,22,4671.187805
311,24,4643.184601
312,12,5907.253665
312,13,5385.552885
312,14,5110.605898
312,15,4982.622786
312,16,4907.584970
312,17,4844.285640
312,18,4826.534319
312,19,4802.836060
312,20,4777.880065
312,21,4745.138260
312,22,4671.187805
312,24,4643.184601
313,12,5907.253665
313,13,5385.552885
313,14,5110.605898
313,15,4982.622786
313,16,4907.584970
313,17,4844.285640
313,18,4826.534319
313,19,4802.836060
313,20,4777.880065
313,21,4745.138260
313,22,4671.187805
313,24,4643.184601
314,12,5907.253665
314,13,5385.552885
314,14,5110.605898
314,15,4982.622786
314,16,4907.584970
314,17,4844.285640
314,18,4826.534319
314,19,4802.836060
314,20,4777.880065
314,21,4745.138260
314,22,4671.187805
314,24,4643.184601
315,12,5907.253665
315,13,5385.552885
315,14,5110.605898
315,15,4982.622786
315,16,4907.584970
315,17,4844.285640
315,18,4826.534319
315,19,4802.836060
315,20,4777.880065
315,21,4744.743474
315,22,4671.187805
315,24,4643.184601
316,12,5907.253665
316,13,5385.552885
316,14,5110.605898
316,15,4982.622786
316,16,4907.584970
316,17,4844.285640
316,18,4807.720861
316,19,4802.836060
316,20,4777.880065
316,21,4744.743474
316,22,4671.187805
316,24,4643.184601
317,12,5907.253665
317,13,5385.552885
317,14,5110.605898
317,15,4982.622786
317,16,4907.584970
317,17,4844.285640
317,18,4807.720861
317,19,4802.836060
317,20,4777.880065
317,21,4744.743474
317,22,4671.187805
317,24,4643.184601
318,12,5823.960097
318,13,5321.345461
318,14,5110.605898
318,15,4982.622786
318,16,4907.584970
318,17,4844.285640
318,18,4798.307384
318,20,4777.880065
318,21,4744.743474
318,22,4671.187805
318,24,4643.184601
319,12,5823.960097
319,13,5321.345461
319,14,5110.605898
319,15,4982.622786
319,16,4907.584970
319,17,4844.285640
319,18,4798.307384
319,20,4777.880065
319,21,4744.743474
319,22,4671.187805
319,24,4643.184601
320,12,5823.960097
320,13,5321.345461
320,14,5110.605898
320,15,4982.622786
320,16,4907.584970
320,17,4844.285640
320,18,4798.307384
320,20,4777.880065
320,21,4744.743474
320,22,4671.187805
320,24,4643.184601
321,12,5823.960097
321,13,5321.345461
321,14,5110.605898
321,15,4982.622786
321,16,4907.584970
321,17,4844.285640
321,18,4798.307384
321,20,4777.880065
321,21,4744.743474
321,22,4671.187805
321,24,4643.184601
