Generation,NV,TOC
1,15,6051.558751
1,16,5622.516147
1,18,5516.251140
1,20,5091.259054
1,21,5083.342187
1,26,4702.613062
1,28,4575.985004
2,15,5833.651927
2,16,5622.516147
2,17,5428.647333
2,19,5298.466420
2,20,5091.259054
2,21,5083.342187
2,25,4604.502825
2,27,4569.989100
2,29,4552.242359
2,33,4489.194346
3,15,5753.676255
3,16,5612.801935
3,17,5367.522511
3,19,5298.466420
3,20,5091.259054
3,21,4815.242769
3,25,4604.502825
3,27,4569.989100
3,29,4552.242359
3,33,4489.194346
3,34,4460.933175
4,15,5753.676255
4,16,5487.007307
4,17,5367.522511
4,18,5306.156585
4,19,5282.950933
4,20,5087.692925
4,21,4815.242769
4,25,4604.502825
4,27,4569.989100
4,29,4552.242359
4,32,4466.114042
4,34,4460.933175
5,14,5591.761745
5,15,5556.097861
5,16,5238.690825
5,18,5107.860745
5,19,4967.711024
5,20,4751.289305
5,24,4553.283663
5,28,4513.735480
5,31,4459.645593
5,34,4419.014693
6,14,5591.761745
6,15,5556.097861
6,16,5238.690825
6,17,5195.569402
6,18,5107.860745
6,19,4967.711024
6,20,4751.289305
6,24,4553.283663
6,28,4513.735480
6,31,4459.645593
6,32,4411.955789
7,14,5439.508443
7,16,5238.690825
7,17,5109.357943
7,18,5107.860745
7,19,4866.230959
7,20,4751.289305
7,22,4716.286864
7,24,4553.283663
7,27,4551.898023
7,28,4513.735480
7,31,4459.645593
7,32,4411.955789
7,34,4382.699410
8,13,6109.499770
8,14,5439.508443
8,15,5403.774359
8,16,5233.822926
8,17,5003.946831
8,19,4866.230959
8,20,4751.289305
8,22,4444.967362
8,30,4420.312163
8,32,4347.213550
8,33,4340.725725
9,13,6093.652640
9,14,5439.508443
9,15,5403.774359
9,16,5233.822926
9,17,5003.946831
9,19,4866.230959
9,20,4751.289305
9,21,4505.990812
9,22,4444.967362
9,30,4256.970077
10,13,6093.652640
10,14,5439.508443
10,15,5403.774359
10,16,5143.906773
10,17,5003.946831
10,18,4944.666188
10,19,4866.230959
10,20,4751.289305
10,21,4440.367321
10,28,4429.158923
10,30,4256.970077
10,31,4255.467731
11,13,6093.652640
11,14,5393.770985
11,15,5353.360226
11,16,5143.906773
11,17,4983.398836
11,18,4944.666188
11,19,4866.230959
11,20,4507.172387
11,21,4440.367321
11,27,4386.488233
11,30,4256.970077
11,31,4255.467731
12,13,6007.726989
12,14,5393.770985
12,15,5290.681241
12,16,5143.906773
12,17,4983.398836
12,18,4944.666188
12,19,4866.230959
12,20,4490.243080
12,21,4440.367321
12,24,4439.308665
12,26,4379.198319
12,27,4315.909025
12,28,4305.987068
12,30,4256.970077
12,31,4255.467731
12,32,4207.769217
13,13,6007.726989
13,14,5349.010382
13,15,5213.516599
13,16,5043.426992
13,17,4918.702224
13,19,4567.717154
13,20,4486.351887
13,21,4386.009170
13,26,4368.820343
13,27,4311.912753
13,28,4281.239258
13,29,4242.747721
13,31,4225.345029
13,32,4207.769217
14,13,5778.488359
14,14,5349.010382
14,15,5184.250930
14,16,5043.426992
14,17,4918.702224
14,18,4763.040222
14,19,4567.717154
14,20,4486.351887
14,21,4386.009170
14,26,4368.820343
14,27,4311.912753
14,28,4281.239258
14,29,4209.766084
14,32,4207.769217
15,13,5571.787218
15,14,5346.080630
15,15,5184.250930
15,16,4941.275105
15,17,4842.398638
15,18,4757.117711
15,19,4567.717154
15,20,4486.351887
15,21,4386.009170
15,24,4299.770474
15,28,4281.239258
15,29,4197.918305
16,13,5571.787218
16,14,5346.080630
16,15,4975.054943
16,16,4941.275105
16,17,4842.398638
16,18,4757.117711
16,19,4567.717154
16,20,4413.006043
16,21,4386.009170
16,23,4351.938082
16,24,4299.770474
16,28,4281.239258
16,29,4197.918305
16,30,4185.031463
17,13,5571.787218
17,14,5009.890451
17,15,4963.996833
17,16,4941.275105
17,17,4842.398638
17,18,4757.117711
17,19,4510.996617
17,20,4413.006043
17,21,4386.009170
17,23,4351.938082
17,24,4299.770474
17,28,4281.239258
17,29,4197.918305
17,30,4185.031463
18,13,5571.787218
18,14,5009.890451
18,15,4806.995089
18,18,4754.725521
18,19,4501.471653
18,20,4357.722613
18,23,4334.751710
18,24,4278.788894
18,27,4276.732008
18,29,4158.573049
19,13,5539.505553
19,14,5009.890451
19,15,4806.995089
19,18,4624.783141
19,19,4501.471653
19,20,4357.722613
19,23,4323.715759
19,24,4278.788894
19,27,4276.732008
19,29,4158.573049
20,12,5838.789693
20,13,5074.662693
20,14,4981.452325
20,15,4806.995089
20,18,4624.783141
20,19,4501.471653
20,20,4357.722613
20,23,4323.715759
20,24,4263.312179
20,27,4214.924547
20,28,4211.203317
20,29,4158.573049
21,12,5838.789693
21,13,5074.662693
21,14,4981.452325
21,15,4806.995089
21,16,4732.865797
21,18,4624.783141
21,19,4501.471653
21,20,4357.722613
21,23,4323.715759
21,24,4263.312179
21,26,4261.732086
21,27,4214.924547
21,28,4211.203317
21,29,4158.573049
22,12,5454.423757
22,13,5074.662693
22,14,4981.452325
22,15,4806.995089
22,16,4732.865797
22,18,4624.783141
22,19,4501.471653
22,20,4357.722613
22,23,4323.715759
22,24,4263.312179
22,26,4223.554521
22,27,4214.924547
22,28,4211.203317
22,29,4158.573049
23,12,5454.423757
23,13,5074.662693
23,14,4923.529052
23,15,4694.862086
23,18,4479.507528
23,20,4324.418582
23,22,4194.213632
23,26,4178.595560
23,29,4158.573049
24,12,5046.302011
24,14,4923.529052
24,15,4694.862086
24,17,4656.668086
24,18,4479.507528
24,20,4324.418582
24,22,4194.213632
24,26,4178.595560
24,27,4162.740382
24,28,4141.435736
25,12,5046.302011
25,13,4971.174009
25,14,4923.529052
25,15,4694.862086
25,17,4582.597536
25,18,4479.507528
25,20,4324.418582
25,22,4194.213632
25,26,4158.422544
25,28,4141.435736
26,12,5046.302011
26,13,4853.062354
26,15,4694.862086
26,17,4582.597536
26,18,4479.507528
26,20,4324.418582
26,22,4194.213632
26,26,4158.422544
26,28,4141.435736
27,12,4979.229286
27,13,4853.062354
27,15,4694.862086
27,17,4582.597536
27,18,4479.507528
27,20,4324.418582
27,22,4194.213632
27,26,4158.422544
27,28,4141.435736
27,31,4121.968590
28,12,4652.604924
28,13,4608.671122
28,17,4546.321418
28,18,4465.877464
28,20,4309.396530
28,22,4194.213632
28,25,4131.716387
28,26,4119.743565
28,31,4091.332331
29,12,4652.604924
29,13,4608.671122
29,14,4590.680394
29,17,4528.628925
29,18,4465.877464
29,20,4309.396530
29,21,4229.392786
29,22,4194.213632
29,25,4131.716387
29,26,4119.743565
29,27,4118.565562
29,31,4091.332331
30,11,5095.146337
30,12,4652.604924
30,13,4608.671122
30,14,4590.136820
30,16,4518.487860
30,18,4465.877464
30,19,4455.294676
30,20,4309.396530
30,21,4229.392786
30,22,4194.213632
30,25,4131.716387
30,26,4119.743565
30,27,4118.565562
30,30,4084.923769
31,11,5095.146337
31,12,4652.604924
31,13,4599.727705
31,14,4590.136820
31,16,4518.487860
31,18,4465.877464
31,19,4455.294676
31,20,4309.396530
31,21,4229.392786
31,22,4194.213632
31,25,4131.716387
31,26,4119.743565
31,27,4118.565562
31,30,4084.923769
32,11,5094.241540
32,12,4652.604924
32,13,4599.727705
32,14,4590.136820
32,16,4518.487860
32,18,4337.031643
32,20,4309.396530
32,21,4229.392786
32,22,4194.213632
32,25,4131.716387
32,26,4119.743565
32,27,4118.565562
32,30,4084.923769
33,11,5094.241540
33,12,4652.604924
33,13,4582.256407
33,14,4482.973853
33,18,4315.408030
33,19,4273.117233
33,20,4211.759018
33,22,4194.213632
33,24,4107.348627
33,26,4104.244156
33,29,4064.649843
34,11,5094.241540
34,12,4652.604924
34,13,4582.256407
34,14,4443.809130
34,18,4315.408030
34,19,4273.117233
34,20,4211.759018
34,22,4194.213632
34,24,4107.348627
34,26,4104.244156
34,29,4064.649843
35,11,5082.866447
35,12,4652.604924
35,13,4582.256407
35,14,4443.809130
35,18,4315.408030
35,19,4273.117233
35,20,4211.759018
35,22,4194.213632
35,24,4107.348627
35,26,4104.244156
35,29,4064.649843
36,11,5082.866447
36,12,4652.604924
36,13,4581.083841
36,14,4443.809130
36,18,4315.408030
36,19,4273.117233
36,20,4211.759018
36,22,4194.213632
36,23,4160.921448
36,24,4107.348627
36,26,4104.244156
36,29,4064.649843
37,11,5082.866447
37,12,4652.604924
37,13,4581.083841
37,14,4443.809130
37,18,4315.408030
37,19,4273.117233
37,20,4211.759018
37,22,4194.213632
37,23,4160.921448
37,24,4107.348627
37,26,4104.244156
37,29,4064.649843
38,11,5082.866447
38,12,4652.604924
38,13,4505.988512
38,14,4398.778786
38,18,4256.195019
38,20,4189.373710
38,22,4177.887954
38,23,4149.868257
38,24,4107.348627
38,26,4082.161907
38,29,4056.267789
39,11,5082.866447
39,12,4652.604924
39,13,4505.988512
39,14,4398.778786
39,17,4363.041913
39,18,4256.195019
39,20,4189.373710
39,22,4177.887954
39,23,4149.868257
39,24,4107.348627
39,26,4082.161907
39,29,4056.267789
40,11,5082.866447
40,12,4652.604924
40,13,4505.988512
40,14,4398.778786
40,16,4343.560472
40,18,4256.195019
40,20,4189.373710
40,22,4176.279546
40,23,4149.868257
40,24,4107.348627
40,26,4082.161907
40,29,4056.267789
41,11,5039.429494
41,12,4652.604924
41,13,4505.988512
41,14,4398.778786
41,16,4343.560472
41,18,4256.195019
41,20,4189.373710
41,22,4160.667092
41,23,4149.868257
41,24,4107.348627
41,26,4082.161907
41,29,4056.267789
42,11,4965.301556
42,12,4479.861976
42,14,4398.778786
42,16,4343.560472
42,17,4332.363231
42,18,4256.195019
42,20,4189.373710
42,22,4160.667092
42,23,4122.876738
42,24,4107.348627
42,26,4082.161907
42,29,4056.267789
43,11,4965.301556
43,12,4479.861976
43,14,4349.290870
43,15,4329.526329
43,16,4268.771997
43,18,4246.710729
43,19,4171.854178
43,22,4101.188111
43,23,4067.796474
43,28,4029.431429
44,11,4821.322451
44,12,4451.566089
44,14,4349.290870
44,15,4329.526329
44,16,4268.771997
44,18,4246.710729
44,19,4171.854178
44,22,4101.188111
44,23,4067.796474
44,28,4029.431429
45,11,4821.322451
45,12,4451.566089
45,14,4349.290870
45,15,4329.526329
45,16,4268.771997
45,18,4246.710729
45,19,4171.854178
45,22,4101.188111
45,23,4067.796474
45,28,4029.431429
46,11,4821.322451
46,12,4403.646416
46,14,4349.290870
46,15,4329.526329
46,16,4268.771997
46,18,4246.710729
46,19,4171.854178
46,22,4101.188111
46,23,4032.840192
46,28,4029.431429
47,11,4576.547937
47,12,4403.646416
47,14,4349.290870
47,15,4329.526329
47,16,4268.771997
47,18,4246.710729
47,19,4171.854178
47,22,4101.188111
47,23,4032.840192
47,28,4029.431429
48,11,4524.450747
48,12,4403.646416
48,13,4394.726946
48,14,4314.456169
48,16,4268.771997
48,18,4243.360074
48,19,4161.455797
48,22,4019.764725
48,27,4015.814090
49,11,4524.450747
49,12,4360.403468
49,14,4314.456169
49,16,4268.771997
49,18,4243.360074
49,19,4161.455797
49,21,4025.218623
49,22,4019.764725
49,27,4015.814090
50,11,4524.450747
50,12,4340.439025
50,14,4276.452201
50,16,4268.771997
50,18,4243.360074
50,19,4161.455797
50,21,4025.218623
50,22,4019.764725
50,27,4015.814090
51,11,4524.450747
51,12,4340.439025
51,14,4276.452201
51,16,4268.771997
51,17,4222.893897
51,19,4161.455797
51,21,4025.218623
51,22,4019.764725
51,27,4015.814090
52,11,4524.450747
52,12,4340.439025
52,14,4276.452201
52,16,4268.771997
52,17,4222.893897
52,19,4161.455797
52,21,4002.797351
53,11,4518.654512
53,12,4331.316207
53,14,4265.169874
53,17,4208.720250
53,19,4134.154649
53,20,4034.805079
53,21,4001.253422
54,11,4518.654512
54,12,4331.316207
54,14,4265.169874
54,15,4241.556498
54,17,4208.720250
54,19,4134.154649
54,20,4034.805079
54,21,4001.253422
55,11,4518.654512
55,12,4331.316207
55,13,4320.767507
55,14,4265.169874
55,15,4241.556498
55,16,4232.998736
55,17,4208.720250
55,19,4134.154649
55,20,4034.805079
55,21,4001.253422
56,11,4518.654512
56,12,4324.313045
56,13,4320.767507
56,14,4265.169874
56,15,4241.556498
56,16,4232.998736
56,17,4208.720250
56,18,4127.935166
56,20,4034.805079
56,21,4001.253422
57,11,4518.654512
57,12,4324.313045
57,13,4320.767507
57,14,4265.169874
57,15,4241.556498
57,16,4232.998736
57,17,4208.720250
57,18,4127.935166
57,20,4034.805079
57,21,3991.456427
58,11,4441.890983
58,12,4271.511683
58,14,4252.677947
58,15,4235.458738
58,16,4232.943022
58,17,4207.776606
58,18,4127.935166
58,20,4034.649005
58,21,3991.456427
59,11,4441.890983
59,12,4271.511683
59,14,4252.677947
59,15,4213.476963
59,17,4187.334299
59,18,4127.935166
59,19,4101.390731
59,20,4034.649005
59,21,3991.456427
60,11,4441.890983
60,12,4270.385388
60,14,4252.677947
60,15,4213.476963
60,16,4179.082366
60,17,4167.203226
60,18,4127.935166
60,19,4101.390731
60,20,4034.649005
60,21,3991.456427
60,22,3957.649416
61,11,4425.694273
61,12,4270.385388
61,14,4252.677947
61,15,4213.175811
61,16,4179.082366
61,17,4167.203226
61,18,4127.935166
61,19,4101.390731
61,20,4034.649005
61,21,3991.456427
61,22,3957.649416
62,11,4425.694273
62,12,4259.062612
62,14,4252.677947
62,15,4213.175811
62,16,4126.089164
62,19,4101.390731
62,20,4034.649005
62,21,3991.456427
62,22,3957.649416
63,11,4395.112471
63,12,4257.833891
63,14,4252.677947
63,15,4197.137247
63,16,4075.464373
63,20,4034.649005
63,21,3991.456427
63,22,3954.809180
64,11,4395.112471
64,12,4224.931701
64,15,4197.137247
64,16,4075.464373
64,20,4034.649005
64,21,3991.456427
64,22,3954.809180
65,11,4394.654437
65,12,4224.931701
65,15,4197.137247
65,16,4075.464373
65,20,4034.649005
65,21,3989.870337
65,22,3954.809180
66,11,4394.654437
66,12,4224.931701
66,13,4208.453623
66,15,4197.137247
66,16,4075.464373
66,20,4034.649005
66,21,3989.870337
66,22,3954.809180
67,11,4394.654437
67,12,4224.931701
67,13,4207.692612
67,15,4197.137247
67,16,4075.464373
67,20,4034.649005
67,21,3947.070475
68,10,4384.437524
68,12,4224.931701
68,13,4193.640082
68,14,4121.982898
68,16,4074.239532
68,20,4034.649005
68,21,3947.070475
69,10,4384.437524
69,12,4224.931701
69,13,4193.640082
69,14,4121.982898
69,16,4074.239532
69,20,4034.649005
69,21,3947.070475
70,10,4384.437524
70,11,4376.936462
70,12,4224.931701
70,13,4193.640082
70,14,4121.982898
70,16,4074.239532
70,20,4034.649005
70,21,3947.070475
71,10,4384.437524
71,11,4376.936462
71,12,4224.931701
71,13,4193.640082
71,14,4121.982898
71,16,4074.239532
71,20,4034.649005
71,21,3947.070475
72,10,4384.437524
72,11,4376.936462
72,12,4191.472524
72,14,4121.982898
72,16,4074.239532
72,20,4020.482243
72,21,3947.070475
73,10,4365.103425
73,12,4154.961003
73,14,4117.545402
73,15,4067.818963
73,19,4016.081819
73,21,3947.070475
74,10,4365.103425
74,12,4154.961003
74,14,4117.116158
74,15,4067.818963
74,19,4016.081819
74,21,3942.384388
75,10,4365.103425
75,11,4334.407644
75,12,4154.961003
75,14,4117.116158
75,15,4067.818963
75,19,4016.081819
75,21,3942.384388
76,10,4365.103425
76,11,4334.407644
76,12,4154.961003
76,14,4117.116158
76,15,4067.818963
76,19,4016.081819
76,21,3942.384388
77,10,4365.103425
77,11,4334.407644
77,12,4154.961003
77,14,4117.116158
77,15,4067.818963
77,19,4016.081819
77,21,3941.814155
78,10,4334.335375
78,11,4317.451503
78,12,4154.961003
78,14,4116.329415
78,15,4067.818963
78,19,4007.593912
78,21,3932.004988
79,10,4334.335375
79,11,4228.808253
79,12,4154.961003
79,14,4116.329415
79,15,4058.155767
79,19,4007.593912
79,21,3932.004988
80,10,4334.335375
80,11,4228.808253
80,12,4140.191021
80,14,4116.329415
80,15,4058.155767
80,19,4007.593912
80,21,3932.004988
81,10,4334.335375
81,11,4228.808253
81,12,4140.191021
81,14,4116.329415
81,15,4058.155767
81,19,4007.593912
81,21,3932.004988
82,10,4334.335375
82,11,4228.808253
82,12,4140.191021
82,14,4116.329415
82,15,4058.155767
82,18,4046.759954
82,19,4007.593912
82,21,3932.004988
82,25,3926.567714
83,10,4325.548524
83,11,4227.455959
83,12,4140.191021
83,14,4111.243256
83,15,4058.155767
83,17,4017.227474
83,19,4007.593912
83,21,3932.004988
83,24,3904.060074
84,10,4325.548524
84,11,4227.455959
84,12,4140.191021
84,14,4102.513215
84,15,4058.155767
84,17,4017.227474
84,19,4007.593912
84,21,3932.004988
84,24,3904.060074
85,10,4325.548524
85,11,4227.455959
85,12,4136.862805
85,14,4102.513215
85,15,4058.155767
85,17,4017.227474
85,19,4007.593912
85,20,3990.916866
85,21,3932.004988
85,24,3904.060074
86,10,4325.548524
86,11,4227.455959
86,12,4136.862805
86,13,4120.615331
86,14,4102.513215
86,15,4058.155767
86,17,4017.227474
86,19,4007.593912
86,20,3990.916866
86,21,3932.004988
86,24,3904.060074
87,10,4325.548524
87,11,4227.455959
87,12,4136.862805
87,13,4120.615331
87,14,4102.513215
87,15,4058.155767
87,16,4054.698750
87,17,4017.227474
87,19,4007.593912
87,20,3990.916866
87,21,3932.004988
87,24,3904.060074
88,10,4325.548524
88,11,4227.455959
88,12,4136.862805
88,13,4116.909490
88,14,4096.499767
88,15,4052.192922
88,16,4052.186271
88,17,4017.227474
88,19,3992.131030
88,20,3962.677112
88,21,3929.308618
88,23,3905.529486
88,24,3904.060074
89,10,4325.548524
89,11,4227.455959
89,12,4136.862805
89,13,4116.909490
89,14,4096.499767
89,15,4052.192922
89,16,4052.186271
89,17,4017.227474
89,19,3992.131030
89,20,3962.677112
89,21,3929.308618
89,23,3905.529486
89,24,3904.060074
90,10,4325.548524
90,11,4214.399601
90,12,4136.862805
90,13,4116.909490
90,14,4028.066515
90,15,4025.062901
90,17,4017.227474
90,19,3992.131030
90,20,3926.743701
90,23,3905.529486
90,24,3904.060074
91,10,4325.548524
91,11,4214.399601
91,12,4136.862805
91,13,4116.909490
91,14,4028.066515
91,15,4025.062901
91,17,3953.926199
91,20,3922.111787
91,23,3905.529486
91,24,3904.060074
92,10,4325.548524
92,11,4214.399601
92,12,4136.862805
92,13,4116.909490
92,14,4028.066515
92,15,4025.062901
92,16,4019.847965
92,17,3953.926199
92,20,3922.111787
92,23,3905.529486
92,24,3904.060074
93,10,4325.548524
93,11,4214.399601
93,12,4085.601711
93,14,4028.066515
93,15,4024.321108
93,16,3991.686285
93,17,3953.926199
93,20,3914.254784
93,23,3884.248966
94,10,4324.027626
94,11,4214.399601
94,12,4085.601711
94,14,4009.417054
94,16,3991.686285
94,17,3953.926199
94,20,3914.254784
94,23,3884.248966
95,10,4318.675703
95,11,4214.399601
95,12,4075.630242
95,13,4068.914174
95,14,4009.417054
95,16,3991.686285
95,17,3953.926199
95,20,3914.254784
95,23,3884.248966
96,10,4318.675703
96,11,4188.137465
96,12,4071.258811
96,13,4068.914174
96,14,4009.417054
96,16,3991.686285
96,17,3953.926199
96,20,3914.254784
96,23,3884.248966
97,10,4312.976200
97,11,4188.137465
97,12,4071.258811
97,13,4068.914174
97,14,4009.417054
97,16,3991.686285
97,17,3953.926199
97,20,3914.254784
97,23,3884.248966
98,10,4290.059454
98,11,4187.774871
98,12,4066.476352
98,13,4065.459337
98,14,4008.340511
98,16,3991.686285
98,17,3951.464790
98,20,3913.181844
98,22,3872.799067
99,10,4268.153537
99,11,4187.774871
99,12,4066.476352
99,13,4065.459337
99,14,4008.340511
99,16,3991.686285
99,17,3951.464790
99,20,3913.181844
99,22,3872.799067
100,10,4268.153537
100,11,4187.774871
100,12,4066.476352
100,13,4062.739163
100,14,4008.340511
100,16,3991.686285
100,17,3951.464790
100,20,3913.181844
100,22,3872.799067
101,10,4268.153537
101,11,4187.774871
101,12,4060.776018
101,13,4057.389786
101,14,4008.340511
101,16,3991.686285
101,17,3951.464790
101,20,3913.181844
101,22,3872.799067
102,10,4265.187548
102,11,4187.774871
102,12,4060.776018
102,13,4057.389786
102,14,4008.340511
102,16,3991.686285
102,17,3951.464790
102,20,3913.181844
102,22,3872.799067
103,10,4187.175019
103,12,4034.217223
103,14,4008.340511
103,16,3990.873453
103,17,3951.206392
103,18,3948.771122
103,20,3899.916555
103,22,3869.570843
104,10,4187.175019
104,11,4182.291801
104,12,4034.217223
104,14,4008.340511
104,15,3995.966347
104,16,3985.993078
104,17,3951.206392
104,18,3948.771122
104,20,3899.916555
104,22,3869.570843
105,10,4187.175019
105,11,4182.291801
105,12,4013.657462
105,14,4008.340511
105,15,3995.966347
105,16,3945.914539
105,20,3899.916555
105,22,3869.570843
106,10,4187.175019
106,11,4182.291801
106,12,4013.657462
106,14,4008.340511
106,15,3995.966347
106,16,3945.914539
106,20,3899.916555
106,22,3869.570843
107,10,4187.175019
107,11,4051.764748
107,12,4002.621327
107,14,3998.288854
107,15,3995.966347
107,16,3934.144907
107,18,3926.386655
107,20,3899.916555
107,22,3869.570843
108,10,4184.808151
108,11,4044.673041
108,12,3972.648487
108,16,3934.144907
108,18,3926.386655
108,20,3892.604061
108,22,3863.242407
109,10,4184.808151
109,11,4044.673041
109,12,3972.648487
109,16,3928.414771
109,18,3926.386655
109,20,3892.604061
109,22,3863.242407
110,10,4184.808151
110,11,4044.673041
110,12,3972.648487
110,15,3948.948968
110,16,3926.352663
110,20,3892.604061
110,22,3863.242407
111,10,4184.808151
111,11,4044.673041
111,12,3969.174612
111,15,3948.948968
111,16,3926.352663
111,18,3920.450192
111,20,3892.604061
111,22,3863.242407
112,10,4184.808151
112,11,4044.673041
112,12,3969.174612
112,15,3948.948968
112,16,3926.352663
112,18,3920.450192
112,20,3892.604061
112,22,3863.242407
113,10,4184.269963
113,11,4019.663113
113,12,3969.174612
113,15,3948.663495
113,16,3922.846768
113,18,3920.450192
113,20,3892.604061
113,22,3863.242407
114,10,4184.269963
114,11,3997.047543
114,12,3954.332588
114,15,3948.663495
114,16,3922.846768
114,18,3920.450192
114,20,3892.604061
114,22,3863.242407
115,10,4184.269963
115,11,3997.047543
115,12,3954.332588
115,15,3948.663495
115,16,3922.846768
115,18,3920.450192
115,20,3892.604061
115,22,3863.242407
116,10,4184.269963
116,11,3997.047543
116,12,3954.332588
116,15,3948.663495
116,16,3922.846768
116,18,3920.450192
116,20,3892.604061
116,22,3863.242407
117,10,4184.269963
117,11,3997.047543
117,12,3954.332588
117,15,3948.663495
117,16,3922.846768
117,17,3901.112916
117,20,3892.604061
117,21,3879.227729
117,22,3863.242407
118,10,4168.952634
118,11,3976.429337
118,12,3943.235454
118,16,3918.032002
118,17,3901.076955
118,20,3862.022600
119,10,4168.952634
119,11,3976.429337
119,12,3943.235454
119,14,3917.472087
119,17,3901.076955
119,20,3862.022600
120,10,4168.952634
120,11,3976.429337
120,12,3943.235454
120,14,3917.472087
120,17,3901.076955
120,20,3862.022600
121,10,4168.952634
121,11,3976.429337
121,12,3943.235454
121,14,3917.472087
121,17,3901.076955
121,20,3862.022600
122,10,4168.952634
122,11,3976.429337
122,12,3943.235454
122,14,3917.472087
122,17,3901.076955
122,20,3862.022600
123,10,4168.928778
123,11,3976.429337
123,12,3943.235454
123,13,3935.474198
123,14,3916.926109
123,17,3900.088043
123,20,3853.212614
124,10,4168.928778
124,11,3976.429337
124,12,3943.235454
124,13,3935.474198
124,14,3916.926109
124,17,3900.088043
124,20,3853.212614
125,10,4168.928778
125,11,3976.429337
125,12,3940.445502
125,13,3935.474198
125,14,3916.926109
125,17,3900.088043
125,20,3853.212614
126,10,4168.928778
126,11,3976.429337
126,12,3940.445502
126,13,3935.474198
126,14,3916.926109
126,17,3900.088043
126,20,3853.212614
127,10,4168.928778
127,11,3976.429337
127,12,3940.445502
127,13,3932.334719
127,14,3916.926109
127,17,3900.088043
127,20,3853.212614
128,10,4155.663962
128,11,3970.373050
128,12,3940.445502
128,13,3932.333301
128,14,3916.926109
128,17,3900.088043
128,20,3853.212614
129,10,4155.663962
129,11,3970.373050
129,12,3913.699298
129,17,3900.088043
129,20,3853.212614
130,10,4155.663962
130,11,3970.373050
130,12,3908.009775
130,17,3900.088043
130,20,3853.212614
131,10,4155.663962
131,11,3970.373050
131,12,3908.009775
131,14,3898.982054
131,16,3897.896286
131,20,3853.212614
132,9,4882.770484
132,10,4155.663962
132,11,3956.224626
132,12,3908.009775
132,13,3904.618032
132,14,3885.332197
132,18,3875.418892
132,20,3853.212614
133,9,4882.770484
133,10,4155.663962
133,11,3956.224626
133,12,3908.009775
133,13,3904.618032
133,14,3885.332197
133,18,3875.418892
133,20,3853.212614
134,9,4882.770484
134,10,4155.663962
134,11,3956.224626
134,12,3908.009775
134,13,3904.618032
134,14,3885.332197
134,18,3875.418892
134,19,3875.374978
134,20,3853.212614
135,9,4702.502043
135,10,4155.663962
135,11,3956.224626
135,12,3908.009775
135,13,3904.618032
135,14,3885.332197
135,18,3874.846272
135,20,3853.212614
136,9,4702.502043
136,10,4155.663962
136,11,3956.224626
136,12,3908.009775
136,13,3904.618032
136,14,3885.113712
136,18,3874.846272
136,20,3853.212614
137,9,4481.945022
137,10,4152.874427
137,11,3934.077717
137,12,3908.009775
137,13,3901.657175
137,14,3883.666676
137,18,3872.471904
137,19,3866.153996
137,20,3846.976684
138,9,4481.945022
138,10,4152.874427
138,11,3934.077717
138,12,3884.431603
138,14,3876.391376
138,18,3872.471904
138,19,3862.706318
138,20,3846.976684
139,9,4481.945022
139,10,4149.482643
139,11,3934.077717
139,12,3884.431603
139,14,3876.391376
139,15,3845.078488
139,17,3820.586980
139,18,3818.648549
140,9,4481.945022
140,10,4149.482643
140,11,3934.077717
140,12,3878.858634
140,13,3877.404508
140,14,3876.391376
140,15,3845.078488
140,17,3820.586980
140,18,3818.648549
141,9,4481.945022
141,10,4146.956837
141,11,3934.077717
141,12,3878.858634
141,13,3877.404508
141,14,3849.354228
141,15,3845.078488
141,17,3820.586980
141,18,3818.648549
142,9,4475.651409
142,10,4127.617393
142,11,3927.746267
142,12,3878.858634
142,13,3877.404508
142,14,3849.354228
142,15,3835.332916
142,17,3820.586980
142,18,3818.648549
143,9,4475.651409
143,10,4127.617393
143,11,3927.746267
143,12,3878.858634
143,13,3877.404508
143,14,3849.354228
143,15,3835.332916
143,17,3820.586980
143,18,3818.648549
144,9,4475.651409
144,10,4127.617393
144,11,3927.746267
144,12,3878.858634
144,13,3877.404508
144,14,3849.354228
144,15,3835.332916
144,17,3820.586980
144,18,3818.648549
145,9,4436.242160
145,10,4127.617393
145,11,3927.746267
145,12,3878.858634
145,13,3864.275900
145,14,3849.354228
145,15,3835.332916
145,17,3820.586980
145,18,3818.648549
146,9,4436.242160
146,10,4127.617393
146,11,3927.746267
146,12,3878.858634
146,13,3864.275900
146,14,3849.354228
146,15,3835.332916
146,17,3820.586980
146,18,3818.648549
147,9,4418.187149
147,10,4123.034475
147,11,3926.070517
147,12,3878.858634
147,13,3847.007502
147,14,3834.483505
147,17,3820.586980
147,18,3807.609372
148,9,4207.651378
148,10,4123.034475
148,11,3926.070517
148,12,3878.858634
148,13,3847.007502
148,14,3834.483505
148,17,3820.586980
148,18,3807.609372
149,9,4207.592785
149,10,4123.034475
149,11,3926.070517
149,12,3878.858634
149,13,3847.007502
149,14,3834.483505
149,17,3820.586980
149,18,3807.609372
150,9,4207.592785
150,10,4123.034475
150,11,3926.070517
150,12,3878.858634
150,13,3847.007502
150,14,3834.483505
150,17,3820.586980
150,18,3807.609372
151,9,4207.592785
151,10,4123.034475
151,11,3926.070517
151,12,3878.858634
151,13,3847.007502
151,14,3834.483505
151,17,3820.586980
151,18,3807.609372
152,9,4194.785264
152,10,4122.607426
152,11,3902.881287
152,12,3874.839515
152,13,3847.007502
152,14,3834.483505
152,17,3820.586980
152,18,3806.993681
152,19,3805.965824
153,9,4194.785264
153,10,4122.607426
153,11,3902.881287
153,12,3874.839515
153,13,3847.007502
153,14,3834.483505
153,17,3820.586980
153,18,3806.993681
153,19,3805.965824
154,9,4194.785264
154,10,4122.607426
154,11,3902.881287
154,12,3869.369633
154,13,3847.007502
154,14,3834.483505
154,17,3820.586980
154,18,3806.993681
154,19,3805.965824
155,9,4194.785264
155,10,4122.607426
155,11,3902.881287
155,12,3869.369633
155,13,3847.007502
155,14,3834.483505
155,17,3820.586980
155,18,3806.993681
155,19,3805.965824
156,9,4194.785264
156,10,4122.607426
156,11,3902.881287
156,12,3869.369633
156,13,3847.007502
156,14,3834.315186
156,17,3820.586980
156,18,3806.993681
156,19,3805.965824
157,9,4191.203702
157,10,4107.320693
157,11,3884.044503
157,12,3864.482202
157,13,3845.154333
157,14,3834.315186
157,17,3817.343392
157,18,3806.993681
157,19,3802.375806
158,9,4191.203702
158,10,4107.320693
158,11,3884.044503
158,12,3864.482202
158,13,3845.154333
158,14,3834.315186
158,17,3817.343392
158,18,3806.993681
158,19,3802.375806
159,9,4191.203702
159,10,4107.320693
159,11,3884.044503
159,12,3846.536158
159,13,3845.154333
159,14,3833.883427
159,17,3817.343392
159,18,3806.993681
159,19,3802.375806
160,9,4191.203702
160,10,3949.770629
160,11,3884.044503
160,12,3846.536158
160,13,3845.154333
160,14,3833.883427
160,17,3817.343392
160,18,3806.993681
160,19,3802.375806
161,9,4191.203702
161,10,3949.770629
161,11,3884.044503
161,12,3846.536158
161,13,3845.154333
161,14,3833.883427
161,17,3817.343392
161,18,3806.993681
161,19,3802.375806
162,9,4191.203702
162,10,3949.770629
162,11,3884.044503
162,12,3836.355885
162,14,3830.003767
162,17,3817.343392
162,18,3806.993681
162,19,3801.690252
163,9,4191.203702
163,10,3949.770629
163,11,3884.044503
163,12,3836.355885
163,14,3830.003767
163,15,3816.378589
163,18,3806.993681
163,19,3801.690252
164,9,4191.203702
164,10,3949.770629
164,11,3884.044503
164,12,3836.355885
164,13,3832.046805
164,14,3830.003767
164,15,3816.378589
164,18,3806.993681
164,19,3801.690252
165,9,4191.203702
165,10,3949.770629
165,11,3884.044503
165,12,3836.355885
165,13,3832.046805
165,14,3830.003767
165,15,3816.378589
165,18,3806.993681
165,19,3801.690252
166,9,4191.203702
166,10,3949.770629
166,11,3884.044503
166,12,3836.355885
166,13,3832.046805
166,14,3827.273345
166,15,3816.378589
166,18,3806.993681
166,19,3801.690252
167,9,4171.989069
167,10,3945.756581
167,11,3883.632168
167,12,3836.355885
167,13,3832.046805
167,14,3827.273345
167,15,3816.378589
167,17,3782.971334
168,9,4171.989069
168,10,3945.756581
168,11,3883.632168
168,12,3836.355885
168,13,3832.046805
168,14,3819.882262
168,15,3816.378589
168,17,3782.971334
169,9,4171.989069
169,10,3945.756581
169,11,3883.632168
169,12,3836.355885
169,13,3832.046805
169,14,3819.882262
169,15,3816.378589
169,17,3782.971334
169,18,3759.142371
170,9,4171.989069
170,10,3945.756581
170,11,3883.632168
170,12,3836.355885
170,13,3832.046805
170,14,3819.882262
170,15,3816.378589
170,17,3782.971334
170,18,3759.142371
171,9,4171.989069
171,10,3945.756581
171,11,3883.241824
171,12,3836.355885
171,13,3832.046805
171,14,3819.882262
171,15,3816.378589
171,16,3814.821383
171,17,3782.971334
171,18,3759.142371
172,9,4149.046258
172,10,3942.999673
172,11,3882.764636
172,12,3835.701385
172,13,3831.707176
172,14,3818.456012
172,15,3816.378589
172,16,3814.820394
172,17,3780.399337
172,18,3758.691086
173,9,4149.046258
173,10,3942.999673
173,11,3882.764636
173,12,3835.701385
173,13,3831.707176
173,14,3818.456012
173,15,3816.378589
173,16,3814.820394
173,17,3780.399337
173,18,3758.691086
174,9,4149.046258
174,10,3942.999673
174,11,3882.764636
174,12,3835.701385
174,13,3831.707176
174,14,3818.456012
174,15,3816.378589
174,16,3814.820394
174,17,3780.399337
174,18,3758.691086
175,9,4149.046258
175,10,3942.999673
175,11,3882.764636
175,12,3835.701385
175,13,3820.883005
175,14,3818.456012
175,15,3814.844219
175,16,3814.820394
175,17,3780.399337
175,18,3758.691086
176,9,4149.046258
176,10,3942.999673
176,11,3882.764636
176,12,3835.701385
176,13,3817.386895
176,15,3814.844219
176,16,3814.820394
176,17,3780.399337
176,18,3758.691086
177,9,4115.027817
177,10,3942.135801
177,11,3882.764636
177,12,3811.113636
177,15,3794.828013
177,17,3780.399337
177,18,3758.691086
178,9,4115.027817
178,10,3929.868464
178,11,3882.764636
178,12,3811.113636
178,15,3794.828013
178,17,3780.399337
178,18,3758.691086
179,9,4115.027817
179,10,3929.868464
179,11,3867.341199
179,12,3811.113636
179,15,3794.828013
179,17,3780.399337
179,18,3758.691086
180,9,4115.027817
180,10,3916.590227
180,11,3867.341199
180,12,3811.113636
180,14,3802.073006
180,15,3794.828013
180,17,3780.399337
180,18,3758.691086
181,9,4115.027817
181,10,3916.590227
181,11,3863.544254
181,12,3811.113636
181,13,3804.646590
181,14,3802.073006
181,15,3794.828013
181,17,3780.399337
181,18,3758.691086
182,9,4115.027817
182,10,3916.290197
182,11,3863.049005
182,12,3811.113636
182,13,3804.486784
182,14,3802.073006
182,15,3794.828013
182,17,3775.912670
182,18,3757.112804
183,9,4115.027817
183,10,3908.423589
183,11,3863.049005
183,12,3811.113636
183,13,3804.486784
183,14,3802.073006
183,15,3794.828013
183,17,3768.053112
183,18,3757.112804
184,9,4115.027817
184,10,3908.423589
184,11,3863.049005
184,12,3811.113636
184,13,3804.486784
184,14,3802.073006
184,15,3794.828013
184,17,3768.053112
184,18,3757.112804
185,9,4058.016147
185,10,3908.423589
185,11,3863.049005
185,12,3811.113636
185,13,3804.486784
185,14,3802.073006
185,15,3794.828013
185,17,3768.053112
185,18,3757.112804
186,9,4058.016147
186,10,3908.423589
186,11,3838.093801
186,12,3811.113636
186,13,3804.486784
186,14,3802.073006
186,15,3794.828013
186,17,3768.053112
186,18,3757.112804
187,9,4033.763613
187,10,3899.698225
187,11,3838.093801
187,12,3809.480138
187,13,3804.486784
187,14,3802.073006
187,15,3794.108830
187,17,3768.053112
187,18,3757.112804
188,9,4033.763613
188,10,3899.698225
188,11,3838.093801
188,12,3809.480138
188,13,3804.486784
188,14,3802.073006
188,15,3794.108830
188,17,3768.053112
188,18,3757.112804
189,9,4033.763613
189,10,3899.698225
189,11,3838.093801
189,12,3809.480138
189,13,3804.486784
189,14,3802.073006
189,15,3794.108830
189,17,3768.053112
189,18,3757.112804
190,9,4033.763613
190,10,3899.698225
190,11,3838.093801
190,12,3797.090990
190,15,3794.108830
190,17,3768.053112
190,18,3757.112804
191,9,3903.611730
191,10,3899.698225
191,11,3838.093801
191,12,3797.090990
191,15,3794.108830
191,17,3767.051868
191,18,3757.112804
192,9,3903.611730
192,10,3899.698225
192,11,3834.786635
192,12,3796.649040
192,15,3794.108830
192,17,3767.051868
192,18,3757.112804
193,9,3903.611730
193,10,3899.698225
193,11,3830.563601
193,12,3796.649040
193,15,3794.108830
193,17,3767.051868
193,18,3757.112804
194,9,3903.611730
194,10,3899.698225
194,11,3821.270776
194,12,3796.649040
194,15,3794.108830
194,17,3767.051868
194,18,3757.112804
195,9,3894.276021
195,11,3821.270776
195,12,3796.649040
195,15,3794.108830
195,17,3767.051868
195,18,3757.112804
196,9,3894.276021
196,11,3821.270776
196,12,3796.649040
196,15,3794.108830
196,17,3767.051868
196,18,3757.112804
197,9,3894.276021
197,11,3821.270776
197,12,3796.649040
197,15,3786.090823
197,17,3767.051868
197,18,3757.112804
198,9,3894.276021
198,11,3821.270776
198,12,3796.649040
198,14,3787.177427
198,15,3786.090823
198,17,3762.383547
198,18,3757.112804
199,9,3894.276021
199,11,3821.270776
199,12,3793.984272
199,14,3787.177427
199,15,3783.530897
199,16,3776.978424
199,17,3758.123396
199,18,3757.112804
200,9,3887.194402
200,11,3821.270776
200,12,3793.984272
200,14,3787.177427
200,15,3783.530897
200,16,3776.978424
200,17,3758.123396
200,18,3754.174560
201,9,3887.194402
201,11,3821.270776
201,12,3793.087901
201,14,3787.177427
201,15,3783.530897
201,16,3776.978424
201,17,3758.123396
201,18,3754.174560
202,9,3886.782461
202,11,3820.077359
202,12,3793.087901
202,14,3787.119676
202,15,3783.530897
202,16,3775.838417
202,17,3758.123396
202,18,3752.210723
203,9,3886.782461
203,11,3820.077359
203,12,3793.087901
203,13,3792.735155
203,14,3787.119676
203,15,3783.530897
203,16,3775.838417
203,17,3758.123396
203,18,3752.210723
204,9,3886.782461
204,11,3820.077359
204,12,3793.087901
204,13,3792.735155
204,14,3781.294879
204,16,3775.838417
204,17,3758.123396
204,18,3752.210723
205,9,3882.306343
205,11,3820.077359
205,12,3793.087901
205,13,3792.735155
205,14,3781.294879
205,16,3775.838417
205,17,3758.123396
205,18,3752.210723
206,9,3882.306343
206,11,3820.077359
206,12,3792.049036
206,14,3781.294879
206,16,3775.838417
206,17,3758.123396
206,18,3752.210723
207,9,3880.492133
207,11,3820.069296
207,12,3792.049036
207,14,3773.358756
207,17,3757.632314
207,18,3752.210723
208,9,3880.492133
208,10,3860.371640
208,11,3820.069296
208,12,3792.049036
208,14,3773.358756
208,16,3758.952793
208,17,3757.632314
208,18,3752.210723
209,9,3880.492133
209,10,3860.371640
209,11,3820.069296
209,12,3792.049036
209,13,3787.719545
209,14,3773.358756
209,16,3758.952793
209,17,3757.632314
209,18,3752.210723
210,9,3880.492133
210,10,3857.935264
210,11,3820.069296
210,12,3792.049036
210,13,3787.719545
210,14,3773.358756
210,16,3758.952793
210,17,3757.632314
210,18,3752.210723
211,9,3880.492133
211,10,3852.579421
211,11,3820.069296
211,12,3792.049036
211,13,3764.205499
211,16,3758.952793
211,17,3757.632314
211,18,3752.210723
212,9,3877.212928
212,10,3852.579421
212,11,3817.785038
212,12,3789.352829
212,13,3764.205499
212,15,3742.273405
213,9,3877.212928
213,10,3852.506034
213,11,3817.785038
213,12,3789.352829
213,13,3764.205499
213,15,3742.273405
214,9,3877.212928
214,10,3852.506034
214,11,3817.785038
214,12,3782.095602
214,13,3764.205499
214,15,3742.273405
215,9,3877.212928
215,10,3852.506034
215,11,3817.785038
215,12,3782.095602
215,13,3764.205499
215,15,3742.273405
216,9,3877.212928
216,10,3852.506034
216,11,3817.785038
216,12,3782.095602
216,13,3764.205499
216,15,3742.273405
217,9,3876.326645
217,10,3850.112682
217,11,3814.954103
217,12,3780.489731
217,13,3764.205499
217,15,3740.995546
218,9,3876.326645
218,10,3850.112682
218,11,3814.954103
218,12,3780.489731
218,13,3764.205499
218,15,3740.995546
219,9,3876.326645
219,10,3850.112682
219,11,3814.954103
219,12,3780.489731
219,13,3764.205499
219,15,3740.995546
220,9,3876.326645
220,10,3850.112682
220,11,3814.954103
220,12,3780.489731
220,13,3764.205499
220,14,3763.597485
220,15,3740.995546
221,9,3876.326645
221,10,3850.112682
221,11,3814.954103
221,12,3780.489731
221,13,3764.205499
221,14,3763.597485
221,15,3740.995546
222,9,3876.264331
222,10,3847.574324
222,11,3814.954103
222,12,3780.489731
222,13,3763.822900
222,14,3762.888185
222,15,3740.995546
223,9,3876.264331
223,10,3847.574324
223,11,3814.954103
223,12,3780.489731
223,13,3763.822900
223,14,3762.888185
223,15,3740.995546
224,9,3869.056594
224,10,3847.574324
224,11,3812.974982
224,12,3780.489731
224,13,3763.822900
224,14,3762.888185
224,15,3740.995546
225,9,3869.056594
225,10,3841.784382
225,11,3812.974982
225,12,3780.489731
225,13,3763.822900
225,14,3762.888185
225,15,3740.995546
226,9,3869.056594
226,10,3841.784382
226,11,3807.250549
226,12,3780.489731
226,13,3763.822900
226,14,3762.888185
226,15,3740.995546
227,9,3869.056594
227,10,3841.784382
227,11,3807.250549
227,12,3780.489731
227,13,3761.018628
227,15,3740.995546
228,9,3869.056594
228,10,3841.784382
228,11,3807.250549
228,12,3761.986334
228,13,3761.018628
228,15,3740.995546
229,9,3869.056594
229,10,3841.784382
229,11,3807.250549
229,12,3761.986334
229,13,3761.018628
229,15,3740.995546
230,9,3869.056594
230,10,3841.784382
230,11,3807.250549
230,12,3761.986334
230,13,3761.018628
230,14,3752.580411
230,15,3740.995546
231,9,3869.056594
231,10,3841.784382
231,11,3807.250549
231,12,3761.986334
231,13,3761.018628
231,14,3752.580411
231,15,3740.995546
232,9,3869.056594
232,10,3841.784382
232,11,3806.976552
232,12,3761.986334
232,13,3758.116124
232,14,3752.580411
232,15,3740.995546
233,9,3869.056594
233,10,3841.784382
233,11,3806.976552
233,12,3761.986334
233,13,3758.116124
233,14,3752.580411
233,15,3735.121870
234,9,3869.056594
234,10,3841.784382
234,11,3806.976552
234,12,3761.986334
234,13,3758.116124
234,14,3745.135499
234,15,3735.121870
235,9,3869.056594
235,10,3841.784382
235,11,3806.976552
235,12,3761.986334
235,13,3752.701059
235,14,3745.135499
235,15,3735.121870
236,9,3858.504078
236,10,3841.784382
236,11,3806.976552
236,12,3761.986334
236,13,3752.701059
236,14,3745.135499
236,15,3735.121870
237,9,3856.151636
237,10,3841.605461
237,11,3796.421628
237,12,3761.986334
237,13,3752.701059
237,14,3745.135499
237,15,3733.965885
238,9,3850.497763
238,10,3841.605461
238,11,3796.421628
238,12,3761.986334
238,13,3752.701059
238,14,3745.135499
238,15,3729.421828
239,9,3850.497763
239,10,3841.605461
239,11,3796.421628
239,12,3761.986334
239,13,3752.701059
239,14,3745.135499
239,15,3729.421828
240,9,3850.497763
240,10,3817.924416
240,11,3796.421628
240,12,3761.986334
240,13,3751.533237
240,14,3745.135499
240,15,3729.421828
241,9,3850.497763
241,10,3817.924416
241,11,3796.421628
241,12,3761.986334
241,13,3751.533237
241,14,3745.135499
241,15,3729.421828
242,9,3846.592015
242,10,3815.022046
242,11,3784.098378
242,12,3752.231680
242,13,3751.533237
242,14,3743.282978
242,15,3729.421828
243,9,3846.592015
243,10,3815.022046
243,11,3784.098378
243,12,3752.231680
243,13,3751.533237
243,14,3743.282978
243,15,3729.421828
244,9,3846.592015
244,10,3815.022046
244,11,3784.098378
244,12,3752.231680
244,13,3751.533237
244,14,3743.282978
244,15,3729.421828
245,9,3846.592015
245,10,3815.022046
245,11,3784.098378
245,12,3752.231680
245,13,3751.533237
245,14,3743.282978
245,15,3729.421828
246,9,3846.592015
246,10,3815.022046
246,11,3784.098378
246,12,3752.231680
246,13,3751.533237
246,14,3743.282978
246,15,3729.421828
247,9,3846.592015
247,10,3814.842050
247,11,3783.795265
247,12,3752.231680
247,13,3751.533237
247,14,3743.282978
247,15,3717.194967
248,9,3846.592015
248,10,3814.842050
248,11,3778.794795
248,12,3751.368873
248,14,3740.387312
248,15,3717.194967
249,9,3846.592015
249,10,3814.842050
249,11,3778.794795
249,12,3751.368873
249,14,3740.387312
249,15,3717.194967
250,9,3846.592015
250,10,3814.842050
250,11,3778.794795
250,12,3751.368873
250,13,3748.091001
250,14,3740.387312
250,15,3717.194967
251,9,3846.592015
251,10,3810.616823
251,11,3778.794795
251,12,3751.368873
251,13,3748.091001
251,14,3740.387312
251,15,3717.194967
252,9,3846.522133
252,10,3810.616823
252,11,3778.794795
252,12,3747.524459
252,14,3737.343352
252,15,3702.008916
253,9,3844.044107
253,10,3810.616823
253,11,3778.794795
253,12,3747.524459
253,14,3737.343352
253,15,3702.008916
254,9,3844.044107
254,10,3810.616823
254,11,3778.794795
254,12,3747.524459
254,14,3737.343352
254,15,3702.008916
255,9,3844.044107
255,10,3810.616823
255,11,3778.794795
255,12,3747.524459
255,14,3737.343352
255,15,3702.008916
256,9,3844.044107
256,10,3810.616823
256,11,3778.794795
256,12,3747.524459
256,14,3737.343352
256,15,3702.008916
257,9,3844.044107
257,10,3805.121260
257,11,3778.618863
257,12,3745.205660
257,14,3728.262154
257,15,3700.219908
258,9,3841.542669
258,10,3805.121260
258,11,3778.618863
258,12,3745.205660
258,14,3728.262154
258,15,3700.219908
259,9,3841.542669
259,10,3805.121260
259,11,3776.277359
259,12,3745.205660
259,14,3728.262154
259,15,3700.219908
260,9,3841.542669
260,10,3805.121260
260,11,3776.277359
260,12,3745.205660
260,14,3728.262154
260,15,3700.219908
261,9,3841.542669
261,10,3805.121260
261,11,3776.277359
261,12,3745.205660
261,14,3728.262154
261,15,3700.219908
262,9,3841.542669
262,10,3804.483556
262,11,3776.277359
262,12,3745.205660
262,14,3727.380657
262,15,3699.757345
263,9,3841.542669
263,10,3804.483556
263,11,3776.277359
263,12,3745.205660
263,14,3727.380657
263,15,3699.757345
264,9,3841.542669
264,10,3804.483556
264,11,3776.277359
264,12,3745.205660
264,14,3727.380657
264,15,3699.757345
265,9,3841.542669
265,10,3804.483556
265,11,3776.277359
265,12,3741.861212
265,14,3727.380657
265,15,3699.757345
266,9,3841.542669
266,10,3804.483556
266,11,3775.017615
266,12,3741.861212
266,14,3727.380657
266,15,3699.757345
267,9,3841.542669
267,10,3802.805639
267,11,3770.461675
267,12,3741.861212
267,13,3740.129617
267,14,3727.380657
267,15,3699.489499
268,9,3841.542669
268,10,3802.805639
268,11,3770.461675
268,12,3741.861212
268,13,3740.129617
268,14,3727.380657
268,15,3699.489499
269,9,3841.542669
269,10,3802.805639
269,11,3763.053241
269,12,3741.861212
269,13,3740.129617
269,14,3727.380657
269,15,3699.489499
270,9,3841.542669
270,10,3802.805639
270,11,3763.053241
270,12,3741.861212
270,13,3740.129617
270,14,3727.380657
270,15,3699.489499
271,9,3841.542669
271,10,3802.805639
271,11,3763.053241
271,12,3741.861212
271,13,3732.928227
271,14,3727.380657
271,15,3699.489499
272,9,3841.542669
272,10,3802.805639
272,11,3763.053241
272,12,3741.134123
272,13,3732.928227
272,14,3727.380657
272,15,3696.824308
273,9,3841.542669
273,10,3802.805639
273,11,3763.053241
273,12,3741.134123
273,13,3732.928227
273,14,3727.380657
273,15,3696.824308
274,9,3841.542669
274,10,3802.805639
274,11,3763.053241
274,12,3741.134123
274,13,3732.928227
274,14,3727.380657
274,15,3696.824308
275,9,3832.756334
275,10,3802.805639
275,11,3763.053241
275,12,3741.134123
275,13,3713.191833
275,15,3696.824308
276,9,3832.756334
276,10,3802.805639
276,11,3763.053241
276,12,3741.134123
276,13,3713.191833
276,15,3696.824308
277,9,3832.018822
277,10,3802.635620
277,11,3763.053241
277,12,3740.451834
277,13,3713.160384
277,15,3696.824308
278,9,3832.018822
278,10,3802.635620
278,11,3763.053241
278,12,3740.451834
278,13,3713.160384
278,15,3696.824308
279,9,3832.018822
279,10,3802.635620
279,11,3763.053241
279,12,3739.644225
279,13,3713.160384
279,15,3696.824308
280,9,3832.018822
280,10,3800.674810
280,11,3763.053241
280,12,3739.644225
280,13,3713.160384
280,15,3696.824308
281,9,3832.018822
281,10,3800.402769
281,11,3763.053241
281,12,3739.644225
281,13,3713.160384
281,15,3696.824308
282,9,3832.018822
282,10,3787.069001
282,11,3763.053241
282,12,3739.644225
282,13,3713.160384
282,15,3696.785827
283,9,3832.018822
283,10,3787.069001
283,11,3763.053241
283,12,3739.644225
283,13,3713.160384
283,15,3696.785827
284,9,3829.722963
284,10,3787.069001
284,11,3763.053241
284,12,3739.644225
284,13,3713.160384
284,15,3696.785827
285,9,3829.722963
285,10,3787.069001
285,11,3763.053241
285,12,3739.644225
285,13,3713.160384
285,15,3696.785827
286,9,3829.722963
286,10,3787.069001
286,11,3763.053241
286,12,3739.644225
286,13,3713.160384
286,15,3696.785827
287,9,3829.722963
287,10,3787.069001
287,11,3763.053241
287,12,3739.644225
287,13,3713.160384
287,15,3696.711753
288,9,3829.722963
288,10,3787.069001
288,11,3763.053241
288,12,3739.644225
288,13,3713.160384
288,15,3696.711753
289,9,3829.722963
289,10,3787.069001
289,11,3763.053241
289,12,3739.644225
289,13,3713.160384
289,15,3696.711753
290,9,3829.722963
290,10,3787.069001
290,11,3763.053241
290,12,3739.644225
290,13,3713.100315
290,15,3696.711753
291,9,3829.722963
291,10,3787.069001
291,11,3763.053241
291,12,3739.644225
291,13,3713.100315
291,15,3696.711753
292,9,3829.722963
292,10,3786.590930
292,11,3762.464554
292,12,3739.644225
292,13,3713.100315
292,15,3696.711753
293,9,3829.722963
293,10,3786.590930
293,11,3762.464554
293,12,3739.644225
293,13,3713.100315
293,15,3696.711753
294,9,3829.722963
294,10,3782.729165
294,11,3761.767120
294,12,3739.644225
294,13,3713.100315
294,15,3696.711753
295,9,3829.722963
295,10,3782.729165
295,11,3761.767120
295,12,3739.644225
295,13,3713.100315
295,15,3696.711753
296,9,3829.453310
296,10,3782.729165
296,11,3761.767120
296,12,3739.644225
296,13,3713.100315
296,14,3709.713620
296,15,3696.711753
297,9,3829.453310
297,10,3782.729165
297,11,3741.154216
297,12,3739.644225
297,13,3713.100315
297,14,3709.597177
297,15,3696.711753
298,9,3829.453310
298,10,3782.729165
298,11,3741.154216
298,12,3739.644225
298,13,3713.100315
298,14,3709.597177
298,15,3696.711753
299,9,3815.351251
299,10,3782.096667
299,11,3741.154216
299,12,3739.644225
299,13,3713.100315
299,14,3709.597177
299,15,3696.711753
300,9,3815.351251
300,10,3782.096667
300,11,3741.154216
300,12,3739.644225
300,13,3713.100315
300,14,3709.597177
300,15,3696.711753
301,9,3815.351251
301,10,3782.096667
301,11,3741.154216
301,12,3739.644225
301,13,3713.100315
301,14,3709.597177
301,15,3696.711753
302,9,3808.063744
302,10,3782.096667
302,11,3741.154216
302,12,3739.644225
302,13,3713.100315
302,14,3709.597177
302,15,3696.711753
303,9,3808.063744
303,10,3782.096667
303,11,3741.154216
303,12,3739.644225
303,13,3713.100315
303,14,3709.597177
303,15,3695.417633
304,9,3808.063744
304,10,3782.096667
304,11,3741.154216
304,12,3739.644225
304,13,3713.100315
304,14,3709.597177
304,15,3695.417633
305,9,3808.063744
305,10,3782.096667
305,11,3741.154216
305,12,3739.644225
305,13,3712.291866
305,14,3709.597177
305,15,3695.417633
306,9,3808.063744
306,10,3782.096667
306,11,3741.154216
306,12,3739.644225
306,13,3712.291866
306,14,3709.597177
306,15,3695.417633
307,9,3808.063744
307,10,3782.096667
307,11,3741.154216
307,12,3738.011490
307,13,3712.291866
307,14,3709.597177
307,15,3692.993864
308,9,3808.063744
308,10,3782.096667
308,11,3741.154216
308,12,3738.011490
308,13,3712.291866
308,14,3709.597177
308,15,3692.993864
309,9,3808.030984
309,10,3782.096667
309,11,3741.154216
309,12,3738.011490
309,13,3712.291866
309,14,3708.302010
309,15,3692.993864
310,9,3808.030984
310,10,3782.096667
310,11,3741.154216
310,12,3738.011490
310,13,3712.291866
310,14,3708.302010
310,15,3692.993864
311,9,3808.030984
311,10,3782.096667
311,11,3741.154216
311,12,3738.011490
311,13,3712.291866
311,14,3708.302010
311,15,3692.993864
312,9,3808.030984
312,10,3782.095181
312,11,3741.154216
312,12,3738.011490
312,13,3712.291866
312,14,3703.013915
312,15,3692.963691
313,9,3808.030984
313,10,3782.095181
313,11,3741.154216
313,12,3738.011490
313,13,3712.291866
313,14,3703.013915
313,15,3692.963691
314,9,3808.030984
314,10,3782.095181
314,11,3739.674474
314,12,3738.011490
314,13,3711.075619
314,14,3703.013915
314,15,3692.963691
315,9,3808.030984
315,10,3782.095181
315,11,3739.674474
315,12,3738.011490
315,13,3711.075619
315,14,3703.013915
315,15,3692.963691
316,9,3808.030984
316,10,3782.095181
316,11,3739.674474
316,12,3738.011490
316,13,3711.075619
316,14,3703.013915
316,15,3692.963691
317,9,3808.030984
317,10,3782.095181
317,11,3739.674474
317,12,3738.011490
317,13,3711.075619
317,14,3703.013915
317,15,3692.963691
318,9,3808.030984
318,10,3782.095181
318,11,3738.647450
318,12,3738.011490
318,13,3711.075619
318,14,3703.013915
318,15,3692.963691
319,9,3808.030984
319,10,3782.095181
319,11,3738.647450
319,12,3738.011490
319,13,3711.075619
319,14,3703.013915
319,15,3692.963691
320,9,3808.030984
320,10,3781.863580
320,11,3738.647450
320,12,3738.011490
320,13,3711.075619
320,14,3703.013915
320,15,3692.963691
321,9,3808.030984
321,10,3781.863580
321,11,3738.647450
321,12,3738.011490
321,13,3711.075619
321,14,3703.013915
321,15,3692.963691
322,9,3808.030984
322,10,3781.863580
322,11,3738.647450
322,12,3736.322996
322,13,3711.075619
322,14,3703.013915
322,15,3692.963691
323,9,3808.030984
323,10,3781.863580
323,11,3738.647450
323,12,3736.322996
323,13,3711.075619
323,14,3703.013915
323,15,3692.963691
324,9,3808.030984
324,10,3760.955546
324,11,3738.647450
324,12,3736.322996
324,13,3711.075619
324,14,3703.013915
324,15,3692.963691
325,9,3808.030984
325,10,3760.955546
325,11,3738.647450
325,12,3736.322996
325,13,3711.075619
325,14,3703.013915
325,15,3692.963691
326,9,3808.030984
326,10,3760.955546
326,11,3738.647450
326,12,3736.322996
326,13,3711.075619
326,14,3703.013915
326,15,3692.963691
327,9,3808.030984
327,10,3760.955546
327,11,3738.647450
327,12,3724.189005
327,13,3709.928956
327,14,3678.587187
328,9,3808.030984
328,10,3760.955546
328,11,3738.647450
328,12,3724.189005
328,13,3709.488861
328,14,3678.587187
