Generation,NV,TOC
1,50,27308.439208
1,51,25304.334572
1,52,21578.982947
1,55,20571.293409
1,57,20558.748359
1,59,20224.235349
1,60,19268.213850
1,62,19145.682890
1,76,17957.637691
1,80,17427.221228
1,83,17115.717502
1,97,16770.478384
2,50,27308.439208
2,51,25304.334572
2,52,21578.982947
2,54,21031.721025
2,55,20571.293409
2,56,19859.014079
2,57,19825.225473
2,60,19268.213850
2,62,19145.682890
2,63,18808.024247
2,64,18603.709008
2,74,17822.208315
2,75,17642.569087
2,77,17574.169464
2,78,17213.001416
2,83,17115.717502
2,85,16962.340126
2,92,16854.998333
2,93,16671.395758
3,50,25570.287658
3,51,24789.113221
3,52,21578.982947
3,54,20686.027811
3,55,20571.293409
3,56,19859.014079
3,57,19825.225473
3,60,19268.213850
3,62,19145.682890
3,63,18808.024247
3,64,18603.709008
3,67,18189.080830
3,72,17884.980543
3,74,17822.208315
3,75,17642.569087
3,77,17574.169464
3,78,17213.001416
3,80,17055.122953
3,84,16763.948983
3,93,16671.395758
3,100,16665.110016
4,49,25580.459267
4,50,25570.287658
4,51,24789.113221
4,52,21578.982947
4,54,20686.027811
4,55,20348.791955
4,56,19859.014079
4,57,19825.225473
4,59,19783.126768
4,60,19268.213850
4,62,18939.337878
4,63,18808.024247
4,64,18238.732715
4,67,17660.232500
4,75,17642.569087
4,76,17276.834940
4,78,17213.001416
4,79,16980.463914
4,84,16763.948983
4,93,16671.395758
4,97,16630.155676
4,103,16391.363440
5,47,25146.681008
5,51,24789.113221
5,52,21578.982947
5,54,19698.802873
5,59,18891.624994
5,61,18579.021424
5,62,18354.999182
5,63,17959.551446
5,66,17632.803075
5,67,17423.971279
5,75,16485.407259
5,92,16323.335647
5,95,16315.622292
5,103,16250.980521
6,47,25146.681008
6,49,23215.441504
6,52,21578.982947
6,54,19698.802873
6,57,18977.678180
6,59,18891.624994
6,61,18579.021424
6,62,18354.999182
6,63,17959.551446
6,66,17632.803075
6,67,17423.971279
6,75,16296.825422
6,81,16174.164902
7,47,25146.681008
7,49,23215.441504
7,52,20511.365879
7,54,18862.340337
7,57,18468.032234
7,61,17100.157948
7,73,16050.663966
7,80,16048.010651
8,47,25146.681008
8,49,23215.441504
8,52,20511.365879
8,54,18003.204592
8,61,17100.157948
8,69,16184.527025
8,73,16050.663966
8,80,16048.010651
9,47,25146.681008
9,49,23215.441504
9,50,20766.208460
9,52,20325.348926
9,54,18003.204592
9,60,16885.935165
9,68,16678.044036
9,69,16005.362303
9,71,15952.139026
9,72,15937.558055
9,77,15833.649975
10,47,25146.681008
10,49,23215.441504
10,50,20766.208460
10,52,20325.348926
10,54,18003.204592
10,59,17378.225866
10,60,16885.935165
10,68,16300.586621
10,69,16005.362303
10,71,15952.139026
10,72,15937.558055
10,75,15925.381255
10,77,15833.649975
11,46,21673.027702
11,50,20766.208460
11,52,18202.238456
11,54,18003.204592
11,58,16945.260416
11,59,16870.843621
11,63,16074.266395
11,67,15912.920687
11,71,15904.908786
11,75,15828.976185
11,76,15751.534649
12,46,21673.027702
12,49,21328.218432
12,50,20766.208460
12,52,18202.238456
12,54,18003.204592
12,58,16945.260416
12,59,16870.843621
12,60,16774.203091
12,63,16074.266395
12,67,15912.920687
12,71,15904.908786
12,74,15872.315959
12,75,15547.115272
12,78,15523.922581
12,81,15487.490522
13,46,21520.891068
13,49,21328.218432
13,50,20766.208460
13,52,18202.238456
13,54,18003.204592
13,58,16596.020176
13,60,16518.715456
13,63,15830.900083
13,66,15762.588967
13,69,15727.520911
13,73,15400.747274
13,76,15269.492208
13,81,15151.743637
14,46,21520.891068
14,49,21328.218432
14,50,19265.288445
14,52,18202.238456
14,54,18003.204592
14,58,16596.020176
14,60,16518.715456
14,63,15830.900083
14,66,15762.588967
14,69,15727.520911
14,73,15400.747274
14,76,15269.492208
14,81,15151.743637
15,46,21520.891068
15,47,21253.072904
15,50,19265.288445
15,52,18202.238456
15,53,17807.330017
15,58,16488.986436
15,62,15825.350355
15,66,15550.213593
15,68,15544.004500
15,71,15428.191103
15,73,15253.687337
15,75,15250.389668
15,76,15163.213386
15,81,15124.457547
16,46,21520.891068
16,47,21253.072904
16,49,21224.066006
16,50,19265.288445
16,52,17880.076144
16,53,17807.330017
16,55,17336.161657
16,58,16488.986436
16,62,15825.350355
16,66,15550.213593
16,68,15544.004500
16,71,15428.191103
16,73,15253.687337
16,75,15250.389668
16,76,15163.213386
16,81,15124.457547
17,45,22731.041750
17,46,21520.891068
17,47,21253.072904
17,49,21042.233836
17,50,19265.288445
17,52,17880.076144
17,53,17807.330017
17,55,17336.161657
17,58,16479.517815
17,62,15577.758628
17,66,15451.201427
17,68,15433.708429
17,71,15170.573991
17,75,15055.058512
17,81,15050.563276
18,45,22731.041750
18,46,21520.891068
18,47,21253.072904
18,49,19226.296219
18,52,17880.076144
18,53,17807.330017
18,55,17336.161657
18,58,16479.517815
18,62,15577.758628
18,66,15451.201427
18,68,15433.708429
18,71,15170.573991
18,75,15055.058512
18,81,15050.563276
18,82,15048.380518
19,45,21709.698400
19,46,21520.891068
19,47,21253.072904
19,49,19226.296219
19,52,17880.076144
19,53,17307.699814
19,58,16256.908902
19,62,15554.490227
19,66,15361.418667
19,67,15347.663996
19,70,15056.538096
19,72,14997.235254
19,74,14992.673492
19,80,14978.650179
19,81,14918.024132
20,45,21709.698400
20,46,21520.891068
20,47,21253.072904
20,49,19226.296219
20,52,17880.076144
20,53,17307.699814
20,58,16256.908902
20,62,15554.490227
20,66,15361.418667
20,67,15125.311033
20,70,15056.538096
20,72,14997.235254
20,74,14992.673492
20,80,14978.650179
20,81,14918.024132
21,45,21709.698400
21,46,21520.891068
21,47,21253.072904
21,48,19400.428169
21,49,19021.068348
21,52,17578.240639
21,53,17307.699814
21,57,16053.856597
21,60,15394.140450
21,65,14974.112456
21,72,14926.695272
21,74,14909.192045
22,45,21709.698400
22,46,21520.891068
22,47,21253.072904
22,48,19287.600701
22,49,19021.068348
22,51,18775.937869
22,52,17578.240639
22,53,17307.699814
22,57,16053.856597
22,60,15394.140450
22,63,15381.935821
22,64,15230.871531
22,65,14974.112456
22,72,14926.695272
22,74,14907.545563
23,45,21709.698400
23,46,21520.891068
23,47,21253.072904
23,48,19287.600701
23,49,19021.068348
23,51,17069.562009
23,53,15766.437959
23,60,15377.458875
23,63,15144.911759
23,64,14883.906940
23,71,14773.519929
23,76,14712.770211
24,45,21709.698400
24,46,21520.891068
24,47,21253.072904
24,48,17652.855775
24,49,17334.874278
24,51,17069.562009
24,53,15766.437959
24,60,15377.458875
24,63,15144.911759
24,64,14883.906940
24,71,14773.519929
24,76,14712.770211
25,45,21709.698400
25,46,21421.665535
25,47,19898.800921
25,48,17652.855775
25,49,17040.717201
25,53,15661.773311
25,59,15250.262870
25,63,15099.209633
25,64,14857.319865
25,71,14680.768761
25,73,14642.759099
26,44,23666.278332
26,45,21709.698400
26,46,21346.758044
26,47,19898.800921
26,48,17652.855775
26,49,17040.717201
26,53,15661.773311
26,59,15250.262870
26,63,15099.209633
26,64,14857.319865
26,67,14851.018482
26,71,14680.768761
26,72,14672.711274
26,73,14642.759099
27,44,22305.441345
27,45,21709.698400
27,46,21229.322931
27,47,19898.800921
27,48,17652.855775
27,49,16996.038393
27,51,16438.479264
27,53,15617.308825
27,59,15211.819572
27,63,15099.209633
27,64,14785.133614
27,71,14620.306014
27,72,14569.642149
28,44,22305.441345
28,45,21709.698400
28,46,21229.322931
28,47,19898.800921
28,48,17652.855775
28,49,16996.038393
28,51,16438.479264
28,53,15617.308825
28,59,15211.819572
28,63,15099.209633
28,64,14785.133614
28,71,14620.306014
28,72,14569.642149
29,44,22305.441345
29,45,21709.698400
29,46,21030.814706
29,47,17286.006767
29,49,16996.038393
29,51,16418.442182
29,53,15488.378261
29,57,15112.480647
29,63,15012.427854
29,64,14665.862483
29,66,14541.918167
29,71,14490.119746
30,44,22305.441345
30,45,21003.115568
30,47,17286.006767
30,48,16682.264162
30,51,16418.442182
30,53,15260.969993
30,57,15112.480647
30,63,15012.427854
30,64,14665.862483
30,66,14541.918167
30,71,14490.119746
31,44,22305.441345
31,45,21003.115568
31,46,20857.591012
31,47,17286.006767
31,48,16682.264162
31,51,16418.442182
31,53,15260.969993
31,57,15112.480647
31,63,15012.427854
31,64,14665.862483
31,66,14541.918167
31,71,14490.119746
31,77,14444.824173
32,44,22305.441345
32,45,21003.115568
32,46,20857.591012
32,47,17286.006767
32,48,16682.264162
32,51,16418.442182
32,53,15260.969993
32,57,14828.275063
32,64,14665.862483
32,66,14541.918167
32,71,14490.119746
32,77,14232.452559
33,44,22305.441345
33,45,21003.115568
33,46,20857.591012
33,47,16114.086117
33,53,15260.969993
33,57,14789.756743
33,63,14585.704993
33,66,14541.918167
33,68,14446.749162
33,70,14415.368299
33,76,14183.610841
34,44,22305.441345
34,45,21003.115568
34,46,20857.591012
34,47,16114.086117
34,53,15260.969993
34,55,15026.768746
34,57,14789.756743
34,62,14607.044534
34,63,14585.704993
34,66,14541.918167
34,67,14216.807045
34,76,14183.610841
35,44,21750.799480
35,45,20351.974398
35,46,20112.618056
35,47,16114.086117
35,53,15149.855027
35,55,14948.268223
35,57,14775.053313
35,61,14569.915091
35,65,14117.072976
36,44,21750.799480
36,45,20351.974398
36,46,17365.080692
36,47,16114.086117
36,53,15149.855027
36,55,14948.268223
36,57,14775.053313
36,60,14745.732251
36,61,14569.915091
36,63,14515.463041
36,65,14117.072976
37,44,21700.161267
37,45,20351.974398
37,46,17365.080692
37,47,16114.086117
37,51,15649.834674
37,53,15137.706953
37,55,14847.668981
37,57,14732.189744
37,60,14721.936464
37,61,14512.465324
37,63,14448.416460
37,65,14090.810993
38,44,21700.161267
38,45,20351.974398
38,46,17365.080692
38,47,16114.086117
38,51,15649.834674
38,53,15137.706953
38,55,14847.668981
38,57,14732.189744
38,60,14721.936464
38,61,14332.405261
38,65,14090.810993
39,43,20325.170658
39,46,17195.704034
39,47,16020.351413
39,51,15649.834674
39,53,15137.706953
39,55,14847.668981
39,57,14732.189744
39,60,14703.424933
39,61,14329.372621
39,64,14033.443503
40,43,20325.170658
40,45,16671.080299
40,47,16020.351413
40,51,15649.834674
40,53,15137.706953
40,55,14847.668981
40,57,14732.189744
40,60,14703.424933
40,61,14329.372621
40,64,14033.443503
41,43,20325.170658
41,44,15714.433954
41,51,15607.315688
41,52,15089.061993
41,55,14842.989628
41,57,14719.197964
41,60,14277.626496
41,62,14081.556251
41,63,13989.974561
42,43,20325.170658
42,44,15714.433954
42,51,15607.315688
42,52,15089.061993
42,55,14842.989628
42,57,14719.197964
42,60,14277.626496
42,62,14081.556251
42,63,13989.974561
43,43,20148.855967
43,44,15711.194636
43,51,15607.315688
43,52,15057.330244
43,53,14851.859913
43,54,14809.912002
43,57,14602.695972
43,58,14228.616021
43,60,14026.650996
43,63,13954.096586
44,43,20148.855967
44,44,15711.194636
44,51,15607.315688
44,52,14931.819975
44,53,14851.859913
44,54,14809.912002
44,57,14602.695972
44,58,14228.616021
44,60,14026.650996
44,63,13954.096586
44,74,13917.816339
45,43,20148.855967
45,44,15711.194636
45,49,15692.094663
45,50,15151.926109
45,51,15122.794430
45,52,14931.819975
45,53,14851.859913
45,54,14774.496166
45,57,14602.695972
45,58,14228.616021
45,60,14026.650996
45,63,13954.096586
45,69,13857.036735
46,43,17742.900534
46,44,15711.194636
46,49,15692.094663
46,50,15000.252378
46,52,14699.112232
46,56,14512.215242
46,58,14199.561039
46,59,13971.528457
46,63,13907.136332
46,69,13809.931644
47,43,17479.862360
47,44,15711.194636
47,49,15692.094663
47,50,15000.252378
47,52,14699.112232
47,56,14512.215242
47,58,14199.561039
47,59,13971.528457
47,63,13907.136332
47,69,13809.931644
48,43,15464.049805
48,50,14890.504968
48,52,14694.762188
48,55,14451.312588
48,58,14153.818866
48,59,13964.556493
48,62,13853.103246
48,66,13801.609288
48,69,13783.321062
49,42,18017.132110
49,43,15464.049805
49,50,14890.504968
49,52,14694.762188
49,55,14451.312588
49,58,14153.818866
49,59,13964.556493
49,62,13768.864454
50,42,15989.978880
50,43,15464.049805
50,49,14829.101912
50,50,14773.542781
50,52,14665.023919
50,53,14447.822802
50,57,13958.510137
50,62,13768.864454
51,42,15989.978880
51,43,15464.049805
51,47,15318.152328
51,48,14947.227879
51,49,14829.101912
51,50,14773.542781
51,52,14665.023919
51,53,14447.822802
51,56,14344.247296
51,57,13958.510137
51,62,13768.864454
52,42,15878.804897
52,43,15346.147215
52,47,15173.490761
52,48,14799.723452
52,49,14747.370512
52,52,14585.151624
52,53,14433.918151
52,56,14344.247296
52,57,13908.620717
52,62,13763.049163
53,41,16489.900544
53,42,15878.804897
53,43,15346.147215
53,45,15195.901864
53,47,15173.490761
53,48,14799.723452
53,49,14747.370512
53,50,14646.388365
53,52,14464.639259
53,53,14433.918151
53,56,14344.247296
53,57,13908.620717
53,61,13884.769535
53,62,13747.595543
54,41,16218.211685
54,42,15878.804897
54,43,15346.147215
54,45,15195.901864
54,46,14844.753672
54,48,14793.429778
54,49,14524.548462
54,52,14322.474893
54,56,14320.039310
54,57,13818.986870
54,61,13739.996427
55,41,16218.211685
55,42,15878.804897
55,43,15346.147215
55,45,15195.901864
55,46,14844.753672
55,48,14793.429778
55,49,14524.548462
55,52,14322.474893
55,56,14320.039310
55,57,13818.986870
55,61,13739.996427
56,41,16218.211685
56,42,15878.804897
56,43,15346.147215
56,45,15114.038398
56,46,14815.009859
56,48,14508.704486
56,52,14320.438699
56,56,14306.412040
56,57,13800.833966
56,61,13726.970359
56,66,13689.407206
57,41,16218.211685
57,42,15878.804897
57,43,15346.147215
57,45,15114.038398
57,46,14815.009859
57,48,14508.704486
57,52,14320.438699
57,56,14306.412040
57,57,13800.833966
57,61,13726.970359
57,65,13630.916672
58,40,17165.156213
58,41,15652.036905
58,43,15327.546488
58,44,14599.113482
58,47,14478.606543
58,52,14320.438699
58,56,14088.457225
58,57,13760.247130
58,61,13726.819864
58,65,13614.770662
59,40,17165.156213
59,41,15652.036905
59,42,15586.538662
59,43,15327.546488
59,44,14599.113482
59,47,14478.606543
59,52,14320.438699
59,53,14183.240061
59,56,14088.457225
59,57,13760.247130
59,61,13726.819864
59,65,13614.770662
60,40,17165.156213
60,41,15652.036905
60,42,15586.538662
60,43,14591.881095
60,47,14464.506692
60,52,14314.551229
60,53,14183.240061
60,54,14054.747489
60,57,13753.477778
60,61,13721.195929
60,65,13609.341787
61,40,17165.156213
61,41,15490.195189
61,43,14591.881095
61,47,14464.506692
61,52,14014.312907
61,57,13753.477778
61,61,13721.195929
61,64,13526.172149
62,40,17165.156213
62,41,15330.135329
62,43,14542.251179
62,46,14353.266864
62,52,13961.352411
62,57,13753.477778
62,61,13721.195929
62,64,13514.284460
63,40,17165.156213
63,41,15330.135329
63,43,14542.251179
63,46,14353.266864
63,49,14320.996202
63,52,13961.352411
63,56,13684.842248
63,63,13510.074066
64,38,18588.274613
64,39,15822.504762
64,40,15655.823775
64,41,15210.614040
64,43,14500.219684
64,45,14290.487148
64,49,14221.928540
64,52,13961.352411
64,56,13663.532874
64,58,13608.761444
64,63,13491.761015
65,38,18588.274613
65,39,15822.504762
65,40,15655.823775
65,41,15210.614040
65,42,14963.440524
65,43,14500.219684
65,45,14290.487148
65,47,14281.040176
65,49,14221.928540
65,52,13961.352411
65,56,13663.532874
65,58,13608.761444
65,60,13593.514553
65,62,13526.930373
65,63,13491.761015
66,38,18588.274613
66,39,15822.504762
66,40,15655.823775
66,41,15210.614040
66,42,14963.440524
66,43,14500.219684
66,45,14290.126009
66,47,14281.040176
66,49,14170.271852
66,50,14077.290192
66,52,13951.823352
66,56,13663.532874
66,58,13605.289827
66,59,13576.987172
66,61,13497.826380
66,63,13491.761015
67,38,18588.274613
67,39,15822.504762
67,40,15655.823775
67,41,15210.614040
67,42,14850.854786
67,43,14500.219684
67,45,14290.126009
67,47,14281.040176
67,49,14170.271852
67,50,14077.290192
67,51,14026.247842
67,52,13951.823352
67,56,13663.532874
67,58,13605.289827
67,59,13495.502426
67,63,13491.761015
67,65,13484.945523
68,38,18588.274613
68,39,15822.504762
68,40,15655.823775
68,41,15210.614040
68,42,14850.854786
68,43,14500.219684
68,45,14231.836797
68,48,14127.091263
68,50,14048.237993
68,51,13930.453314
68,56,13663.532874
68,58,13571.233475
68,59,13480.381523
68,65,13452.944233
69,38,18588.274613
69,39,15822.504762
69,40,15655.823775
69,41,15210.614040
69,42,14850.854786
69,43,14500.219684
69,45,14231.836797
69,48,14127.091263
69,50,14048.237993
69,51,13901.301722
69,54,13864.895706
69,56,13663.532874
69,58,13571.233475
69,59,13480.381523
69,65,13452.944233
70,38,18588.274613
70,39,15822.504762
70,40,15655.823775
70,41,15210.614040
70,42,14850.854786
70,43,14455.640361
70,45,14228.633174
70,48,14111.745774
70,50,14027.190643
70,51,13901.301722
70,52,13640.585504
70,56,13624.732551
70,58,13456.005177
70,65,13452.944233
71,38,18588.274613
71,39,15822.504762
71,40,15655.823775
71,41,15210.614040
71,42,14850.854786
71,43,14455.640361
71,45,14228.633174
71,48,14111.745774
71,50,14027.190643
71,51,13901.301722
71,52,13640.585504
71,56,13624.732551
71,58,13456.005177
71,65,13452.944233
72,38,18588.274613
72,39,15822.504762
72,40,15655.823775
72,41,14715.179105
72,43,14425.018189
72,45,14215.156657
72,48,14060.337443
72,50,14027.190643
72,51,13894.441143
72,52,13639.051091
72,56,13609.672892
72,58,13456.005177
72,65,13407.445213
73,38,18588.075444
73,39,15822.504762
73,40,15655.823775
73,41,14715.179105
73,43,14425.018189
73,45,14215.156657
73,48,14060.337443
73,49,13982.868978
73,50,13757.492875
73,52,13639.051091
73,56,13609.672892
73,58,13456.005177
73,65,13407.445213
74,38,18588.075444
74,39,15822.504762
74,40,15655.823775
74,41,14715.179105
74,42,14662.037698
74,43,14375.830892
74,45,14176.247779
74,48,14050.428838
74,49,13757.377056
74,51,13752.977601
74,52,13616.440511
74,56,13594.024375
74,58,13422.429462
74,65,13407.445213
75,38,16444.103297
75,39,15822.504762
75,40,15655.823775
75,41,14715.179105
75,42,14662.037698
75,43,14375.830892
75,45,14176.247779
75,48,14050.428838
75,49,13757.377056
75,51,13752.977601
75,52,13616.440511
75,56,13594.024375
75,58,13422.429462
75,65,13407.445213
76,38,16444.103297
76,39,15822.504762
76,40,15655.823775
76,41,14715.179105
76,42,14320.043518
76,44,14171.139975
76,48,14038.138297
76,49,13695.531813
76,50,13686.003011
76,52,13578.270097
76,56,13527.319975
76,58,13380.130593
77,38,16444.103297
77,39,15822.504762
77,40,15655.823775
77,41,14715.179105
77,42,14320.043518
77,44,14171.139975
77,48,13946.050685
77,49,13695.531813
77,50,13686.003011
77,52,13578.270097
77,56,13527.319975
77,58,13380.130593
78,38,16038.442063
78,39,15822.504762
78,40,15655.823775
78,41,14694.435532
78,42,14317.829736
78,44,14171.139975
78,45,14095.981248
78,48,13946.050685
78,49,13658.260332
78,50,13645.383581
78,52,13578.270097
78,56,13527.319975
78,58,13378.215991
79,37,20809.777999
79,38,16038.442063
79,39,15822.504762
79,40,15655.823775
79,41,14694.435532
79,42,14317.829736
79,43,14066.231287
79,48,13946.050685
79,49,13658.260332
79,50,13645.383581
79,52,13578.270097
79,53,13339.477460
80,37,17057.689098
80,38,16038.442063
80,39,15567.785040
80,41,14693.569532
80,42,14317.829736
80,43,13968.582086
80,48,13946.050685
80,49,13632.171780
80,52,13251.115117
81,37,16783.610646
81,38,16038.442063
81,39,15567.785040
81,41,14693.569532
81,42,14317.829736
81,43,13968.582086
81,48,13946.050685
81,49,13632.171780
81,52,13251.115117
82,37,16777.763644
82,38,15908.733565
82,39,15362.083044
82,41,14693.569532
82,42,14317.829736
82,43,13950.830268
82,48,13946.050685
82,49,13630.726788
82,52,13251.115117
83,37,16777.763644
83,38,15759.660256
83,39,15362.083044
83,41,14693.569532
83,42,14136.720213
83,43,13950.830268
83,48,13946.050685
83,49,13630.726788
83,52,13251.115117
84,37,16777.763644
84,38,15560.983675
84,39,15318.713008
84,41,14675.201262
84,42,14032.423758
84,43,13914.422115
84,46,13717.778648
84,49,13581.697642
84,52,13250.966636
85,37,16746.125500
85,38,15560.983675
85,39,15318.713008
85,41,14675.201262
85,42,14032.423758
85,43,13914.422115
85,46,13717.778648
85,49,13581.697642
85,52,13250.966636
86,37,16400.627731
86,38,15135.482715
86,41,14666.451369
86,42,13931.344633
86,43,13914.422115
86,46,13717.778648
86,49,13581.697642
86,51,13221.624365
87,37,16400.627731
87,38,15135.482715
87,40,14858.873642
87,41,14666.451369
87,42,13931.344633
87,43,13914.422115
87,46,13717.778648
87,49,13581.697642
87,51,13221.624365
88,37,16231.864748
88,38,15088.236243
88,40,14575.058792
88,42,13922.351822
88,43,13806.788053
88,46,13705.490365
88,49,13563.649910
88,50,13465.884512
88,51,13221.624365
89,37,16231.864748
89,38,15088.236243
89,39,14948.686560
89,40,14575.058792
89,42,13922.351822
89,43,13806.788053
89,46,13705.490365
89,49,13563.649910
89,50,13465.884512
89,51,13221.624365
89,56,13122.645841
90,37,15783.243704
90,38,15088.236243
90,39,14948.686560
90,40,14505.129313
90,42,13913.690533
90,43,13759.517406
90,46,13693.730246
90,48,13675.847165
90,49,13517.739826
90,50,13456.919774
90,51,13191.719735
90,53,13047.316519
91,37,15783.243704
91,38,15088.236243
91,39,14948.686560
91,40,14488.458580
91,42,13913.690533
91,43,13759.517406
91,46,13693.730246
91,48,13675.847165
91,49,13517.739826
91,50,13456.919774
91,51,13191.719735
91,53,13047.316519
92,37,15783.243704
92,38,15088.236243
92,39,14948.686560
92,40,14405.160185
92,41,13991.139849
92,42,13732.400340
92,46,13674.625557
92,48,13654.261203
92,49,13517.739826
92,50,13456.919774
92,51,13189.097057
92,52,13036.673402
93,37,15783.243704
93,38,15088.236243
93,39,14948.686560
93,40,14405.160185
93,41,13991.139849
93,42,13732.400340
93,46,13674.625557
93,48,13654.261203
93,49,13517.739826
93,50,13456.919774
93,51,13189.097057
93,52,13036.673402
94,37,15783.243704
94,38,15088.236243
94,39,14906.382045
94,40,14405.160185
94,41,13978.369069
94,42,13694.970783
94,44,13645.819030
94,48,13491.133911
94,50,13179.502103
94,52,13031.649193
95,37,15188.775616
95,38,15088.236243
95,39,14906.382045
95,40,14405.160185
95,41,13978.369069
95,42,13694.970783
95,44,13645.819030
95,48,13491.133911
95,50,13179.502103
95,52,13031.649193
96,37,15144.873175
96,38,14850.886611
96,39,14793.500636
96,40,14392.970173
96,41,13978.369069
96,42,13694.970783
96,44,13645.819030
96,48,13490.500771
96,50,12981.565117
97,37,15144.873175
97,38,14850.886611
97,39,14793.500636
97,40,14392.970173
97,41,13812.274184
97,42,13694.970783
97,43,13679.358319
97,44,13645.819030
97,48,13490.500771
97,50,12981.565117
98,37,15144.873175
98,38,14822.584246
98,39,14725.265584
98,40,14392.970173
98,41,13780.127025
98,42,13694.970783
98,43,13652.654248
98,44,13645.819030
98,48,13470.750209
98,49,13026.950163
98,50,12935.205494
99,36,15882.741272
99,37,15144.873175
99,38,14822.584246
99,39,14725.265584
99,40,14033.420184
99,41,13780.127025
99,42,13694.970783
99,43,13652.654248
99,44,13645.819030
99,45,13493.868790
99,48,13470.750209
99,49,13026.950163
99,50,12935.205494
100,36,15882.741272
100,37,15144.873175
100,38,14791.855746
100,39,14564.511814
100,40,14033.420184
100,41,13677.498114
100,43,13576.915112
100,45,13476.767343
100,48,13470.750209
100,49,13026.950163
100,50,12925.509744
101,36,15882.741272
101,37,15144.873175
101,38,14791.855746
101,39,14564.511814
101,40,14033.420184
101,41,13677.498114
101,43,13576.915112
101,45,13476.767343
101,48,13470.750209
101,49,13026.950163
101,50,12925.509744
102,36,15882.741272
102,37,14993.283515
102,38,14467.835287
102,40,13638.845104
102,43,13502.196080
102,45,13453.785668
102,49,13024.385919
102,50,12920.473922
103,36,15882.741272
103,37,14993.283515
103,38,14467.835287
103,39,14026.733257
103,40,13638.845104
103,43,13502.196080
103,45,13453.785668
103,49,13024.385919
103,50,12920.473922
104,36,15882.741272
104,37,14767.481673
104,38,14445.816402
104,39,13989.971351
104,40,13638.845104
104,43,13462.022765
104,45,13453.785668
104,49,13024.385919
104,50,12920.473922
105,36,15882.741272
105,37,14767.481673
105,38,14445.816402
105,39,13989.971351
105,40,13638.845104
105,43,13462.022765
105,45,13453.785668
105,49,13024.385919
105,50,12920.473922
106,36,15607.232970
106,37,14745.725714
106,38,14376.694153
106,39,13932.204546
106,40,13626.341245
106,43,13440.056181
106,49,13024.385919
106,50,12917.759667
106,53,12857.344095
107,36,15497.153539
107,37,14745.725714
107,38,14376.694153
107,39,13932.204546
107,40,13626.341245
107,43,13440.056181
107,47,13154.627187
107,49,13024.385919
107,50,12917.759667
107,53,12857.344095
108,35,17262.583037
108,36,15497.153539
108,37,14744.884028
108,38,14371.694129
108,39,13932.204546
108,40,13569.256863
108,43,13434.803978
108,47,13046.282906
108,49,12897.502290
108,51,12781.788955
109,35,17262.583037
109,36,15497.153539
109,37,14744.884028
109,38,14371.694129
109,39,13630.075509
109,40,13569.256863
109,43,13434.803978
109,47,13046.282906
109,49,12897.502290
109,51,12781.788955
110,35,17262.583037
110,36,15497.153539
110,37,14736.963464
110,38,14204.536915
110,39,13551.835521
110,43,13384.034877
110,44,12967.873400
110,46,12967.363116
110,49,12869.660218
110,51,12745.369807
111,35,17262.583037
111,36,15497.153539
111,37,14736.963464
111,38,14204.536915
111,39,13551.835521
111,43,13384.034877
111,44,12967.873400
111,46,12967.363116
111,47,12879.386718
111,49,12869.660218
111,51,12745.369807
112,35,17262.583037
112,36,15156.061933
112,37,14736.963464
112,38,14168.343106
112,39,13525.482759
112,43,13354.179690
112,44,12967.873400
112,46,12950.254412
112,47,12870.649544
112,49,12838.302605
112,51,12709.035539
113,35,17262.583037
113,36,15156.061933
113,37,14736.963464
113,38,14168.343106
113,39,13525.482759
113,43,13354.179690
113,44,12967.873400
113,46,12950.254412
113,47,12870.649544
113,49,12838.302605
113,51,12709.035539
114,35,17262.583037
114,36,15065.542372
114,37,14658.280188
114,38,14085.649600
114,39,13525.482759
114,43,13354.179690
114,44,12963.994012
114,46,12910.271003
114,47,12864.409696
114,49,12838.302605
114,51,12630.961260
115,35,17262.583037
115,36,15065.542372
115,37,14658.280188
115,38,14085.649600
115,39,13525.482759
115,43,13354.179690
115,44,12963.994012
115,45,12783.539940
115,51,12630.961260
116,35,17244.353471
116,36,14870.130713
116,37,14615.756582
116,38,14003.368066
116,39,13394.550018
116,43,13354.179690
116,44,12905.987328
116,45,12736.360190
116,51,12601.622257
117,35,17244.353471
117,36,14870.130713
117,37,14615.756582
117,38,14003.368066
117,39,13394.550018
117,43,13000.112677
117,44,12905.987328
117,45,12736.360190
117,50,12574.517151
118,35,17199.621603
118,36,14850.059135
118,37,14547.350721
118,38,14003.368066
118,39,13367.976721
118,43,13000.112677
118,44,12905.987328
118,45,12733.012869
118,47,12686.749097
118,50,12508.937959
119,35,17199.621603
119,36,14850.059135
119,37,14547.350721
119,38,14003.368066
119,39,13367.976721
119,43,13000.112677
119,44,12905.987328
119,45,12733.012869
119,47,12686.749097
119,48,12672.069003
119,50,12508.937959
120,35,17199.621603
120,36,14850.059135
120,37,14414.192789
120,38,13953.759013
120,39,13367.976721
120,42,12968.561423
120,44,12902.462553
120,45,12722.825398
120,47,12682.096153
120,48,12624.223471
120,50,12502.382469
121,35,17199.621603
121,36,14850.059135
121,37,14414.192789
121,38,13953.759013
121,39,13367.976721
121,42,12968.561423
121,44,12897.362738
121,45,12722.825398
121,47,12682.096153
121,48,12624.223471
121,50,12502.382469
122,35,17199.621603
122,36,14850.059135
122,37,14413.027636
122,38,13903.484501
122,39,13335.424225
122,42,12968.561423
122,44,12683.356966
122,47,12682.017864
122,48,12608.454293
122,49,12571.679675
122,50,12499.818717
123,35,17199.621603
123,36,14850.059135
123,37,14413.027636
123,38,13903.484501
123,39,13335.424225
123,42,12968.561423
123,44,12683.356966
123,47,12682.017864
123,48,12608.454293
123,49,12571.679675
123,50,12499.818717
124,35,16820.145875
124,36,14789.938968
124,37,14318.583898
124,38,13776.207336
124,39,13328.093571
124,42,12913.981043
124,44,12656.635282
124,48,12599.338568
124,49,12556.691612
124,50,12499.818717
125,35,16820.145875
125,36,14789.938968
125,37,14318.583898
125,38,13776.207336
125,39,13328.093571
125,42,12913.981043
125,44,12656.635282
125,48,12599.338568
125,49,12556.691612
125,50,12499.818717
126,35,16820.145875
126,36,14789.938968
126,37,14191.844053
126,38,13766.678340
126,39,13328.093571
126,42,12903.141095
126,44,12656.635282
126,47,12593.513321
126,48,12525.935092
126,50,12496.415700
127,35,16820.145875
127,36,14789.938968
127,37,14191.844053
127,38,13766.678340
127,39,13328.093571
127,42,12903.141095
127,44,12656.635282
127,47,12593.513321
127,48,12525.935092
127,50,12496.415700
128,35,16652.284867
128,36,14780.941730
128,37,14175.128954
128,38,13721.262539
128,39,13324.749443
128,42,12878.221289
128,44,12652.750747
128,47,12535.949477
128,48,12502.133864
128,50,12496.415700
129,35,16652.284867
129,36,14780.941730
129,37,14175.128954
129,38,13721.262539
129,39,13324.749443
129,42,12878.221289
129,44,12652.750747
129,47,12535.949477
129,48,12502.133864
129,50,12496.415700
130,35,16652.028129
130,36,14780.941730
130,37,14149.384006
130,38,13714.300102
130,39,13320.124007
130,42,12878.221289
130,44,12648.826550
130,46,12465.143265
131,35,16652.028129
131,36,14780.941730
131,37,14149.384006
131,38,13714.300102
131,39,13320.124007
131,42,12878.221289
131,44,12648.826550
131,46,12465.143265
132,35,16646.710696
132,36,14180.464284
132,37,14149.384006
132,38,13662.721010
132,39,13287.694065
132,42,12796.855149
132,44,12648.826550
132,46,12457.326175
133,35,16646.710696
133,36,14180.464284
133,37,14149.384006
133,38,13662.721010
133,39,13287.694065
133,42,12796.855149
133,44,12648.826550
133,46,12415.649037
134,35,16632.775563
134,36,14117.644604
134,38,13640.399410
134,39,13287.694065
134,42,12796.855149
134,44,12611.587000
134,45,12444.064629
134,46,12413.185815
135,35,16632.775563
135,36,14117.644604
135,38,13640.399410
135,39,13287.694065
135,42,12796.855149
135,44,12611.587000
135,45,12444.064629
135,46,12413.185815
136,35,16628.868341
136,36,14007.153431
136,38,13576.753271
136,39,13275.712586
136,40,13044.203774
136,42,12780.158547
136,44,12412.288225
137,35,16628.868341
137,36,13987.224969
137,37,13917.987081
137,38,13576.753271
137,39,13275.712586
137,40,13044.203774
137,42,12780.158547
137,44,12412.288225
138,35,16628.868341
138,36,13987.224969
138,37,13912.690879
138,38,13564.407030
138,39,13154.612297
138,40,13029.155936
138,42,12769.735929
138,44,12396.310191
139,35,16628.868341
139,36,13987.224969
139,37,13912.690879
139,38,13564.407030
139,39,13154.612297
139,40,13029.155936
139,42,12769.735929
139,44,12396.310191
140,35,16628.868341
140,36,13868.129306
140,38,13564.407030
140,39,13154.612297
140,40,13029.155936
140,42,12767.970377
140,44,12384.121667
141,35,16628.868341
141,36,13868.129306
141,38,13564.407030
141,39,13154.612297
141,40,13029.155936
141,42,12767.970377
141,44,12384.121667
142,35,16585.629100
142,36,13851.397726
142,38,13517.303730
142,39,13122.713445
142,40,12940.588780
142,42,12767.199205
142,44,12380.731868
143,35,16585.629100
143,36,13779.541695
143,38,13517.303730
143,39,13122.713445
143,40,12940.588780
143,42,12767.199205
143,44,12380.731868
144,35,14873.683050
144,36,13738.943458
144,38,13517.303730
144,39,12984.999312
144,40,12765.761654
144,42,12711.262545
144,44,12300.453373
145,35,14873.683050
145,36,13738.943458
145,38,13517.303730
145,39,12984.999312
145,40,12765.761654
145,42,12711.262545
145,44,12300.453373
146,35,14871.285019
146,36,13726.412238
146,38,13517.303730
146,39,12984.999312
146,40,12757.050643
146,42,12692.335841
146,44,12300.453373
147,35,14871.285019
147,36,13726.412238
147,38,13517.303730
147,39,12984.999312
147,40,12757.050643
147,42,12692.335841
147,44,12300.453373
148,35,14871.285019
148,36,13718.032613
148,38,13517.303730
148,39,12924.723761
148,40,12757.050643
148,42,12682.003507
148,43,12305.849941
148,44,12278.447541
149,35,14871.285019
149,36,13718.032613
149,38,13517.303730
149,39,12924.723761
149,40,12757.050643
149,42,12682.003507
149,43,12305.849941
149,44,12278.447541
150,34,18588.916248
150,35,14871.285019
150,36,13711.894019
150,37,13591.248389
150,38,13517.303730
150,39,12921.112395
150,40,12700.057171
150,42,12678.949297
150,43,12279.723935
150,44,12272.141297
151,34,18588.916248
151,35,14871.285019
151,36,13711.894019
151,37,13591.248389
151,38,13517.303730
151,39,12921.112395
151,40,12700.057171
151,42,12678.949297
151,43,12279.723935
151,44,12272.141297
152,34,18588.916248
152,35,14672.276593
152,36,13711.894019
152,37,13591.248389
152,38,13507.177386
152,39,12921.112395
152,40,12697.118787
152,42,12677.444609
152,43,12279.723935
152,44,12263.144774
153,34,18588.916248
153,35,14672.276593
153,36,13711.894019
153,37,13591.248389
153,38,13507.177386
153,39,12921.112395
153,40,12697.118787
153,42,12677.444609
153,43,12279.723935
153,44,12263.144774
153,46,12175.541749
154,34,18588.916248
154,35,14671.000177
154,36,13711.894019
154,37,13567.004148
154,38,13507.177386
154,39,12921.112395
154,40,12681.832803
154,42,12677.444609
154,43,12279.723935
154,44,12262.944066
154,46,12175.189324
155,34,18588.916248
155,35,14671.000177
155,36,13711.894019
155,37,13567.004148
155,38,13507.177386
155,39,12921.112395
155,40,12681.832803
155,42,12677.444609
155,43,12279.723935
155,44,12262.944066
155,46,12175.189324
156,34,18588.916248
156,35,14637.852944
156,36,13709.544261
156,37,13538.799323
156,38,13507.177386
156,39,12921.112395
156,40,12681.832803
156,42,12656.322452
156,43,12279.723935
156,44,12253.804849
156,46,12160.329688
157,34,18588.916248
157,35,14637.852944
157,36,13709.544261
157,37,13538.799323
157,38,13507.177386
157,39,12921.112395
157,40,12681.832803
157,42,12656.322452
157,43,12279.723935
157,44,12253.804849
157,46,12160.329688
157,47,12124.527036
158,34,18588.916248
158,35,14546.239929
158,36,13655.981525
158,37,13496.599789
158,39,12919.926636
158,40,12669.755330
158,42,12407.943418
158,43,12258.735571
158,44,12245.739478
158,46,12121.092733
159,34,18588.916248
159,35,14546.239929
159,36,13655.981525
159,37,13496.599789
159,38,13483.962298
159,39,12893.291959
159,40,12669.755330
159,42,12407.943418
159,43,12258.735571
159,44,12245.739478
159,46,12121.092733
160,34,18588.916248
160,35,14149.668890
160,36,13626.563309
160,37,13444.279776
160,39,12873.686222
160,40,12654.425172
160,42,12379.399276
160,43,12210.060379
160,45,12178.030334
160,46,12103.227893
161,34,18140.998145
161,35,13957.847267
161,36,13626.563309
161,37,13444.279776
161,39,12873.686222
161,40,12654.425172
161,42,12379.399276
161,43,12210.060379
161,45,12178.030334
161,46,12103.227893
162,34,18041.946706
162,35,13893.939140
162,36,13625.185470
162,37,13444.279776
162,39,12873.535960
162,40,12654.425172
162,42,12375.514546
162,43,12210.060379
162,45,12176.728620
162,46,12093.635734
163,34,18041.946706
163,35,13893.939140
163,36,13617.783808
163,37,13444.279776
163,39,12873.535960
163,40,12654.425172
163,42,12375.514546
163,43,12210.060379
163,45,12176.728620
163,46,12093.635734
164,34,15119.320126
164,35,13879.550561
164,36,13602.008073
164,37,13441.486755
164,39,12872.697499
164,40,12649.363997
164,42,12189.288491
164,45,12166.423830
164,46,12093.635734
165,34,15119.320126
165,35,13557.772433
165,37,13441.486755
165,38,13298.289963
165,39,12872.697499
165,40,12649.363997
165,42,12189.288491
165,44,12174.594766
165,45,12166.423830
165,46,12093.635734
166,34,15064.335780
166,35,13527.661372
166,37,13398.599530
166,38,13259.612591
166,39,12866.004919
166,40,12603.176404
166,42,12189.288491
166,44,12163.595388
166,46,12086.547136
167,33,15271.899925
167,34,13677.694712
167,35,13527.661372
167,37,13398.599530
167,38,13259.612591
167,39,12866.004919
167,40,12603.176404
167,42,12189.288491
167,44,12163.595388
167,46,12086.547136
168,33,15231.216111
168,34,13677.694712
168,35,13504.797449
168,37,12820.829829
168,40,12599.008531
168,42,12182.153770
168,44,12163.595388
168,46,12086.456933
169,33,15231.216111
169,34,13677.694712
169,35,13504.797449
169,36,13477.747761
169,37,12820.829829
169,38,12818.986543
169,40,12599.008531
169,41,12545.230411
169,42,12182.153770
169,44,12163.595388
169,46,12086.456933
170,33,15231.216111
170,34,13677.694712
170,35,13501.044923
170,36,13477.747761
170,37,12806.272107
170,40,12598.239534
170,41,12545.230411
170,42,12159.388016
170,46,12077.763715
171,33,15231.216111
171,34,13677.694712
171,35,13435.716247
171,37,12806.272107
171,39,12791.996015
171,40,12598.239534
171,41,12545.230411
171,42,12159.388016
171,45,12159.368931
171,46,12077.763715
172,33,15159.232288
172,34,13652.274346
172,35,13427.180267
172,37,12777.172543
172,40,12597.283655
172,41,12519.131295
172,42,12159.186682
172,45,12154.818222
172,46,12075.481554
173,33,15159.232288
173,34,13652.274346
173,35,13427.180267
173,37,12777.172543
173,40,12597.283655
173,41,12519.131295
173,42,12159.186682
173,45,12154.818222
173,46,12075.481554
174,33,14885.572996
174,34,13648.043780
174,35,13427.180267
174,37,12748.026950
174,40,12546.726865
174,41,12519.131295
174,42,12159.186682
174,45,12125.738266
174,46,12074.081884
175,33,14885.572996
175,34,13648.043780
175,35,13427.180267
175,37,12748.026950
175,40,12546.726865
175,41,12303.432796
175,42,12159.186682
175,45,12125.738266
175,46,12074.081884
176,33,14824.444128
176,34,13475.634633
176,35,13401.339273
176,37,12714.762313
176,40,12546.726865
176,41,12303.432796
176,42,12159.186682
176,45,12101.909360
176,46,12071.890536
177,33,14824.444128
177,34,13475.634633
177,35,13401.339273
177,37,12714.762313
177,39,12646.108007
177,40,12546.726865
177,41,12303.432796
177,42,12159.186682
177,45,12101.909360
177,46,12071.890536
178,33,14813.957269
178,34,13450.814830
178,35,13397.802315
178,37,12714.450403
178,39,12646.108007
178,40,12519.002538
178,41,12295.688578
178,42,12158.251740
178,45,12101.909360
178,46,12071.701899
179,33,14813.957269
179,34,13450.814830
179,35,13397.802315
179,37,12714.450403
179,39,12646.108007
179,40,12519.002538
179,41,12295.688578
179,42,12158.251740
179,45,12037.189774
179,47,12023.106248
180,33,14715.058619
180,34,13435.761064
180,35,13397.802315
180,37,12703.106483
180,39,12646.108007
180,40,12482.923648
180,41,12295.437053
180,42,12158.208437
180,45,12037.189774
180,47,12018.683212
181,33,14715.058619
181,34,13435.761064
181,35,13397.802315
181,37,12703.106483
181,38,12670.596032
181,39,12636.041782
181,40,12482.923648
181,41,12295.437053
181,42,12158.208437
181,45,12037.189774
181,46,12033.825008
181,47,12018.683212
182,33,14715.058619
182,34,13435.761064
182,35,13359.781702
182,37,12701.048820
182,38,12655.530138
182,39,12636.041782
182,40,12467.050434
182,41,12286.617589
182,42,12158.208437
182,45,12037.189774
182,46,12008.410150
183,33,14345.302742
183,34,13435.761064
183,35,13359.781702
183,37,12701.048820
183,38,12655.530138
183,39,12636.041782
183,40,12467.050434
183,41,12286.617589
183,42,12158.208437
183,45,12037.189774
183,46,12008.410150
184,33,14345.302742
184,34,13432.120268
184,35,13312.519013
184,37,12701.048820
184,38,12655.530138
184,39,12534.577526
184,40,12467.050434
184,41,12284.628431
184,42,12158.208437
184,45,12037.189774
184,46,11999.695368
185,33,13837.452339
185,34,13432.120268
185,35,13312.519013
185,37,12701.048820
185,38,12655.530138
185,39,12534.577526
185,40,12467.050434
185,41,12284.628431
185,42,12158.208437
185,45,12037.189774
185,46,11999.695368
186,33,13837.452339
186,34,13432.120268
186,35,13258.447554
186,37,12699.026048
186,38,12632.475145
186,39,12522.839004
186,40,12461.575839
186,41,12268.139378
186,42,12150.956173
186,45,12037.189774
186,46,11999.695368
187,33,13837.452339
187,34,13432.120268
187,35,13258.447554
187,37,12699.026048
187,38,12632.475145
187,39,12522.839004
187,40,12461.575839
187,41,12268.139378
187,42,12150.956173
187,45,12037.189774
187,46,11999.695368
188,33,13837.452339
188,34,13432.120268
188,35,13250.612905
188,37,12691.910441
188,38,12622.854142
188,39,12512.416386
188,40,12461.575839
188,41,12244.420985
188,42,12145.061179
188,44,12128.469473
188,45,12037.189774
188,46,11978.149148
189,33,13837.452339
189,34,13432.120268
189,35,13250.612905
189,37,12691.910441
189,38,12622.854142
189,39,12512.416386
189,40,12461.575839
189,41,12244.420985
189,42,12145.061179
189,43,11940.775317
190,33,13828.541868
190,34,13388.866801
190,35,13217.264749
190,37,12675.948275
190,38,12615.743092
190,39,12509.827151
190,40,12458.986671
190,41,12244.420985
190,42,12139.163427
190,43,11927.219555
191,33,13828.541868
191,34,13388.866801
191,35,13217.264749
191,37,12675.948275
191,38,12615.743092
191,39,12509.827151
191,40,12458.986671
191,41,12244.420985
191,42,12139.163427
191,43,11927.219555
192,33,13825.428880
192,34,13327.586777
192,35,13157.927626
192,37,12675.948275
192,38,12495.357094
192,40,12458.986671
192,41,12244.420985
192,42,12139.163427
192,43,11927.219555
193,33,13825.428880
193,34,13327.586777
193,35,13157.927626
193,37,12675.948275
193,38,12495.357094
193,40,12458.986671
193,41,12244.420985
193,42,12139.163427
193,43,11927.219555
194,33,13825.428880
194,34,13326.146835
194,35,13157.927626
194,37,12652.403391
194,38,12477.316410
194,40,12458.986671
194,41,12233.104956
194,42,12131.129104
194,43,11911.877426
195,33,13825.428880
195,34,13326.146835
195,35,13157.927626
195,37,12652.403391
195,38,12477.316410
195,40,12458.986671
195,41,12233.104956
195,42,12114.638629
195,43,11911.877426
196,33,13825.428880
196,34,13323.416827
196,35,13153.257177
196,37,12450.839031
196,41,12221.921541
196,42,12105.912143
196,43,11900.077936
197,33,13825.428880
197,34,13323.416827
197,35,13153.257177
197,37,12450.839031
197,41,12221.921541
197,42,12105.912143
197,43,11900.077936
198,33,13788.672935
198,34,13323.336913
198,35,13153.257177
198,37,12449.345762
198,41,12192.748906
198,42,12104.282616
198,43,11897.008835
199,33,13788.672935
199,34,13323.336913
199,35,13153.257177
199,37,12449.345762
199,41,12192.748906
199,42,12104.282616
199,43,11897.008835
200,33,13776.161851
200,34,13234.748862
200,35,13153.257177
200,37,12443.112245
200,41,12178.843988
200,42,12085.897020
200,43,11842.831610
201,33,13776.161851
201,34,13234.748862
201,35,12878.328620
201,37,12443.112245
201,41,12178.843988
201,42,12085.897020
201,43,11842.831610
202,33,13728.781975
202,34,13189.269247
202,35,12878.022704
202,37,12443.112245
202,41,12178.649976
202,42,12085.598305
202,43,11840.635859
203,33,13728.781975
203,34,13189.269247
203,35,12878.022704
203,37,12443.112245
203,41,12178.649976
203,42,12085.598305
203,43,11840.635859
204,33,13728.781975
204,34,13189.269247
204,35,12843.407565
204,37,12443.112245
204,41,12178.351340
204,42,12085.598305
204,43,11840.635859
205,33,13242.779270
205,34,13189.269247
205,35,12843.407565
205,37,12443.112245
205,41,12178.351340
205,42,12085.598305
205,43,11840.635859
206,33,13231.454733
206,34,12706.311321
206,36,12433.627906
206,41,12171.154570
206,42,12085.598305
206,43,11835.481964
207,33,13231.454733
207,34,12706.311321
207,36,12433.627906
207,41,12171.154570
207,42,12085.598305
207,43,11835.481964
208,33,13231.454733
208,34,12706.311321
208,36,12423.569144
208,41,12171.154570
208,42,12080.382063
208,43,11827.115904
209,33,13231.454733
209,34,12706.311321
209,36,12423.569144
209,41,12171.154570
209,42,12080.382063
209,43,11827.115904
210,33,13213.174400
210,34,12677.563711
210,36,12423.569144
210,41,12169.694991
210,42,12080.382063
210,43,11817.800563
211,33,13213.174400
211,34,12677.563711
211,35,12408.376887
211,41,12169.694991
211,42,12054.848419
211,43,11817.800563
212,33,13184.328080
212,34,12676.264214
212,35,12408.376887
212,41,12068.710640
212,42,12053.420659
212,43,11798.908886
213,33,13184.328080
213,34,12676.264214
213,35,12408.376887
213,40,12043.506283
213,43,11798.908886
214,33,13181.377334
214,34,12674.512707
214,35,12408.376887
214,40,12037.906022
214,43,11798.268055
215,33,13181.377334
215,34,12674.512707
215,35,12408.376887
215,40,12037.906022
215,43,11798.268055
216,33,13181.377334
216,34,12639.645195
216,35,12405.965918
216,40,12037.906022
216,43,11798.268055
217,32,13158.224850
217,34,12639.645195
217,35,12323.855230
217,40,12037.906022
217,41,12024.703274
217,43,11798.268055
218,32,13153.404834
218,34,12639.645195
218,35,12321.447956
218,40,12008.246007
218,41,12007.380598
218,43,11770.730373
219,32,13153.404834
219,34,12639.645195
219,35,12321.447956
219,36,12311.190412
219,40,12008.246007
219,41,12007.380598
219,43,11770.730373
220,32,13153.404834
220,33,12561.528347
220,35,12321.447956
220,36,12310.244327
220,39,12014.102413
220,40,11986.120210
220,43,11770.730373
221,32,13153.404834
221,33,12536.971206
221,35,12321.447956
221,36,12310.244327
221,37,12238.811100
221,39,12014.102413
221,40,11986.120210
221,42,11985.854483
221,43,11770.730373
222,32,13127.170978
222,33,12536.971206
222,34,12489.451547
222,35,12313.611008
222,36,12209.387888
222,39,12014.102413
222,40,11986.120210
222,42,11985.177488
222,43,11770.139989
223,32,13127.170978
223,33,12536.971206
223,34,12489.451547
223,35,12313.611008
223,36,12209.387888
223,39,12014.102413
223,40,11986.120210
223,42,11774.222821
223,43,11770.139989
224,32,13122.647297
224,33,12535.589058
224,34,12457.761407
224,35,12313.611008
224,36,12202.188780
224,39,12013.531582
224,40,11975.591670
224,42,11772.441860
224,43,11751.877806
225,32,13122.647297
225,33,12535.589058
225,34,12457.761407
225,35,12313.611008
225,36,12202.188780
225,39,12013.531582
225,40,11975.591670
225,42,11772.441860
225,43,11751.877806
226,32,13114.277567
226,33,12507.705816
226,34,12457.755713
226,35,12271.031260
226,36,12201.665779
226,39,12013.531582
226,40,11957.639476
226,42,11768.684747
226,43,11749.844928
227,32,13114.277567
227,33,12507.705816
227,34,12457.755713
227,35,12271.031260
227,36,12201.665779
227,39,12013.531582
227,40,11957.639476
227,42,11768.684747
227,43,11749.844928
228,32,13096.529349
228,33,12507.705816
228,34,12443.902809
228,35,12192.959158
228,39,11989.453890
228,40,11956.211716
228,42,11705.874899
229,32,13096.529349
229,33,12507.705816
229,34,12443.902809
229,35,12192.959158
229,39,11989.453890
229,40,11956.211716
229,42,11705.874899
230,32,13073.484247
230,33,12507.705816
230,34,12443.902809
230,35,12192.959158
230,39,11988.064322
230,40,11956.211716
230,42,11705.588314
231,32,13073.484247
231,33,12507.705816
231,34,12443.902809
231,35,12192.959158
231,36,12186.916663
231,39,11988.064322
231,40,11956.211716
231,42,11705.588314
232,32,13073.484247
232,33,12495.874482
232,34,12421.889868
232,35,12192.959158
232,36,12183.937348
232,38,12180.126838
232,39,11900.935618
232,42,11700.118677
233,32,13073.484247
233,33,12495.874482
233,34,12421.889868
233,35,12192.959158
233,36,12183.937348
233,38,12180.126838
233,39,11900.935618
233,42,11700.118677
234,31,13306.693022
234,32,13046.492173
234,33,12485.181540
234,34,12421.889868
234,35,12192.959158
234,36,12164.364769
234,39,11878.539846
234,42,11700.118677
235,31,13306.693022
235,32,13046.492173
235,33,12485.181540
235,34,12266.412385
235,35,12192.959158
235,36,12164.364769
235,39,11878.539846
235,42,11700.118677
236,31,13306.693022
236,32,13028.843096
236,33,12485.181540
236,34,12266.412385
236,35,12191.172945
236,36,12162.447420
236,38,11844.470923
236,42,11700.118677
237,31,13306.693022
237,32,12485.997821
237,33,12485.181540
237,34,12266.412385
237,35,12191.172945
237,36,12162.447420
237,38,11844.470923
237,42,11700.118677
238,31,13299.858711
238,32,12468.912100
238,34,12266.201353
238,35,12189.102483
238,36,12160.504519
238,38,11842.500765
238,42,11700.118677
239,31,13299.858711
239,32,12468.912100
239,34,12266.201353
239,35,12189.102483
239,36,12160.504519
239,38,11842.500765
239,42,11684.978092
240,31,13299.858711
240,32,12468.912100
240,34,12266.201353
240,35,12188.619122
240,36,12159.434123
240,38,11820.634521
240,41,11673.398330
241,31,13299.858711
241,32,12468.912100
241,34,12266.201353
241,35,12188.619122
241,36,12159.434123
241,38,11820.634521
241,41,11673.398330
242,31,13299.858711
242,32,12468.912100
242,34,12259.239065
242,35,12188.619122
242,36,12131.925659
242,38,11820.634521
242,41,11673.398330
243,31,13299.858711
243,32,12468.912100
243,34,12259.239065
243,35,12188.619122
243,36,12131.925659
243,38,11820.634521
243,41,11673.398330
244,31,13275.116176
244,32,12452.591884
244,34,12259.028017
244,35,12188.170572
244,36,12131.925659
244,38,11810.482131
244,40,11614.821847
245,31,13275.116176
245,32,12452.591884
245,34,12259.028017
245,35,12042.709435
245,38,11810.482131
245,40,11614.821847
246,31,13190.343100
246,32,12452.591884
246,34,12258.727817
246,35,12042.709435
246,38,11810.482131
246,40,11614.821847
247,31,13190.343100
247,32,12452.591884
247,33,12336.865591
247,34,12258.727817
247,35,12042.709435
247,38,11810.482131
247,40,11614.821847
248,31,13188.098123
248,32,12431.884250
248,33,12336.865591
248,34,12258.727817
248,35,12042.709435
248,38,11794.570191
248,40,11614.821847
249,31,12926.684880
249,32,12431.884250
249,33,12336.865591
249,34,12244.626881
249,35,12042.709435
249,38,11794.570191
249,40,11614.821847
250,31,12890.221502
250,32,12425.088336
250,33,12336.865591
250,34,12219.105091
250,35,12042.709435
250,38,11794.570191
250,40,11604.219922
251,31,12890.221502
251,32,12189.972110
251,35,12042.709435
251,38,11794.570191
251,40,11601.014880
252,31,12881.611013
252,32,12188.230936
252,35,12020.935691
252,38,11793.664715
252,40,11601.014880
253,31,12881.611013
253,32,12188.230936
253,34,12100.166663
253,35,12020.935691
253,38,11793.664715
253,40,11601.014880
254,31,12881.411411
254,32,12184.098800
254,34,12100.166663
254,35,12020.935691
254,38,11793.274215
254,40,11580.021288
255,31,12881.411411
255,32,12184.098800
255,34,12100.166663
255,35,12020.935691
255,38,11793.274215
255,40,11580.021288
256,31,12740.807894
256,32,12180.652082
256,34,12087.800485
256,35,12018.722837
256,38,11766.306076
256,40,11572.871601
257,31,12740.807894
257,32,12180.652082
257,34,12087.800485
257,35,12018.722837
257,38,11766.306076
257,40,11572.871601
258,31,12740.807894
258,32,12179.678250
258,34,12086.147341
258,35,12018.722837
258,38,11744.070277
258,40,11572.871601
259,31,12740.807894
259,32,12179.678250
259,34,12086.147341
259,35,12018.722837
259,38,11744.070277
259,40,11572.871601
260,31,12701.737976
260,32,12177.760901
260,34,12081.849784
260,35,12018.722837
260,38,11733.104781
260,40,11557.068742
261,31,12508.761489
261,32,12177.760901
261,33,12161.508907
261,34,12081.849784
261,35,12018.722837
261,38,11733.104781
261,39,11722.959719
261,40,11557.068742
262,31,12504.840982
262,32,12177.472799
262,33,12161.508907
262,34,12075.085560
262,35,12018.722837
262,37,11678.310402
262,40,11531.129672
263,31,12504.840982
263,32,12170.246832
263,33,12161.508907
263,34,12075.085560
263,35,12018.722837
263,37,11678.310402
263,40,11531.129672
264,31,12401.818155
264,32,12170.246832
264,33,12074.534744
264,35,12018.722837
264,37,11658.515084
264,40,11531.129672
265,31,12401.818155
265,32,12170.246832
265,33,12074.534744
265,35,12018.722837
265,37,11658.515084
265,39,11647.744568
265,40,11531.129672
266,31,12145.984587
266,33,12073.261315
266,35,12018.722837
266,37,11657.289832
266,39,11497.740505
267,31,12145.984587
267,33,12073.261315
267,35,12018.722837
267,37,11657.289832
267,39,11497.740505
268,31,12142.250243
268,33,12044.185696
268,35,11996.189214
268,37,11657.226443
268,39,11459.098718
269,31,12142.250243
269,33,12044.185696
269,35,11996.189214
269,37,11657.226443
269,39,11459.098718
270,30,12401.484312
270,31,12142.250243
270,33,12039.644729
270,35,11960.167609
270,37,11657.226443
270,39,11458.295064
271,30,12127.437652
271,33,12039.644729
271,35,11960.167609
271,37,11657.226443
271,39,11458.295064
272,30,12118.377593
272,33,12039.644729
272,35,11960.167609
272,37,11642.287494
272,38,11453.115872
273,30,12118.377593
273,33,12039.644729
273,35,11960.167609
273,37,11642.287494
273,38,11453.115872
274,30,12115.169541
274,33,12022.850014
274,35,11957.458495
274,37,11642.287494
274,38,11449.212134
275,30,12115.169541
275,33,12022.850014
275,35,11957.458495
275,37,11642.287494
275,38,11449.212134
276,30,12115.169541
276,33,12022.850014
276,35,11957.458495
276,37,11623.967653
276,38,11445.725848
277,30,12115.169541
277,33,12022.850014
277,35,11957.458495
277,37,11623.967653
277,38,11445.725848
278,30,12098.119959
278,33,12019.577766
278,35,11957.458495
278,37,11623.967653
278,38,11443.723189
279,30,12098.119959
279,33,12019.577766
279,35,11957.458495
279,37,11623.967653
279,38,11443.723189
280,30,12090.109398
280,33,12006.594403
280,35,11825.332372
280,37,11597.674011
280,38,11443.723189
281,30,12090.109398
281,33,12006.594403
281,35,11825.332372
281,37,11597.674011
281,38,11443.723189
282,30,12089.936836
282,33,12006.594403
282,35,11825.332372
282,37,11571.959902
282,38,11441.747180
283,30,12089.936836
283,33,12006.594403
283,35,11825.332372
283,37,11571.959902
283,38,11439.239075
284,29,12588.222096
284,30,12089.936836
284,33,12006.594403
284,35,11747.264069
284,37,11552.281152
284,38,11433.640224
285,29,12588.222096
285,30,12089.936836
285,31,12044.618154
285,33,12006.594403
285,35,11747.264069
285,37,11552.281152
285,38,11433.640224
286,29,12588.222096
286,30,12079.971466
286,31,12039.066586
286,33,12006.594403
286,35,11610.549417
286,37,11552.281152
286,38,11416.056818
287,29,12588.222096
287,30,12079.971466
287,31,12039.066586
287,33,12006.594403
287,35,11610.549417
287,37,11552.281152
287,38,11416.056818
288,29,12587.461187
288,30,12067.862228
288,31,12028.908962
288,33,12006.594403
288,35,11609.894486
288,37,11552.281152
288,38,11413.572709
289,29,12587.461187
289,30,12067.862228
289,31,12028.908962
289,33,11966.099071
289,35,11609.894486
289,37,11552.281152
289,38,11413.572709
290,29,12583.857443
290,30,12067.862228
290,31,12009.738394
290,33,11963.925429
290,35,11596.890922
290,36,11544.002163
290,38,11413.572709
291,29,12583.857443
291,30,12067.862228
291,31,12009.738394
291,33,11963.925429
291,35,11596.890922
291,36,11544.002163
291,38,11400.296963
292,29,12583.857443
292,30,12065.639692
292,31,12009.738394
292,33,11955.291320
292,35,11596.890922
292,36,11541.746670
292,38,11399.215235
293,29,12583.857443
293,30,12056.527852
293,31,12009.738394
293,33,11955.291320
293,35,11596.890922
293,36,11541.746670
293,38,11399.215235
294,29,12576.048304
294,30,12055.508330
294,31,12009.338161
294,33,11955.291320
294,35,11515.050888
294,38,11396.524770
295,29,12314.782891
295,30,12055.508330
295,31,12009.338161
295,33,11955.291320
295,35,11515.050888
295,38,11396.524770
296,29,12270.077141
296,30,12055.508330
296,31,12009.338161
296,33,11955.291320
296,35,11515.050888
296,38,11376.234113
297,29,12270.077141
297,30,12034.057896
297,31,12009.338161
297,33,11955.291320
297,35,11515.050888
297,38,11376.234113
298,29,12242.355651
298,30,12032.268548
298,31,12009.338161
298,33,11955.291320
298,35,11515.050888
298,38,11347.024679
299,29,12242.355651
299,30,12032.268548
299,31,11987.212066
299,33,11955.291320
299,35,11515.050888
299,38,11347.024679
300,29,12194.345644
300,30,11998.063402
300,31,11987.212066
300,33,11955.291320
300,35,11514.334238
300,38,11344.204602
301,29,12194.345644
301,30,11998.063402
301,31,11987.212066
301,33,11955.291320
301,35,11514.334238
301,38,11344.204602
302,29,12184.928920
302,30,11997.729201
302,31,11941.131963
302,35,11510.493728
302,38,11335.890629
303,29,12184.928920
303,30,11997.729201
303,31,11941.131963
303,35,11510.493728
303,38,11335.890629
304,29,12135.244485
304,30,11997.209999
304,31,11941.131963
304,34,11757.551027
304,35,11451.289130
304,38,11335.890629
305,29,12135.244485
305,30,11997.209999
305,31,11941.131963
305,34,11757.551027
305,35,11451.289130
305,37,11441.844000
305,38,11335.890629
306,29,12135.244485
306,30,11992.326762
306,31,11941.131963
306,34,11740.907386
306,35,11433.385790
306,38,11328.092268
307,29,12135.244485
307,30,11992.326762
307,31,11941.131963
307,34,11740.907386
307,35,11433.385790
307,37,11431.224195
307,38,11328.092268
308,29,12131.547724
308,30,11965.595908
308,31,11941.131963
308,34,11740.311807
308,35,11433.385790
308,37,11429.011342
308,38,11321.079203
309,29,12131.547724
309,30,11965.595908
309,31,11941.131963
309,34,11740.311807
309,35,11433.385790
309,37,11429.011342
309,38,11321.079203
310,29,12131.547724
310,30,11965.595908
310,31,11939.386856
310,34,11740.311807
310,35,11433.385790
310,37,11427.151992
310,38,11320.780814
311,29,12131.547724
311,30,11965.595908
311,31,11939.386856
311,34,11740.311807
311,35,11433.385790
311,37,11427.151992
311,38,11320.780814
312,29,12131.547724
312,30,11954.525045
312,31,11929.159436
312,34,11739.055726
312,35,11433.026183
312,36,11357.470022
312,38,11320.780814
313,29,12131.547724
313,30,11954.525045
313,31,11929.159436
313,34,11739.055726
313,35,11433.026183
313,36,11357.470022
313,38,11320.780814
314,29,12131.547724
314,30,11950.997293
314,31,11926.886353
314,34,11727.138915
314,35,11352.107459
314,38,11318.384197
315,29,12131.547724
315,30,11950.997293
315,31,11926.886353
315,33,11905.836407
315,34,11727.138915
315,35,11352.107459
315,38,11318.384197
316,29,12130.779903
316,30,11946.414280
316,31,11919.199178
316,33,11887.048466
316,34,11727.138915
316,35,11341.043688
316,37,11306.356142
317,29,12130.779903
317,30,11946.414280
317,31,11919.199178
317,33,11887.048466
317,34,11727.138915
317,35,11341.043688
317,37,11306.356142
318,29,12127.968162
318,30,11932.474260
318,31,11878.220019
318,34,11725.607657
318,35,11328.959599
318,37,11299.614384
319,29,12127.968162
319,30,11932.474260
319,31,11878.220019
319,34,11725.607657
319,35,11328.959599
319,37,11299.614384
320,29,12126.661656
320,30,11932.474260
320,31,11874.501230
320,34,11690.269577
320,35,11328.902741
320,37,11286.196518
321,29,12126.661656
321,30,11932.474260
321,31,11874.501230
321,34,11690.269577
321,35,11328.902741
321,37,11286.196518
322,29,12126.661656
322,30,11898.209483
322,31,11859.193831
322,34,11690.269577
322,35,11328.043149
322,37,11286.196518
323,29,12126.661656
323,30,11898.209483
323,31,11859.193831
323,33,11847.134019
323,34,11690.269577
323,35,11328.043149
323,37,11286.196518
