Generation,NV,TOC
1,14,3220.261141
1,15,2792.000357
1,21,2787.575994
1,22,2768.321818
1,25,2721.854144
1,27,2710.433465
1,28,2633.691385
2,14,3220.261141
2,15,2792.000357
2,21,2787.575994
2,22,2768.321818
2,23,2723.836353
2,25,2685.586413
2,26,2679.910865
2,27,2650.657563
2,28,2633.691385
3,13,2928.598914
3,15,2792.000357
3,18,2717.588283
3,20,2695.278178
3,22,2656.051286
3,24,2627.081557
4,11,2777.804629
4,12,2717.450943
4,15,2552.296624
4,20,2485.870626
4,22,2461.279835
5,11,2777.804629
5,12,2717.450943
5,15,2552.296624
5,20,2485.870626
5,21,2481.502303
5,22,2452.360863
6,11,2725.876189
6,12,2659.091447
6,14,2653.322887
6,15,2399.093048
6,21,2384.710217
7,11,2725.876189
7,12,2659.091447
7,13,2625.060223
7,15,2399.093048
7,21,2384.710217
8,11,2693.438919
8,12,2585.525737
8,15,2360.507081
9,11,2533.214988
9,13,2440.002272
9,15,2360.507081
9,19,2348.543081
9,23,2346.890878
10,11,2387.117619
10,15,2355.129239
10,18,2323.307481
10,19,2274.275446
11,11,2387.117619
11,14,2292.266833
11,19,2274.275446
12,10,2914.634036
12,11,2387.117619
12,14,2292.266833
12,19,2274.275446
12,23,2268.399661
13,10,2914.634036
13,11,2387.117619
13,14,2292.266833
13,19,2274.275446
13,23,2268.399661
14,10,2870.308946
14,11,2363.380145
14,14,2277.831586
14,18,2238.104037
14,22,2225.743246
15,10,2870.308946
15,11,2348.157336
15,13,2317.684502
15,14,2277.831586
15,18,2226.853003
15,22,2225.743246
16,10,2464.321955
16,11,2348.157336
16,13,2303.015863
16,14,2243.480436
16,18,2215.979444
16,21,2215.243071
17,10,2460.482790
17,11,2345.583437
17,13,2303.015863
17,14,2243.480436
17,17,2195.571558
17,18,2175.109601
18,10,2420.355911
18,11,2345.583437
18,13,2220.532921
18,15,2128.760653
19,10,2420.355911
19,11,2345.583437
19,13,2220.532921
19,15,2128.760653
20,9,3048.452679
20,10,2420.355911
20,11,2260.267969
20,13,2204.667062
20,15,2128.760653
21,9,3048.452679
21,10,2309.290251
21,11,2260.267969
21,13,2204.667062
21,15,2128.760653
22,9,2748.235333
22,10,2309.290251
22,11,2255.516640
22,12,2192.424556
22,14,2111.606665
23,8,3289.789938
23,9,2723.047255
23,10,2309.290251
23,11,2232.059068
23,12,2192.424556
23,14,2111.606665
24,8,3057.598333
24,9,2514.808026
24,10,2309.290251
24,11,2226.462083
24,12,2166.501606
24,14,2111.112579
24,18,2097.140236
25,8,3057.598333
25,9,2514.808026
25,10,2309.290251
25,11,2226.462083
25,12,2166.501606
25,14,2111.112579
25,18,2097.140236
26,8,3057.598333
26,9,2514.808026
26,10,2203.433331
26,11,2175.403142
26,12,2166.501606
26,13,2140.976760
26,14,2111.112579
26,18,2089.319869
27,8,3057.598333
27,9,2514.808026
27,10,2203.433331
27,11,2175.403142
27,12,2166.501606
27,13,2140.976760
27,14,2111.112579
27,18,2089.319869
28,8,2955.544011
28,9,2477.332941
28,10,2202.514607
28,11,2175.403142
28,12,2166.501606
28,13,2135.528846
28,14,2049.473211
29,8,2589.815343
29,9,2466.438446
29,10,2202.514607
29,11,2175.403142
29,12,2166.501606
29,13,2135.528846
29,14,2049.473211
30,7,3492.250693
30,8,2487.673927
30,9,2466.438446
30,10,2201.196602
30,11,2174.442670
30,12,2118.652346
30,13,2096.058426
30,14,2043.996743
31,7,3492.250693
31,8,2487.673927
31,9,2466.438446
31,10,2201.196602
31,11,2170.531696
31,12,2118.652346
31,13,2096.058426
31,14,2043.996743
32,7,3352.325993
32,8,2471.295688
32,9,2346.077308
32,10,2194.462132
32,11,2141.630856
32,12,2117.625647
32,13,2082.133547
32,14,2043.996743
33,7,3352.325993
33,8,2471.295688
33,9,2346.077308
33,10,2194.462132
33,11,2141.630856
33,12,2117.625647
33,13,2082.133547
33,14,2043.996743
34,7,3240.233567
34,8,2451.043827
34,9,2346.077308
34,10,2173.330851
34,11,2138.607867
34,12,2094.418580
34,13,1996.904631
35,7,3240.233567
35,8,2451.043827
35,9,2346.077308
35,10,2173.330851
35,11,2138.607867
35,12,2094.418580
35,13,1996.904631
36,7,2948.760441
36,8,2371.286226
36,9,2223.928300
36,10,2134.973956
36,12,2094.418580
36,13,1996.904631
37,7,2948.760441
37,8,2362.625000
37,9,2223.928300
37,10,2134.973956
37,11,2124.247645
37,12,2094.418580
37,13,1996.904631
38,7,2948.760441
38,8,2362.625000
38,9,2176.079419
38,10,2123.819886
38,11,2117.014395
38,12,2092.159850
38,13,1996.891383
39,7,2948.760441
39,8,2362.625000
39,9,2176.079419
39,10,2123.819886
39,11,2117.014395
39,12,2092.159850
39,13,1996.891383
40,7,2948.499916
40,8,2362.625000
40,9,2175.580203
40,10,2123.819886
40,11,2111.104873
40,12,2092.159850
40,13,1989.568205
41,7,2948.499916
41,8,2362.625000
41,9,2175.580203
41,10,2114.545383
41,11,2111.104873
41,12,2092.159850
41,13,1989.568205
42,7,2820.781140
42,8,2362.625000
42,9,2122.161111
42,10,2114.545383
42,11,1955.311184
43,7,2757.216759
43,8,2329.282432
43,9,2122.161111
43,10,2114.545383
43,11,1955.311184
44,7,2757.216759
44,8,2238.192734
44,9,2121.661896
44,10,2104.624286
44,11,1937.769624
45,7,2686.192163
45,8,2238.192734
45,9,2121.661896
45,10,2104.624286
45,11,1937.769624
46,7,2618.734344
46,8,2238.192734
46,9,2121.661896
46,10,2104.624286
46,11,1931.513213
47,7,2618.734344
47,8,2238.192734
47,9,2121.661896
47,10,2103.538285
47,11,1931.513213
48,7,2618.734344
48,8,2187.674357
48,9,2121.661896
48,10,2097.526531
48,11,1930.586295
49,7,2618.734344
49,8,2187.674357
49,9,2121.661896
49,10,2097.526531
49,11,1930.586295
50,7,2562.718201
50,8,2179.930808
50,9,2121.661896
50,10,2089.420730
50,11,1930.586295
51,7,2562.718201
51,8,2179.930808
51,9,2121.661896
51,10,2089.420730
51,11,1930.586295
52,7,2480.604653
52,8,2179.930808
52,9,2121.661896
52,10,2089.420730
52,11,1930.586295
53,7,2480.604653
53,8,2179.930808
53,9,2110.268430
53,10,2089.420730
53,11,1930.586295
54,7,2455.064900
54,8,2132.120449
54,9,2102.190529
54,10,2087.356127
54,11,1930.586295
55,7,2455.064900
55,8,2132.120449
55,9,2102.190529
55,10,2087.356127
55,11,1930.586295
56,7,2453.563225
56,8,2130.957248
56,9,2074.354806
56,11,1930.586295
57,7,2453.563225
57,8,2130.957248
57,9,2074.354806
57,11,1930.586295
58,7,2419.724571
58,8,2130.749280
58,9,2032.711970
58,11,1924.887154
59,7,2419.724571
59,8,2130.749280
59,9,2032.711970
59,11,1924.887154
60,7,2419.724571
60,8,2130.749280
60,9,2032.360995
60,11,1915.948152
61,7,2419.724571
61,8,2096.716718
61,9,2032.360995
61,11,1915.948152
62,7,2416.325461
62,8,2096.716718
62,9,2025.890763
62,11,1915.948152
63,7,2395.324646
63,8,2096.716718
63,9,2019.895534
63,11,1909.473400
64,7,2317.375305
64,8,2096.716718
64,9,2019.895534
64,11,1909.473400
65,7,2317.375305
65,8,2096.716718
65,9,2019.895534
65,11,1909.473400
66,7,2317.375305
66,8,2096.716718
66,9,2019.895534
66,11,1909.473400
67,7,2317.375305
67,8,2096.716718
67,9,2017.739924
67,11,1909.473400
68,7,2317.375305
68,8,2094.886793
68,9,1992.139517
68,11,1909.473400
69,7,2317.375305
69,8,2086.349555
69,9,1992.139517
69,10,1989.000630
69,11,1909.473400
70,7,2256.473816
70,8,2086.349555
70,9,1992.139517
70,10,1989.000630
70,11,1909.473400
71,7,2256.473816
71,8,2086.349555
71,9,1992.139517
71,10,1989.000630
71,11,1909.473400
72,7,2232.164082
72,8,2086.349555
72,9,1992.139517
72,10,1989.000630
72,11,1909.473400
73,7,2232.164082
73,8,2067.568488
73,9,1992.139517
73,10,1965.708270
73,11,1903.559924
74,7,2232.164082
74,8,2067.568488
74,9,1992.139517
74,10,1965.708270
74,11,1903.559924
75,7,2213.119994
75,8,2067.568488
75,9,1992.139517
75,10,1965.708270
75,11,1903.559924
76,7,2209.941894
76,8,2067.568488
76,9,1992.139517
76,10,1965.708270
76,11,1903.559924
77,7,2209.941894
77,8,2067.568488
77,9,1992.139517
77,10,1965.708270
77,11,1902.599526
78,7,2209.941894
78,8,2067.568488
78,9,1992.139517
78,10,1964.952197
78,11,1902.599526
79,7,2209.941894
79,8,2067.568488
79,9,1984.815775
79,10,1920.715047
79,11,1883.271137
80,7,2088.573286
80,8,2015.155901
80,9,1984.815775
80,10,1920.715047
80,11,1883.271137
81,7,2088.573286
81,8,2015.155901
81,9,1984.815775
81,10,1920.715047
81,11,1883.271137
82,7,2088.573286
82,8,2015.155901
82,9,1975.346839
82,10,1920.715047
82,11,1883.271137
83,7,2088.573286
83,8,2015.155901
83,9,1975.346839
83,10,1920.715047
83,11,1883.271137
84,7,2088.573286
84,8,2015.155901
84,9,1966.621819
84,10,1897.636644
84,11,1883.271137
85,7,2088.573286
85,8,2015.155901
85,9,1966.621819
85,10,1897.636644
85,11,1883.271137
86,7,2088.573286
86,8,2015.155901
86,9,1966.621819
86,10,1897.636644
86,11,1883.271137
87,7,2088.573286
87,8,2015.155901
87,9,1966.621819
87,10,1897.636644
87,11,1883.271137
88,7,2088.573286
88,8,1995.126933
88,9,1966.621819
88,10,1897.636644
88,11,1883.271137
89,7,2088.573286
89,8,1995.126933
89,9,1952.423553
89,10,1897.636644
89,11,1883.271137
90,7,2088.573286
90,8,1994.019104
90,9,1952.423553
90,10,1895.079762
90,11,1883.271137
91,7,2071.440327
91,8,1994.019104
91,9,1952.423553
91,10,1895.079762
91,11,1883.271137
92,7,2066.990079
92,8,1994.019104
92,9,1951.419977
92,10,1895.079762
92,11,1883.271137
93,7,2066.990079
93,8,1994.019104
93,9,1951.419977
93,10,1895.079762
93,11,1883.271137
94,7,2066.990079
94,8,1994.019104
94,9,1951.419977
94,10,1895.079762
94,11,1883.271137
95,7,2047.984073
95,8,1977.584910
95,9,1951.419977
95,10,1895.079762
95,11,1883.271137
96,7,2047.984073
96,8,1977.584910
96,9,1950.508033
96,10,1895.079762
96,11,1883.271137
97,7,2047.984073
97,8,1977.584910
97,9,1950.508033
97,10,1895.079762
97,11,1883.271137
98,7,2047.984073
98,8,1977.584910
98,9,1950.508033
98,10,1895.054900
98,11,1883.271137
99,7,2047.984073
99,8,1977.584910
99,9,1950.508033
99,10,1895.054900
99,11,1883.271137
100,7,2038.062139
100,8,1977.584910
100,9,1950.508033
100,10,1895.054900
100,11,1883.271137
101,7,2038.062139
101,8,1977.584910
101,9,1950.508033
101,10,1895.054900
101,11,1883.271137
102,7,2038.062139
102,8,1962.061854
102,9,1950.508033
102,10,1895.054900
102,11,1883.271137
103,7,2038.062139
103,8,1962.061854
103,9,1950.508033
103,10,1895.054900
103,11,1883.271137
104,7,2038.062139
104,8,1962.061854
104,9,1950.508033
104,10,1885.123622
104,11,1883.271137
105,7,2038.062139
105,8,1962.061854
105,9,1950.508033
105,10,1885.123622
105,11,1883.271137
106,7,2017.159560
106,8,1956.164798
106,9,1950.508033
106,10,1885.123622
106,11,1877.599068
107,7,2009.306028
107,8,1956.164798
107,9,1950.508033
107,10,1885.123622
107,11,1877.599068
108,7,2009.306028
108,8,1956.164798
108,9,1948.111163
108,10,1885.123622
108,11,1877.599068
109,7,2009.306028
109,8,1956.164798
109,9,1948.111163
109,10,1885.123622
109,11,1877.599068
110,7,2009.306028
110,8,1956.164798
110,9,1948.111163
110,10,1885.123622
110,11,1877.599068
111,7,2009.306028
111,8,1956.164798
111,9,1948.111163
111,10,1883.119968
111,11,1877.599068
112,7,2009.306028
112,8,1956.164798
112,9,1948.111163
112,10,1883.119968
112,11,1877.599068
113,7,2009.306028
113,8,1956.164798
113,9,1927.590829
113,10,1883.119968
113,11,1877.599068
114,7,2009.306028
114,8,1956.164798
114,9,1927.590829
114,10,1883.119968
114,11,1877.599068
115,7,2009.306028
115,8,1943.151945
115,9,1927.590829
115,10,1883.119968
115,11,1877.599068
116,7,2009.306028
116,8,1943.151945
116,9,1927.590829
116,10,1883.119968
116,11,1874.318772
117,7,2009.306028
117,8,1943.151945
117,9,1888.847682
117,10,1883.119968
117,11,1874.318772
118,7,2009.306028
118,8,1943.151945
118,9,1888.847682
118,10,1883.119968
118,11,1874.318772
119,6,2727.921646
119,7,2008.094809
119,8,1943.151945
119,9,1888.699435
119,10,1883.119968
119,11,1874.318772
120,6,2727.921646
120,7,1997.148396
120,8,1943.151945
120,9,1888.699435
120,10,1883.119968
120,11,1874.318772
121,6,2727.921646
121,7,1997.148396
121,8,1943.151945
121,9,1888.699435
121,10,1883.119968
121,11,1874.318772
122,6,2727.921646
122,7,1997.148396
122,8,1943.151945
122,9,1888.699435
122,10,1883.119968
122,11,1874.247859
123,6,2727.921646
123,7,1997.148396
123,8,1943.151945
123,9,1888.699435
123,10,1883.119968
123,11,1874.247859
124,6,2693.742800
124,7,1997.148396
124,8,1943.151945
124,9,1888.699435
124,10,1883.119968
124,11,1874.247859
125,6,2693.742800
125,7,1997.148396
125,8,1943.151945
125,9,1888.699435
125,10,1883.119968
125,11,1874.247859
126,6,2546.116973
126,7,1997.148396
126,8,1943.151945
126,9,1888.699435
126,10,1883.119968
126,11,1874.247859
127,6,2546.116973
127,7,1997.148396
127,8,1943.151945
127,9,1879.462478
127,11,1874.247859
128,6,2546.116973
128,7,1997.148396
128,8,1943.151945
128,9,1879.462478
128,11,1874.247859
129,6,2546.116973
129,7,1997.148396
129,8,1939.507285
129,9,1879.462478
129,11,1874.247859
130,6,2519.499198
130,7,1997.148396
130,8,1939.507285
130,9,1879.462478
130,11,1874.247859
131,6,2519.499198
131,7,1997.148396
131,8,1936.460353
131,9,1879.462478
131,11,1874.247859
132,6,2519.499198
132,7,1997.148396
132,8,1936.460353
132,9,1879.462478
132,11,1874.247859
133,6,2519.499198
133,7,1993.329214
133,8,1936.460353
133,9,1879.462478
133,11,1874.247859
134,6,2472.575506
134,7,1993.329214
134,8,1936.460353
134,9,1879.462478
134,11,1874.247859
135,6,2472.575506
135,7,1993.329214
135,8,1936.460353
135,9,1879.462478
135,11,1874.247859
136,6,2337.711294
136,7,1993.329214
136,8,1936.460353
136,9,1879.462478
136,11,1874.247859
137,6,2310.924495
137,7,1993.329214
137,8,1936.460353
137,9,1879.462478
137,11,1874.247859
138,6,2310.924495
138,7,1993.329214
138,8,1936.460353
138,9,1879.462478
138,11,1874.247859
139,6,2240.606443
139,7,1993.329214
139,8,1936.460353
139,9,1878.784639
139,11,1874.247859
140,6,2240.606443
140,7,1993.329214
140,8,1936.460353
140,9,1878.784639
140,11,1874.247859
141,6,2240.606443
141,7,1993.329214
141,8,1936.460353
141,9,1878.784639
141,11,1874.247859
142,6,2203.737265
142,7,1991.063530
142,8,1936.460353
142,9,1878.784639
142,11,1874.247859
143,6,2203.737265
143,7,1991.063530
143,8,1936.460353
143,9,1878.784639
143,11,1874.247859
144,6,2203.737265
144,7,1991.063530
144,8,1936.460353
144,9,1878.784639
144,11,1874.247859
145,6,2203.737265
145,7,1991.063530
145,8,1936.460353
145,9,1877.932275
145,11,1874.247859
146,6,2196.943460
146,7,1991.063530
146,8,1936.460353
146,9,1875.589225
146,11,1874.247859
147,6,2196.943460
147,7,1991.063530
147,8,1936.460353
147,9,1870.053970
148,6,2196.943460
148,7,1991.063530
148,8,1936.460353
148,9,1870.053970
149,6,2196.943460
149,7,1991.063530
149,8,1936.460353
149,9,1870.053970
150,6,2196.943460
150,7,1991.063530
150,8,1936.460353
150,9,1870.053970
151,6,2196.943460
151,7,1991.063530
151,8,1936.460353
151,9,1870.053970
152,6,2181.312545
152,7,1991.063530
152,8,1936.460353
152,9,1870.053970
153,6,2181.312545
153,7,1991.063530
153,8,1930.520174
153,9,1870.053970
154,6,2175.160274
154,7,1988.338653
154,8,1930.520174
154,9,1865.395129
155,6,2175.160274
155,7,1988.338653
155,8,1930.520174
155,9,1865.395129
156,6,2175.160274
156,7,1988.338653
156,8,1929.081862
156,9,1865.395129
157,6,2175.160274
157,7,1988.338653
157,8,1929.081862
157,9,1865.395129
158,6,2175.160274
158,7,1988.338653
158,8,1929.081862
158,9,1865.395129
159,6,2175.160274
159,7,1988.338653
159,8,1929.081862
159,9,1865.395129
160,6,2175.160274
160,7,1988.338653
160,8,1929.081862
160,9,1865.395129
161,6,2175.160274
161,7,1988.338653
161,8,1928.517625
161,9,1865.395129
162,6,2175.160274
162,7,1988.338653
162,8,1928.517625
162,9,1865.395129
163,6,2175.160274
163,7,1988.338653
163,8,1928.517625
163,9,1865.395129
164,6,2175.160274
164,7,1988.338653
164,8,1928.517625
164,9,1865.395129
165,6,2175.160274
165,7,1988.338653
165,8,1928.517625
165,9,1865.395129
166,6,2175.160274
166,7,1983.874796
166,8,1928.517625
166,9,1865.395129
167,6,2155.118928
167,7,1983.874796
167,8,1928.517625
167,9,1865.395129
168,6,2155.118928
168,7,1983.874796
168,8,1928.517625
168,9,1865.395129
169,6,2155.118928
169,7,1983.874796
169,8,1925.426940
169,9,1865.395129
170,6,2155.118928
170,7,1983.874796
170,8,1925.426940
170,9,1865.395129
171,6,2155.118928
171,7,1983.874796
171,8,1925.426940
171,9,1865.395129
172,6,2155.118928
172,7,1983.874796
172,8,1925.426940
172,9,1865.395129
173,6,2155.118928
173,7,1983.874796
173,8,1917.493753
173,9,1865.395129
174,6,2155.118928
174,7,1983.874796
174,8,1917.493753
174,9,1865.395129
175,6,2155.118928
175,7,1983.874796
175,8,1917.493753
175,9,1865.395129
176,6,2155.118928
176,7,1983.874796
176,8,1917.493753
176,9,1865.395129
177,6,2155.118928
177,7,1983.874796
177,8,1917.493753
177,9,1865.395129
178,6,2155.118928
178,7,1983.874796
178,8,1917.493753
178,9,1865.395129
179,6,2155.118928
179,7,1983.874796
179,8,1917.493753
179,9,1865.395129
180,6,2155.118928
180,7,1983.874796
180,8,1917.493753
180,9,1865.395129
181,6,2155.118928
181,7,1983.874796
181,8,1917.493753
181,9,1865.395129
182,6,2155.118928
182,7,1983.874796
182,8,1917.493753
182,9,1865.395129
183,6,2155.118928
183,7,1983.874796
183,8,1882.282685
183,9,1865.395129
184,6,2155.118928
184,7,1983.874796
184,8,1882.282685
184,9,1865.395129
185,6,2155.118928
185,7,1983.874796
185,8,1882.282685
185,9,1865.395129
186,6,2155.118928
186,7,1983.874796
186,8,1881.625723
186,9,1865.395129
187,6,2155.118928
187,7,1983.874796
187,8,1868.297214
187,9,1865.395129
188,6,2155.118928
188,7,1983.874796
188,8,1868.297214
188,9,1865.395129
189,6,2155.118928
189,7,1983.874796
189,8,1868.297214
189,9,1865.395129
190,6,2155.118928
190,7,1983.874796
190,8,1868.297214
190,9,1865.395129
191,6,2155.118928
191,7,1983.874796
191,8,1868.297214
191,9,1865.395129
192,6,2155.118928
192,7,1983.874796
192,8,1868.297214
192,9,1865.395129
193,6,2155.118928
193,7,1983.874796
193,8,1868.297214
193,9,1865.395129
194,6,2155.118928
194,7,1983.874796
194,8,1868.297214
194,9,1865.395129
195,6,2140.986647
195,7,1983.874796
195,8,1868.297214
195,9,1865.395129
196,6,2140.986647
196,7,1983.874796
196,8,1868.297214
196,9,1865.395129
197,6,2140.986647
197,7,1983.874796
197,8,1868.297214
197,9,1865.395129
198,6,2140.986647
198,7,1983.874796
198,8,1868.297214
198,9,1865.395129
199,6,2140.986647
199,7,1983.874796
199,8,1868.297214
199,9,1865.395129
200,6,2140.986647
200,7,1983.874796
200,8,1868.297214
200,9,1865.395129
201,6,2140.986647
201,7,1983.874796
201,8,1867.109764
201,9,1865.395129
202,6,2140.986647
202,7,1983.874796
202,8,1867.109764
202,9,1865.326975
203,6,2140.986647
203,7,1983.874796
203,8,1867.109764
203,9,1865.326975
204,6,2140.986647
204,7,1983.874796
204,8,1867.109764
204,9,1865.326975
205,6,2140.986647
205,7,1983.874796
205,8,1867.109764
205,9,1865.326975
206,6,2140.986647
206,7,1983.874796
206,8,1867.109764
206,9,1865.326975
207,6,2140.986647
207,7,1983.874796
207,8,1867.109764
207,9,1865.326975
208,6,2135.356385
208,7,1983.874796
208,8,1867.109764
208,9,1865.326975
209,6,2135.356385
209,7,1983.874796
209,8,1867.109764
209,9,1865.326975
210,6,2135.356385
210,7,1983.874796
210,8,1867.109764
210,9,1865.326975
211,6,2135.356385
211,7,1983.874796
211,8,1867.109764
211,9,1865.326975
212,6,2135.356385
212,7,1983.874796
212,8,1867.109764
212,9,1865.326975
213,6,2135.356385
213,7,1983.874796
213,8,1867.109764
213,9,1865.326975
214,6,2135.356385
214,7,1983.874796
214,8,1867.109764
214,9,1865.326975
215,6,2135.356385
215,7,1983.874796
215,8,1867.109764
215,9,1865.326975
216,6,2135.356385
216,7,1983.874796
216,8,1867.109764
216,9,1865.326975
217,6,2135.356385
217,7,1983.874796
217,8,1867.109764
217,9,1865.326975
218,6,2135.356385
218,7,1983.874796
218,8,1867.109764
218,9,1865.326975
219,6,2135.356385
219,7,1983.874796
219,8,1867.109764
219,9,1865.326975
220,6,2135.356385
220,7,1983.874796
220,8,1867.109764
220,9,1865.326975
221,6,2135.356385
221,7,1983.874796
221,8,1867.109764
221,9,1865.326975
222,6,2135.356385
222,7,1983.874796
222,8,1867.109764
222,9,1865.326975
223,6,2135.356385
223,7,1983.874796
223,8,1867.109764
223,9,1865.326975
224,6,2114.321261
224,7,1983.874796
224,8,1867.109764
224,9,1865.326975
225,6,2114.321261
225,7,1983.874796
225,8,1867.109764
225,9,1865.326975
226,6,2114.321261
226,7,1983.874796
226,8,1867.109764
226,9,1865.326975
227,6,2114.321261
227,7,1983.874796
227,8,1867.109764
227,9,1865.326975
228,6,2112.853737
228,7,1983.874796
228,8,1867.109764
228,9,1865.326975
229,6,2112.853737
229,7,1983.874796
229,8,1865.215261
230,6,2112.853737
230,7,1983.874796
230,8,1865.215261
231,6,2112.853737
231,7,1983.874796
231,8,1865.215261
232,6,2108.943397
232,7,1983.874796
232,8,1865.215261
233,6,2108.943397
233,7,1983.874796
233,8,1865.215261
234,6,2108.943397
234,7,1983.874796
234,8,1865.215261
235,6,2108.943397
235,7,1983.874796
235,8,1864.768398
236,6,2108.943397
236,7,1983.874796
236,8,1864.768398
237,6,2108.943397
237,7,1983.874796
237,8,1864.768398
238,6,2108.943397
238,7,1983.874796
238,8,1864.768398
239,6,2108.943397
239,7,1983.874796
239,8,1864.768398
240,6,2108.943397
240,7,1983.874796
240,8,1864.768398
241,6,2108.943397
241,7,1983.874796
241,8,1864.768398
242,6,2108.943397
242,7,1983.874796
242,8,1864.768398
243,6,2108.943397
243,7,1983.874796
243,8,1864.768398
244,6,2108.943397
244,7,1983.874796
244,8,1864.768398
245,6,2108.943397
245,7,1983.874796
245,8,1864.768398
246,6,2108.943397
246,7,1983.874796
246,8,1864.768398
247,6,2108.943397
247,7,1983.874796
247,8,1864.768398
248,6,2108.943397
248,7,1983.874796
248,8,1864.768398
249,6,2108.943397
249,7,1983.874796
249,8,1864.768398
250,6,2108.943397
250,7,1983.874796
250,8,1864.768398
251,6,2108.943397
251,7,1983.874796
251,8,1864.768398
252,6,2108.943397
252,7,1983.874796
252,8,1864.768398
253,6,2108.943397
253,7,1983.874796
253,8,1864.768398
254,6,2108.943397
254,7,1983.874796
254,8,1864.768398
255,6,2108.943397
255,7,1983.874796
255,8,1864.768398
256,6,2108.943397
256,7,1983.874796
256,8,1864.768398
257,6,2108.943397
257,7,1983.874796
257,8,1864.768398
258,6,2108.943397
258,7,1983.874796
258,8,1864.768398
259,6,2108.943397
259,7,1983.874796
259,8,1864.768398
260,6,2108.943397
260,7,1983.874796
260,8,1864.768398
261,6,2108.943397
261,7,1983.874796
261,8,1864.768398
262,6,2108.943397
262,7,1983.874796
262,8,1864.768398
263,6,2108.943397
263,7,1983.874796
263,8,1864.768398
264,6,2108.943397
264,7,1983.874796
264,8,1864.768398
265,6,2108.943397
265,7,1983.874796
265,8,1864.768398
266,6,2098.995890
266,7,1983.874796
266,8,1864.768398
267,6,2098.995890
267,7,1983.874796
267,8,1864.768398
268,6,2098.995890
268,7,1983.874796
268,8,1864.768398
269,6,2098.995890
269,7,1983.874796
269,8,1864.768398
270,6,2098.995890
270,7,1983.874796
270,8,1864.768398
271,6,2098.995890
271,7,1983.874796
271,8,1864.768398
272,6,2098.995890
272,7,1983.874796
272,8,1864.768398
273,6,2098.995890
273,7,1983.874796
273,8,1864.768398
274,6,2098.995890
274,7,1983.874796
274,8,1864.768398
275,6,2098.995890
275,7,1983.874796
275,8,1864.768398
275,9,1864.263757
276,6,2098.995890
276,7,1983.874796
276,8,1864.768398
276,9,1864.263757
277,6,2098.995890
277,7,1983.874796
277,8,1864.768398
277,9,1864.263757
278,6,2098.995890
278,7,1983.874796
278,8,1863.077121
279,6,2098.995890
279,7,1983.874796
279,8,1863.077121
280,6,2098.995890
280,7,1983.874796
280,8,1863.077121
281,6,2098.995890
281,7,1983.874796
281,8,1863.077121
282,6,2098.995890
282,7,1983.874796
282,8,1863.077121
283,6,2098.995890
283,7,1983.874796
283,8,1863.077121
284,6,2098.995890
284,7,1983.874796
284,8,1863.077121
285,6,2098.995890
285,7,1983.874796
285,8,1863.077121
286,6,2098.995890
286,7,1983.874796
286,8,1863.077121
287,6,2098.995890
287,7,1983.874796
287,8,1863.077121
288,6,2098.995890
288,7,1983.874796
288,8,1863.077121
289,6,2098.995890
289,7,1983.874796
289,8,1863.077121
290,6,2098.995890
290,7,1983.874796
290,8,1863.077121
291,6,2098.995890
291,7,1983.874796
291,8,1863.077121
292,6,2098.995890
292,7,1983.874796
292,8,1863.077121
293,6,2098.995890
293,7,1983.874796
293,8,1863.077121
294,6,2098.995890
294,7,1983.874796
294,8,1863.077121
295,6,2098.995890
295,7,1983.874796
295,8,1863.077121
296,6,2098.995890
296,7,1983.874796
296,8,1863.077121
297,6,2098.995890
297,7,1983.874796
297,8,1863.077121
298,6,2098.995890
298,7,1983.874796
298,8,1863.077121
299,6,2090.355907
299,7,1983.874796
299,8,1863.077121
300,6,2090.355907
300,7,1983.874796
300,8,1863.077121
301,6,2090.355907
301,7,1983.874796
301,8,1863.077121
302,6,2090.355907
302,7,1983.874796
302,8,1856.848261
303,6,2090.355907
303,7,1983.874796
303,8,1856.848261
304,6,2090.355907
304,7,1983.874796
304,8,1856.848261
305,6,2090.355907
305,7,1983.874796
305,8,1856.848261
306,6,2090.355907
306,7,1981.309041
306,8,1856.848261
307,6,2090.355907
307,7,1966.509765
307,8,1856.848261
308,6,2090.355907
308,7,1966.509765
308,8,1856.848261
309,6,2090.355907
309,7,1966.509765
309,8,1856.848261
310,6,2090.355907
310,7,1966.509765
310,8,1856.848261
311,6,2090.355907
311,7,1966.509765
311,8,1856.848261
312,6,2090.355907
312,7,1966.509765
312,8,1856.848261
313,6,2090.355907
313,7,1966.509765
313,8,1856.848261
314,6,2090.355907
314,7,1966.509765
314,8,1856.848261
315,6,2090.355907
315,7,1966.509765
315,8,1856.848261
316,6,2090.355907
316,7,1966.509765
316,8,1856.848261
317,6,2090.355907
317,7,1966.509765
317,8,1856.848261
318,6,2090.355907
318,7,1966.509765
318,8,1856.848261
319,6,2090.355907
319,7,1966.509765
319,8,1856.848261
320,6,2090.355907
320,7,1966.509765
320,8,1856.848261
321,6,2090.355907
321,7,1966.509765
321,8,1856.848261
322,6,2090.355907
322,7,1966.509765
322,8,1856.848261
323,6,2090.355907
323,7,1966.509765
323,8,1856.848261
324,6,2090.355907
324,7,1966.509765
324,8,1856.848261
325,6,2090.355907
325,7,1966.509765
325,8,1856.848261
326,6,2090.355907
326,7,1966.509765
326,8,1856.848261
327,6,2090.355907
327,7,1965.174752
327,8,1856.848261
