Generation,NV,TOC
1,10,2904.644810
1,11,2154.209702
1,15,1819.452731
2,10,2296.163557
2,11,2154.209702
2,12,1982.832468
2,13,1898.999247
2,14,1828.215445
2,15,1652.951055
3,9,2494.443560
3,10,1880.472871
3,12,1644.677940
3,13,1540.119533
4,9,2186.362156
4,10,1880.472871
4,11,1643.890176
4,12,1562.750560
4,13,1540.119533
5,8,2323.786492
5,9,1856.300299
5,10,1772.127955
5,11,1565.726497
5,12,1562.750560
5,13,1540.119533
6,8,2323.786492
6,9,1856.300299
6,10,1701.758692
6,11,1565.726497
6,12,1562.750560
6,13,1540.119533
7,8,2282.778101
7,9,1679.553924
7,11,1491.810239
8,8,2282.778101
8,9,1679.553924
8,10,1674.103711
8,11,1491.810239
9,8,2082.162149
9,9,1583.298477
9,11,1491.810239
10,8,1801.577220
10,9,1574.217017
10,11,1491.810239
11,8,1801.577220
11,9,1574.217017
11,11,1491.810239
12,7,2247.302964
12,8,1597.213382
12,9,1574.217017
12,11,1491.810239
12,13,1491.532053
13,7,2247.302964
13,8,1597.213382
13,9,1574.217017
13,11,1491.810239
13,13,1491.532053
14,7,2247.302964
14,8,1597.213382
14,9,1574.217017
14,10,1528.697641
14,11,1491.810239
14,13,1491.532053
15,7,2247.302964
15,8,1597.213382
15,9,1574.217017
15,10,1528.697641
15,11,1491.810239
15,13,1491.532053
16,7,1790.718457
16,8,1597.213382
16,9,1574.217017
16,10,1528.697641
16,11,1491.810239
16,13,1491.532053
17,7,1790.718457
17,8,1597.213382
17,9,1574.217017
17,10,1528.697641
17,11,1491.810239
17,12,1473.212688
18,7,1790.718457
18,8,1597.213382
18,9,1574.217017
18,10,1528.697641
18,11,1491.810239
18,12,1473.212688
19,7,1778.389181
19,8,1597.213382
19,9,1574.217017
19,10,1528.697641
19,11,1491.810239
19,12,1473.212688
20,6,2246.666694
20,7,1732.512537
20,8,1597.213382
20,9,1574.217017
20,10,1517.020576
20,11,1491.810239
20,12,1473.212688
21,6,2246.666694
21,7,1732.512537
21,8,1597.213382
21,9,1532.975293
21,10,1517.020576
21,11,1491.810239
21,12,1473.212688
22,6,2012.180027
22,7,1732.512537
22,8,1597.213382
22,9,1513.550083
22,10,1461.972062
23,5,2061.115921
23,6,2012.180027
23,7,1732.512537
23,8,1597.213382
23,9,1513.550083
23,10,1461.972062
23,12,1418.015287
24,5,2061.115921
24,6,2012.180027
24,7,1732.512537
24,8,1597.213382
24,9,1513.550083
24,10,1461.972062
24,12,1418.015287
25,5,2061.115921
25,6,1883.750159
25,7,1732.512537
25,8,1597.213382
25,9,1480.597948
25,10,1452.770805
25,12,1411.202326
26,5,2061.115921
26,6,1883.750159
26,7,1732.512537
26,8,1597.213382
26,9,1480.597948
26,10,1452.770805
26,12,1411.202326
27,5,2061.115921
27,6,1883.750159
27,7,1732.512537
27,8,1597.213382
27,9,1422.068345
27,11,1390.202541
28,5,2061.115921
28,6,1883.750159
28,7,1512.663570
28,9,1422.068345
28,11,1390.202541
29,5,2024.313390
29,6,1883.750159
29,7,1486.632074
29,9,1422.068345
29,11,1390.202541
30,5,2024.313390
30,6,1883.750159
30,7,1480.764935
30,9,1422.068345
30,11,1390.202541
31,5,2024.313390
31,6,1883.750159
31,7,1480.764935
31,8,1432.108623
31,9,1422.068345
31,11,1390.202541
32,5,1921.282855
32,6,1859.173019
32,7,1480.764935
32,8,1432.108623
32,9,1401.960688
32,11,1390.202541
33,5,1921.282855
33,6,1859.173019
33,7,1463.229817
33,8,1432.108623
33,9,1401.960688
33,11,1390.202541
34,5,1775.154020
34,7,1463.229817
34,8,1432.108623
34,9,1401.960688
34,10,1383.236325
34,12,1361.376815
35,5,1775.154020
35,6,1762.798076
35,7,1463.229817
35,8,1432.108623
35,9,1401.960688
35,10,1383.236325
35,12,1361.376815
36,5,1682.212253
36,7,1463.229817
36,8,1432.108623
36,9,1372.145442
36,12,1361.376815
37,5,1682.212253
37,7,1453.151091
37,8,1409.887507
37,9,1340.977555
38,4,2163.650584
38,5,1636.859282
38,6,1552.840846
38,7,1453.151091
38,8,1409.887507
38,9,1340.977555
39,4,2163.650584
39,5,1636.859282
39,6,1552.840846
39,7,1433.344755
39,8,1409.887507
39,9,1340.977555
40,4,2163.650584
40,5,1636.859282
40,6,1552.840846
40,7,1433.344755
40,8,1409.887507
40,9,1340.977555
41,4,2163.650584
41,5,1629.976160
41,6,1552.840846
41,7,1433.344755
41,8,1409.887507
41,9,1340.977555
42,4,2163.650584
42,5,1629.976160
42,6,1552.840846
42,7,1433.344755
42,8,1409.887507
42,9,1340.977555
43,4,2163.650584
43,5,1629.976160
43,6,1552.840846
43,7,1433.344755
43,8,1409.887507
43,9,1340.977555
44,4,2163.650584
44,5,1629.976160
44,6,1552.840846
44,7,1433.344755
44,8,1408.039337
44,9,1340.977555
45,4,2163.650584
45,5,1616.716044
45,6,1552.840846
45,7,1433.344755
45,8,1389.484305
45,9,1340.977555
46,4,2163.650584
46,5,1616.716044
46,6,1514.801543
46,7,1433.344755
46,8,1389.484305
46,9,1340.977555
47,4,2163.650584
47,5,1616.716044
47,6,1514.801543
47,7,1428.712629
47,8,1389.484305
47,9,1340.977555
48,4,1899.906001
48,5,1616.716044
48,6,1514.801543
48,7,1428.712629
48,8,1389.484305
48,9,1340.977555
49,4,1899.906001
49,5,1616.716044
49,6,1514.801543
49,7,1428.166839
49,8,1360.386054
49,9,1340.977555
50,4,1899.906001
50,5,1616.716044
50,6,1514.801543
50,7,1411.196872
50,8,1360.386054
50,9,1340.977555
51,4,1899.906001
51,5,1616.716044
51,6,1514.801543
51,7,1411.196872
51,8,1356.352253
51,9,1340.977555
52,4,1899.906001
52,5,1616.716044
52,6,1514.801543
52,7,1411.196872
52,8,1352.937921
52,9,1340.977555
53,4,1899.906001
53,5,1606.202977
53,6,1514.801543
53,7,1411.196872
53,8,1352.937921
53,9,1340.977555
54,4,1899.906001
54,5,1596.505097
54,6,1514.801543
54,7,1411.196872
54,8,1352.937921
54,9,1340.977555
55,4,1899.906001
55,5,1596.505097
55,6,1472.378905
55,7,1411.196872
55,8,1352.937921
55,9,1340.977555
56,4,1847.128631
56,5,1596.505097
56,6,1472.378905
56,7,1411.196872
56,8,1352.937921
56,9,1340.977555
57,4,1847.128631
57,5,1596.505097
57,6,1472.378905
57,7,1411.196872
57,8,1352.937921
57,9,1340.977555
58,4,1847.128631
58,5,1596.505097
58,6,1472.378905
58,7,1393.776998
58,8,1352.937921
58,9,1340.426424
59,4,1847.128631
59,5,1596.505097
59,6,1472.378905
59,7,1393.776998
59,8,1352.937921
59,9,1340.426424
60,4,1847.128631
60,5,1596.505097
60,6,1472.378905
60,7,1393.776998
60,8,1352.937921
60,9,1340.426424
61,4,1847.128631
61,5,1596.505097
61,6,1472.378905
61,7,1393.776998
61,8,1352.937921
61,9,1340.426424
62,4,1847.128631
62,5,1596.505097
62,6,1472.378905
62,7,1393.776998
62,8,1352.937921
62,9,1340.426424
63,4,1847.128631
63,5,1596.505097
63,6,1472.378905
63,7,1393.776998
63,8,1352.937921
63,9,1340.426424
64,4,1847.128631
64,5,1596.505097
64,6,1472.378905
64,7,1393.776998
64,8,1352.937921
64,9,1340.426424
65,4,1816.190163
65,5,1535.841556
65,6,1472.378905
65,7,1393.776998
65,8,1336.347230
66,4,1714.203052
66,5,1535.841556
66,6,1421.677449
66,7,1393.776998
66,8,1336.347230
67,4,1714.203052
67,5,1503.783712
67,6,1374.975770
67,8,1335.668147
68,4,1714.203052
68,5,1503.783712
68,6,1374.975770
68,8,1335.668147
69,4,1714.203052
69,5,1503.783712
69,6,1374.975770
69,7,1372.351131
69,8,1335.668147
70,4,1714.203052
70,5,1503.783712
70,6,1374.975770
70,7,1372.351131
70,8,1335.668147
71,4,1714.203052
71,5,1503.783712
71,6,1374.975770
71,7,1372.351131
71,8,1335.668147
72,4,1714.203052
72,5,1503.783712
72,6,1374.975770
72,7,1344.176909
72,8,1332.274586
73,4,1714.203052
73,5,1503.783712
73,6,1374.975770
73,7,1344.176909
73,8,1332.274586
74,4,1714.203052
74,5,1503.783712
74,6,1374.975770
74,7,1344.176909
74,8,1330.800951
75,4,1714.203052
75,5,1503.783712
75,6,1374.975770
75,7,1344.176909
75,8,1330.800951
76,4,1714.203052
76,5,1503.783712
76,6,1374.975770
76,7,1344.176909
76,8,1330.800951
77,4,1714.203052
77,5,1503.783712
77,6,1374.975770
77,7,1344.176909
77,8,1330.800951
78,4,1714.203052
78,5,1503.783712
78,6,1374.975770
78,7,1344.176909
78,8,1330.800951
79,4,1714.203052
79,5,1496.251622
79,6,1374.975770
79,7,1344.176909
79,8,1330.800951
80,4,1714.203052
80,5,1496.251622
80,6,1374.975770
80,7,1344.176909
80,8,1330.800951
81,4,1714.203052
81,5,1496.251622
81,6,1374.975770
81,7,1344.176909
81,8,1330.800951
82,4,1714.203052
82,5,1473.134330
82,6,1374.975770
82,7,1344.176909
82,8,1330.800951
83,4,1714.203052
83,5,1473.134330
83,6,1374.975770
83,7,1344.176909
83,8,1330.800951
84,4,1714.203052
84,5,1473.134330
84,6,1374.975770
84,7,1344.176909
84,8,1330.800951
85,4,1714.203052
85,5,1467.869143
85,6,1374.975770
85,7,1344.176909
85,8,1330.800951
86,4,1714.203052
86,5,1467.869143
86,6,1374.975770
86,7,1344.176909
86,8,1330.800951
87,4,1714.203052
87,5,1467.869143
87,6,1374.975770
87,7,1344.176909
87,8,1330.800951
88,4,1714.203052
88,5,1467.869143
88,6,1374.975770
88,7,1344.176909
88,8,1330.800951
89,4,1714.203052
89,5,1411.686143
89,6,1374.975770
89,7,1344.176909
89,8,1330.800951
90,4,1714.203052
90,5,1411.686143
90,6,1374.975770
90,7,1344.176909
90,8,1330.800951
91,4,1714.203052
91,5,1411.686143
91,6,1374.975770
91,7,1344.176909
91,8,1330.800951
92,4,1714.203052
92,5,1411.686143
92,6,1374.975770
92,7,1344.176909
92,8,1330.800951
92,9,1330.268863
93,4,1714.203052
93,5,1411.686143
93,6,1374.975770
93,7,1344.176909
93,8,1330.800951
93,9,1330.268863
94,4,1714.203052
94,5,1411.686143
94,6,1374.975770
94,7,1344.176909
94,8,1330.800951
94,9,1327.106921
95,4,1714.203052
95,5,1411.686143
95,6,1374.975770
95,7,1344.176909
95,8,1330.800951
95,9,1327.106921
96,4,1714.203052
96,5,1411.686143
96,6,1374.975770
96,7,1344.176909
96,8,1330.800951
96,9,1327.106921
97,4,1714.203052
97,5,1411.686143
97,6,1374.975770
97,7,1344.176909
97,8,1330.800951
97,9,1327.106921
98,4,1714.203052
98,5,1411.686143
98,6,1374.975770
98,7,1340.424020
98,8,1330.800951
98,9,1327.106921
99,4,1714.203052
99,5,1411.686143
99,6,1374.975770
99,7,1340.424020
99,8,1330.800951
99,9,1327.106921
100,4,1714.203052
100,5,1411.686143
100,6,1374.975770
100,7,1340.424020
100,8,1330.800951
100,9,1327.106921
101,4,1714.203052
101,5,1411.686143
101,6,1374.975770
101,7,1340.424020
101,8,1330.800951
101,9,1327.106921
102,4,1714.203052
102,5,1411.686143
102,6,1374.975770
102,7,1340.424020
102,8,1330.800951
102,9,1327.106921
103,4,1714.203052
103,5,1411.686143
103,6,1374.975770
103,7,1340.424020
103,8,1330.800951
103,9,1327.106921
104,4,1714.203052
104,5,1411.686143
104,6,1374.975770
104,7,1340.424020
104,8,1330.800951
104,9,1327.106921
105,4,1714.203052
105,5,1411.686143
105,6,1374.975770
105,7,1340.424020
105,8,1330.800951
105,9,1327.106921
106,4,1714.203052
106,5,1411.686143
106,6,1374.975770
106,7,1340.424020
106,8,1330.800951
106,9,1327.106921
107,4,1714.203052
107,5,1411.686143
107,6,1374.975770
107,7,1340.424020
107,8,1330.800951
107,9,1327.106921
108,4,1714.203052
108,5,1411.686143
108,6,1374.975770
108,7,1340.424020
108,8,1330.800951
108,9,1327.106921
109,4,1714.203052
109,5,1411.686143
109,6,1374.975770
109,7,1340.424020
109,8,1330.800951
109,9,1327.106921
110,4,1714.203052
110,5,1411.686143
110,6,1374.975770
110,7,1340.424020
110,8,1330.800951
110,9,1327.106921
111,4,1714.203052
111,5,1411.686143
111,6,1374.975770
111,7,1340.424020
111,8,1330.800951
111,9,1327.106921
112,4,1714.203052
112,5,1411.686143
112,6,1374.975770
112,7,1340.424020
112,8,1330.800951
112,9,1327.106921
113,4,1714.203052
113,5,1411.686143
113,6,1374.975770
113,7,1340.424020
113,8,1330.800951
113,9,1327.106921
114,4,1714.203052
114,5,1411.686143
114,6,1374.975770
114,7,1340.424020
114,8,1330.800951
114,9,1327.106921
115,4,1714.203052
115,5,1411.686143
115,6,1374.975770
115,7,1340.424020
115,8,1330.800951
115,9,1327.106921
116,4,1714.203052
116,5,1411.686143
116,6,1374.975770
116,7,1340.424020
116,8,1330.800951
116,9,1327.106921
117,4,1714.203052
117,5,1411.686143
117,6,1374.975770
117,7,1340.424020
117,8,1330.800951
117,9,1327.106921
118,4,1714.203052
118,5,1411.686143
118,6,1374.975770
118,7,1340.424020
118,8,1330.800951
118,9,1327.106921
119,4,1714.203052
119,5,1411.686143
119,6,1374.975770
119,7,1339.546029
119,8,1330.800951
119,9,1327.106921
120,4,1714.203052
120,5,1411.686143
120,6,1374.975770
120,7,1339.546029
120,8,1330.800951
120,9,1327.106921
121,4,1714.203052
121,5,1411.686143
121,6,1374.975770
121,7,1339.546029
121,8,1330.800951
121,9,1327.106921
122,4,1714.203052
122,5,1411.686143
122,6,1374.975770
122,7,1339.546029
122,8,1330.800951
122,9,1327.106921
123,4,1714.203052
123,5,1411.686143
123,6,1374.975770
123,7,1339.546029
123,8,1330.800951
123,9,1327.106921
124,4,1714.203052
124,5,1411.686143
124,6,1374.975770
124,7,1339.546029
124,8,1330.800951
124,9,1327.106921
125,4,1714.203052
125,5,1411.686143
125,6,1374.975770
125,7,1339.546029
125,8,1330.800951
125,9,1327.106921
126,4,1714.203052
126,5,1411.686143
126,6,1374.975770
126,7,1339.546029
126,8,1330.800951
126,9,1327.106921
127,4,1714.203052
127,5,1411.686143
127,6,1373.734948
127,7,1339.546029
127,8,1330.800951
127,9,1327.106921
128,4,1714.203052
128,5,1411.686143
128,6,1369.902549
128,7,1339.546029
128,8,1330.800951
128,9,1327.106921
129,4,1714.203052
129,5,1411.686143
129,6,1369.902549
129,7,1339.546029
129,8,1330.800951
129,9,1327.106921
130,4,1714.203052
130,5,1411.686143
130,6,1367.933489
130,7,1339.546029
130,8,1330.800951
130,9,1327.106921
131,4,1714.203052
131,5,1411.686143
131,6,1367.933489
131,7,1339.546029
131,8,1330.800951
131,9,1327.106921
132,4,1714.203052
132,5,1411.686143
132,6,1367.933489
132,7,1339.546029
132,8,1330.800951
132,9,1327.106921
133,4,1714.203052
133,5,1411.686143
133,6,1367.933489
133,7,1339.546029
133,8,1330.800951
133,9,1327.106921
134,4,1714.203052
134,5,1411.686143
134,6,1363.286681
134,7,1339.546029
134,8,1330.800951
134,9,1327.106921
135,4,1714.203052
135,5,1411.686143
135,6,1361.800353
135,7,1339.546029
135,8,1330.800951
135,9,1327.106921
136,4,1714.203052
136,5,1411.686143
136,6,1334.532535
136,8,1330.800951
136,9,1327.106921
137,4,1714.203052
137,5,1411.686143
137,6,1334.532535
137,8,1330.800951
137,9,1327.106921
138,4,1714.203052
138,5,1411.686143
138,6,1334.532535
138,8,1330.800951
138,9,1327.106921
139,4,1714.203052
139,5,1411.686143
139,6,1334.532535
139,8,1330.800951
139,9,1327.106921
140,4,1714.203052
140,5,1411.686143
140,6,1334.532535
140,8,1330.800951
140,9,1327.106921
141,4,1714.203052
141,5,1411.686143
141,6,1334.532535
141,8,1330.800951
141,9,1327.106921
142,4,1714.203052
142,5,1411.686143
142,6,1334.532535
142,8,1330.800951
142,9,1327.106921
143,4,1714.203052
143,5,1411.686143
143,6,1334.532535
143,8,1330.800951
143,9,1327.106921
144,4,1714.203052
144,5,1411.686143
144,6,1334.532535
144,8,1330.800951
144,9,1327.106921
145,4,1714.203052
145,5,1411.686143
145,6,1334.532535
145,8,1330.800951
145,9,1327.106921
146,4,1714.203052
146,5,1411.686143
146,6,1334.532535
146,8,1330.800951
146,9,1327.106921
147,4,1714.203052
147,5,1411.686143
147,6,1334.532535
147,8,1330.800951
147,9,1327.106921
148,4,1714.203052
148,5,1411.686143
148,6,1334.532535
148,8,1330.800951
148,9,1327.106921
149,4,1714.203052
149,5,1411.686143
149,6,1334.532535
149,8,1330.800951
149,9,1327.106921
150,4,1714.203052
150,5,1411.686143
150,6,1334.532535
150,8,1330.800951
150,9,1327.106921
151,4,1714.203052
151,5,1411.686143
151,6,1334.532535
151,8,1330.800951
151,9,1327.106921
152,4,1714.203052
152,5,1411.686143
152,6,1334.532535
152,8,1330.800951
152,9,1327.106921
153,4,1714.203052
153,5,1411.686143
153,6,1334.532535
153,8,1330.800951
153,9,1327.106921
154,4,1714.203052
154,5,1411.686143
154,6,1334.532535
154,8,1330.800951
154,9,1327.106921
155,4,1714.203052
155,5,1411.686143
155,6,1334.532535
155,7,1331.418217
155,8,1330.800951
155,9,1327.106921
156,4,1714.203052
156,5,1411.686143
156,6,1334.532535
156,7,1331.418217
156,8,1330.800951
156,9,1327.106921
157,4,1714.203052
157,5,1411.686143
157,6,1334.532535
157,7,1331.418217
157,8,1330.800951
157,9,1327.106921
158,4,1714.203052
158,5,1411.686143
158,6,1334.532535
158,7,1331.418217
158,8,1330.800951
158,9,1327.106921
159,4,1714.203052
159,5,1411.686143
159,6,1334.532535
159,7,1331.418217
159,8,1330.800951
159,9,1327.106921
160,4,1714.203052
160,5,1411.686143
160,6,1334.532535
160,7,1331.418217
160,8,1330.800951
160,9,1327.106921
161,4,1714.203052
161,5,1411.686143
161,6,1334.532535
161,7,1331.418217
161,8,1330.800951
161,9,1327.106921
162,4,1714.203052
162,5,1411.686143
162,6,1334.532535
162,7,1331.418217
162,8,1330.800951
162,9,1327.106921
163,4,1714.203052
163,5,1411.686143
163,6,1334.532535
163,7,1331.418217
163,8,1330.800951
163,9,1327.106921
164,4,1714.203052
164,5,1411.686143
164,6,1334.532535
164,7,1331.418217
164,8,1330.800951
164,9,1327.106921
165,4,1714.203052
165,5,1411.686143
165,6,1334.532535
165,7,1331.418217
165,8,1330.800951
165,9,1327.106921
166,4,1714.203052
166,5,1411.686143
166,6,1334.532535
166,7,1331.418217
166,8,1330.800951
166,9,1327.106921
167,4,1714.203052
167,5,1411.686143
167,6,1334.532535
167,7,1331.418217
167,8,1330.800951
167,9,1327.106921
168,4,1714.203052
168,5,1411.686143
168,6,1334.532535
168,7,1331.418217
168,8,1330.800951
168,9,1327.106921
169,4,1714.203052
169,5,1411.686143
169,6,1334.532535
169,7,1331.418217
169,8,1330.800951
169,9,1327.106921
170,4,1714.203052
170,5,1411.686143
170,6,1334.532535
170,7,1331.418217
170,8,1330.800951
170,9,1327.106921
171,4,1714.203052
171,5,1411.686143
171,6,1334.532535
171,7,1331.418217
171,8,1330.800951
171,9,1327.106921
172,4,1714.203052
172,5,1411.686143
172,6,1334.532535
172,7,1331.418217
172,8,1330.800951
172,9,1327.106921
173,4,1714.203052
173,5,1411.686143
173,6,1334.532535
173,7,1331.418217
173,8,1330.800951
173,9,1327.106921
174,4,1714.203052
174,5,1411.686143
174,6,1334.532535
174,7,1331.418217
174,8,1330.800951
174,9,1327.106921
175,4,1714.203052
175,5,1411.686143
175,6,1334.532535
175,7,1331.418217
175,8,1330.800951
175,9,1327.106921
176,4,1714.203052
176,5,1411.686143
176,6,1334.532535
176,7,1331.418217
176,8,1330.800951
176,9,1327.106921
177,4,1714.203052
177,5,1411.686143
177,6,1334.532535
177,7,1331.418217
177,8,1330.800951
177,9,1327.106921
178,4,1714.203052
178,5,1411.686143
178,6,1334.532535
178,7,1331.418217
178,8,1330.800951
178,9,1327.106921
179,4,1714.203052
179,5,1411.686143
179,6,1334.532535
179,7,1331.418217
179,8,1330.800951
179,9,1327.106921
180,4,1714.203052
180,5,1411.686143
180,6,1334.532535
180,7,1331.418217
180,8,1330.800951
180,9,1327.106921
181,4,1714.203052
181,5,1411.686143
181,6,1334.532535
181,7,1331.418217
181,8,1330.800951
181,9,1327.106921
182,4,1714.203052
182,5,1411.686143
182,6,1334.532535
182,7,1331.418217
182,8,1330.800951
182,9,1327.106921
183,4,1714.203052
183,5,1411.686143
183,6,1334.532535
183,7,1331.418217
183,8,1330.800951
183,9,1327.106921
184,4,1714.203052
184,5,1411.686143
184,6,1334.532535
184,7,1331.418217
184,8,1330.800951
184,9,1327.106921
185,4,1714.203052
185,5,1411.686143
185,6,1334.532535
185,7,1331.418217
185,8,1330.800951
185,9,1327.106921
186,4,1714.203052
186,5,1411.686143
186,6,1334.532535
186,7,1331.418217
186,8,1330.800951
186,9,1327.106921
187,4,1714.203052
187,5,1411.686143
187,6,1334.532535
187,7,1331.418217
187,8,1330.800951
187,9,1327.106921
188,4,1714.203052
188,5,1411.686143
188,6,1334.532535
188,7,1331.418217
188,8,1330.800951
188,9,1327.106921
189,4,1714.203052
189,5,1411.686143
189,6,1334.532535
189,7,1331.418217
189,8,1330.800951
189,9,1327.106921
190,4,1714.203052
190,5,1411.686143
190,6,1334.532535
190,7,1331.418217
190,8,1330.800951
190,9,1327.106921
191,4,1714.203052
191,5,1411.686143
191,6,1334.532535
191,7,1331.418217
191,8,1330.800951
191,9,1327.106921
192,4,1714.203052
192,5,1411.686143
192,6,1334.532535
192,7,1331.418217
192,8,1330.800951
192,9,1327.106921
193,4,1714.203052
193,5,1411.686143
193,6,1334.532535
193,7,1331.418217
193,8,1330.800951
193,9,1327.106921
194,4,1714.203052
194,5,1411.686143
194,6,1334.532535
194,7,1331.418217
194,8,1330.800951
194,9,1327.106921
195,4,1714.203052
195,5,1411.686143
195,6,1334.532535
195,7,1331.418217
195,8,1330.800951
195,9,1327.106921
196,4,1714.203052
196,5,1411.686143
196,6,1334.532535
196,7,1331.418217
196,8,1330.800951
196,9,1327.106921
197,4,1714.203052
197,5,1411.686143
197,6,1334.532535
197,7,1331.418217
197,8,1330.800951
197,9,1327.106921
198,4,1714.203052
198,5,1411.686143
198,6,1334.532535
198,7,1331.418217
198,8,1330.800951
198,9,1327.106921
199,4,1714.203052
199,5,1411.686143
199,6,1334.532535
199,7,1331.418217
199,8,1330.800951
199,9,1327.106921
200,4,1714.203052
200,5,1411.686143
200,6,1334.532535
200,7,1331.418217
200,8,1330.800951
200,9,1327.106921
201,4,1714.203052
201,5,1411.686143
201,6,1334.532535
201,7,1331.418217
201,8,1330.800951
201,9,1327.106921
202,4,1714.203052
202,5,1411.686143
202,6,1334.532535
202,7,1331.418217
202,8,1330.800951
202,9,1327.106921
203,4,1714.203052
203,5,1411.686143
203,6,1334.532535
203,7,1331.418217
203,8,1330.800951
203,9,1327.106921
204,4,1714.203052
204,5,1411.686143
204,6,1334.532535
204,7,1331.418217
204,8,1330.800951
204,9,1327.106921
205,4,1714.203052
205,5,1411.686143
205,6,1334.532535
205,7,1331.418217
205,8,1330.800951
205,9,1327.106921
206,4,1714.203052
206,5,1411.686143
206,6,1334.532535
206,7,1331.418217
206,8,1330.800951
206,9,1327.106921
207,4,1714.203052
207,5,1411.686143
207,6,1334.532535
207,7,1331.418217
207,8,1330.800951
207,9,1327.106921
208,4,1714.203052
208,5,1411.686143
208,6,1334.532535
208,7,1331.418217
208,8,1330.800951
208,9,1327.106921
209,4,1714.203052
209,5,1411.686143
209,6,1334.532535
209,7,1331.418217
209,8,1330.800951
209,9,1327.106921
210,4,1714.203052
210,5,1411.686143
210,6,1334.532535
210,7,1331.418217
210,8,1330.800951
210,9,1327.106921
211,4,1714.203052
211,5,1411.686143
211,6,1334.532535
211,7,1331.418217
211,8,1330.800951
211,9,1327.106921
212,4,1714.203052
212,5,1411.686143
212,6,1334.532535
212,7,1331.418217
212,8,1330.800951
212,9,1327.106921
213,4,1714.203052
213,5,1411.686143
213,6,1334.532535
213,7,1331.418217
213,8,1330.800951
213,9,1327.106921
214,4,1714.203052
214,5,1411.686143
214,6,1334.532535
214,7,1331.418217
214,8,1330.800951
214,9,1327.106921
215,4,1714.203052
215,5,1411.686143
215,6,1334.532535
215,7,1331.418217
215,8,1330.800951
215,9,1327.106921
216,4,1714.203052
216,5,1411.686143
216,6,1334.532535
216,7,1331.418217
216,8,1330.800951
216,9,1327.106921
217,4,1714.203052
217,5,1411.686143
217,6,1334.532535
217,7,1331.418217
217,8,1330.800951
217,9,1327.106921
218,4,1714.203052
218,5,1411.686143
218,6,1334.532535
218,7,1331.418217
218,8,1330.800951
218,9,1327.106921
219,4,1714.203052
219,5,1411.686143
219,6,1334.532535
219,7,1331.418217
219,8,1330.800951
219,9,1327.106921
220,4,1714.203052
220,5,1411.686143
220,6,1334.532535
220,7,1331.418217
220,8,1330.800951
220,9,1327.106921
221,4,1714.203052
221,5,1411.686143
221,6,1334.532535
221,7,1331.418217
221,8,1330.800951
221,9,1327.106921
222,4,1714.203052
222,5,1411.686143
222,6,1334.532535
222,7,1331.418217
222,8,1330.800951
222,9,1327.106921
223,4,1714.203052
223,5,1411.686143
223,6,1334.532535
223,7,1331.418217
223,8,1330.800951
223,9,1327.106921
224,4,1714.203052
224,5,1411.686143
224,6,1334.532535
224,7,1331.397852
224,8,1330.800951
224,9,1327.106921
225,4,1714.203052
225,5,1411.686143
225,6,1334.532535
225,7,1331.397852
225,8,1330.800951
225,9,1327.106921
226,4,1714.203052
226,5,1411.686143
226,6,1334.532535
226,7,1331.397852
226,8,1330.800951
226,9,1327.106921
227,4,1714.203052
227,5,1411.686143
227,6,1334.532535
227,7,1331.397852
227,8,1330.800951
227,9,1327.106921
228,4,1714.203052
228,5,1411.686143
228,6,1334.532535
228,7,1331.397852
228,8,1330.800951
228,9,1327.106921
229,4,1714.203052
229,5,1411.686143
229,6,1334.532535
229,7,1331.397852
229,8,1330.800951
229,9,1327.106921
230,4,1714.203052
230,5,1411.686143
230,6,1334.532535
230,7,1331.397852
230,8,1330.800951
230,9,1327.106921
231,4,1714.203052
231,5,1411.686143
231,6,1334.532535
231,7,1331.397852
231,8,1330.800951
231,9,1327.106921
232,4,1714.203052
232,5,1411.686143
232,6,1334.532535
232,7,1331.397852
232,8,1330.800951
232,9,1327.106921
233,4,1714.203052
233,5,1411.686143
233,6,1334.532535
233,7,1331.397852
233,8,1330.800951
233,9,1327.106921
234,4,1714.203052
234,5,1411.686143
234,6,1334.532535
234,7,1331.397852
234,8,1330.800951
234,9,1327.106921
235,4,1714.203052
235,5,1411.686143
235,6,1334.532535
235,7,1331.397852
235,8,1330.800951
235,9,1327.106921
236,4,1714.203052
236,5,1411.686143
236,6,1334.532535
236,7,1331.397852
236,8,1330.800951
236,9,1327.106921
237,4,1714.203052
237,5,1411.686143
237,6,1334.532535
237,7,1331.397852
237,8,1330.800951
237,9,1327.106921
238,4,1714.203052
238,5,1411.686143
238,6,1334.532535
238,7,1331.397852
238,8,1330.800951
238,9,1327.106921
239,4,1714.203052
239,5,1411.686143
239,6,1334.532535
239,7,1324.794605
240,4,1714.203052
240,5,1411.686143
240,6,1334.532535
240,7,1324.794605
241,4,1714.203052
241,5,1411.686143
241,6,1334.532535
241,7,1324.794605
242,4,1714.203052
242,5,1411.686143
242,6,1334.532535
242,7,1324.794605
243,4,1714.203052
243,5,1411.686143
243,6,1334.532535
243,7,1324.794605
244,4,1714.203052
244,5,1411.686143
244,6,1334.532535
244,7,1324.794605
245,4,1714.203052
245,5,1411.686143
245,6,1334.532535
245,7,1324.794605
246,4,1714.203052
246,5,1411.686143
246,6,1334.532535
246,7,1324.794605
247,4,1714.203052
247,5,1411.686143
247,6,1334.532535
247,7,1324.794605
248,4,1714.203052
248,5,1411.686143
248,6,1334.532535
248,7,1324.794605
249,4,1714.203052
249,5,1411.686143
249,6,1334.532535
249,7,1324.794605
250,4,1714.203052
250,5,1411.686143
250,6,1334.532535
250,7,1324.794605
251,4,1714.203052
251,5,1411.686143
251,6,1334.532535
251,7,1324.794605
252,4,1714.203052
252,5,1411.686143
252,6,1334.532535
252,7,1324.794605
253,4,1714.203052
253,5,1411.686143
253,6,1334.532535
253,7,1324.794605
254,4,1714.203052
254,5,1411.686143
254,6,1334.532535
254,7,1324.794605
255,4,1714.203052
255,5,1411.686143
255,6,1334.532535
255,7,1324.794605
256,4,1714.203052
256,5,1411.686143
256,6,1334.532535
256,7,1324.794605
257,4,1714.203052
257,5,1411.686143
257,6,1334.532535
257,7,1324.794605
258,4,1714.203052
258,5,1411.686143
258,6,1334.532535
258,7,1324.794605
259,4,1714.203052
259,5,1411.686143
259,6,1334.532535
259,7,1324.794605
260,4,1714.203052
260,5,1411.686143
260,6,1334.532535
260,7,1324.794605
261,4,1714.203052
261,5,1411.686143
261,6,1334.532535
261,7,1324.794605
262,4,1714.203052
262,5,1411.686143
262,6,1334.532535
262,7,1324.794605
263,4,1714.203052
263,5,1411.686143
263,6,1334.532535
263,7,1324.794605
264,4,1714.203052
264,5,1411.686143
264,6,1334.532535
264,7,1324.794605
265,4,1714.203052
265,5,1411.686143
265,6,1334.532535
265,7,1324.794605
266,4,1714.203052
266,5,1411.686143
266,6,1334.532535
266,7,1324.794605
267,4,1714.203052
267,5,1411.686143
267,6,1334.532535
267,7,1324.794605
268,4,1714.203052
268,5,1411.686143
268,6,1334.532535
268,7,1324.794605
269,4,1714.203052
269,5,1411.686143
269,6,1334.532535
269,7,1324.794605
270,4,1714.203052
270,5,1411.686143
270,6,1334.532535
270,7,1324.794605
271,4,1714.203052
271,5,1411.686143
271,6,1334.532535
271,7,1324.794605
272,4,1714.203052
272,5,1411.686143
272,6,1334.532535
272,7,1324.794605
273,4,1714.203052
273,5,1411.686143
273,6,1334.532535
273,7,1324.794605
274,4,1714.203052
274,5,1411.686143
274,6,1334.532535
274,7,1324.794605
275,4,1714.203052
275,5,1411.686143
275,6,1334.532535
275,7,1324.794605
276,4,1714.203052
276,5,1411.686143
276,6,1334.532535
276,7,1324.794605
277,4,1714.203052
277,5,1411.686143
277,6,1334.532535
277,7,1324.794605
278,4,1714.203052
278,5,1411.686143
278,6,1334.532535
278,7,1324.794605
279,4,1714.203052
279,5,1411.686143
279,6,1334.532535
279,7,1324.794605
280,4,1714.203052
280,5,1411.686143
280,6,1334.532535
280,7,1324.794605
281,4,1714.203052
281,5,1410.214783
281,6,1334.532535
281,7,1324.794605
282,4,1714.203052
282,5,1410.214783
282,6,1334.532535
282,7,1324.794605
283,4,1714.203052
283,5,1410.214783
283,6,1334.532535
283,7,1324.794605
284,4,1714.203052
284,5,1410.214783
284,6,1334.532535
284,7,1324.794605
285,4,1714.203052
285,5,1410.214783
285,6,1334.532535
285,7,1324.794605
286,4,1714.203052
286,5,1410.214783
286,6,1334.532535
286,7,1324.794605
287,4,1714.203052
287,5,1410.214783
287,6,1334.532535
287,7,1324.794605
288,4,1714.203052
288,5,1410.214783
288,6,1333.287137
288,7,1324.794605
289,4,1714.203052
289,5,1410.214783
289,6,1333.287137
289,7,1324.794605
290,4,1714.203052
290,5,1410.214783
290,6,1333.287137
290,7,1324.794605
291,4,1714.203052
291,5,1410.214783
291,6,1333.287137
291,7,1324.794605
292,4,1714.203052
292,5,1410.214783
292,6,1333.287137
292,7,1324.794605
293,4,1714.203052
293,5,1410.214783
293,6,1333.287137
293,7,1324.794605
294,4,1714.203052
294,5,1410.214783
294,6,1333.287137
294,7,1324.794605
295,4,1714.203052
295,5,1410.214783
295,6,1333.287137
295,7,1324.794605
296,4,1714.203052
296,5,1410.214783
296,6,1333.287137
296,7,1324.794605
297,4,1714.203052
297,5,1410.214783
297,6,1333.287137
297,7,1324.794605
298,4,1714.203052
298,5,1410.214783
298,6,1333.287137
298,7,1324.794605
299,4,1714.203052
299,5,1410.214783
299,6,1333.287137
299,7,1324.794605
300,4,1714.203052
300,5,1410.214783
300,6,1333.287137
300,7,1324.794605
301,4,1714.203052
301,5,1410.214783
301,6,1333.287137
301,7,1324.794605
302,4,1714.203052
302,5,1410.214783
302,6,1333.287137
302,7,1324.794605
303,4,1714.203052
303,5,1410.214783
303,6,1333.287137
303,7,1324.794605
304,4,1714.203052
304,5,1410.214783
304,6,1333.287137
304,7,1324.794605
305,4,1714.203052
305,5,1410.214783
305,6,1333.287137
305,7,1324.794605
306,4,1714.203052
306,5,1410.214783
306,6,1333.287137
306,7,1324.794605
307,4,1714.203052
307,5,1410.214783
307,6,1333.287137
307,7,1324.794605
308,4,1714.203052
308,5,1410.214783
308,6,1333.287137
308,7,1324.794605
309,4,1714.203052
309,5,1410.214783
309,6,1333.287137
309,7,1324.794605
310,4,1714.203052
310,5,1410.214783
310,6,1333.287137
310,7,1324.794605
311,4,1714.203052
311,5,1410.214783
311,6,1333.287137
311,7,1324.794605
312,4,1714.203052
312,5,1410.214783
312,6,1333.287137
312,7,1324.794605
313,4,1714.203052
313,5,1410.214783
313,6,1333.287137
313,7,1324.794605
314,4,1714.203052
314,5,1410.214783
314,6,1333.287137
314,7,1324.794605
315,4,1714.203052
315,5,1410.214783
315,6,1333.287137
315,7,1324.794605
316,4,1714.203052
316,5,1410.214783
316,6,1333.287137
316,7,1324.794605
317,4,1714.203052
317,5,1410.214783
317,6,1333.287137
317,7,1324.794605
318,4,1714.203052
318,5,1410.214783
318,6,1333.287137
318,7,1324.794605
319,4,1714.203052
319,5,1410.214783
319,6,1333.287137
319,7,1324.794605
320,4,1714.203052
320,5,1410.214783
320,6,1333.287137
320,7,1324.794605
321,4,1714.203052
321,5,1410.214783
321,6,1333.287137
321,7,1324.794605
322,4,1714.203052
322,5,1410.214783
322,6,1333.287137
322,7,1324.794605
323,4,1714.203052
323,5,1410.214783
323,6,1333.287137
323,7,1324.794605
324,4,1714.203052
324,5,1410.214783
324,6,1333.287137
324,7,1324.794605
325,4,1714.203052
325,5,1410.214783
325,6,1333.287137
325,7,1324.794605
326,4,1714.203052
326,5,1410.214783
326,6,1333.287137
326,7,1324.794605
327,4,1714.203052
327,5,1410.214783
327,6,1333.287137
327,7,1324.794605
328,4,1714.203052
328,5,1410.214783
328,6,1333.287137
328,7,1324.794605
329,4,1714.203052
329,5,1410.214783
329,6,1333.287137
329,7,1324.794605
330,4,1714.203052
330,5,1410.214783
330,6,1333.287137
330,7,1324.794605
331,4,1714.203052
331,5,1410.214783
331,6,1333.287137
331,7,1324.794605
