Generation,NV,TOC
1,48,24686.647387
1,50,23214.151956
1,55,22981.661370
1,57,22383.946116
1,62,21063.654115
1,65,20996.808043
1,66,20556.070088
1,67,20447.595526
1,68,19768.641161
1,72,19577.486793
1,73,18784.974541
1,78,17421.404330
1,81,17173.733811
1,85,17130.433122
1,87,16910.300219
1,88,16864.019319
1,90,16800.014176
1,93,16685.088385
1,98,16537.444216
1,101,16397.106508
1,103,16143.001394
1,104,15596.801674
1,107,15515.720498
1,113,15396.436437
1,115,15259.626202
1,123,14947.352046
1,125,14915.097052
1,130,14818.660705
2,48,23716.948179
2,50,23214.151956
2,52,22962.632886
2,55,22882.225818
2,56,21566.472705
2,57,20479.907202
2,58,18923.578744
2,67,18129.024600
2,74,18113.197353
2,78,17421.404330
2,79,17324.564650
2,80,16103.309819
2,95,15776.070899
2,99,15443.241387
2,113,15396.436437
2,115,15259.626202
2,119,15104.753072
2,120,15041.905029
2,123,14839.759797
2,129,14833.535931
2,130,14818.660705
3,48,22483.597031
3,53,21743.586391
3,56,21545.801438
3,57,20479.907202
3,58,18693.798645
3,67,17538.645997
3,78,16818.711881
3,80,16103.309819
3,95,15713.083774
3,97,15126.703880
3,115,14921.196877
3,123,14839.759797
3,129,14833.535931
3,130,14818.660705
4,48,22483.597031
4,51,21292.941979
4,53,19538.503327
4,55,18461.129494
4,67,17538.645997
4,76,17097.061023
4,78,16818.711881
4,80,16103.309819
4,95,15713.083774
4,97,15126.703880
4,106,15065.360467
4,115,14921.196877
4,123,14839.759797
4,124,14835.659665
4,126,14835.096329
4,129,14833.535931
4,130,14818.660705
5,48,22483.597031
5,51,21292.941979
5,53,19538.503327
5,55,18461.129494
5,67,17538.645997
5,70,16799.148326
5,74,16619.740872
5,76,16443.643395
5,77,16224.856454
5,80,16103.309819
5,81,15366.496246
5,86,15272.973412
5,97,15126.703880
5,102,15096.259101
5,106,15065.360467
5,107,14994.148495
5,114,14918.248244
5,123,14839.759797
5,124,14835.659665
5,126,14835.096329
5,129,14833.535931
5,130,14818.660705
6,48,22483.597031
6,51,19803.672177
6,53,19538.503327
6,54,18481.544044
6,55,18461.129494
6,61,18186.816032
6,62,17530.481230
6,70,16618.349529
6,75,14986.304978
6,88,14072.920564
7,48,22483.597031
7,50,19357.479940
7,51,19189.411356
7,53,18787.712154
7,54,18481.544044
7,55,18206.546021
7,58,17784.933099
7,62,17404.533205
7,64,17075.704025
7,68,16435.133598
7,70,16054.270100
7,71,14507.364011
7,81,14268.720929
7,88,14053.509909
8,48,22483.597031
8,50,19357.479940
8,51,19189.411356
8,52,19133.516485
8,53,18097.145992
8,54,17273.267230
8,62,17200.365333
8,64,17075.704025
8,66,17017.382486
8,68,16435.133598
8,70,16054.270100
8,71,14507.364011
8,74,14501.777877
8,75,14343.466201
8,80,14081.405455
8,88,14053.509909
9,48,22483.597031
9,49,20724.906653
9,50,19357.479940
9,51,19189.411356
9,52,18997.837739
9,53,18097.145992
9,54,17273.267230
9,61,15819.801657
9,65,15348.288156
9,67,14752.995250
9,69,14641.401913
9,70,14485.042942
9,73,14317.194992
9,75,14297.036540
9,79,13995.486189
9,87,13972.207388
10,48,22483.597031
10,49,19969.631506
10,50,19216.433591
10,51,19189.411356
10,52,18997.837739
10,53,18097.145992
10,54,17273.267230
10,55,15968.544886
10,61,15819.801657
10,63,14770.167520
10,67,14752.995250
10,69,14561.499291
10,70,14485.042942
10,73,14317.194992
10,75,14280.567176
10,76,14097.739380
10,79,13995.486189
10,87,13972.207388
11,46,18424.314513
11,53,18097.145992
11,54,17273.267230
11,55,15968.544886
11,57,15700.558352
11,63,14770.167520
11,67,14752.995250
11,69,14561.499291
11,70,14425.440883
11,73,14317.194992
11,75,14280.567176
11,76,14097.739380
11,79,13995.486189
11,87,13972.207388
12,45,20867.908967
12,46,18424.314513
12,53,16634.321425
12,55,15968.544886
12,56,15690.648768
12,61,14502.276534
12,65,14256.307076
12,71,14221.655520
12,73,14040.951735
12,75,13984.044832
12,79,13902.745711
13,43,21327.404087
13,45,20867.908967
13,46,18424.314513
13,53,16634.321425
13,55,15968.544886
13,56,15690.648768
13,61,14502.276534
13,65,14256.307076
13,66,14159.530655
13,69,14152.326391
13,72,13971.229580
13,78,13831.723813
14,42,20571.005675
14,45,18418.906459
14,49,16452.789623
14,55,15968.544886
14,56,15462.317049
14,58,15078.509885
14,61,14423.027949
14,65,13676.955736
14,76,13672.364807
15,42,20571.005675
15,45,18418.906459
15,49,16452.789623
15,55,15968.544886
15,56,15462.317049
15,58,15078.509885
15,61,14423.027949
15,62,14404.026456
15,64,14374.432393
15,65,13676.955736
15,72,13478.917670
16,42,20571.005675
16,45,18199.556583
16,49,16452.789623
16,53,15579.692707
16,56,15287.753828
16,57,15013.798262
16,60,14350.313921
16,64,14314.656412
16,65,13629.547596
16,72,13445.990043
17,42,20571.005675
17,45,18160.699268
17,49,16452.789623
17,53,15579.692707
17,56,15287.753828
17,57,15013.798262
17,60,14350.313921
17,63,14316.345903
17,64,14314.656412
17,65,13629.547596
17,72,13445.990043
18,42,20571.005675
18,45,18160.699268
18,49,16452.789623
18,53,15579.692707
18,56,15287.753828
18,57,14853.278351
18,60,14176.434795
18,63,13778.436448
18,65,13522.587888
18,67,13425.363866
18,71,13241.952251
18,73,13074.973861
19,42,20571.005675
19,45,18160.699268
19,48,17936.894432
19,49,16096.305513
19,50,16055.815413
19,51,15193.615928
19,55,14886.903468
19,57,14853.278351
19,59,14340.937435
19,60,14176.434795
19,63,13778.436448
19,64,13663.476465
19,65,13522.587888
19,67,13425.363866
19,71,13241.952251
19,73,13074.973861
20,42,20571.005675
20,45,18160.699268
20,46,18132.855813
20,47,17794.133313
20,48,16715.765180
20,49,16096.305513
20,50,16055.815413
20,51,15193.615928
20,55,14886.903468
20,57,14736.606249
20,59,14214.072026
20,60,14102.700426
20,62,13615.516644
20,64,13473.381333
20,67,13400.739651
20,69,13334.843948
20,71,13235.191380
20,72,12915.525690
21,42,20571.005675
21,45,18160.699268
21,46,18132.855813
21,47,17794.133313
21,48,16715.765180
21,49,16096.305513
21,50,16055.815413
21,51,15193.615928
21,53,14873.373612
21,57,14736.606249
21,59,14214.072026
21,60,14102.700426
21,62,13615.516644
21,64,13473.381333
21,67,13400.739651
21,69,13334.843948
21,71,13235.191380
21,72,12915.525690
22,42,20571.005675
22,45,18160.699268
22,46,18037.044743
22,47,17794.133313
22,48,16715.765180
22,49,16096.305513
22,50,16055.815413
22,51,15193.615928
22,53,14873.373612
22,57,14736.606249
22,58,14105.627779
22,60,14061.555961
22,62,13371.454944
22,63,13367.920305
22,67,13332.186464
22,69,13307.126702
22,71,12859.164640
23,42,20571.005675
23,45,18160.699268
23,46,16369.007757
23,49,16096.305513
23,50,16055.815413
23,51,15193.615928
23,53,14873.373612
23,56,14612.082936
23,58,14105.627779
23,60,14061.555961
23,61,14001.210445
23,62,13371.454944
23,63,13367.920305
23,65,13230.183597
23,69,13100.582490
23,71,12859.164640
24,42,20571.005675
24,45,18160.699268
24,46,16180.061918
24,49,16096.305513
24,50,16055.815413
24,51,15193.615928
24,53,14873.373612
24,56,14214.360204
24,58,14105.627779
24,59,14049.655493
24,60,13888.830962
24,62,13333.566004
24,63,13267.789719
24,65,13170.283686
24,66,12973.653528
24,71,12857.163823
24,76,12794.824546
25,42,20571.005675
25,45,18160.699268
25,46,16180.061918
25,49,16096.305513
25,50,16055.815413
25,51,15193.615928
25,53,14873.373612
25,56,14214.360204
25,58,14105.627779
25,59,14049.655493
25,60,13888.830962
25,62,13333.566004
25,63,13267.789719
25,65,13170.283686
25,66,12973.653528
25,71,12857.163823
25,76,12794.824546
26,42,20571.005675
26,45,18160.699268
26,46,16180.061918
26,49,16096.305513
26,50,16055.815413
26,51,15193.615928
26,53,14873.373612
26,56,14036.111706
26,59,14010.731706
26,60,13151.007765
26,64,13142.645853
26,65,12960.027157
26,68,12954.743698
26,71,12826.109556
26,73,12683.667506
27,42,20571.005675
27,45,18160.699268
27,46,16180.061918
27,49,16096.305513
27,50,16055.815413
27,51,15193.615928
27,53,13892.174728
27,60,13151.007765
27,61,13008.224382
27,65,12960.027157
27,68,12954.743698
27,70,12912.180848
27,71,12826.109556
27,73,12683.667506
28,42,20571.005675
28,45,18160.699268
28,46,16180.061918
28,49,16096.305513
28,50,15213.621455
28,51,15193.615928
28,53,13892.174728
28,60,13148.763037
28,61,13004.698085
28,65,12935.556134
28,67,12932.553790
28,69,12896.372065
28,71,12797.199489
28,73,12683.667506
29,41,21673.734890
29,42,20571.005675
29,43,20383.596895
29,44,20162.486692
29,45,18160.699268
29,46,16180.061918
29,49,16096.305513
29,50,15213.621455
29,51,15193.615928
29,53,13892.174728
29,60,13148.763037
29,61,13004.698085
29,65,12935.556134
29,67,12932.553790
29,68,12879.612774
29,70,12770.343690
29,71,12722.479752
29,73,12683.667506
30,41,21673.734890
30,42,20571.005675
30,43,20383.596895
30,44,19089.691820
30,45,17729.357333
30,46,16055.891440
30,49,15870.036122
30,50,13947.262214
30,53,13892.174728
30,60,12944.353174
30,63,12930.086855
30,68,12508.865586
31,41,21673.734890
31,42,20571.005675
31,43,20383.596895
31,44,19089.691820
31,45,17729.357333
31,46,16055.891440
31,49,15870.036122
31,50,13947.262214
31,53,13892.174728
31,58,13203.235460
31,60,12944.353174
31,62,12769.992203
31,68,12508.865586
32,41,21673.734890
32,42,20571.005675
32,43,18830.052893
32,45,16010.578727
32,49,15836.426621
32,50,13947.262214
32,53,13822.105028
32,57,13157.172523
32,60,12872.657269
32,62,12769.992203
32,67,12472.616927
33,41,21673.734890
33,42,20571.005675
33,43,18830.052893
33,45,16010.578727
33,49,15836.426621
33,50,13947.262214
33,53,13822.105028
33,57,12871.921873
33,62,12769.992203
33,67,12472.616927
33,68,12470.566570
34,41,21673.734890
34,42,20571.005675
34,43,18830.052893
34,45,16010.578727
34,46,15751.305334
34,49,15238.043974
34,50,13947.262214
34,53,13746.483943
34,57,12868.817064
34,62,12749.185152
34,63,12618.091497
34,65,12354.513732
35,41,21673.734890
35,42,20571.005675
35,43,18830.052893
35,45,16010.578727
35,46,15751.305334
35,49,15238.043974
35,50,13947.262214
35,53,13746.483943
35,57,12868.817064
35,62,12749.185152
35,63,12618.091497
35,65,12354.513732
36,41,21673.734890
36,42,20571.005675
36,43,18308.768864
36,45,16010.578727
36,46,15751.305334
36,49,15190.930982
36,50,13890.771727
36,53,13703.925317
36,57,12706.872962
36,62,12614.422888
36,65,12349.996535
37,41,21673.734890
37,42,20571.005675
37,43,18308.768864
37,45,16010.578727
37,46,15751.305334
37,49,15190.930982
37,50,13890.771727
37,52,13606.518366
37,57,12706.872962
37,62,12614.422888
37,65,12349.996535
38,41,21673.734890
38,42,20571.005675
38,43,18308.768864
38,45,15871.376468
38,46,15623.039109
38,49,15190.930982
38,50,13738.630730
38,52,13588.479534
38,57,12706.872962
38,61,12499.178227
38,65,12254.310245
39,41,21673.734890
39,42,20571.005675
39,43,18308.768864
39,45,15871.376468
39,46,15623.039109
39,49,15190.930982
39,50,13738.630730
39,52,13588.479534
39,57,12706.872962
39,59,12585.838340
39,61,12499.178227
39,65,12254.310245
40,41,21673.734890
40,42,20571.005675
40,43,18308.768864
40,45,15771.412963
40,46,15623.039109
40,49,15120.241617
40,50,13738.630730
40,52,13511.630019
40,55,13342.582193
40,57,12693.813626
40,58,12534.100949
40,61,12484.841758
40,65,12254.310245
41,41,21673.734890
41,42,20571.005675
41,43,18308.768864
41,45,15771.412963
41,46,15623.039109
41,49,15120.241617
41,50,13738.630730
41,52,13511.630019
41,53,12724.414874
41,57,12693.813626
41,58,12534.100949
41,60,12318.020851
41,65,12254.310245
42,41,21673.734890
42,42,20571.005675
42,43,18308.768864
42,45,15771.412963
42,46,15623.039109
42,49,15120.241617
42,50,13738.630730
42,52,13419.674619
42,53,12686.617340
42,57,12686.492124
42,58,12532.579152
42,60,12293.739203
42,63,12290.357696
42,65,12249.575245
43,41,21215.421641
43,42,20571.005675
43,43,18308.768864
43,45,15771.412963
43,46,15623.039109
43,49,15120.241617
43,50,13738.630730
43,52,13419.674619
43,53,12686.617340
43,57,12674.533953
43,58,12532.579152
43,60,12293.739203
43,63,12290.357696
43,65,12249.575245
44,41,21215.421641
44,42,20571.005675
44,43,18281.762479
44,44,15344.759408
44,49,13454.122805
44,52,13419.530699
44,53,12686.617340
44,57,12472.773020
44,60,12281.101240
44,65,12224.979329
45,41,21215.421641
45,42,20571.005675
45,43,18281.762479
45,44,15344.759408
45,47,14310.839380
45,49,13454.122805
45,52,13419.530699
45,53,12686.617340
45,57,12472.773020
45,60,12281.101240
45,65,12224.979329
46,40,22280.830630
46,41,21215.421641
46,42,20571.005675
46,43,17787.660964
46,44,15125.144708
46,47,14310.839380
46,48,13486.415012
46,49,13454.122805
46,51,13010.915914
46,52,12636.364798
46,57,12472.773020
46,60,12281.101240
46,65,12205.799525
47,40,22280.830630
47,41,21215.421641
47,42,20571.005675
47,43,17787.660964
47,44,15125.144708
47,47,14310.839380
47,48,13486.415012
47,49,13119.527308
47,51,13010.915914
47,52,12636.364798
47,56,12562.926946
47,57,12472.773020
47,60,12281.101240
47,65,12205.799525
48,40,22280.830630
48,41,21215.421641
48,42,20571.005675
48,43,17787.660964
48,44,15011.558671
48,47,14227.513959
48,48,13325.567913
48,49,13064.802791
48,51,12983.449973
48,52,12636.364798
48,55,12523.219943
48,57,12472.773020
48,60,12281.101240
48,65,12159.593168
49,40,22280.830630
49,41,21215.421641
49,42,20571.005675
49,43,17787.660964
49,44,15011.558671
49,47,14227.513959
49,48,13325.567913
49,49,13064.802791
49,51,12983.449973
49,52,12636.364798
49,55,12523.219943
49,56,12481.224116
49,57,12472.773020
49,58,12445.840408
49,60,12281.101240
49,65,12159.593168
50,40,22280.830630
50,41,20688.539937
50,42,20571.005675
50,43,17787.660964
50,44,15011.558671
50,47,13856.073775
50,48,13010.866457
50,50,12960.517249
50,52,12636.364798
50,53,12576.012581
50,55,12523.219943
50,56,12228.632781
50,64,12131.332987
51,40,22280.830630
51,41,20688.539937
51,42,20571.005675
51,43,17787.660964
51,44,15011.558671
51,47,13856.073775
51,48,13010.866457
51,50,12960.517249
51,52,12636.364798
51,53,12576.012581
51,55,12523.219943
51,56,12228.632781
51,62,12164.249325
51,64,12131.332987
52,40,22280.830630
52,41,20688.539937
52,42,20571.005675
52,43,17787.660964
52,44,15011.558671
52,47,13817.301341
52,48,12824.344631
52,52,12636.364798
52,53,12570.279053
52,55,12515.048725
52,56,12195.578903
52,59,12137.257590
52,64,12111.892692
53,40,22280.830630
53,41,20688.539937
53,42,20571.005675
53,43,17787.660964
53,44,15011.558671
53,47,13817.301341
53,48,12824.344631
53,52,12636.364798
53,53,12570.279053
53,55,12435.256068
53,56,12195.578903
53,59,12137.257590
53,64,12111.892692
54,40,22280.830630
54,41,20688.539937
54,42,20571.005675
54,43,17787.660964
54,44,14987.172423
54,47,13817.301341
54,48,12824.344631
54,52,12609.918555
54,53,12556.132531
54,55,12186.808644
54,59,12127.679989
54,64,12097.943996
55,40,22280.830630
55,41,20688.539937
55,42,20571.005675
55,43,17787.660964
55,44,14987.172423
55,47,13817.301341
55,48,12824.344631
55,52,12609.918555
55,53,12556.132531
55,54,12178.485405
55,56,12162.780449
55,59,12127.679989
55,64,12097.943996
56,40,22280.830630
56,41,20688.539937
56,42,20268.131395
56,43,17787.660964
56,44,14987.172423
56,47,13817.301341
56,48,12814.589807
56,52,12544.234721
56,54,12159.114236
56,56,12158.238273
56,59,12003.228661
57,40,22280.830630
57,41,20688.539937
57,42,20268.131395
57,43,15710.192638
57,44,14987.172423
57,45,14902.198721
57,47,13633.180523
57,48,12814.589807
57,52,12544.234721
57,54,12159.114236
57,56,12158.238273
57,59,12003.228661
58,40,22280.830630
58,41,20084.861894
58,42,15555.971280
58,44,14726.409611
58,47,13478.246320
58,48,12785.878405
58,52,12496.913907
58,54,12158.617295
58,56,12158.238273
58,59,12000.432329
59,40,22280.830630
59,41,20084.861894
59,42,15555.971280
59,44,14726.409611
59,47,13478.246320
59,48,12785.878405
59,52,12496.913907
59,54,12158.617295
59,56,12158.238273
59,59,12000.432329
60,40,21874.355159
60,41,20084.861894
60,42,15555.971280
60,44,14517.073538
60,46,13377.996483
60,48,12745.110887
60,52,12382.641095
60,53,12111.213031
60,54,12072.202956
60,59,11997.873333
61,40,20602.614510
61,41,20084.861894
61,42,15555.971280
61,44,14517.073538
61,46,13377.996483
61,48,12745.110887
61,52,12382.641095
61,53,12111.213031
61,54,12072.202956
61,59,11997.873333
62,40,20602.614510
62,41,20084.861894
62,42,15351.093215
62,43,14942.404954
62,44,14441.189990
62,46,13377.996483
62,47,12694.873314
62,52,12334.654068
62,53,12081.629894
62,54,12068.334378
62,58,11937.475752
63,40,20602.614510
63,41,19441.944561
63,42,15351.093215
63,43,14942.404954
63,44,13397.142109
63,46,13377.996483
63,47,12694.873314
63,52,12334.654068
63,53,12081.629894
63,54,12068.334378
63,58,11937.475752
64,40,20602.614510
64,41,19441.944561
64,42,15279.474637
64,43,14846.668729
64,44,13391.797483
64,46,13377.996483
64,47,12664.263441
64,52,12318.404072
64,53,12080.439652
64,54,12058.102403
64,58,11928.429279
65,40,20602.614510
65,41,19441.944561
65,42,15279.474637
65,43,14846.668729
65,44,13391.797483
65,46,13243.155243
65,47,12664.263441
65,52,12318.404072
65,53,12080.439652
65,54,12058.102403
65,58,11928.429279
66,40,20602.614510
66,41,19441.944561
66,42,15262.506968
66,43,14808.040349
66,44,13389.179551
66,46,13232.337097
66,47,12664.263441
66,50,12538.796550
66,52,12318.404072
66,53,12080.439652
66,54,12043.294235
66,58,11922.421148
67,40,18779.283799
67,42,15262.506968
67,43,14808.040349
67,44,13389.179551
67,46,13232.337097
67,47,12664.263441
67,50,12538.796550
67,52,12318.404072
67,53,12080.439652
67,54,12043.294235
67,58,11922.421148
68,40,18779.283799
68,41,18722.066678
68,42,15262.506968
68,43,14684.410083
68,44,13363.403225
68,45,13109.926888
68,47,12647.383123
68,49,12503.458409
68,52,12318.404072
68,53,12067.478693
68,54,12043.294235
68,58,11919.646681
69,40,18779.283799
69,41,18722.066678
69,42,15262.506968
69,43,14684.410083
69,44,13160.079252
69,45,13109.926888
69,47,12647.383123
69,49,12503.458409
69,52,12318.404072
69,53,12067.478693
69,54,12043.294235
69,58,11919.646681
70,39,19379.777559
70,40,18779.283799
70,41,18722.066678
70,42,15262.506968
70,43,14366.590761
70,44,12819.295324
70,46,12607.224264
70,49,12503.458409
70,52,12308.895764
70,53,12059.874190
70,54,12040.759865
70,58,11918.689157
71,38,19615.808231
71,39,19379.777559
71,40,18779.283799
71,41,18722.066678
71,42,15262.506968
71,43,14366.590761
71,44,12819.295324
71,46,12607.224264
71,49,12503.458409
71,51,12389.408916
71,52,12163.401624
71,53,12059.874190
71,54,12040.759865
71,58,11918.689157
72,38,19615.808231
72,39,19379.777559
72,40,18779.283799
72,41,18722.066678
72,42,15262.506968
72,43,13918.172912
72,44,12819.295324
72,46,12530.893859
72,49,12503.458409
72,51,12119.940474
72,53,12059.874190
72,54,12040.759865
72,58,11901.838411
73,38,19615.808231
73,39,19370.158321
73,40,18779.283799
73,41,18722.066678
73,42,15262.506968
73,43,13918.172912
73,44,12819.295324
73,46,12530.893859
73,49,12503.458409
73,50,12340.577347
73,51,12119.940474
73,53,12059.874190
73,54,12040.759865
73,58,11901.838411
74,38,19615.808231
74,39,19370.158321
74,40,18779.283799
74,41,18722.066678
74,42,15262.506968
74,43,13918.172912
74,44,12819.295324
74,46,12514.270325
74,49,12311.742637
74,50,12062.571840
74,53,12058.496807
74,54,12040.759865
74,57,11898.836907
74,58,11879.794392
75,38,19615.808231
75,39,19096.464992
75,40,18779.283799
75,41,18076.446616
75,42,15262.506968
75,43,13918.172912
75,44,12819.295324
75,46,12514.270325
75,49,12311.742637
75,50,12062.571840
75,53,12058.496807
75,54,12016.674182
75,55,11982.116663
75,56,11943.583187
75,57,11898.836907
75,58,11879.794392
76,38,19615.808231
76,39,19096.464992
76,40,18779.283799
76,41,17825.146349
76,42,15262.506968
76,43,13918.172912
76,44,12819.295324
76,46,12511.373755
76,48,12436.589837
76,49,12298.290561
76,50,12039.468617
76,54,11984.109248
76,55,11969.155703
76,56,11935.037847
76,57,11893.139169
76,58,11872.038105
77,38,19615.808231
77,39,19096.464992
77,40,18779.283799
77,41,17825.146349
77,42,15262.506968
77,43,13918.172912
77,44,12819.295324
77,46,12511.373755
77,48,12436.589837
77,49,12298.290561
77,50,12039.468617
77,53,11967.016964
77,56,11935.037847
77,57,11893.139169
77,58,11872.038105
78,38,19290.194245
78,39,19096.464992
78,40,18456.247904
78,41,17785.628784
78,42,15262.506968
78,43,13889.026426
78,44,12797.806155
78,46,12477.578230
78,47,12222.603890
78,50,11990.097810
78,52,11974.489340
78,53,11967.016964
78,55,11914.323527
78,57,11891.568729
78,58,11854.480604
79,38,19290.194245
79,39,19096.464992
79,40,18366.887539
79,41,14009.646991
79,43,13889.026426
79,44,12797.806155
79,46,12477.578230
79,47,12222.603890
79,50,11990.097810
79,52,11974.489340
79,53,11967.016964
79,54,11964.190516
79,55,11914.323527
79,57,11891.568729
79,58,11854.480604
80,38,19290.194245
80,39,19096.464992
80,40,18366.887539
80,41,14009.646991
80,43,13889.026426
80,44,12797.806155
80,46,12475.122143
80,47,12222.603890
80,49,12132.753919
80,50,11976.989092
80,52,11964.561251
80,54,11931.284983
80,55,11914.323527
80,56,11861.301588
80,58,11767.471296
81,38,19290.194245
81,39,19096.464992
81,40,18366.887539
81,41,14009.646991
81,43,13889.026426
81,44,12797.806155
81,46,12279.260850
81,47,12222.603890
81,48,12194.262505
81,49,12086.879818
81,50,11976.989092
81,52,11935.420443
81,54,11931.284983
81,55,11825.536998
81,58,11767.471296
82,38,19290.194245
82,39,19096.464992
82,40,18366.887539
82,41,14009.646991
82,43,13889.026426
82,44,12687.263477
82,46,12248.933452
82,47,12209.948938
82,48,12108.154660
82,49,12072.236482
82,50,11975.706389
82,52,11935.420443
82,54,11915.485588
82,55,11807.848422
82,58,11767.471296
83,38,19290.194245
83,39,19096.464992
83,40,18366.887539
83,41,14009.646991
83,43,13889.026426
83,44,12687.263477
83,46,12248.933452
83,47,12209.948938
83,48,12108.154660
83,49,12072.236482
83,50,11975.706389
83,52,11935.420443
83,54,11915.485588
83,55,11807.848422
83,58,11767.471296
84,36,19805.235705
84,38,19290.194245
84,39,19096.464992
84,40,18366.887539
84,41,14009.646991
84,43,13889.026426
84,44,12687.263477
84,45,12316.029928
84,46,12243.407994
84,47,12031.598324
84,49,11963.581838
84,52,11928.136999
84,54,11746.539614
85,36,19805.235705
85,38,19290.194245
85,39,19096.464992
85,40,18366.887539
85,41,13779.288970
85,43,13403.433122
85,44,12687.263477
85,45,12316.029928
85,46,12124.679874
85,47,12031.598324
85,48,12029.877651
85,49,11963.581838
85,52,11928.136999
85,54,11746.539614
86,36,19805.235705
86,38,19290.194245
86,39,19096.464992
86,40,13755.597510
86,43,13367.951209
86,44,12672.044659
86,45,12259.790731
86,46,12119.198116
86,47,12030.079181
86,48,12015.031557
86,49,11963.581838
86,52,11925.154104
86,54,11744.047850
87,36,19805.235705
87,38,19290.194245
87,39,19096.464992
87,40,13755.597510
87,43,13367.951209
87,44,12672.044659
87,45,12259.790731
87,46,12119.198116
87,47,12030.079181
87,48,11941.510254
87,52,11925.154104
87,54,11744.047850
88,36,19805.235705
88,38,19290.194245
88,39,18653.160282
88,40,13739.919486
88,43,13367.951209
88,44,12672.044659
88,45,12249.896350
88,46,12115.553138
88,47,12008.166390
88,48,11941.510254
88,52,11922.656428
88,54,11743.200148
89,36,19805.235705
89,38,18804.055342
89,39,18653.160282
89,40,13739.919486
89,43,13367.951209
89,44,12672.044659
89,45,12249.896350
89,46,11976.914798
89,48,11941.510254
89,52,11922.656428
89,53,11921.807205
89,54,11743.200148
90,36,19805.235705
90,38,18804.055342
90,39,18513.435487
90,40,13702.560870
90,43,13125.855192
90,44,12672.044659
90,45,12035.286491
90,46,11964.606639
90,47,11936.567550
90,52,11906.276339
90,53,11903.604035
90,54,11716.706970
91,36,19805.235705
91,38,18804.055342
91,39,18513.435487
91,40,13702.560870
91,43,13125.855192
91,44,12672.044659
91,45,12035.286491
91,46,11964.606639
91,47,11936.567550
91,52,11906.276339
91,53,11903.604035
91,54,11716.706970
92,36,19805.235705
92,38,18804.055342
92,39,18432.364787
92,40,13702.560870
92,43,13125.855192
92,44,12643.382579
92,45,12035.286491
92,46,11873.334693
92,54,11695.460365
93,36,19805.235705
93,38,18804.055342
93,39,18432.364787
93,40,13702.560870
93,43,13125.855192
93,44,12643.382579
93,45,12035.286491
93,46,11873.334693
93,54,11695.460365
94,36,19451.071108
94,38,18804.055342
94,39,18361.392164
94,40,13702.560870
94,42,13440.951729
94,43,13011.014192
94,44,12549.538213
94,45,12022.769848
94,46,11855.395543
94,54,11689.580100
95,36,19451.071108
95,38,18804.055342
95,39,18361.392164
95,40,13702.560870
95,42,13440.951729
95,43,12740.988766
95,44,12549.538213
95,45,12022.769848
95,46,11855.395543
95,54,11689.580100
96,36,19405.810968
96,38,18754.740312
96,39,18287.901625
96,40,13617.075266
96,41,13344.883523
96,43,12633.618538
96,44,12548.174988
96,45,11994.306932
96,46,11846.912734
96,54,11689.580100
97,36,19405.810968
97,38,18754.740312
97,39,18287.901625
97,40,13617.075266
97,41,13344.883523
97,43,12633.618538
97,44,12548.174988
97,45,11994.306932
97,46,11846.912734
97,54,11689.580100
98,35,19283.635400
98,38,18622.003975
98,39,14825.165253
98,40,13594.812175
98,41,13295.430766
98,43,12470.146211
98,45,11988.715255
98,46,11842.865033
98,54,11680.285668
99,35,19283.635400
99,38,18622.003975
99,39,14825.165253
99,40,13594.812175
99,41,13295.430766
99,42,13226.663277
99,43,12470.146211
99,45,11988.715255
99,46,11842.865033
99,48,11806.825205
99,54,11680.285668
100,35,19283.635400
100,38,18622.003975
100,39,14757.415228
100,40,13527.204727
100,41,13288.561765
100,42,13226.663277
100,43,12470.146211
100,44,12455.705493
100,45,11988.715255
100,46,11788.696273
100,48,11776.724954
100,54,11641.930186
101,35,19283.635400
101,38,18622.003975
101,39,14757.415228
101,40,13527.204727
101,41,13288.561765
101,42,13226.663277
101,43,12470.146211
101,44,12455.705493
101,45,11988.715255
101,46,11788.696273
101,48,11776.724954
101,54,11641.930186
102,35,19283.635400
102,38,18622.003975
102,39,14520.177777
102,40,13527.204727
102,41,13288.561765
102,42,13063.240388
102,43,12428.734211
102,45,11988.715255
102,46,11783.716391
102,48,11775.902731
102,54,11639.755023
103,35,19283.635400
103,38,18622.003975
103,39,14520.177777
103,40,13527.204727
103,41,13288.561765
103,42,13063.240388
103,43,12428.734211
103,45,11988.715255
103,46,11783.716391
103,48,11775.902731
103,49,11688.511013
103,54,11639.755023
104,35,19283.635400
104,38,18611.665133
104,39,14520.177777
104,40,13278.552788
104,42,12988.952533
104,43,12423.445112
104,45,11988.159572
104,46,11783.716391
104,48,11741.906437
104,49,11650.735621
104,54,11639.755023
105,35,19283.635400
105,38,18611.665133
105,39,14520.177777
105,40,13278.552788
105,42,12967.875487
105,43,12423.445112
105,45,11988.159572
105,46,11783.716391
105,48,11741.906437
105,49,11650.735621
105,50,11640.192541
105,54,11639.755023
106,35,19283.635400
106,38,18611.665133
106,39,14432.956436
106,40,13278.552788
106,42,12726.638000
106,43,12416.610663
106,45,11949.523844
106,46,11783.090166
106,48,11740.312089
106,49,11636.365636
106,50,11609.772799
107,35,19283.635400
107,38,18611.665133
107,39,14432.956436
107,40,13278.552788
107,42,12726.638000
107,43,12416.610663
107,45,11949.523844
107,46,11783.090166
107,47,11759.959468
107,48,11740.312089
107,49,11636.365636
107,50,11609.772799
108,35,19283.635400
108,38,18611.665133
108,39,14432.956436
108,40,13278.552788
108,42,12683.613386
108,43,12416.610663
108,44,11936.086091
108,46,11783.090166
108,47,11749.011860
108,48,11611.565688
108,50,11606.606356
109,35,19283.635400
109,38,18611.665133
109,39,14432.956436
109,40,13278.552788
109,42,12683.613386
109,43,11949.650149
109,44,11936.086091
109,46,11783.090166
109,47,11708.215683
109,48,11611.565688
109,50,11606.606356
110,35,19283.635400
110,38,18292.643661
110,39,14432.956436
110,40,13021.802454
110,41,12548.303410
110,43,11948.911641
110,44,11935.154038
110,45,11796.423774
110,46,11783.090166
110,47,11607.560791
110,50,11606.029774
111,35,19283.635400
111,38,18292.643661
111,39,14431.907550
111,40,13021.802454
111,41,12548.303410
111,43,11948.911641
111,44,11935.154038
111,45,11796.423774
111,46,11780.436417
111,47,11607.560791
111,50,11606.029774
112,35,19283.635400
112,37,18548.357912
112,38,18292.643661
112,39,14235.009576
112,40,12991.738725
112,41,12548.303410
112,42,12252.008038
112,43,11940.476974
112,44,11935.154038
112,45,11778.988657
112,47,11607.560791
112,50,11587.904397
113,35,19283.635400
113,37,18548.357912
113,38,18192.416793
113,39,14235.009576
113,40,12991.738725
113,41,12548.303410
113,42,12252.008038
113,43,11940.476974
113,44,11935.154038
113,45,11778.988657
113,47,11607.560791
113,50,11587.904397
114,35,19283.635400
114,37,18548.357912
114,38,17654.886063
114,39,14235.009576
114,40,12989.268098
114,41,12498.554536
114,42,12172.089317
114,43,11940.476974
114,44,11935.154038
114,45,11778.447199
114,47,11475.902250
115,35,19283.635400
115,37,18548.357912
115,38,17654.886063
115,39,14235.009576
115,40,12989.268098
115,41,12498.554536
115,42,12172.089317
115,43,11940.476974
115,44,11935.154038
115,45,11778.447199
115,47,11458.773241
116,35,19283.635400
116,37,18466.902368
116,38,17605.205196
116,39,14170.702822
116,40,12947.250630
116,41,12498.554536
116,42,12095.691666
116,43,11940.476974
116,44,11934.116928
116,45,11682.915428
116,47,11458.679670
117,35,19283.635400
117,37,18466.902368
117,38,15264.336002
117,39,14170.702822
117,40,12947.250630
117,41,12498.554536
117,42,12095.691666
117,43,11940.476974
117,44,11934.116928
117,45,11682.915428
117,47,11458.679670
118,35,19283.635400
118,37,18162.084321
118,38,15115.735817
118,39,14170.702822
118,40,12929.641746
118,41,12498.554536
118,42,11903.024521
118,45,11682.915428
118,47,11424.462628
119,35,19283.635400
119,37,18162.084321
119,38,15115.735817
119,39,14170.702822
119,40,12929.641746
119,41,12498.554536
119,42,11903.024521
119,45,11682.915428
119,46,11679.598829
119,47,11424.462628
120,35,19156.114443
120,37,18145.456651
120,38,15090.865746
120,39,13983.548135
120,40,12929.641746
120,41,12498.554536
120,42,11876.342422
120,45,11674.193660
120,46,11670.760565
120,47,11422.599966
121,35,19156.114443
121,37,18145.456651
121,38,15090.865746
121,39,13983.548135
121,40,12929.641746
121,41,12498.554536
121,42,11876.342422
121,45,11674.193660
121,46,11670.760565
121,47,11422.599966
122,35,19156.114443
122,37,17467.695496
122,38,15071.869362
122,39,13983.548135
122,40,12929.641746
122,41,12497.870676
122,42,11803.629003
122,43,11774.485002
122,45,11667.019752
122,46,11655.865065
122,47,11411.606776
123,35,19156.114443
123,37,17383.872175
123,38,15071.869362
123,39,13983.548135
123,40,12729.394191
123,41,12497.870676
123,42,11803.629003
123,43,11774.485002
123,45,11667.019752
123,46,11653.152821
123,47,11411.606776
124,35,19156.114443
124,37,17383.872175
124,38,15040.897352
124,39,13907.528769
124,40,12714.030309
124,41,12497.870676
124,42,11754.055174
124,44,11728.343012
124,45,11667.019752
124,46,11642.299671
124,47,11411.606776
125,35,19156.114443
125,37,17383.872175
125,38,15040.897352
125,39,13907.528769
125,40,12714.030309
125,41,12143.659707
125,42,11754.055174
125,43,11672.713978
125,45,11667.019752
125,46,11642.299671
125,47,11411.606776
126,35,19156.114443
126,37,17203.268590
126,38,14813.208574
126,39,12673.224801
126,40,12056.943401
126,42,11748.530192
126,43,11672.713978
126,45,11666.097075
126,46,11629.596430
126,47,11411.037144
127,35,19156.114443
127,36,18185.581387
127,37,17203.268590
127,38,14344.649248
127,39,12673.224801
127,40,12056.943401
127,42,11748.530192
127,43,11672.713978
127,45,11666.097075
127,46,11629.596430
127,47,11411.037144
128,35,19156.114443
128,36,18185.581387
128,37,17203.268590
128,38,14289.639620
128,39,12186.852850
128,40,12052.061972
128,42,11704.918476
128,43,11672.713978
128,45,11600.946451
128,46,11475.411845
128,47,11406.924127
129,35,19156.114443
129,36,18185.581387
129,37,17203.268590
129,38,14289.639620
129,39,12186.852850
129,40,12052.061972
129,42,11704.918476
129,43,11672.713978
129,45,11600.946451
129,46,11475.411845
129,47,11406.924127
130,35,19156.114443
130,36,18185.581387
130,37,16522.419945
130,38,14177.104960
130,39,11860.406244
130,42,11704.918476
130,43,11672.713978
130,45,11599.232171
130,46,11464.924208
130,47,11387.753110
130,52,11382.815285
131,35,19156.114443
131,36,17742.250134
131,37,16522.419945
131,38,13536.582783
131,39,11860.406244
131,42,11704.918476
131,43,11672.713978
131,45,11599.232171
131,46,11464.924208
131,47,11387.753110
131,52,11382.815285
131,53,11368.923194
132,35,19156.114443
132,36,17742.250134
132,37,16522.419945
132,38,13536.582783
132,39,11860.406244
132,42,11704.918476
132,43,11672.713978
132,45,11599.232171
132,46,11464.924208
132,47,11387.753110
132,52,11382.815285
132,53,11368.923194
133,35,19156.114443
133,36,17742.250134
133,37,16486.242266
133,38,13441.177412
133,39,11814.497308
133,42,11702.076454
133,43,11667.846107
133,45,11599.232171
133,46,11464.824464
133,47,11387.463299
133,52,11356.176926
134,35,19156.114443
134,36,17742.250134
134,37,16486.242266
134,38,13441.177412
134,39,11814.497308
134,42,11702.076454
134,43,11667.846107
134,45,11599.232171
134,46,11464.824464
134,47,11387.463299
134,52,11356.176926
135,35,19156.114443
135,36,17742.250134
135,37,16423.493752
135,38,13441.177412
135,39,11814.497308
135,42,11641.920673
135,45,11599.232171
135,46,11439.893286
135,47,11355.980775
135,52,11349.787563
136,35,19156.114443
136,36,17730.339863
136,37,16423.493752
136,38,13441.177412
136,39,11814.497308
136,42,11641.920673
136,45,11599.232171
136,46,11439.893286
136,47,11355.980775
136,52,11331.400581
137,35,19156.114443
137,36,17415.588727
137,37,16336.039025
137,38,13441.177412
137,39,11810.036217
137,42,11518.518031
137,43,11486.720413
137,46,11348.018303
137,52,11287.891833
138,35,19156.114443
138,36,17415.588727
138,37,16336.039025
138,38,13441.177412
138,39,11723.691305
138,42,11518.518031
138,43,11486.720413
138,46,11348.018303
138,52,11287.891833
139,35,19033.219021
139,36,17123.837018
139,37,16213.781838
139,38,13436.153285
139,39,11698.230257
139,40,11632.343642
139,42,11518.518031
139,43,11486.720413
139,46,11347.073949
139,52,11287.417791
140,35,19033.219021
140,36,17123.837018
140,37,16213.781838
140,38,13436.153285
140,39,11698.230257
140,40,11632.343642
140,42,11518.518031
140,43,11486.720413
140,46,11347.073949
140,52,11287.417791
141,35,18925.633271
141,36,17113.084387
141,37,16213.781838
141,38,13372.065879
141,39,11697.977449
141,40,11629.031493
141,42,11514.511072
141,43,11444.565193
141,46,11345.175047
141,52,11285.426390
142,35,18925.633271
142,36,17113.084387
142,37,16213.781838
142,38,13372.065879
142,39,11697.977449
142,40,11629.031493
142,42,11450.019645
142,43,11444.565193
142,46,11345.175047
142,51,11304.191933
142,52,11285.426390
143,35,18649.880264
143,36,17113.084387
143,37,16188.702327
143,38,13273.678726
143,39,11695.119029
143,40,11628.968467
143,42,11407.908053
143,46,11337.072633
143,51,11291.891447
143,52,11244.331091
144,35,18649.880264
144,36,17113.084387
144,37,16188.702327
144,38,13273.678726
144,39,11695.119029
144,40,11628.968467
144,41,11555.428120
144,42,11407.908053
144,46,11337.072633
144,51,11291.891447
144,52,11244.331091
145,35,18649.880264
145,36,17009.805232
145,37,16089.333122
145,38,13273.678726
145,39,11694.279269
145,40,11628.968467
145,41,11553.090731
145,42,11407.808308
145,46,11329.011629
145,51,11274.214955
145,52,11244.331091
146,35,18649.880264
146,36,17009.805232
146,37,16089.333122
146,38,13184.641504
146,39,11694.279269
146,40,11628.968467
146,41,11553.090731
146,42,11407.808308
146,46,11329.011629
146,51,11274.214955
146,52,11244.331091
147,35,18649.880264
147,36,17003.959349
147,37,16046.760538
147,38,13084.164862
147,39,11585.387866
147,41,11529.328724
147,42,11407.232978
147,46,11300.346379
147,51,11266.327390
147,52,11233.282639
148,35,18649.880264
148,36,17003.959349
148,37,13416.224638
148,38,13084.164862
148,39,11582.956653
148,41,11529.328724
148,42,11407.232978
148,46,11300.346379
148,51,11266.327390
148,52,11233.282639
149,35,18649.880264
149,36,17003.959349
149,37,13416.224638
149,38,13084.164862
149,39,11582.956653
149,40,11494.999609
149,42,11407.232978
149,46,11300.346379
149,51,11266.327390
149,52,11233.282639
150,35,18602.079257
150,36,16706.703942
150,37,13409.765031
150,38,13068.290723
150,39,11582.662391
150,40,11490.540873
150,42,11406.978568
150,46,11300.346379
150,51,11244.968102
150,52,11233.282639
151,35,18602.079257
151,36,16706.703942
151,37,13409.765031
151,38,12342.763900
151,39,11582.662391
151,40,11490.540873
151,42,11406.978568
151,46,11300.346379
151,51,11244.968102
151,52,11233.282639
152,35,18602.079257
152,36,16706.703942
152,37,13409.765031
152,38,12342.763900
152,39,11540.630720
152,40,11477.709363
152,42,11406.978568
152,46,11300.346379
152,51,11244.968102
152,52,11233.282639
153,35,18523.124409
153,36,16434.166297
153,37,13308.706213
153,38,12241.745670
153,39,11540.630720
153,40,11477.709363
153,42,11389.588681
153,46,11299.954017
153,50,11236.425443
153,52,11233.274948
154,35,18523.124409
154,36,16434.166297
154,37,12468.757655
154,38,12241.745670
154,39,11540.630720
154,40,11477.709363
154,42,11389.588681
154,46,11299.954017
154,50,11236.425443
154,52,11233.274948
155,35,18523.124409
155,36,16434.166297
155,37,12468.757655
155,38,12241.745670
155,39,11540.630720
155,40,11477.709363
155,42,11389.588681
155,45,11336.794412
155,46,11299.954017
155,50,11236.425443
155,52,11233.274948
156,35,18523.124409
156,36,16312.791817
156,37,12361.317897
156,38,12210.620559
156,39,11540.630720
156,40,11428.306800
156,42,11387.056363
156,45,11293.674746
156,50,11236.048640
156,52,11233.274948
157,35,18523.124409
157,36,16312.791817
157,37,12361.317897
157,38,12210.620559
157,39,11540.630720
157,40,11428.306800
157,42,11387.056363
157,45,11293.674746
157,50,11236.048640
157,52,11233.274948
158,35,18523.124409
158,36,16312.791817
158,37,12361.317897
158,38,12210.620559
158,39,11540.630720
158,40,11428.306800
158,42,11387.056363
158,45,11265.517503
158,46,11262.314890
158,50,11236.048640
158,52,11233.274948
159,35,18523.124409
159,36,16312.791817
159,37,12361.317897
159,38,11564.527651
159,39,11540.630720
159,40,11428.306800
159,42,11387.056363
159,45,11265.517503
159,46,11262.314890
159,50,11236.048640
159,52,11233.274948
160,35,18523.124409
160,36,13382.618503
160,37,12361.317897
160,38,11564.527651
160,39,11540.630720
160,40,11428.306800
160,41,11391.400364
160,42,11387.056363
160,45,11228.391125
161,35,18523.124409
161,36,13276.408025
161,37,12361.317897
161,38,11564.527651
161,39,11539.909435
161,40,11427.862772
161,41,11373.069811
161,42,11360.957891
161,44,11216.720577
162,35,13322.143798
162,36,13276.408025
162,37,12361.317897
162,38,11463.691272
162,40,11427.862772
162,41,11373.069811
162,42,11328.710131
162,44,11216.720577
163,35,13291.654021
163,36,12991.320791
163,37,12271.408029
163,38,11463.691272
163,40,11427.106202
163,41,11373.069811
163,42,11328.710131
163,44,11209.255162
164,35,13291.654021
164,36,12991.320791
164,37,12271.408029
164,38,11455.240903
164,39,11435.978057
164,40,11427.106202
164,41,11373.069811
164,42,11328.710131
164,44,11209.255162
164,51,11201.302343
165,35,13139.930737
165,36,12730.651466
165,37,12173.899529
165,38,11455.240903
165,39,11435.978057
165,40,11411.635979
165,41,11373.069811
165,42,11326.500933
165,44,11204.136709
165,51,11193.833878
166,34,13596.228259
166,35,13139.930737
166,36,12730.651466
166,37,12173.899529
166,38,11455.240903
166,39,11435.978057
166,40,11357.598485
166,42,11326.500933
166,44,11204.136709
166,51,11193.833878
167,34,13575.047472
167,35,12716.501985
167,37,12145.327820
167,38,11455.071710
167,39,11435.859099
167,40,11357.598485
167,42,11326.500933
167,44,11204.136709
167,51,11193.833878
168,34,13575.047472
168,35,12716.501985
168,37,12145.327820
168,38,11455.071710
168,39,11412.039207
168,40,11357.598485
168,41,11334.335763
168,42,11326.500933
168,44,11204.136709
168,51,11193.833878
169,34,13575.047472
169,35,12684.030346
169,37,12145.327820
169,38,11411.952327
169,40,11357.598485
169,41,11334.335763
169,42,11321.625255
169,44,11201.799321
169,51,11192.372303
170,34,13575.047472
170,35,12684.030346
170,37,12145.327820
170,38,11411.952327
170,40,11357.598485
170,41,11305.908082
170,44,11201.799321
170,45,11198.596708
170,51,11192.372303
171,34,13575.047472
171,35,12539.442751
171,36,12351.994526
171,37,11758.026991
171,38,11411.952327
171,39,11356.929901
171,41,11301.268720
171,44,11194.652920
171,51,11181.738247
172,34,13575.047472
172,35,12539.442751
172,36,12351.994526
172,37,11758.026991
172,38,11411.952327
172,39,11356.929901
172,41,11301.268720
172,44,11194.652920
172,51,11181.738247
173,34,13359.172133
173,35,11754.034919
173,37,11685.384154
173,38,11411.952327
173,39,11356.929901
173,41,11301.268720
173,44,11191.415992
173,51,11180.293373
174,34,13359.172133
174,35,11754.034919
174,37,11685.384154
174,38,11411.952327
174,39,11356.929901
174,41,11301.268720
174,44,11191.415992
174,51,11180.293373
175,34,13198.328062
175,35,11754.034919
175,37,11685.384154
175,38,11411.952327
175,39,11356.929901
175,41,11301.268720
175,44,11190.429961
175,51,11177.710089
176,34,13198.328062
176,35,11754.034919
176,37,11411.113998
176,39,11356.929901
176,41,11301.268720
176,44,11190.429961
176,51,11177.710089
177,34,13196.813835
177,35,11740.625048
177,37,11411.113998
177,39,11343.789058
177,41,11273.191455
177,44,11189.990491
177,50,11158.127995
178,34,13196.813835
178,35,11740.625048
178,37,11411.113998
178,39,11343.789058
178,41,11273.191455
178,43,11221.031511
178,44,11189.990491
178,50,11158.127995
179,34,13191.842396
179,35,11739.714853
179,37,11383.100133
179,39,11258.342416
179,43,11221.031511
179,44,11174.726741
179,50,11158.127995
180,34,13191.842396
180,35,11739.714853
180,36,11724.661722
180,37,11383.100133
180,39,11258.342416
180,43,11221.031511
180,44,11174.726741
180,50,11158.127995
181,34,13161.011372
181,35,11718.676413
181,36,11695.361866
181,37,11382.215234
181,39,11258.342416
181,43,11210.543075
181,44,11174.252605
181,50,11158.127995
182,34,13161.011372
182,35,11718.676413
182,36,11695.361866
182,37,11382.215234
182,39,11258.342416
182,40,11254.067024
182,43,11210.543075
182,44,11174.252605
182,50,11158.127995
183,34,13155.153076
183,35,11718.676413
183,36,11619.517729
183,37,11382.215234
183,39,11258.342416
183,40,11228.172551
183,43,11210.543075
183,44,11168.136206
183,50,11154.926028
184,34,13155.153076
184,35,11718.676413
184,36,11619.517729
184,37,11382.215234
184,39,11258.342416
184,40,11228.172551
184,43,11210.543075
184,44,11168.136206
184,50,11154.926028
185,34,13155.153076
185,35,11673.870125
185,36,11617.048574
185,37,11369.631204
185,39,11256.478456
185,40,11207.533245
185,43,11200.572488
185,44,11168.136206
185,50,11150.414618
186,34,13155.153076
186,35,11673.870125
186,36,11617.048574
186,37,11369.631204
186,39,11256.478456
186,40,11207.533245
186,43,11200.572488
186,44,11168.136206
186,50,11150.414618
187,34,13155.153076
187,35,11673.870125
187,36,11617.048574
187,37,11369.631204
187,39,11243.797978
187,40,11207.533245
187,43,11197.205519
187,44,11132.538088
188,34,12462.373767
188,35,11673.870125
188,36,11617.048574
188,37,11369.631204
188,39,11243.797978
188,40,11207.533245
188,43,11197.205519
188,44,11132.538088
189,34,12367.286515
189,35,11645.542029
189,36,11604.038503
189,37,11363.984602
189,38,11296.514736
189,39,11243.797978
189,40,11200.883231
189,43,11194.196551
189,44,11131.562075
190,34,12367.286515
190,35,11645.542029
190,36,11604.038503
190,37,11363.984602
190,38,11296.514736
190,39,11243.797978
190,40,11200.883231
190,43,11194.196551
190,44,11131.562075
191,33,12631.075203
191,34,12322.177982
191,35,11625.147452
191,36,11597.901257
191,37,11363.984602
191,38,11296.514736
191,39,11240.843113
191,40,11200.841166
191,43,11108.477797
192,33,12631.075203
192,34,12322.177982
192,35,11625.147452
192,36,11597.901257
192,37,11363.984602
192,38,11296.514736
192,39,11240.843113
192,40,11200.841166
192,43,11108.477797
193,33,12631.075203
193,34,12302.915118
193,35,11611.650719
193,36,11597.497109
193,37,11341.222812
193,38,11257.043495
193,39,11240.843113
193,40,11170.463391
193,43,11108.400819
194,33,12609.303207
194,34,12302.915118
194,35,11611.650719
194,36,11597.497109
194,37,11341.222812
194,38,11257.043495
194,39,11240.843113
194,40,11170.463391
194,43,11108.400819
195,33,12609.303207
195,34,12302.915118
195,35,11595.395202
195,36,11561.850958
195,37,11327.135595
195,38,11236.327233
195,40,11165.374136
195,43,11101.119331
196,33,12609.303207
196,34,12302.915118
196,35,11595.395202
196,36,11561.850958
196,37,11327.135595
196,38,11236.327233
196,40,11165.374136
196,43,11101.119331
197,33,12599.579360
197,34,12302.915118
197,35,11595.395202
197,36,11548.876370
197,37,11326.188694
197,38,11212.553322
197,40,11146.558414
197,43,11100.472702
198,33,12599.579360
198,34,12302.915118
198,35,11595.395202
198,36,11529.085934
198,37,11326.188694
198,38,11212.553322
198,40,11146.558414
198,43,11100.472702
199,33,12566.866025
199,34,12302.915118
199,35,11573.557285
199,36,11528.982349
199,37,11326.188694
199,38,11211.136912
199,40,11140.219143
199,43,11090.107512
200,33,12566.866025
200,34,12302.915118
200,35,11573.557285
200,36,11528.982349
200,37,11326.188694
200,38,11211.136912
200,40,11140.219143
200,43,11090.107512
201,33,12516.278457
201,34,12302.915118
201,35,11563.120426
201,36,11423.248146
201,37,11319.689534
201,38,11207.168372
201,40,11139.655532
201,43,11089.918503
202,33,12516.278457
202,34,12302.915118
202,35,11563.120426
202,36,11423.248146
202,37,11319.689534
202,38,11207.168372
202,40,11139.655532
202,43,11089.918503
203,33,12514.577357
203,34,12236.458466
203,35,11550.140042
203,36,11423.248146
203,37,11263.841563
203,38,11203.434386
203,40,11139.655532
203,42,11072.189818
204,33,12514.577357
204,34,12236.458466
204,35,11550.140042
204,36,11423.248146
204,37,11248.023535
204,38,11203.434386
204,40,11139.655532
204,42,11072.189818
205,33,12480.633317
205,34,12236.458466
205,35,11542.485790
205,36,11423.248146
205,37,11248.023535
205,38,11198.601556
205,40,11139.655532
205,42,11072.189818
206,33,12480.633317
206,34,12236.458466
206,35,11542.485790
206,36,11423.248146
206,37,11212.262396
206,38,11198.601556
206,40,11139.655532
206,42,11072.189818
207,33,12477.850331
207,34,12222.621595
207,35,11510.981754
207,36,11416.908876
207,37,11212.262396
207,38,11185.787649
207,39,11184.062064
207,40,11139.655532
207,42,11003.178333
208,33,12477.850331
208,34,12222.621595
208,35,11501.887115
208,36,11416.908876
208,37,11212.262396
208,38,11185.787649
208,39,11184.062064
208,40,11109.596947
208,42,11003.178333
209,33,12477.850331
209,34,12197.433310
209,35,11498.263749
209,36,11414.847530
209,37,11212.262396
209,38,11185.475970
209,39,11179.079270
209,40,11107.888777
209,42,11003.178333
210,33,12477.850331
210,34,12197.433310
210,35,11498.263749
210,36,11414.847530
210,37,11212.262396
210,38,11185.475970
210,39,11179.079270
210,40,11107.888777
210,42,11003.178333
211,33,12375.832849
211,34,11460.797919
211,36,11411.062638
211,37,11211.402727
211,38,11176.348586
211,40,11107.130336
211,42,11002.123133
212,33,12375.832849
212,34,11460.797919
212,36,11411.062638
212,37,11211.402727
212,38,11176.348586
212,40,11107.130336
212,41,11008.413204
212,42,11002.123133
213,33,12369.181379
213,34,11460.071729
213,36,11405.853689
213,37,11170.819968
213,40,11107.130336
213,41,11006.107056
213,42,11001.218008
214,33,12369.181379
214,34,11460.071729
214,36,11405.853689
214,37,11170.819968
214,40,11107.130336
214,41,11006.107056
214,42,11001.218008
215,33,11416.365855
215,34,11406.544701
215,36,11204.644852
215,37,11145.973246
215,40,11107.130336
215,41,11006.107056
215,42,11001.218008
216,33,11416.365855
216,34,11406.544701
216,36,11204.644852
216,37,11145.973246
216,40,11107.130336
216,41,11006.107056
216,42,11001.218008
217,33,11394.819707
217,36,11198.967835
217,37,11136.132714
217,40,11102.148922
217,41,10988.566062
218,33,11394.819707
218,36,11198.967835
218,37,11136.132714
218,40,11102.148922
218,41,10969.750356
219,33,11394.819707
219,36,11175.433564
219,37,11136.132714
219,40,11102.148922
219,41,10969.231033
220,32,11490.457760
220,33,11394.819707
220,36,11175.433564
220,37,11136.132714
220,40,11102.148922
220,41,10969.231033
221,32,11482.299267
221,33,11392.483434
221,36,11152.745637
221,37,11136.132714
221,40,11102.148922
221,41,10969.231033
222,32,11482.299267
222,33,11392.483434
222,36,11152.745637
222,37,11136.132714
222,40,11102.148922
222,41,10959.230769
223,32,11482.299267
223,33,11378.011183
223,36,11151.881687
223,37,11126.823866
223,39,11069.724790
223,41,10956.372348
224,32,11482.299267
224,33,11378.011183
224,36,11151.881687
224,37,11126.823866
224,39,11069.724790
224,41,10956.372348
225,32,11475.828750
225,33,11378.011183
225,36,11150.975287
225,37,11123.377910
225,39,11056.388679
225,41,10938.157274
226,32,11475.828750
226,33,11378.011183
226,36,11139.812564
226,37,11123.377910
226,39,11056.388679
226,41,10938.157274
227,32,11462.875673
227,33,11374.890018
227,36,11139.812564
227,37,11123.377910
227,39,11056.388679
227,41,10938.157274
228,32,11462.875673
228,33,11374.890018
228,36,11139.812564
228,37,11123.377910
228,39,11056.388679
228,41,10938.157274
229,32,11462.629261
229,33,11374.890018
229,36,11139.812564
229,37,11121.775681
229,39,11046.979981
229,41,10937.784887
230,32,11462.629261
230,33,11374.890018
230,36,11139.812564
230,37,11121.775681
230,39,11046.979981
230,41,10937.784887
231,32,11457.305174
231,33,11374.890018
231,36,11123.675292
231,37,11121.775681
231,39,11046.979981
231,41,10937.784887
232,32,11457.305174
232,33,11374.890018
232,35,11347.961626
232,36,11123.675292
232,37,11121.775681
232,39,11046.979981
232,41,10937.784887
233,32,11457.305174
233,33,11333.987092
233,36,11123.553115
233,37,11112.602634
233,39,11041.344248
233,41,10918.793277
234,32,11457.305174
234,33,11333.987092
234,36,11123.553115
234,37,11112.602634
234,39,11041.344248
234,41,10918.793277
235,32,11371.622414
235,33,11329.062767
235,35,11327.581805
235,36,11116.852886
235,37,11069.973546
235,39,11041.344248
235,41,10918.390926
236,32,11371.622414
236,33,11329.062767
236,35,11327.581805
236,36,11116.852886
236,37,11069.973546
236,39,11041.344248
236,41,10918.390926
237,32,11371.622414
237,33,11314.878492
237,36,11116.852886
237,37,11069.629781
237,38,10994.967937
237,41,10916.239009
238,32,11371.622414
238,33,11314.878492
238,36,11116.852886
238,37,11069.629781
238,38,10994.967937
238,41,10916.239009
239,32,11371.452454
239,33,11305.155211
239,36,11116.852886
239,37,11069.629781
239,38,10994.967937
239,41,10916.239009
240,32,11371.452454
240,33,11305.155211
240,36,11116.852886
240,37,11069.629781
240,38,10994.967937
240,41,10916.239009
241,32,11371.452454
241,33,11305.155211
241,36,11116.237617
241,37,11067.491288
241,38,10994.967937
241,41,10916.239009
242,32,11371.452454
242,33,11305.155211
242,36,11116.237617
242,37,11067.491288
242,38,10994.967937
242,39,10989.420671
242,41,10916.239009
243,32,11333.199673
243,33,11276.881739
243,36,11116.237617
243,37,11066.832280
243,38,10994.580283
243,39,10989.420671
243,41,10905.685140
244,32,11333.199673
244,33,11276.881739
244,35,11265.509950
244,36,11116.237617
244,37,11066.832280
244,38,10994.580283
244,39,10989.420671
244,41,10905.685140
245,32,11314.261252
245,33,11276.881739
245,35,11265.509950
245,36,11116.237617
245,37,11066.832280
245,38,10990.256448
245,39,10961.747327
245,41,10901.212207
246,32,11314.261252
246,33,11276.881739
246,35,11265.509950
246,36,11116.237617
246,37,11066.832280
246,38,10990.256448
246,39,10961.747327
246,41,10901.212207
247,32,11311.344209
247,33,11249.970802
247,36,11116.237617
247,37,11054.573089
247,38,10987.518339
247,39,10960.287285
247,41,10899.252337
248,32,11311.344209
248,33,11249.970802
248,36,11116.237617
248,37,11054.573089
248,38,10987.518339
248,39,10960.287285
248,41,10899.252337
249,32,11302.576107
249,33,11245.509538
249,36,11116.237617
249,37,11054.573089
249,38,10986.752597
249,39,10960.287285
249,41,10898.977717
250,32,11298.157979
250,33,11245.509538
250,36,11116.237617
250,37,11054.573089
250,38,10986.752597
250,39,10960.287285
250,41,10898.977717
251,32,11283.597567
251,33,11245.509538
251,36,11114.986155
251,37,11051.993333
251,38,10985.753787
251,39,10959.899631
251,41,10898.977717
252,32,11283.597567
252,33,11245.509538
252,34,11197.520400
252,36,11114.986155
252,37,11051.993333
252,38,10985.753787
252,39,10959.899631
252,41,10898.977717
253,32,11261.337771
253,33,11245.509538
253,34,11197.520400
253,36,11114.986155
253,37,11051.036820
253,38,10985.753787
253,39,10959.899631
253,41,10898.084987
254,32,11261.337771
254,33,11233.004927
254,34,11197.520400
254,36,11114.986155
254,37,11051.036820
254,38,10985.753787
254,39,10959.899631
254,41,10898.084987
255,32,11251.497130
255,33,11209.859611
255,34,11188.454100
255,36,11114.715120
255,37,11051.036820
255,38,10985.385840
255,39,10950.902476
255,41,10887.772244
256,32,11251.497130
256,33,11209.859611
256,34,11188.454100
256,36,11114.715120
256,37,11051.036820
256,38,10985.385840
256,39,10950.902476
256,41,10887.772244
257,32,11251.179336
257,33,11209.859611
257,34,11113.010110
257,37,11051.036820
257,38,10985.385840
257,39,10938.075939
257,41,10887.154912
258,32,11251.179336
258,33,11209.859611
258,34,11113.010110
258,36,11099.900177
258,37,11051.036820
258,38,10966.558881
258,39,10938.075939
258,41,10887.154912
259,32,11193.736094
259,34,11094.612892
259,36,11085.147535
259,37,11050.017440
259,38,10965.866774
259,39,10935.430299
259,41,10886.227716
260,32,11193.736094
260,34,11094.612892
260,35,11062.793041
260,37,11050.017440
260,38,10965.866774
260,39,10935.430299
260,41,10886.227716
261,32,11193.736094
261,34,11085.219948
261,35,11051.690812
261,37,11050.017440
261,38,10955.468130
261,39,10932.651426
261,41,10885.461974
262,32,11193.736094
262,34,11085.219948
262,35,11051.690812
262,37,11050.017440
262,38,10935.168943
262,39,10932.651426
262,41,10885.461974
263,32,11193.168764
263,34,11079.658029
263,35,11051.690812
263,37,11007.920254
263,38,10933.655494
263,39,10932.042924
263,41,10885.090967
264,32,11193.168764
264,34,11079.658029
264,35,11051.690812
264,37,11007.920254
264,38,10933.655494
264,39,10932.042924
264,41,10885.090967
265,32,11193.168764
265,34,11061.412980
265,35,11042.788337
265,37,11004.232623
265,38,10933.655494
265,39,10905.298745
265,41,10885.090967
266,32,11193.168764
266,33,11066.735456
266,34,11061.412980
266,35,11042.788337
266,37,11004.232623
266,38,10933.655494
266,39,10905.298745
266,41,10885.090967
267,32,11184.073520
267,33,11054.529586
267,35,11042.788337
267,37,11004.232623
267,38,10928.519903
267,39,10905.298745
267,41,10885.090967
268,31,12293.824703
268,32,11184.073520
268,33,11054.529586
268,35,11042.788337
268,37,11004.232623
268,38,10928.519903
268,39,10905.298745
268,41,10885.090967
269,31,12289.332138
269,32,11184.073520
269,33,11054.529586
269,35,11042.788337
269,37,11004.232623
269,38,10925.874264
269,39,10903.653879
269,41,10871.421509
270,31,12289.332138
270,32,11184.073520
270,33,11054.529586
270,35,11019.271568
270,37,11004.232623
270,38,10925.874264
270,39,10903.653879
270,41,10871.421509
271,31,12282.839058
271,32,11184.073520
271,33,11054.170232
271,35,11017.762142
271,37,10986.821839
271,38,10925.874264
271,39,10903.653879
271,41,10860.778517
272,31,12282.839058
272,32,11184.073520
272,33,11051.515161
272,35,11017.762142
272,37,10986.821839
272,38,10925.874264
272,39,10903.653879
272,41,10860.778517
273,31,12267.395546
273,32,11184.073520
273,33,11044.560506
273,35,11016.539022
273,37,10945.176678
273,38,10925.874264
273,39,10885.401713
273,41,10834.023589
274,31,11957.944321
274,32,11184.073520
274,33,11044.560506
274,35,11016.539022
274,37,10945.176678
274,38,10925.874264
274,39,10885.401713
274,41,10834.023589
275,31,11930.862299
275,32,11171.076189
275,33,11030.981425
275,35,10997.028629
275,37,10905.405442
275,39,10885.401713
275,41,10834.023589
276,31,11930.862299
276,32,11171.076189
276,33,11030.981425
276,35,10997.028629
276,37,10905.405442
276,39,10885.401713
276,41,10834.023589
277,31,11859.143357
277,32,11171.076189
277,33,11030.053525
277,35,10997.028629
277,37,10905.163823
277,39,10885.401713
277,41,10831.300641
278,31,11859.143357
278,32,11171.076189
278,33,11030.053525
278,35,10997.028629
278,37,10897.114740
278,39,10885.401713
278,41,10831.300641
279,31,11835.292557
279,32,11171.076189
279,33,11025.305680
279,35,10989.115704
279,37,10891.753398
279,39,10867.206936
279,41,10826.840275
280,31,11835.292557
280,32,11171.076189
280,33,11025.305680
280,35,10989.115704
280,37,10891.753398
280,39,10867.206936
280,41,10826.840275
281,31,11807.622176
281,32,11171.076189
281,33,11013.602649
281,35,10989.115704
281,37,10890.345523
281,39,10867.206936
281,41,10826.129902
282,31,11807.622176
282,32,11171.076189
282,33,11013.602649
282,35,10989.115704
282,37,10890.345523
282,39,10867.206936
282,41,10826.129902
283,31,11807.622176
283,32,11171.076189
283,33,11003.013458
283,35,10989.115704
283,37,10890.345523
283,39,10856.897062
283,41,10826.129902
284,30,12562.634463
284,31,11807.622176
284,32,11171.076189
284,33,10994.130495
284,35,10989.115704
284,37,10890.345523
284,39,10856.897062
284,41,10826.129902
285,30,12562.634463
285,31,11782.518901
285,32,11158.863875
285,33,10975.592617
285,37,10883.639332
285,39,10824.693202
285,41,10812.438079
286,30,12562.634463
286,31,11782.518901
286,32,11158.863875
286,33,10975.592617
286,37,10883.639332
286,39,10824.693202
286,41,10812.438079
287,30,12562.634463
287,31,11780.249117
287,32,11157.540818
287,33,10975.390429
287,37,10883.639332
287,39,10824.693202
287,41,10790.547785
288,30,12562.634463
288,31,11780.249117
288,32,11157.540818
288,33,10975.390429
288,37,10883.639332
288,39,10824.693202
288,41,10790.547785
289,30,12552.110584
289,31,11780.249117
289,32,11157.540818
289,33,10973.040309
289,37,10883.639332
289,39,10824.693202
289,41,10780.996287
290,30,12552.110584
290,31,11780.249117
290,32,11157.540818
290,33,10973.040309
290,37,10883.639332
290,39,10824.693202
290,41,10780.996287
291,30,12534.648484
291,31,11771.490039
291,32,11157.540818
291,33,10971.734865
291,37,10851.519281
291,39,10789.950984
291,41,10780.996287
292,30,12414.024624
292,31,11582.472894
292,32,11157.540818
292,33,10971.734865
292,37,10851.519281
292,39,10789.950984
292,41,10780.996287
293,30,12404.441386
293,31,11552.919399
293,32,11157.540818
293,33,10967.978930
293,37,10843.516987
293,39,10789.481240
293,40,10779.030412
294,30,12404.441386
294,31,11153.754281
294,33,10967.978930
294,37,10843.516987
294,39,10789.481240
294,40,10779.030412
295,30,12404.441386
295,31,11151.373150
295,33,10964.006108
295,37,10795.954411
295,39,10789.468689
295,40,10771.103883
296,30,12404.441386
296,31,11151.373150
296,33,10964.006108
296,37,10795.954411
296,39,10789.468689
296,40,10771.103883
297,30,12391.961894
297,31,11149.295034
297,33,10963.988280
297,37,10795.954411
297,39,10789.468689
297,40,10770.977611
298,30,12391.961894
298,31,11149.295034
298,33,10947.373887
298,37,10795.954411
298,39,10789.468689
298,40,10770.977611
299,30,12391.304492
299,31,11149.295034
299,33,10946.410176
299,37,10795.954411
299,39,10789.468689
299,40,10770.977611
300,30,12391.304492
300,31,11149.295034
300,33,10946.410176
300,37,10795.954411
300,39,10789.468689
300,40,10770.977611
301,30,12383.813079
301,31,11146.397604
301,33,10946.410176
301,37,10795.039127
301,39,10789.468689
301,40,10766.413798
302,30,12383.813079
302,31,11146.397604
302,33,10946.410176
302,37,10795.039127
302,39,10789.468689
302,40,10766.413798
303,30,12383.526215
303,31,11145.195522
303,33,10946.410176
303,37,10795.026576
303,39,10789.468689
303,40,10755.542033
304,30,12383.526215
304,31,11145.195522
304,33,10946.410176
304,37,10795.026576
304,39,10789.468689
304,40,10755.542033
305,30,11851.666492
305,31,11142.187895
305,33,10946.410176
305,37,10795.026576
305,39,10783.381967
305,40,10751.916812
306,30,11851.666492
306,31,11142.187895
306,33,10946.410176
306,37,10795.026576
306,39,10783.381967
306,40,10751.916812
307,30,11838.595252
307,31,11142.187895
307,32,11058.492558
307,33,10937.593611
307,37,10782.395608
307,39,10781.033574
307,40,10742.314871
308,30,11838.595252
308,31,11142.187895
308,32,11058.492558
308,33,10937.593611
308,37,10782.395608
308,39,10781.033574
308,40,10742.314871
309,30,11758.732486
309,31,11118.383113
309,32,11054.592484
309,33,10937.593611
309,37,10782.395608
309,39,10728.724922
310,30,11758.732486
310,31,11118.383113
310,32,11054.592484
310,33,10937.593611
310,37,10782.395608
310,39,10728.724922
311,30,11741.930204
311,31,11116.683627
311,32,11044.952954
311,33,10937.593611
311,37,10782.395608
311,39,10725.430995
312,30,11741.930204
312,31,11116.683627
312,32,11044.952954
312,33,10937.593611
312,37,10782.395608
312,39,10725.430995
313,30,11703.807000
313,31,11113.342807
313,32,10931.629776
313,34,10918.095942
313,37,10782.395608
313,39,10725.430995
314,30,11703.807000
314,31,11113.342807
314,32,10931.629776
314,34,10918.095942
314,36,10827.083775
314,37,10782.395608
314,39,10725.430995
315,30,11703.807000
315,31,11091.034612
315,32,10931.629776
315,34,10906.438508
315,36,10827.083775
315,37,10782.395608
315,39,10719.855476
316,30,11703.807000
316,31,11091.034612
316,32,10931.629776
316,34,10906.438508
316,35,10814.065646
316,37,10782.395608
316,38,10776.093032
316,39,10719.855476
317,30,11685.094234
317,31,11091.034612
317,32,10931.629776
317,34,10890.028525
317,35,10812.963625
317,37,10782.395608
317,38,10772.362508
317,39,10715.274825
318,30,11685.094234
318,31,11091.034612
318,32,10931.629776
318,34,10890.028525
318,35,10812.963625
318,37,10782.395608
318,38,10767.093828
318,39,10715.274825
319,30,11680.078429
319,31,11091.034612
319,32,10931.629776
319,33,10883.682612
319,35,10812.282493
319,37,10775.486069
319,38,10763.614256
319,39,10714.875980
320,30,11680.078429
320,31,11091.034612
320,32,10931.629776
320,33,10883.682612
320,35,10794.384099
320,37,10775.486069
320,38,10763.614256
320,39,10714.875980
321,30,11679.867322
321,31,11091.034612
321,32,10920.975051
321,33,10855.049501
321,35,10788.862842
321,37,10775.486069
321,38,10763.614256
321,39,10714.875980
322,30,11679.867322
322,31,11091.034612
322,32,10920.975051
322,33,10855.049501
322,35,10788.862842
322,37,10775.486069
322,38,10740.702409
322,39,10714.875980
323,30,11605.518011
323,31,11091.034612
323,32,10918.702439
323,33,10855.049501
323,35,10788.194706
323,37,10775.486069
323,38,10740.702409
323,39,10714.875980
