Generation,NV,TOC
1,71,25940.394898
1,79,25496.207763
1,83,24170.954492
1,87,20766.907432
1,99,19804.608894
1,102,19661.981215
1,108,19183.245846
1,109,18698.041579
1,113,18391.932081
1,114,18344.334769
1,125,17870.175889
2,70,26029.323507
2,71,25807.363731
2,77,25643.229928
2,79,25496.207763
2,82,24430.334368
2,83,20566.844775
2,84,20447.364321
2,99,19693.198986
2,100,18908.316170
2,109,18698.041579
2,110,18185.138968
2,116,17925.339724
2,125,17870.175889
2,133,17763.277239
2,143,17643.840455
3,62,23347.453193
3,83,20566.844775
3,84,20323.575062
3,85,20109.800474
3,94,19986.740010
3,99,19693.198986
3,100,18908.316170
3,109,18698.041579
3,110,18185.138968
3,112,18049.600680
3,116,17925.339724
3,121,17618.433509
3,134,17592.458786
4,61,26177.266116
4,62,23347.453193
4,74,20588.641715
4,83,20566.844775
4,84,20323.575062
4,85,20109.800474
4,91,19988.127350
4,94,19744.173749
4,97,18968.731844
4,100,18908.316170
4,103,18890.212315
4,105,18231.038224
4,110,18185.138968
4,111,17851.302385
4,116,17623.937170
4,121,17618.433509
4,124,17471.768290
4,127,17374.895905
4,132,17324.964927
4,134,17272.696806
5,61,26177.266116
5,62,23347.453193
5,69,23008.328387
5,74,20588.641715
5,81,19948.258889
5,88,19190.026419
5,94,18826.163152
5,105,18231.038224
5,109,17707.918899
5,111,17697.091699
5,112,17376.107352
5,125,17231.667311
5,129,16960.222190
6,61,23714.282565
6,62,23347.453193
6,68,23129.877791
6,69,22925.360220
6,71,21397.768263
6,74,20588.641715
6,77,20304.661358
6,81,19948.258889
6,88,19190.026419
6,94,18759.000708
6,98,18705.204528
6,100,18383.152739
6,103,18374.587537
6,104,18212.134226
6,106,17515.131247
6,108,17377.259018
6,110,17226.888161
6,124,17017.067509
6,126,16657.410840
7,61,23714.282565
7,62,23347.453193
7,63,23220.098824
7,65,22934.492116
7,66,22561.552374
7,71,21354.327589
7,74,20588.641715
7,77,20304.661358
7,79,19747.379465
7,88,19190.026419
7,93,18775.304532
7,94,18381.980392
7,101,18264.701790
7,103,17991.537160
7,106,17515.131247
7,108,17377.259018
7,110,17226.888161
7,124,17017.067509
7,126,16657.410840
8,61,23714.282565
8,62,23347.453193
8,63,23220.098824
8,65,22934.492116
8,66,22561.552374
8,69,21392.720619
8,70,20590.528070
8,74,20195.445275
8,76,19659.809203
8,88,19190.026419
8,90,18568.347360
8,94,18140.670027
8,101,17631.363396
8,104,17289.286129
8,106,17240.779831
8,110,17025.379966
8,122,16805.403195
8,125,16634.973604
9,58,23526.738262
9,59,21862.905438
9,65,21287.651901
9,68,20832.556924
9,69,19802.207449
9,76,19569.445254
9,77,19524.432581
9,78,18706.514470
9,79,18463.019354
9,91,18145.136407
9,94,18140.670027
9,101,17631.363396
9,104,17289.286129
9,106,17240.779831
9,109,17185.023768
9,110,17025.379966
9,122,16805.403195
9,125,16634.973604
10,57,22226.451008
10,59,21862.905438
10,65,21287.651901
10,68,20832.556924
10,69,19802.207449
10,76,19569.445254
10,77,19501.224329
10,78,18706.514470
10,79,18463.019354
10,90,17676.759910
10,93,17483.240200
10,104,16963.345779
10,108,16919.421712
10,110,16879.335490
10,118,16605.319281
10,123,16453.122188
11,56,22231.173345
11,57,22226.451008
11,59,21749.448290
11,60,21237.302060
11,67,20723.742968
11,69,19802.207449
11,75,19163.918072
11,76,18317.772243
11,80,18260.814594
11,88,17966.702534
11,90,17676.759910
11,93,17483.240200
11,104,16963.345779
11,108,16919.421712
11,110,16879.335490
11,118,16605.319281
11,123,16453.122188
12,56,22231.173345
12,57,21909.169624
12,59,21749.448290
12,60,21237.302060
12,62,20848.166702
12,67,19705.754924
12,75,19163.918072
12,76,18317.772243
12,78,18218.108993
12,83,18087.786287
12,88,17966.702534
12,90,17676.759910
12,93,17483.240200
12,101,17384.430085
12,104,16963.345779
12,108,16919.421712
12,109,16772.026911
12,112,16708.969736
12,118,16605.319281
12,123,16453.122188
12,141,16432.659726
13,56,22231.173345
13,57,21909.169624
13,58,21902.688405
13,59,21749.448290
13,60,21237.302060
13,62,20492.122970
13,63,20281.758408
13,67,19705.754924
13,74,19114.583754
13,76,18317.772243
13,77,18224.864049
13,78,18218.108993
13,83,18087.786287
13,88,17652.644126
13,93,17483.240200
13,96,17445.987193
13,99,16986.173039
13,104,16963.345779
13,108,16919.421712
13,109,16772.026911
13,112,16708.969736
13,118,16605.319281
13,123,16453.122188
13,141,16432.659726
14,55,22241.421460
14,56,22231.173345
14,57,21909.169624
14,58,21902.688405
14,59,21749.448290
14,60,20877.410573
14,62,20489.248731
14,63,20281.758408
14,67,19705.754924
14,70,18737.298587
14,76,18317.772243
14,77,18224.864049
14,78,18218.108993
14,83,18087.786287
14,84,18040.867644
14,87,17799.400016
14,88,17652.644126
14,91,17373.755953
14,96,17246.261063
14,97,17245.725139
14,99,16986.173039
14,104,16874.961931
14,109,16772.026911
14,112,16708.969736
14,118,16605.319281
14,123,16453.122188
14,137,16397.567541
15,55,22241.421460
15,56,21441.534893
15,57,21154.916124
15,60,20265.779732
15,64,19616.224019
15,69,19390.052396
15,70,18737.298587
15,76,18317.772243
15,77,18224.864049
15,78,18218.108993
15,82,18109.248271
15,83,18087.786287
15,84,18040.867644
15,85,17638.286003
15,89,17528.697432
15,91,17373.755953
15,94,17253.092181
15,96,17246.261063
15,97,17245.725139
15,98,17160.500344
15,99,16986.173039
15,104,16874.961931
15,109,16772.026911
15,112,16708.969736
15,114,16681.670231
15,118,16605.319281
15,123,16453.122188
15,137,16397.567541
16,55,22241.421460
16,56,21441.534893
16,57,21154.916124
16,60,20265.779732
16,64,19616.224019
16,65,19061.123809
16,68,18487.630430
16,76,18317.772243
16,77,18224.864049
16,78,18218.108993
16,81,17530.298550
16,85,17527.559935
16,91,17373.755953
16,94,17253.092181
16,96,16961.623731
16,98,16570.260383
16,120,16568.966493
16,123,16453.122188
16,135,16439.570243
16,137,16397.567541
17,55,22241.421460
17,56,21441.534893
17,57,21154.916124
17,60,20265.779732
17,61,19970.831649
17,64,19616.224019
17,65,19061.123809
17,68,18487.630430
17,76,18317.772243
17,77,18224.864049
17,78,18218.108993
17,81,17530.298550
17,85,17527.559935
17,89,17419.866038
17,91,17373.755953
17,94,17223.083976
17,95,16806.143963
17,98,16570.260383
17,120,16568.966493
17,123,16453.122188
17,135,16439.570243
17,137,16202.525996
18,55,22241.421460
18,56,21441.534893
18,57,21154.916124
18,59,20903.783314
18,60,20181.291128
18,61,19970.831649
18,62,19835.509831
18,64,19419.979726
18,65,19061.123809
18,68,18487.630430
18,69,18429.711405
18,70,18285.784755
18,76,17892.846069
18,81,17530.298550
18,85,17341.479548
18,90,17018.673494
18,93,16789.062976
18,98,16511.245924
18,120,16379.252935
18,136,16115.171505
19,55,22241.421460
19,56,21036.261867
19,59,20903.783314
19,60,20181.291128
19,61,19970.831649
19,62,19358.305185
19,65,19061.123809
19,67,18601.874636
19,68,18487.630430
19,69,18429.711405
19,70,18285.784755
19,72,18156.641216
19,76,17892.846069
19,80,17328.900151
19,88,17242.169544
19,90,17018.673494
19,92,16972.931530
19,93,16789.062976
19,98,16511.245924
19,103,16489.464387
19,117,16374.552806
19,136,16115.171505
20,55,22241.421460
20,56,21036.261867
20,58,19628.595106
20,62,19358.305185
20,64,18775.381628
20,67,18601.874636
20,68,18487.630430
20,69,18429.711405
20,70,18285.784755
20,71,18241.283571
20,72,18156.641216
20,74,17992.154907
20,76,17892.846069
20,77,17782.658057
20,80,17328.900151
20,84,17309.647249
20,88,17242.169544
20,90,16793.049946
20,93,16789.062976
20,98,16511.245924
20,103,16489.464387
20,117,16374.552806
20,136,16115.171505
21,55,22241.421460
21,56,21036.261867
21,57,20885.023818
21,58,19628.595106
21,61,19426.529029
21,62,19358.305185
21,64,18775.381628
21,67,18601.874636
21,68,18487.630430
21,69,18036.034479
21,74,17992.154907
21,75,17707.321644
21,80,17328.900151
21,84,17309.647249
21,88,17242.169544
21,90,16793.049946
21,93,16789.062976
21,95,16640.011849
21,96,16564.202052
21,98,16306.615784
21,116,16291.163367
21,136,16115.171505
22,55,21508.757152
22,56,20496.102088
22,58,19628.595106
22,61,19426.529029
22,62,19275.925609
22,63,18935.031329
22,64,18775.381628
22,67,18601.874636
22,68,18487.630430
22,69,18036.034479
22,72,17909.625718
22,73,17723.465973
22,75,17707.321644
22,76,17454.577768
22,77,17319.704713
22,84,17309.647249
22,87,17106.587371
22,88,16910.233531
22,90,16793.049946
22,93,16789.062976
22,95,16640.011849
22,96,16564.202052
22,98,16306.615784
22,116,16291.163367
22,128,16242.994420
22,136,16115.171505
23,54,22054.003846
23,55,21508.757152
23,56,20496.102088
23,57,20384.357174
23,58,19628.595106
23,61,19259.194732
23,63,18935.031329
23,64,18775.381628
23,66,18638.919285
23,67,18601.874636
23,68,18325.452056
23,69,18036.034479
23,72,17909.625718
23,73,17723.465973
23,74,17559.100004
23,76,17454.577768
23,77,17319.704713
23,78,17222.114300
23,83,16908.229432
23,89,16730.369980
23,95,16640.011849
23,96,16564.202052
23,98,16306.615784
23,105,16204.016460
23,136,16115.171505
24,54,22054.003846
24,55,21508.757152
24,56,20496.102088
24,57,20384.357174
24,58,19628.595106
24,61,19259.194732
24,63,18935.031329
24,64,18775.381628
24,66,18638.919285
24,67,18601.874636
24,68,18325.452056
24,69,18014.185010
24,72,17909.625718
24,73,17723.465973
24,74,17559.100004
24,76,17454.577768
24,77,17319.704713
24,78,17222.114300
24,83,16908.229432
24,87,16826.904205
24,89,16730.369980
24,91,16685.289413
24,93,16568.299921
24,96,16564.202052
24,98,16306.615784
24,105,16204.016460
24,121,16119.181629
24,125,16076.453077
25,54,22040.098563
25,55,21508.757152
25,56,20432.791704
25,57,20384.357174
25,58,19140.310137
25,62,18720.731006
25,66,18638.919285
25,67,18321.001142
25,69,17558.771877
25,76,17454.577768
25,77,17319.704713
25,78,17222.114300
25,83,16908.229432
25,87,16826.904205
25,89,16700.115882
25,90,16458.314130
25,92,16350.552701
25,98,16162.049395
25,101,15967.402102
25,122,15910.670831
26,54,20479.690380
26,56,19752.434552
26,58,19140.310137
26,59,18550.649981
26,63,18512.734831
26,67,18041.972925
26,68,18022.989818
26,69,17558.771877
26,71,17223.112421
26,78,17222.114300
26,83,16908.229432
26,87,16826.904205
26,88,16623.033664
26,90,16458.314130
26,92,16350.552701
26,98,16162.049395
26,101,15967.402102
26,112,15966.866729
26,122,15910.670831
27,54,20479.690380
27,56,18819.572403
27,59,18398.323818
27,65,17582.995166
27,69,17558.771877
27,71,17223.112421
27,74,16910.913977
27,77,16872.373307
27,79,16692.015321
27,83,16296.520841
27,88,16225.378533
27,92,16119.458362
27,97,16014.891022
27,101,15940.665653
27,105,15836.962660
28,54,19587.153366
28,56,18819.572403
28,59,18398.323818
28,65,17582.995166
28,69,17558.771877
28,71,17223.112421
28,74,16910.913977
28,77,16872.373307
28,79,16692.015321
28,83,16296.520841
28,88,16225.378533
28,89,16186.528219
28,92,16119.458362
28,97,16014.891022
28,101,15940.665653
28,104,15853.939497
28,105,15836.962660
28,116,15785.565578
29,54,19587.153366
29,56,18819.572403
29,57,18350.300599
29,58,18195.675165
29,62,17635.709681
29,65,17582.995166
29,68,17562.179097
29,69,17558.771877
29,71,17223.112421
29,73,17125.315920
29,74,16910.913977
29,76,16869.538356
29,79,16692.015321
29,82,16327.249025
29,83,16296.520841
29,87,16121.082897
29,91,15925.457945
29,98,15712.674954
29,113,15687.637635
29,115,15588.821559
30,54,19587.153366
30,55,19117.107315
30,56,18367.782372
30,57,18296.420201
30,58,18195.675165
30,62,17608.472978
30,63,17429.439564
30,64,17014.201800
30,65,16969.265166
30,67,16860.285103
30,70,16453.960148
30,82,16327.249025
30,83,16296.520841
30,87,16121.082897
30,91,15925.457945
30,98,15712.674954
30,112,15442.028016
31,54,19371.597435
31,55,18820.397928
31,56,18367.782372
31,57,18296.420201
31,58,18195.675165
31,59,18010.375247
31,62,17608.472978
31,63,17183.365001
31,64,16833.759396
31,70,16318.956033
31,73,16133.587441
31,82,15835.609763
31,85,15759.389964
31,90,15707.871654
31,98,15656.564197
31,106,15250.044726
32,53,20040.423680
32,54,19371.597435
32,55,18820.397928
32,56,18367.782372
32,57,18296.420201
32,58,18195.675165
32,59,18010.375247
32,60,17924.742286
32,62,17608.472978
32,63,17183.365001
32,64,16833.759396
32,70,16318.956033
32,73,16133.587441
32,82,15835.609763
32,85,15759.389964
32,90,15707.871654
32,98,15656.564197
32,106,15250.044726
33,53,19970.459951
33,54,19274.164926
33,55,17870.304360
33,60,17477.723456
33,61,17042.525971
33,62,16948.327209
33,63,16906.967598
33,64,16833.759396
33,67,16713.525820
33,68,16242.933293
33,70,15962.899473
33,77,15801.915942
33,81,15649.110122
33,83,15625.897408
33,88,15520.029486
33,95,15455.514033
33,98,15301.420310
33,105,15197.432763
34,53,18810.115543
34,54,18596.844655
34,55,17870.304360
34,58,17550.353597
34,59,17272.209952
34,61,17042.525971
34,62,16720.274514
34,63,16636.147321
34,68,16242.933293
34,70,15962.899473
34,77,15801.915942
34,81,15649.110122
34,83,15625.897408
34,84,15442.811428
34,95,15332.335414
34,96,15271.668611
34,104,15268.341149
34,105,15197.432763
35,53,18810.115543
35,54,18596.844655
35,55,17870.304360
35,58,17550.353597
35,59,17272.209952
35,61,16965.586402
35,62,16720.274514
35,63,16636.147321
35,65,16250.425597
35,68,16242.933293
35,70,15962.899473
35,77,15707.420657
35,78,15598.545962
35,83,15399.362205
35,94,15096.767496
36,51,20674.693133
36,53,18810.115543
36,54,18596.844655
36,55,17870.304360
36,56,17372.250232
36,57,16928.400114
36,62,16720.274514
36,63,16636.147321
36,64,16481.970196
36,65,16250.425597
36,68,16242.933293
36,70,15962.899473
36,73,15957.311115
36,77,15707.420657
36,78,15598.545962
36,79,15556.553599
36,83,15399.362205
36,88,15176.361499
36,94,15096.767496
37,51,20674.693133
37,53,18810.115543
37,54,18302.855273
37,55,17870.304360
37,56,17372.250232
37,57,16928.400114
37,62,16720.274514
37,63,16636.147321
37,64,16100.044565
37,68,15776.346863
37,70,15737.602136
37,74,15528.105459
37,83,15305.820121
37,87,15108.207300
37,93,15076.983891
37,97,15022.104839
38,51,20674.693133
38,53,18810.115543
38,54,18302.855273
38,55,17870.304360
38,56,16878.019224
38,60,16134.892357
38,64,16100.044565
38,68,15776.346863
38,70,15737.602136
38,74,15528.105459
38,77,15289.984422
38,78,15188.142986
38,85,15188.024023
38,86,15163.284965
38,87,15108.207300
38,93,15076.983891
38,97,15022.104839
39,51,20653.081849
39,53,18810.115543
39,54,17969.335174
39,55,16759.031683
39,59,15808.477587
39,63,15478.898828
39,76,15264.428837
39,77,15114.095035
39,84,15076.878448
39,92,14972.396343
39,95,14710.512383
40,51,17464.038909
40,52,17413.322241
40,55,16759.031683
40,58,16429.859098
40,59,15808.477587
40,63,15478.898828
40,73,15180.096463
40,77,15114.095035
40,80,14826.816833
40,87,14674.478171
41,51,17286.043608
41,54,17272.571879
41,55,16552.320114
41,58,16290.152179
41,59,15797.458424
41,63,15462.781535
41,72,15162.053946
41,74,15004.073450
41,78,14786.487620
41,87,14648.558874
42,51,17286.043608
42,53,17013.243084
42,55,16552.320114
42,58,16103.332113
42,59,15797.458424
42,62,15681.696246
42,63,15462.781535
42,64,15035.263498
42,74,15004.073450
42,78,14763.345333
42,87,14648.558874
43,51,17286.043608
43,53,17013.243084
43,54,17010.223803
43,55,16552.320114
43,58,16103.332113
43,59,15687.233792
43,62,15681.696246
43,63,15360.253831
43,64,15035.263498
43,65,14901.072993
43,71,14755.425100
43,78,14610.309846
43,92,14557.290635
44,50,17860.019337
44,51,17286.043608
44,53,17013.243084
44,54,17010.223803
44,55,16552.320114
44,56,16141.605534
44,58,16103.332113
44,59,15687.233792
44,62,15681.696246
44,63,15360.253831
44,64,15035.263498
44,65,14901.072993
44,71,14755.425100
44,78,14610.309846
44,92,14557.290635
44,93,14433.233282
45,50,17860.019337
45,51,17286.043608
45,53,17013.243084
45,54,16372.042942
45,56,16141.605534
45,58,16103.332113
45,59,15220.813574
45,64,14970.294072
45,65,14876.783176
45,70,14447.843422
45,93,14424.164519
46,50,17715.182358
46,51,17175.617326
46,53,17013.243084
46,54,16131.355830
46,58,16103.332113
46,59,15007.271196
46,64,14970.294072
46,65,14876.783176
46,68,14705.373880
46,70,14447.843422
46,93,14424.164519
47,50,17715.182358
47,51,16987.646743
47,53,16948.999795
47,54,16048.122489
47,58,15872.981999
47,59,14947.031658
47,65,14790.361936
47,68,14700.304649
47,70,14391.133645
47,93,14322.145280
48,50,17671.513198
48,51,16987.646743
48,53,16948.999795
48,54,16048.122489
48,58,15872.981999
48,59,14947.031658
48,65,14790.361936
48,68,14700.304649
48,70,14391.133645
48,89,14351.900668
48,93,14322.145280
49,50,17304.327009
49,51,16987.646743
49,53,16778.193637
49,54,16048.122489
49,57,15806.186409
49,59,14947.031658
49,63,14796.819828
49,65,14689.032624
49,68,14641.674004
49,69,14330.673633
49,70,14234.835682
49,71,14213.344983
50,49,18297.944094
50,50,16785.334129
50,53,16778.193637
50,54,16048.122489
50,57,15806.186409
50,58,14913.839765
50,63,14724.532384
50,65,14689.032624
50,68,14641.674004
50,69,14330.673633
50,70,14234.835682
50,71,14213.344983
50,74,14155.713412
51,49,17626.174897
51,50,16785.334129
51,53,16668.619253
51,54,16048.122489
51,57,15806.186409
51,58,14810.421421
51,63,14670.229875
51,67,14630.328273
51,68,14510.416454
51,69,14290.612179
51,70,14122.991338
51,73,14119.793950
52,49,17626.174897
52,50,16785.334129
52,53,16415.724121
52,54,16048.122489
52,57,15806.186409
52,58,14810.421421
52,63,14670.229875
52,66,14498.258462
52,69,14290.612179
52,70,14122.991338
52,73,14119.793950
52,87,14035.859479
53,48,17651.380890
53,49,17622.232728
53,50,16642.352244
53,53,16415.724121
53,54,16048.122489
53,57,15806.186409
53,58,14767.913517
53,62,14613.592193
53,63,14515.568286
53,64,14240.269919
53,70,14122.991338
53,73,14119.793950
53,87,14035.859479
54,47,17101.785169
54,50,16642.352244
54,51,16616.444151
54,52,16481.022572
54,53,16415.724121
54,54,15265.394629
54,58,14767.913517
54,61,14683.710765
54,62,14613.592193
54,63,14515.568286
54,64,14240.269919
54,70,14122.991338
54,73,14119.793950
54,83,13984.166651
55,47,17101.785169
55,48,16536.514995
55,52,16481.022572
55,53,15970.080929
55,54,15265.394629
55,57,14677.243651
55,61,14658.037206
55,62,14386.783001
55,64,14223.227283
55,70,14074.923888
55,73,14059.401010
55,81,13940.710336
56,47,17101.785169
56,48,16536.514995
56,52,16481.022572
56,53,15970.080929
56,54,15265.394629
56,57,14677.243651
56,61,14658.037206
56,62,14386.783001
56,64,14223.227283
56,70,14074.923888
56,73,14059.401010
56,81,13940.710336
57,47,17101.785169
57,48,16536.514995
57,49,16070.876859
57,53,15683.891089
57,54,15265.394629
57,57,14657.253087
57,61,14572.316221
57,62,14364.868248
57,64,14177.787264
57,70,14046.702938
57,80,13828.352113
58,46,17064.520769
58,47,16706.966220
58,48,16536.514995
58,49,16070.876859
58,50,16034.669541
58,53,15683.891089
58,54,15265.394629
58,57,14657.253087
58,61,14572.316221
58,62,14364.868248
58,64,14177.787264
58,70,14046.702938
58,80,13828.352113
59,46,16953.799172
59,47,16706.966220
59,48,16536.514995
59,49,16021.143721
59,53,15683.891089
59,54,15265.394629
59,57,14657.253087
59,61,14184.193877
59,64,14160.311891
59,70,14010.414994
59,80,13828.352113
60,46,16946.825972
60,47,16706.966220
60,48,16507.076400
60,49,16021.143721
60,53,15683.891089
60,54,15265.394629
60,57,14657.253087
60,61,14184.193877
60,64,14160.311891
60,70,14010.414994
60,80,13828.352113
60,82,13811.758625
61,46,16880.081513
61,47,16706.966220
61,48,16507.076400
61,49,16021.143721
61,51,15698.364174
61,53,15679.051591
61,54,15265.394629
61,55,14829.900549
61,56,14605.158681
61,61,14163.531001
61,64,14160.311891
61,69,13990.544681
61,78,13751.736356
62,46,16880.081513
62,47,16706.966220
62,48,16368.494321
62,49,15912.996218
62,51,15675.580510
62,53,15461.929467
62,54,15265.394629
62,55,14829.900549
62,56,14605.158681
62,61,14163.531001
62,64,14160.311891
62,69,13990.544681
62,78,13751.736356
63,45,17698.472478
63,46,16880.081513
63,47,16706.966220
63,48,16368.494321
63,49,15912.996218
63,50,15743.001058
63,51,15594.951072
63,53,15459.937765
63,54,15265.394629
63,55,14829.900549
63,56,14593.883170
63,61,14163.531001
63,64,14142.917579
63,69,13965.969214
63,78,13738.421564
64,45,17698.472478
64,46,16694.049993
64,48,16189.895695
64,49,15912.996218
64,50,15743.001058
64,51,15594.951072
64,53,15459.937765
64,54,15265.394629
64,55,14829.900549
64,56,14593.883170
64,61,14163.531001
64,64,14142.917579
64,65,14101.145564
64,66,14080.300814
64,67,14014.438558
64,69,13965.969214
64,78,13738.421564
65,45,16737.068841
65,46,16694.049993
65,47,16569.814754
65,48,16189.895695
65,49,15912.996218
65,50,15701.368232
65,51,15594.951072
65,53,15267.099429
65,54,15265.394629
65,55,14686.593793
65,56,14552.507663
65,59,14469.015980
65,60,14131.055579
65,63,14039.134519
65,65,13959.838372
65,75,13855.522764
65,78,13738.421564
66,45,16737.068841
66,46,16683.187930
66,47,16569.814754
66,48,16189.895695
66,49,15912.996218
66,50,15701.368232
66,51,15594.951072
66,52,15415.960866
66,53,15267.099429
66,54,15176.123949
66,55,14686.593793
66,56,14552.507663
66,59,14469.015980
66,60,14131.055579
66,63,14039.134519
66,65,13959.838372
66,70,13914.191733
66,75,13855.522764
66,78,13738.421564
67,44,17833.783809
67,45,16737.068841
67,46,16633.364033
67,47,16569.814754
67,48,16189.895695
67,49,15912.996218
67,50,15701.368232
67,51,15594.951072
67,52,15415.960866
67,53,15267.099429
67,54,15176.123949
67,55,14586.682598
67,56,14477.542967
67,59,14384.033814
67,60,14131.055579
67,63,14005.647770
67,65,13944.870518
67,70,13885.492317
67,75,13828.469570
67,78,13738.421564
68,44,17833.783809
68,45,16733.714631
68,46,16633.364033
68,47,16119.910735
68,49,15912.996218
68,50,15701.368232
68,51,15594.951072
68,52,15415.960866
68,53,15267.099429
68,54,15176.123949
68,55,14586.682598
68,56,14477.542967
68,59,14384.033814
68,60,14131.055579
68,63,14005.647770
68,65,13944.870518
68,70,13885.492317
68,73,13878.240919
68,75,13828.469570
68,77,13651.911439
69,44,17833.783809
69,45,16733.714631
69,46,16579.521052
69,47,16119.910735
69,49,15912.996218
69,50,15701.368232
69,51,15594.951072
69,52,15415.960866
69,53,15229.338989
69,54,15176.123949
69,55,14583.887230
69,56,14471.638588
69,59,14361.944164
69,60,14131.055579
69,63,14005.475535
69,65,13919.452282
69,70,13885.492317
69,72,13781.098650
69,77,13606.724489
70,44,17372.484575
70,45,16733.714631
70,46,16569.921912
70,47,16018.531093
70,48,15869.227950
70,49,15843.548920
70,50,15701.368232
70,51,15436.204045
70,52,15415.960866
70,53,15224.063852
70,54,15176.123949
70,55,14583.887230
70,56,14471.638588
70,59,14361.944164
70,60,14131.055579
70,63,14005.475535
70,65,13919.452282
70,70,13851.835914
70,72,13781.098650
70,77,13606.724489
71,44,17372.484575
71,45,16733.714631
71,46,16569.921912
71,47,15732.593021
71,49,15713.656660
71,50,15701.368232
71,51,15436.204045
71,52,15415.960866
71,53,15224.063852
71,54,15176.123949
71,55,14544.565224
71,56,14418.180232
71,59,14231.781893
71,60,14131.055579
71,63,14005.475535
71,65,13913.066325
71,68,13802.600400
71,72,13730.165819
71,77,13585.080545
72,44,17372.484575
72,45,16733.714631
72,46,16569.921912
72,47,15732.593021
72,49,15713.656660
72,50,15701.368232
72,51,15295.551622
72,53,15224.063852
72,54,15176.123949
72,55,14544.565224
72,56,14418.180232
72,59,14231.781893
72,60,14131.055579
72,63,14005.475535
72,65,13913.066325
72,68,13802.600400
72,72,13730.165819
72,77,13585.080545
73,44,17372.484575
73,45,16733.714631
73,46,16507.473216
73,47,15732.593021
73,49,15713.656660
73,50,15701.368232
73,51,15295.551622
73,52,15271.409975
73,53,15224.063852
73,54,15176.123949
73,55,14544.565224
73,56,14389.721001
73,58,14209.145297
73,60,14057.561560
73,63,13898.961416
73,67,13782.367674
73,72,13721.139322
73,77,13585.080545
74,44,17372.484575
74,45,16733.714631
74,46,16507.473216
74,47,15732.593021
74,49,15658.744984
74,51,15295.551622
74,52,14679.602621
74,55,14544.565224
74,56,14389.721001
74,58,14209.145297
74,60,14057.561560
74,63,13898.961416
74,67,13782.367674
74,69,13758.899796
74,72,13721.139322
74,77,13558.360965
75,44,17372.484575
75,45,16733.714631
75,46,16507.473216
75,47,15732.593021
75,49,15658.744984
75,51,15295.551622
75,52,14679.602621
75,55,14544.565224
75,56,14385.118508
75,57,14262.355318
75,58,14165.556982
75,60,13993.977392
75,63,13862.910874
75,67,13779.560463
75,69,13748.705233
75,72,13721.139322
75,77,13468.423038
76,44,17372.484575
76,45,16733.714631
76,46,16507.473216
76,47,15732.593021
76,49,15658.744984
76,51,15295.551622
76,52,14679.602621
76,55,14544.565224
76,56,14385.118508
76,57,14262.355318
76,58,14165.556982
76,60,13993.977392
76,63,13862.910874
76,67,13779.560463
76,69,13748.705233
76,72,13721.139322
76,73,13705.243461
76,77,13468.423038
77,44,17132.752636
77,45,16733.714631
77,46,16326.345749
77,47,15657.086275
77,50,15578.931836
77,51,15295.551622
77,52,14679.602621
77,55,14544.565224
77,56,14355.541924
77,57,14228.870726
77,58,14159.174093
77,60,13983.632523
77,62,13792.399796
77,67,13769.976760
77,69,13682.822452
77,72,13621.297231
77,77,13432.620350
78,43,18023.936265
78,44,17097.069881
78,45,16733.714631
78,46,16326.345749
78,47,15657.086275
78,48,15480.949367
78,51,15295.551622
78,52,14679.602621
78,55,14544.565224
78,56,14355.541924
78,57,14228.870726
78,58,14159.174093
78,60,13983.632523
78,62,13792.399796
78,67,13769.976760
78,69,13682.822452
78,72,13621.297231
78,77,13432.620350
78,81,13431.595407
79,43,18023.936265
79,44,17097.069881
79,45,16733.714631
79,46,16326.345749
79,47,15657.086275
79,48,15480.949367
79,51,15295.551622
79,52,14679.602621
79,55,14544.565224
79,56,14278.755915
79,57,14228.870726
79,58,14127.191773
79,59,13974.097829
79,62,13761.744029
79,67,13723.349912
79,69,13629.190032
79,72,13621.297231
79,76,13404.318799
80,43,18023.936265
80,44,17097.069881
80,45,16613.700845
80,46,16326.345749
80,47,15657.086275
80,48,15480.949367
80,51,15157.303588
80,52,14679.602621
80,55,14544.565224
80,56,14278.755915
80,57,14228.870726
80,58,14127.191773
80,59,13974.097829
80,62,13761.744029
80,67,13723.349912
80,69,13629.190032
80,72,13621.297231
80,76,13404.318799
81,43,17815.203464
81,44,17097.069881
81,45,16479.725869
81,46,16326.345749
81,47,15657.086275
81,48,15334.767218
81,51,15157.303588
81,52,14679.602621
81,54,14470.301790
81,56,14169.327792
81,58,14064.282064
81,59,13972.174084
81,62,13719.322191
81,66,13711.662597
81,69,13610.671744
81,71,13525.974297
81,75,13369.727090
82,43,17815.203464
82,44,17097.069881
82,45,16479.725869
82,46,16326.345749
82,47,15657.086275
82,48,15334.767218
82,51,15157.303588
82,52,14679.602621
82,54,14470.301790
82,56,14169.327792
82,58,14064.282064
82,59,13972.174084
82,62,13719.322191
82,64,13687.968650
82,69,13610.671744
82,71,13525.974297
82,75,13369.727090
83,43,17815.203464
83,44,17097.069881
83,45,15982.977599
83,47,15657.086275
83,48,15334.767218
83,51,15102.569935
83,52,14679.602621
83,54,14458.519273
83,56,14139.046333
83,57,13901.178850
83,62,13719.322191
83,64,13672.290959
83,69,13594.391319
83,71,13513.641936
83,75,13362.107004
84,43,17815.203464
84,44,17097.069881
84,45,15982.977599
84,46,15847.614845
84,47,15657.086275
84,48,15334.767218
84,51,15102.569935
84,52,14679.602621
84,54,14458.519273
84,56,14139.046333
84,57,13901.178850
84,62,13719.322191
84,64,13672.290959
84,69,13594.391319
84,71,13513.641936
84,75,13362.107004
85,43,17815.203464
85,44,17097.069881
85,45,15982.977599
85,46,15847.614845
85,47,15552.862687
85,48,15334.767218
85,50,15033.243530
85,52,14551.156987
85,54,14458.519273
85,56,14120.128228
85,57,13901.178850
85,62,13706.730545
85,64,13632.096981
85,68,13578.675653
85,71,13473.151611
85,75,13343.757125
86,43,17815.203464
86,44,16657.387457
86,45,15982.977599
86,46,15847.614845
86,47,15410.313074
86,48,15334.767218
86,50,15033.243530
86,52,14551.156987
86,54,14458.519273
86,56,14120.128228
86,57,13901.178850
86,62,13706.730545
86,64,13632.096981
86,68,13578.675653
86,71,13473.151611
86,72,13468.627046
86,75,13343.757125
87,43,17815.203464
87,44,16657.387457
87,45,15982.977599
87,46,15847.614845
87,47,15410.313074
87,48,15334.767218
87,50,15033.243530
87,52,14495.044316
87,54,14435.171992
87,56,14120.128228
87,57,13901.178850
87,62,13676.572258
87,64,13596.490586
87,68,13578.675653
87,71,13391.115939
87,75,13343.757125
88,43,17815.203464
88,44,16116.546481
88,45,15982.977599
88,46,15813.941385
88,47,15410.313074
88,48,15334.767218
88,50,15033.243530
88,51,14861.512957
88,52,14495.044316
88,54,14435.171992
88,56,14120.128228
88,57,13901.178850
88,62,13676.572258
88,64,13596.490586
88,68,13578.675653
88,71,13391.115939
88,75,13343.757125
89,43,17815.203464
89,44,16116.546481
89,45,15982.977599
89,46,15813.941385
89,47,15410.313074
89,48,15334.767218
89,49,15062.754919
89,50,14984.391296
89,51,14861.512957
89,52,14451.214759
89,54,14354.411072
89,56,14021.606801
89,57,13901.178850
89,60,13801.517284
89,62,13614.844326
89,64,13581.579733
89,68,13578.675653
89,71,13391.115939
89,75,13309.209530
90,43,16270.376677
90,44,16116.546481
90,45,15816.437160
90,46,15813.941385
90,47,15372.495802
90,48,15334.767218
90,49,15062.754919
90,50,14984.391296
90,51,14861.512957
90,52,14451.214759
90,53,14315.603642
90,56,14021.606801
90,57,13876.366857
90,60,13801.517284
90,62,13614.844326
90,64,13581.579733
90,68,13578.675653
90,71,13391.115939
90,75,13309.209530
91,43,16270.376677
91,44,16116.546481
91,45,15816.437160
91,46,15573.136908
91,47,15317.442870
91,48,15053.907174
91,50,14984.391296
91,51,14861.512957
91,52,14451.214759
91,53,14315.603642
91,54,14022.337595
91,56,13991.186969
91,57,13876.366857
91,60,13801.517284
91,61,13742.819211
91,62,13580.345984
91,66,13530.416766
91,71,13353.768661
91,72,13267.873797
92,43,16270.376677
92,44,16116.546481
92,45,15816.437160
92,46,15573.136908
92,47,15281.630013
92,48,15053.907174
92,50,14984.391296
92,51,14861.512957
92,52,14451.214759
92,53,14315.603642
92,54,14022.337595
92,56,13991.186969
92,57,13876.366857
92,60,13801.517284
92,61,13742.819211
92,62,13580.345984
92,66,13530.416766
92,67,13515.666463
92,71,13353.768661
92,72,13267.873797
93,43,16270.376677
93,44,15944.244494
93,45,15816.437160
93,46,15207.720634
93,48,15053.907174
93,49,14963.599416
93,50,14837.820678
93,52,14451.214759
93,53,14315.603642
93,54,14022.337595
93,55,13938.645128
93,57,13874.566664
93,59,13872.093768
93,60,13794.678277
93,61,13713.039154
93,62,13522.040133
93,66,13521.179788
93,67,13515.203568
93,71,13353.768661
93,72,13263.350217
94,43,15955.468131
94,44,15944.244494
94,45,15816.437160
94,46,15207.720634
94,48,15053.907174
94,49,14888.481947
94,50,14837.820678
94,52,14451.214759
94,53,14315.603642
94,54,14022.337595
94,55,13938.645128
94,57,13874.566664
94,59,13872.093768
94,60,13794.678277
94,61,13713.039154
94,62,13522.040133
94,66,13521.179788
94,67,13515.203568
94,71,13353.768661
94,72,13263.350217
95,41,16378.060758
95,43,15955.468131
95,44,15944.244494
95,45,15816.437160
95,46,15207.720634
95,48,15053.907174
95,49,14888.481947
95,50,14837.820678
95,52,14451.214759
95,53,14315.603642
95,54,14022.337595
95,55,13938.645128
95,57,13809.894055
95,59,13731.716114
95,60,13659.169939
95,62,13498.931417
95,67,13483.099233
95,71,13310.929785
95,72,13260.696164
96,41,16378.060758
96,43,15955.468131
96,44,15944.244494
96,45,15816.437160
96,46,15207.720634
96,48,15053.907174
96,49,14868.176442
96,50,14837.820678
96,51,14789.421094
96,52,14451.214759
96,53,14315.603642
96,54,14022.337595
96,55,13938.645128
96,57,13809.894055
96,59,13731.716114
96,60,13659.169939
96,62,13498.931417
96,67,13418.758528
96,69,13387.633853
96,71,13310.929785
96,72,13260.696164
97,41,16378.060758
97,43,15955.468131
97,44,15944.244494
97,45,15816.437160
97,46,15207.720634
97,48,15053.907174
97,49,14868.176442
97,50,14837.820678
97,51,14789.421094
97,52,14451.214759
97,53,14315.603642
97,54,13926.311106
97,57,13802.851552
97,59,13728.527400
97,60,13646.607374
97,62,13498.931417
97,65,13424.294874
97,67,13403.515413
97,69,13385.398677
97,71,13245.597710
98,41,16378.060758
98,43,15955.468131
98,44,15615.183677
98,46,15207.720634
98,48,15053.907174
98,49,14868.176442
98,50,14801.909349
98,51,14716.702083
98,52,14451.214759
98,53,14315.603642
98,54,13926.311106
98,56,13741.633604
98,59,13728.527400
98,60,13646.607374
98,62,13498.931417
98,65,13424.294874
98,67,13403.515413
98,69,13385.398677
98,71,13245.597710
99,40,16265.160148
99,43,15955.468131
99,44,15615.183677
99,46,15207.720634
99,48,15053.907174
99,49,14868.176442
99,50,14801.909349
99,51,14716.702083
99,52,14451.214759
99,53,14315.603642
99,54,13883.926051
99,56,13730.861347
99,59,13728.527400
99,60,13637.712257
99,62,13485.920907
99,65,13342.052500
99,71,13212.617542
100,40,16265.160148
100,43,15955.468131
100,44,15615.183677
100,46,15207.720634
100,47,15183.211942
100,48,15053.907174
100,49,14868.176442
100,50,14801.909349
100,51,14716.702083
100,52,14451.214759
100,53,14315.603642
100,54,13883.926051
100,56,13730.861347
100,59,13728.527400
100,60,13637.712257
100,62,13485.920907
100,65,13342.052500
100,66,13333.581811
100,71,13212.617542
101,40,16137.243548
101,43,15955.468131
101,44,15615.183677
101,46,15207.720634
101,47,15183.211942
101,48,15053.907174
101,49,14868.176442
101,50,14801.909349
101,51,14716.702083
101,52,14451.214759
101,53,14271.304539
101,54,13869.004819
101,56,13594.095063
101,62,13439.934657
101,65,13342.052500
101,66,13332.134996
101,71,13124.613451
102,40,16137.243548
102,43,15955.468131
102,44,15615.183677
102,46,15207.720634
102,47,15183.211942
102,48,15053.907174
102,49,14868.176442
102,50,14801.909349
102,51,14716.702083
102,52,14451.214759
102,53,14271.304539
102,54,13869.004819
102,56,13594.095063
102,62,13439.934657
102,65,13342.052500
102,66,13332.134996
102,70,13269.313367
102,71,13124.613451
103,40,16137.243548
103,43,15955.468131
103,44,15615.183677
103,45,15195.157210
103,47,15183.211942
103,48,15053.907174
103,49,14868.176442
103,50,14801.909349
103,51,14635.166065
103,52,14400.014524
103,53,14271.304539
103,54,13857.478705
103,56,13565.938918
103,62,13401.178120
103,65,13301.547342
103,70,13266.204498
103,71,13107.442442
104,40,16137.243548
104,43,15955.468131
104,44,15615.183677
104,45,15195.157210
104,47,15183.211942
104,48,15053.907174
104,49,14868.176442
104,50,14801.909349
104,51,14635.166065
104,52,14400.014524
104,53,14271.304539
104,54,13857.478705
104,56,13565.938918
104,62,13401.178120
104,65,13301.547342
104,70,13266.204498
104,71,13107.442442
105,40,16137.243548
105,43,15606.369808
105,45,15092.888330
105,46,15008.069480
105,47,14985.863389
105,49,14868.176442
105,50,14772.924930
105,51,14568.383657
105,52,14245.195814
105,54,13820.122893
105,56,13565.938918
105,62,13401.178120
105,65,13289.984054
105,68,13088.631382
106,40,16137.243548
106,41,15953.323106
106,43,15606.369808
106,45,15092.888330
106,46,15008.069480
106,47,14985.863389
106,49,14868.176442
106,50,14772.924930
106,51,14568.383657
106,52,14245.195814
106,54,13820.122893
106,56,13565.938918
106,62,13401.178120
106,65,13289.984054
106,68,13088.631382
107,40,16137.243548
107,41,15953.323106
107,43,15552.647784
107,44,15499.844095
107,45,15092.888330
107,46,15008.069480
107,47,14933.268683
107,49,14631.283713
107,51,14526.376193
107,52,14159.781206
107,54,13811.334535
107,55,13523.095305
107,62,13401.178120
107,65,13289.984054
107,66,13034.644932
108,39,16853.166183
108,40,16137.243548
108,41,15928.930330
108,43,15465.411948
108,44,15247.469753
108,45,15092.888330
108,46,15008.069480
108,47,14933.268683
108,49,14631.283713
108,51,14526.376193
108,52,14159.781206
108,54,13811.334535
108,55,13523.095305
108,62,13401.178120
108,65,13289.984054
108,66,13034.644932
109,39,16853.166183
109,40,16137.243548
109,41,15928.930330
109,42,15711.152632
109,43,15465.411948
109,44,15247.469753
109,45,15092.888330
109,46,15008.069480
109,47,14884.275975
109,48,14697.862774
109,49,14631.283713
109,51,14414.722376
109,52,14159.781206
109,54,13811.334535
109,55,13522.306938
109,62,13345.691086
109,65,13289.984054
109,66,13028.276725
110,39,16423.254693
110,40,16137.243548
110,41,15928.930330
110,42,15711.152632
110,43,15465.411948
110,44,15247.469753
110,45,15062.832335
110,46,15008.069480
110,47,14884.275975
110,48,14697.862774
110,49,14631.283713
110,51,14414.722376
110,52,14159.781206
110,54,13811.334535
110,55,13522.306938
110,62,13345.691086
110,65,13289.984054
110,66,13028.276725
111,39,16406.760267
111,40,16137.243548
111,41,15928.930330
111,42,15711.152632
111,43,15465.411948
111,44,15247.469753
111,45,15062.832335
111,46,14938.782330
111,47,14880.238325
111,48,14650.366624
111,49,14606.759548
111,51,13858.452485
111,54,13666.813952
111,55,13474.325939
111,62,13345.691086
111,65,13289.889865
111,66,12979.350709
112,39,16406.760267
112,40,16137.243548
112,41,15928.930330
112,42,15645.286393
112,43,15465.411948
112,44,15242.887797
112,45,15062.832335
112,46,14938.782330
112,47,14880.238325
112,48,14650.366624
112,49,14606.759548
112,51,13858.452485
112,53,13702.876817
112,54,13666.813952
112,55,13474.325939
112,59,13368.428456
112,62,13345.691086
112,65,13289.889865
112,66,12979.350709
113,39,16406.760267
113,40,16137.243548
113,41,15928.930330
113,42,15139.002694
113,43,15031.984585
113,46,14916.006178
113,47,14880.238325
113,48,14650.366624
113,49,14550.190167
113,51,13841.652569
113,53,13645.294078
113,55,13458.651483
113,59,13368.428456
113,62,13129.915208
113,65,13056.305766
113,66,12979.350709
114,39,16406.760267
114,40,15577.781851
114,42,15139.002694
114,43,15031.984585
114,46,14916.006178
114,47,14880.238325
114,48,14650.366624
114,49,14550.190167
114,51,13841.652569
114,53,13645.294078
114,55,13458.651483
114,59,13368.428456
114,62,13129.915208
114,65,13056.305766
114,66,12979.350709
114,68,12965.314642
115,39,15509.925363
115,42,15139.002694
115,43,15031.984585
115,46,14916.006178
115,47,14880.238325
115,48,14650.366624
115,49,14550.190167
115,51,13834.511229
115,53,13645.294078
115,55,13452.245653
115,58,13360.648132
115,62,13096.243866
115,65,13056.305766
115,66,12973.307282
115,68,12939.040007
116,39,15509.925363
116,40,15336.525422
116,42,15139.002694
116,43,15031.984585
116,44,14904.957670
116,45,14760.549824
116,48,14650.366624
116,49,14550.190167
116,51,13834.511229
116,53,13645.294078
116,55,13452.245653
116,58,13360.648132
116,62,13096.243866
116,65,13056.305766
116,66,12973.307282
116,68,12939.040007
117,39,15509.925363
117,40,15336.525422
117,41,15289.171838
117,42,15139.002694
117,43,14960.006428
117,44,14904.957670
117,45,14760.549824
117,48,14650.366624
117,49,14550.190167
117,51,13834.511229
117,52,13785.115957
117,53,13622.114087
117,55,13451.832618
117,58,13356.715037
117,62,13092.479833
117,65,13041.879904
117,66,12953.863634
117,68,12918.355540
118,39,15463.003369
118,40,15336.525422
118,41,15102.069880
118,42,14930.824346
118,44,14904.957670
118,45,14760.549824
118,48,14650.366624
118,49,14550.190167
118,50,14536.982696
118,51,13834.511229
118,52,13785.115957
118,53,13622.114087
118,55,13451.832618
118,58,13356.715037
118,62,13092.479833
118,64,12989.432451
118,65,12872.250473
119,39,15463.003369
119,40,15336.525422
119,41,15102.069880
119,42,14930.824346
119,43,14929.380922
119,44,14664.723329
119,48,14650.366624
119,49,14550.190167
119,50,14097.340181
119,51,13828.242857
119,52,13736.977894
119,53,13622.114087
119,55,13431.876735
119,56,13386.214779
119,58,13356.715037
119,59,13333.549974
119,62,13092.479833
119,64,12986.166057
119,65,12866.519386
120,39,15463.003369
120,40,15336.525422
120,41,15102.069880
120,42,14930.824346
120,43,14891.274483
120,44,14664.723329
120,45,14638.547246
120,49,14550.190167
120,50,14097.340181
120,51,13828.242857
120,52,13736.977894
120,53,13622.114087
120,54,13453.906990
120,55,13431.876735
120,56,13386.214779
120,58,13356.715037
120,59,13333.549974
120,61,13204.588006
120,62,13092.479833
120,64,12986.166057
120,65,12866.519386
121,39,15463.003369
121,40,15336.525422
121,41,15102.069880
121,42,14930.824346
121,43,14701.822078
121,44,14585.017778
121,49,14550.190167
121,50,14097.340181
121,51,13828.242857
121,52,13736.977894
121,53,13600.331137
121,54,13453.906990
121,55,13431.876735
121,56,13386.214779
121,58,13356.715037
121,59,13330.274252
121,61,13204.588006
121,62,13092.479833
121,64,12986.166057
121,65,12866.519386
122,39,15463.003369
122,40,15336.525422
122,41,15102.069880
122,42,14930.824346
122,43,14701.822078
122,44,14585.017778
122,49,14550.190167
122,50,14097.340181
122,51,13828.242857
122,52,13736.977894
122,53,13600.331137
122,54,13453.906990
122,55,13431.876735
122,56,13386.214779
122,58,13356.715037
122,59,13330.274252
122,61,13204.588006
122,62,13092.479833
122,64,12986.166057
122,65,12866.519386
123,39,15401.204193
123,40,15328.356604
123,41,15003.887903
123,42,14930.824346
123,43,14701.822078
123,44,14585.017778
123,49,14550.190167
123,50,14097.340181
123,51,13630.576861
123,53,13600.331137
123,54,13441.027835
123,55,13346.542272
123,59,13330.274252
123,61,13204.588006
123,62,13092.479833
123,64,12915.338704
123,65,12823.672367
124,39,15401.204193
124,40,15328.356604
124,41,15003.887903
124,42,14930.824346
124,43,14701.822078
124,44,14585.017778
124,49,14324.020524
124,50,14097.340181
124,51,13630.576861
124,53,13600.331137
124,54,13441.027835
124,55,13346.542272
124,59,13330.274252
124,61,13204.588006
124,62,13092.479833
124,64,12915.338704
124,65,12823.672367
125,39,15401.204193
125,40,15328.356604
125,41,14842.393389
125,42,14801.557404
125,43,14701.822078
125,44,14585.017778
125,48,14568.762966
125,49,14324.020524
125,50,14097.340181
125,51,13630.576861
125,53,13600.331137
125,54,13423.023290
125,55,13346.542272
125,59,13300.015014
125,60,13267.762114
125,61,13204.588006
125,62,13039.956554
125,64,12894.985776
125,65,12809.425462
126,39,15401.204193
126,40,15328.356604
126,41,14842.393389
126,42,14801.557404
126,43,14701.822078
126,44,14585.017778
126,47,14528.675674
126,49,14176.590065
126,50,14097.340181
126,51,13630.576861
126,53,13600.331137
126,54,13423.023290
126,55,13346.542272
126,56,13288.827132
126,60,13267.762114
126,61,13053.728692
126,62,13039.956554
126,64,12894.985776
126,65,12809.425462
127,39,15401.204193
127,40,15265.503444
127,41,14842.393389
127,42,14790.689485
127,43,14701.822078
127,44,14585.017778
127,47,14528.675674
127,49,14176.590065
127,50,14097.340181
127,51,13599.406819
127,54,13396.346018
127,55,13310.439656
127,56,13269.204369
127,60,13249.411543
127,61,13051.670467
127,62,13039.956554
127,64,12877.680715
127,65,12786.710629
128,39,15401.204193
128,40,15265.503444
128,41,14842.393389
128,42,14716.239901
128,43,14571.302177
128,46,14565.430043
128,47,14528.675674
128,49,14176.590065
128,50,14097.340181
128,51,13599.406819
128,54,13396.346018
128,55,13289.865658
128,56,13269.204369
128,57,13179.085636
128,59,12956.457762
128,62,12917.947854
128,64,12877.680715
128,65,12786.710629
129,39,15401.204193
129,40,15265.503444
129,41,14842.393389
129,42,14716.239901
129,43,14548.981519
129,44,14477.143681
129,45,14475.596871
129,49,14176.590065
129,50,14097.340181
129,51,13599.406819
129,53,13356.344835
129,54,13353.641947
129,55,13257.325547
129,57,13056.256779
129,59,12956.457762
129,62,12917.851208
129,64,12873.996176
129,65,12786.710629
130,39,15401.204193
130,40,15265.503444
130,41,14842.393389
130,42,14700.268238
130,43,14548.981519
130,44,14477.143681
130,45,14475.596871
130,49,14068.181543
130,51,13599.406819
130,53,13356.344835
130,54,13353.641947
130,55,13257.325547
130,57,13056.256779
130,59,12956.457762
130,62,12917.851208
130,64,12873.996176
130,65,12786.710629
131,39,15393.427447
131,40,15265.503444
131,41,14842.393389
131,42,14700.268238
131,43,14548.981519
131,44,14477.143681
131,45,14475.596871
131,46,14338.149258
131,49,14068.181543
131,51,13599.406819
131,53,13340.670380
131,55,13242.477306
131,56,12995.285425
131,59,12922.668787
131,62,12904.550982
131,64,12862.079800
131,65,12786.710629
132,39,15393.427447
132,40,15265.503444
132,41,14842.393389
132,42,14700.268238
132,43,14548.981519
132,44,14477.143681
132,45,14475.596871
132,46,14338.149258
132,47,14317.196830
132,49,14068.181543
132,51,13599.406819
132,53,13340.670380
132,55,13242.477306
132,56,12995.285425
132,59,12922.668787
132,62,12904.550982
132,64,12862.079800
132,65,12786.710629
133,39,15393.427447
133,40,15265.503444
133,41,14842.393389
133,42,14700.268238
133,43,14548.981519
133,44,14477.143681
133,45,14475.596871
133,46,14338.149258
133,47,14275.531231
133,49,14068.181543
133,51,13599.406819
133,53,13340.670380
133,55,13182.715785
133,56,12985.758049
133,59,12922.668787
133,61,12824.765165
133,64,12768.019191
134,39,15393.427447
134,40,15265.503444
134,41,14842.393389
134,42,14700.268238
134,43,14548.981519
134,44,14477.143681
134,45,14377.921525
134,46,14338.149258
134,47,14275.531231
134,49,14068.181543
134,50,13843.028683
134,51,13599.406819
134,53,13340.670380
134,55,13182.715785
134,56,12985.758049
134,59,12922.668787
134,61,12824.765165
134,64,12768.019191
135,39,15393.427447
135,40,15265.503444
135,41,14842.393389
135,42,14700.268238
135,43,14548.981519
135,44,14477.143681
135,45,14377.921525
135,46,14338.149258
135,47,14275.531231
135,49,14048.021016
135,50,13843.028683
135,51,13556.340835
135,53,13340.670380
135,54,13340.546680
135,55,13155.008710
135,56,12985.758049
135,59,12833.697216
135,61,12824.765165
135,64,12768.019191
136,38,15771.759802
136,39,15393.427447
136,40,15265.503444
136,41,14842.393389
136,42,14700.268238
136,43,14548.981519
136,44,14477.143681
136,45,14377.921525
136,46,14338.149258
136,47,14275.531231
136,48,14209.522154
136,49,14048.021016
136,50,13843.028683
136,51,13556.340835
136,53,13340.670380
136,54,13340.546680
136,55,13155.008710
136,56,12985.758049
136,59,12833.697216
136,61,12824.765165
136,64,12768.019191
137,38,15771.759802
137,39,15393.427447
137,40,15265.503444
137,41,14842.393389
137,42,14700.268238
137,43,14548.981519
137,44,14477.143681
137,45,14377.921525
137,46,14338.149258
137,47,14275.531231
137,48,14209.522154
137,49,14048.021016
137,50,13843.028683
137,51,13556.340835
137,52,13519.138158
137,53,13334.134181
137,55,13155.008710
137,56,12952.284755
137,59,12819.651030
137,64,12768.019191
138,38,15624.770685
138,39,15393.427447
138,40,15265.503444
138,41,14691.832857
138,43,14548.981519
138,44,14477.143681
138,45,14377.921525
138,46,14290.199114
138,47,14275.531231
138,48,14174.819620
138,49,14048.021016
138,50,13843.028683
138,51,13556.340835
138,52,13519.138158
138,53,13334.134181
138,55,13155.008710
138,56,12952.284755
138,59,12819.651030
138,64,12768.019191
139,38,15624.770685
139,39,15393.427447
139,40,15265.503444
139,41,14691.832857
139,43,14548.981519
139,44,14477.143681
139,45,14377.921525
139,46,14222.399863
139,48,14162.757621
139,49,14028.208237
139,50,13840.518489
139,51,13556.340835
139,52,13468.304925
139,53,13324.519914
139,55,13127.600772
139,56,12945.088555
139,59,12819.651030
139,64,12768.019191
140,38,15624.770685
140,39,15393.427447
140,40,15116.704737
140,41,14691.832857
140,43,14548.981519
140,44,14477.143681
140,45,14377.921525
140,46,14222.399863
140,48,14162.757621
140,49,14028.208237
140,50,13623.071201
140,51,13556.340835
140,52,13435.026818
140,53,13324.519914
140,55,13127.600772
140,56,12945.088555
140,59,12819.651030
140,64,12768.019191
141,38,15624.770685
141,39,15393.427447
141,40,15116.704737
141,41,14691.832857
141,42,14626.465497
141,43,14548.981519
141,44,14477.143681
141,45,14212.888488
141,48,13704.573907
141,50,13623.071201
141,51,13555.948036
141,52,13401.417913
141,53,13303.667383
141,55,13116.881487
141,56,12945.088555
141,59,12804.666447
141,64,12761.689458
142,38,15624.770685
142,39,15393.427447
142,40,15116.704737
142,41,14691.832857
142,42,14626.465497
142,43,14515.934802
142,44,14477.143681
142,45,14212.888488
142,48,13704.573907
142,50,13623.071201
142,51,13347.869862
142,53,13303.667383
142,54,13254.612930
142,55,13116.881487
142,56,12945.088555
142,59,12804.666447
142,64,12761.689458
143,38,15624.770685
143,39,15393.427447
143,40,15116.704737
143,41,14691.832857
143,42,14626.465497
143,43,14515.934802
143,44,14477.143681
143,45,14212.888488
143,48,13686.053999
143,50,13620.887640
143,51,13337.756142
143,53,13303.667383
143,54,13206.034295
143,55,13116.881487
143,56,12945.088555
143,59,12804.666447
143,64,12761.689458
143,65,12739.562254
144,38,15624.770685
144,39,15393.427447
144,40,15116.704737
144,41,14691.832857
144,42,14626.465497
144,43,14515.934802
144,44,14477.143681
144,45,14212.888488
144,48,13686.053999
144,50,13620.887640
144,51,13337.756142
144,53,13145.558401
144,55,13116.881487
144,56,12945.088555
144,59,12804.666447
144,64,12761.689458
144,65,12739.562254
145,38,15624.770685
145,39,15393.427447
145,40,15116.704737
145,41,14691.832857
145,42,14626.465497
145,43,14515.934802
145,44,14477.143681
145,45,14210.744237
145,48,13686.053999
145,50,13556.641069
145,51,13337.756142
145,53,13145.558401
145,55,13108.558827
145,56,12935.797764
145,59,12794.583799
145,64,12761.689458
145,65,12739.562254
146,38,15624.770685
146,39,15393.427447
146,40,15116.704737
146,41,14691.832857
146,42,14624.063221
146,43,14515.934802
146,44,14477.143681
146,45,14210.744237
146,48,13686.053999
146,50,13556.641069
146,51,13337.756142
146,52,13224.221528
146,53,13145.558401
146,55,13005.869867
146,56,12935.797764
146,58,12911.112584
146,59,12794.583799
146,64,12761.689458
146,65,12739.562254
147,38,15624.770685
147,39,15393.427447
147,40,15116.704737
147,41,14691.832857
147,42,14594.766319
147,43,14515.934802
147,44,14448.696784
147,45,14210.744237
147,48,13686.053999
147,50,13556.641069
147,51,13337.756142
147,52,13217.356581
147,53,13145.558401
147,55,13002.186127
147,56,12935.797764
147,58,12907.068707
147,59,12794.487153
147,63,12727.340757
148,38,15624.770685
148,39,15393.427447
148,40,15116.704737
148,41,14561.180563
148,42,14534.893400
148,43,14515.934802
148,44,14409.567446
148,45,14210.744237
148,47,13886.551556
148,48,13686.053999
148,50,13556.641069
148,51,13337.756142
148,52,13217.356581
148,53,13145.558401
148,55,13002.186127
148,56,12935.797764
148,58,12907.068707
148,59,12794.487153
148,63,12727.340757
149,38,15624.770685
149,39,15393.427447
149,40,15116.704737
149,41,14561.180563
149,42,14534.893400
149,43,14515.934802
149,44,14409.567446
149,45,14210.744237
149,47,13886.551556
149,48,13686.053999
149,50,13556.641069
149,51,13240.154103
149,52,13193.216568
149,53,13141.645478
149,55,12998.134620
149,56,12935.797764
149,58,12884.067347
149,59,12793.869299
149,61,12757.795956
149,62,12717.958533
150,38,15624.770685
150,39,15393.427447
150,40,14469.330163
150,44,14409.567446
150,45,14210.744237
150,47,13886.551556
150,48,13686.053999
150,50,13556.641069
150,51,13240.154103
150,52,13193.216568
150,53,13141.645478
150,55,12998.134620
150,56,12935.797764
150,58,12884.067347
150,59,12793.869299
150,61,12757.795956
150,62,12717.958533
151,37,16286.355433
151,38,15570.744728
151,39,15393.427447
151,40,14469.330163
151,41,14458.592851
151,44,14409.567446
151,45,14210.744237
151,47,13886.551556
151,48,13686.053999
151,50,13524.961056
151,51,13236.322682
151,52,13153.618112
151,53,13095.069897
151,55,12998.134620
151,56,12908.478282
151,58,12840.306207
151,59,12793.869299
151,61,12728.395419
151,62,12701.320764
152,37,16286.355433
152,38,15570.744728
152,39,15393.427447
152,40,14469.330163
152,41,14458.592851
152,44,14409.567446
152,45,14210.744237
152,47,13886.551556
152,48,13686.053999
152,50,13524.961056
152,51,13236.322682
152,52,13153.618112
152,53,13095.069897
152,55,12998.134620
152,56,12908.478282
152,58,12840.306207
152,59,12793.869299
152,61,12728.395419
152,62,12701.320764
153,37,16286.355433
153,38,15570.744728
153,39,15393.427447
153,40,14469.330163
153,41,14458.592851
153,44,14409.567446
153,45,14210.744237
153,47,13886.551556
153,48,13686.053999
153,50,13524.961056
153,51,13236.322682
153,52,13149.874931
153,53,13095.069897
153,55,12991.734531
153,56,12908.478282
153,58,12840.306207
153,59,12793.869299
153,61,12681.544094
154,37,15841.324168
154,38,15570.744728
154,39,15393.427447
154,40,14469.330163
154,41,14458.592851
154,44,14370.670089
154,45,14210.744237
154,47,13886.551556
154,48,13686.053999
154,50,13524.961056
154,51,13236.322682
154,52,13149.874931
154,53,13095.069897
154,55,12991.734531
154,56,12908.478282
154,58,12840.306207
154,59,12793.869299
154,61,12681.544094
155,37,15841.324168
155,38,15570.744728
155,39,15393.427447
155,40,14469.330163
155,41,14458.592851
155,44,14370.670089
155,45,14210.744237
155,47,13685.828501
155,50,13524.265993
155,51,13205.913484
155,52,13139.398623
155,53,13094.108530
155,55,12991.406050
155,56,12864.375342
155,58,12838.038747
155,59,12771.846614
155,61,12678.147510
156,37,15841.324168
156,38,15570.744728
156,39,14836.142433
156,40,14469.330163
156,41,14458.592851
156,44,14370.670089
156,45,14210.744237
156,47,13685.828501
156,50,13524.265993
156,51,13205.913484
156,52,13139.398623
156,53,13094.108530
156,55,12991.406050
156,56,12864.375342
156,58,12838.038747
156,59,12771.846614
156,61,12678.147510
157,37,15841.324168
157,38,15377.089460
157,39,14836.142433
157,40,14469.330163
157,41,14458.592851
157,42,14370.349623
157,45,14210.744237
157,47,13660.577881
157,50,13409.818988
157,51,13198.298381
157,52,13135.104921
157,53,13060.305652
157,55,12991.406050
157,56,12864.375342
157,58,12830.006327
157,59,12769.220589
157,61,12678.147510
158,37,15841.324168
158,38,15377.089460
158,39,14836.142433
158,40,14469.330163
158,41,14458.592851
158,42,14370.349623
158,45,14210.744237
158,46,14128.279867
158,47,13660.577881
158,50,13409.818988
158,51,13198.298381
158,52,13135.104921
158,53,13060.305652
158,54,13057.675657
158,55,12991.406050
158,56,12864.375342
158,58,12830.006327
158,59,12769.220589
158,61,12678.147510
159,37,15841.324168
159,38,15193.927679
159,39,14836.142433
159,40,14469.330163
159,41,14458.592851
159,42,14370.349623
159,45,14188.146010
159,46,14128.279867
159,47,13660.577881
159,50,13353.968017
159,51,13100.129835
159,52,13083.912214
159,53,13060.305652
159,54,13053.844236
159,55,12953.183534
159,56,12860.711596
159,58,12830.006327
159,59,12763.608254
159,61,12678.147510
160,37,15841.324168
160,38,15193.927679
160,39,14836.142433
160,40,14469.330163
160,41,14458.592851
160,42,14370.349623
160,45,14188.146010
160,46,14125.691973
160,47,13660.577881
160,50,13353.968017
160,51,13100.129835
160,52,13083.912214
160,53,13060.305652
160,54,13053.844236
160,55,12953.183534
160,56,12860.711596
160,58,12830.006327
160,59,12763.608254
160,60,12671.218652
161,37,15841.324168
161,38,15002.924466
161,39,14836.142433
161,40,14469.330163
161,41,14458.592851
161,42,14370.349623
161,45,14188.146010
161,46,14125.691973
161,47,13660.577881
161,50,13345.733376
161,51,13100.129835
161,52,13083.912214
161,53,13047.552750
161,54,13026.149652
161,55,12943.679849
161,56,12860.711596
161,58,12725.879187
161,60,12668.030463
162,37,15841.324168
162,38,15002.924466
162,39,14836.142433
162,40,14469.330163
162,41,14458.592851
162,42,14370.349623
162,45,14188.146010
162,46,14125.691973
162,47,13660.577881
162,50,13345.733376
162,51,13100.129835
162,52,13083.912214
162,53,13047.552750
162,54,12974.335205
162,55,12943.679849
162,56,12860.711596
162,58,12725.879187
162,59,12684.607402
162,60,12668.030463
163,37,15841.324168
163,38,15002.924466
163,39,14836.142433
163,40,14469.330163
163,41,14379.158025
163,42,14285.560316
163,44,14275.697880
163,45,14188.146010
163,46,14125.691973
163,47,13660.577881
163,50,13311.227821
163,51,13052.281453
163,53,13036.791176
163,54,12966.098779
163,55,12917.153100
163,56,12852.626862
163,58,12725.879187
163,59,12647.635236
164,37,15841.324168
164,38,15002.924466
164,39,14836.142433
164,40,14446.156445
164,41,14379.158025
164,42,14285.560316
164,44,14275.697880
164,45,14188.146010
164,46,14125.691973
164,47,13660.577881
164,50,13311.227821
164,51,13052.281453
164,52,13015.848580
164,54,12966.098779
164,55,12917.153100
164,56,12852.626862
164,58,12725.879187
164,59,12647.635236
165,37,15841.324168
165,38,15002.924466
165,39,14836.142433
165,40,14446.156445
165,41,14379.158025
165,42,14285.560316
165,44,14275.697880
165,45,14188.146010
165,46,14090.631214
165,47,13644.277299
165,50,13311.227821
165,51,13025.890488
165,52,13010.254480
165,54,12923.547456
165,55,12881.157514
165,56,12844.392221
165,58,12720.478057
165,59,12647.635236
166,37,15714.383643
166,38,15002.924466
166,39,14492.072680
166,40,14446.156445
166,41,14379.158025
166,42,14285.560316
166,44,14275.697880
166,45,14188.146010
166,46,14090.631214
166,47,13644.277299
166,50,13311.227821
166,51,13025.890488
166,52,13010.254480
166,54,12923.547456
166,55,12881.157514
166,56,12844.392221
166,58,12720.478057
166,59,12647.635236
167,37,15714.383643
167,38,15002.924466
167,39,14492.072680
167,40,14446.156445
167,41,14379.158025
167,42,14285.560316
167,44,14275.697880
167,45,14188.146010
167,46,14062.276008
167,47,13644.277299
167,50,13285.189363
167,51,13025.890488
167,52,12989.197008
167,54,12916.528452
167,55,12881.156537
167,56,12835.751109
167,58,12712.973333
167,59,12647.635236
168,37,15714.383643
168,38,15002.924466
168,39,14492.072680
168,40,14239.329242
168,45,14188.146010
168,46,14062.276008
168,47,13644.277299
168,50,13285.189363
168,51,13025.890488
168,52,12989.197008
168,53,12932.796288
168,54,12916.528452
168,55,12879.136725
168,56,12835.751109
168,58,12712.973333
168,59,12647.635236
169,37,15631.478732
169,38,15002.924466
169,39,14434.327413
169,40,14239.329242
169,43,14169.552227
169,46,14062.276008
169,47,13520.292822
169,50,13285.189363
169,51,13017.329751
169,52,12953.481106
169,53,12919.959491
169,54,12894.142862
169,55,12875.661777
169,56,12819.523205
169,58,12697.806905
169,59,12624.443997
170,37,15631.478732
170,38,15002.924466
170,39,14434.327413
170,40,14239.329242
170,43,14169.552227
170,46,14055.386895
170,47,13520.292822
170,50,13285.189363
170,51,13017.329751
170,52,12953.481106
170,53,12919.959491
170,54,12894.142862
170,55,12823.455578
170,56,12819.523205
170,58,12697.806905
170,59,12624.443997
171,37,15631.478732
171,38,15002.924466
171,39,14434.327413
171,40,14239.329242
171,43,14169.552227
171,44,14094.747732
171,46,13797.364933
171,47,13520.292822
171,50,13285.189363
171,51,13002.001822
171,52,12953.481106
171,53,12919.959491
171,54,12850.415927
171,55,12812.883110
171,56,12790.894118
171,58,12678.036159
171,59,12621.966069
172,37,15631.478732
172,38,15002.924466
172,39,14434.327413
172,40,14239.329242
172,43,14169.552227
172,44,14094.747732
172,46,13797.364933
172,47,13520.292822
172,50,13285.189363
172,51,13002.001822
172,52,12953.481106
172,53,12919.959491
172,54,12850.415927
172,55,12812.883110
172,56,12790.894118
172,58,12678.036159
172,59,12621.966069
173,37,15631.478732
173,38,15002.924466
173,39,14413.789963
173,40,14239.329242
173,43,14167.926797
173,44,14094.747732
173,46,13797.364933
173,47,13520.292822
173,50,13235.838672
173,51,13002.001822
173,52,12938.757902
173,53,12913.094544
173,54,12848.183884
173,55,12807.911824
173,56,12772.671446
173,58,12675.440258
173,59,12609.889482
174,37,15631.478732
174,38,15002.924466
174,39,14293.364813
174,40,14239.329242
174,43,14154.877737
174,44,14094.747732
174,46,13797.364933
174,47,13520.292822
174,50,13235.838672
174,51,13002.001822
174,52,12938.757902
174,53,12809.560674
174,55,12807.911824
174,56,12772.671446
174,58,12675.440258
174,59,12609.889482
175,37,15631.478732
175,38,15002.924466
175,39,14293.364813
175,40,14239.329242
175,43,14150.288842
175,44,14094.747732
175,45,14040.321430
175,46,13795.093024
175,47,13502.324004
175,50,13208.690092
175,51,12808.439124
175,55,12794.222895
175,56,12748.142314
175,58,12675.166580
175,59,12609.889482
176,37,15631.478732
176,38,15002.924466
176,39,14293.364813
176,40,14239.329242
176,43,14150.288842
176,44,14094.747732
176,45,14040.321430
176,46,13795.093024
176,47,13494.730390
176,50,13208.690092
176,51,12808.439124
176,54,12799.931696
176,55,12794.222895
176,56,12748.142314
176,58,12675.166580
176,59,12609.889482
177,37,15631.478732
177,38,15002.924466
177,39,14293.364813
177,40,14239.329242
177,43,14086.611629
177,45,14040.321430
177,46,13774.159274
177,47,13431.521225
177,48,13386.371179
177,50,13208.690092
177,51,12778.574884
177,56,12748.142314
177,58,12675.166580
177,59,12609.889482
178,37,15631.478732
178,38,15002.924466
178,39,14111.675108
178,43,14086.611629
178,44,14057.467605
178,45,14040.321430
178,46,13774.159274
178,47,13431.521225
178,48,13386.371179
178,50,13208.690092
178,51,12778.574884
178,56,12748.142314
178,58,12675.166580
178,59,12609.889482
179,37,15631.478732
179,38,14473.181708
179,39,14111.675108
179,43,14060.274777
179,44,13997.232174
179,45,13924.077274
179,46,13741.472764
179,47,12992.540585
179,50,12968.681082
179,51,12778.574884
179,56,12748.142314
179,58,12652.540768
179,59,12605.442193
180,37,15610.797005
180,38,14473.181708
180,39,14111.675108
180,43,14060.274777
180,44,13997.232174
180,45,13924.077274
180,46,13741.472764
180,47,12992.540585
180,50,12968.681082
180,51,12778.574884
180,55,12754.341124
180,56,12748.142314
180,58,12652.540768
180,59,12605.442193
181,37,15610.797005
181,38,14473.181708
181,39,14111.675108
181,43,14060.274777
181,44,13994.120060
181,45,13889.716455
181,46,13741.472764
181,47,12992.540585
181,50,12968.681082
181,51,12778.574884
181,55,12754.341124
181,56,12748.142314
181,58,12616.062559
181,59,12600.206187
182,37,15610.797005
182,38,14384.181183
182,39,14111.675108
182,42,14066.396134
182,43,14060.274777
182,44,13994.120060
182,45,13889.716455
182,46,13741.472764
182,47,12992.540585
182,50,12968.681082
182,51,12778.574884
182,55,12754.341124
182,56,12748.142314
182,58,12616.062559
182,59,12600.206187
183,37,15610.797005
183,38,14384.181183
183,39,14111.675108
183,42,14066.396134
183,43,14057.834808
183,44,13994.120060
183,45,13835.141011
183,46,12943.360127
183,51,12772.434086
183,52,12717.589201
183,58,12616.062559
183,59,12600.206187
184,37,15610.797005
184,38,14384.181183
184,39,14111.675108
184,42,14066.396134
184,43,14057.834808
184,44,13986.353449
184,45,13835.141011
184,46,12943.360127
184,51,12740.028479
184,52,12717.589201
184,58,12616.062559
184,59,12600.206187
185,37,15610.797005
185,38,14384.181183
185,39,14111.675108
185,42,14064.826443
185,43,13943.258941
185,45,13747.610845
185,46,12930.370914
185,51,12720.708952
185,52,12717.589201
185,57,12666.996751
185,58,12606.090394
185,59,12597.189676
186,37,15610.797005
186,38,14384.181183
186,39,14111.675108
186,42,13882.986406
186,45,13747.610845
186,46,12930.370914
186,51,12720.708952
186,52,12671.723248
186,57,12666.996751
186,58,12606.090394
186,59,12597.189676
187,37,14844.085246
187,38,14384.181183
187,39,14098.925530
187,41,14001.981559
187,42,13841.789420
187,45,13714.676768
187,46,12928.870846
187,51,12707.904763
187,52,12670.371921
187,57,12666.996751
187,58,12588.178693
188,37,14844.085246
188,38,14384.181183
188,39,14098.925530
188,41,13928.264062
188,42,13841.789420
188,45,13714.676768
188,46,12928.870846
188,51,12707.904763
188,52,12670.371921
188,57,12666.996751
188,58,12588.178693
189,37,14844.085246
189,38,14207.933575
189,39,14083.304800
189,41,13928.264062
189,42,13763.495689
189,45,13697.961551
189,46,12873.397290
189,51,12689.424397
189,52,12643.011621
189,58,12588.178693
190,37,14844.085246
190,38,14018.298446
190,41,13928.264062
190,42,13763.495689
190,45,13697.961551
190,46,12873.397290
190,51,12689.424397
190,52,12643.011621
190,57,12589.972612
190,58,12588.178693
191,37,14844.085246
191,38,13976.523332
191,40,13870.468234
191,42,13744.154374
191,45,13697.961551
191,46,12873.397290
191,50,12738.223724
191,51,12666.845403
191,52,12643.011621
191,57,12570.605402
192,37,14736.996910
192,38,13976.523332
192,40,13861.216703
192,42,13744.154374
192,45,13697.961551
192,46,12873.397290
192,50,12738.223724
192,51,12666.845403
192,52,12643.011621
192,54,12640.597846
192,57,12570.605402
193,37,14736.996910
193,38,13917.465467
193,40,13861.216703
193,41,13704.972947
193,45,13633.154905
193,46,12873.397290
193,50,12738.223724
193,51,12607.120957
193,57,12570.605402
194,37,14736.996910
194,38,13917.465467
194,40,13861.216703
194,41,13704.972947
194,45,13633.154905
194,46,12873.397290
194,50,12738.223724
194,51,12607.120957
194,57,12570.605402
195,37,14710.593974
195,38,13905.845884
195,40,13853.418876
195,41,13695.344727
195,45,13601.480381
195,46,12857.109069
195,50,12717.149158
195,51,12600.355229
195,55,12554.690914
196,37,14287.111280
196,38,13905.845884
196,40,13853.418876
196,41,13695.344727
196,45,13601.480381
196,46,12857.109069
196,50,12717.149158
196,51,12600.355229
196,55,12554.690914
196,58,12553.818347
196,61,12524.649301
197,37,14287.111280
197,38,13864.648897
197,40,13785.250364
197,41,13620.517546
197,45,13571.369739
197,46,12835.495137
197,50,12717.149158
197,51,12600.355229
197,54,12544.156019
197,59,12426.936221
198,37,14287.111280
198,38,13864.648897
198,40,13785.250364
198,41,13620.517546
198,45,13571.369739
198,46,12835.495137
198,50,12717.149158
198,51,12600.355229
198,53,12444.693750
198,59,12426.936221
199,37,14270.567313
199,38,13864.648897
199,40,13781.135688
199,41,13616.220742
199,45,13483.354610
199,46,12835.495137
199,50,12717.149158
199,51,12579.681487
199,53,12438.613072
199,58,12386.852928
200,37,14270.567313
200,38,13864.648897
200,39,13858.067346
200,40,13781.135688
200,41,13616.220742
200,44,13454.991460
200,46,12835.495137
200,50,12717.149158
200,51,12579.681487
200,53,12438.613072
200,58,12386.852928
201,37,14239.061073
201,38,13788.395921
201,40,13781.135688
201,41,13601.878195
201,44,13454.991460
201,46,12835.495137
201,50,12670.238039
201,51,12579.681487
201,53,12428.210847
201,58,12386.852928
202,37,14239.061073
202,38,13788.395921
202,40,13781.135688
202,41,13601.878195
202,43,13582.876686
202,44,13454.991460
202,46,12835.495137
202,50,12670.238039
202,51,12579.681487
202,53,12428.210847
202,58,12386.852928
203,37,13991.704701
203,38,13787.056956
203,40,13776.101440
203,41,13601.878195
203,43,13550.422454
203,44,13428.116895
203,46,12823.361926
203,50,12640.038490
203,51,12579.681487
203,52,12407.481172
203,56,12317.499026
204,37,13991.704701
204,38,13787.056956
204,40,13776.101440
204,41,13601.878195
204,43,13550.422454
204,44,13428.116895
204,46,12823.361926
204,50,12640.038490
204,51,12579.681487
204,52,12407.481172
204,56,12317.499026
205,37,13991.704701
205,38,13782.752572
205,40,13759.504162
205,41,13541.890453
205,43,13514.433710
205,44,13385.165397
205,46,12823.361926
205,50,12638.687164
205,51,12579.681487
205,52,12407.481172
205,56,12314.836713
206,37,13991.704701
206,38,13782.752572
206,40,13759.504162
206,41,13541.890453
206,43,13514.433710
206,44,13385.165397
206,46,12823.361926
206,49,12775.449574
206,50,12638.687164
206,51,12579.681487
206,52,12407.481172
206,56,12314.836713
207,37,13991.704701
207,38,13782.752572
207,40,13732.845252
207,41,13494.182619
207,43,13491.659748
207,44,13358.134145
207,46,12823.361926
207,49,12775.449574
207,50,12617.689688
207,51,12579.681487
207,52,12377.322673
207,56,12314.836713
208,37,13990.684648
208,38,13782.752572
208,40,13732.845252
208,41,13494.182619
208,43,13491.659748
208,44,13358.134145
208,46,12823.361926
208,49,12634.421595
208,50,12617.689688
208,51,12579.681487
208,52,12377.322673
208,56,12314.836713
209,37,13919.984988
209,38,13782.752572
209,40,13732.845252
209,41,13489.920396
209,43,13462.794457
209,44,13356.618104
209,46,12814.213820
209,47,12743.492596
209,49,12618.124321
209,50,12604.911552
209,51,12565.068184
209,52,12367.616395
209,56,12314.836713
210,37,13919.984988
210,38,13782.752572
210,40,13732.845252
210,41,13421.754027
210,44,13356.618104
210,46,12814.213820
210,47,12743.492596
210,49,12618.124321
210,50,12604.911552
210,51,12565.068184
210,52,12367.616395
210,56,12314.836713
211,37,13919.984988
211,38,13782.752572
211,39,13577.458470
211,41,13413.865652
211,44,13353.870572
211,45,13160.998946
211,46,12814.213820
211,47,12731.573415
211,49,12591.127508
211,51,12556.167374
211,52,12305.927003
211,56,12264.093733
212,37,13919.984988
212,38,13782.752572
212,39,13577.458470
212,41,13413.865652
212,44,13353.870572
212,45,13160.998946
212,46,12814.213820
212,47,12731.573415
212,49,12591.127508
212,51,12556.167374
212,52,12305.927003
212,56,12264.093733
213,37,13919.984988
213,38,13782.752572
213,39,13577.458470
213,40,13555.629047
213,41,13413.865652
213,43,13173.822317
213,45,13147.597918
213,46,12806.298413
213,47,12731.573415
213,49,12574.826926
213,51,12528.138378
213,52,12255.998368
214,37,13919.984988
214,38,13782.752572
214,39,13570.007283
214,40,13555.629047
214,41,13413.865652
214,43,13173.822317
214,45,12804.908410
214,47,12731.573415
214,49,12574.826926
214,51,12528.138378
214,52,12255.998368
215,37,13879.120988
215,38,13776.123405
215,39,13561.231398
215,40,13555.629047
215,41,13387.511873
215,43,13173.822317
215,44,12787.861448
215,47,12731.573415
215,49,12539.822094
215,51,12511.633138
215,52,12255.998368
216,37,13879.120988
216,38,13776.123405
216,39,13561.231398
216,40,13555.629047
216,41,13387.511873
216,43,13173.822317
216,44,12787.861448
216,47,12731.573415
216,49,12539.822094
216,51,12464.855491
216,52,12255.998368
217,37,13879.120988
217,38,13763.724280
217,39,13539.807462
217,40,13467.937049
217,41,13350.402527
217,43,13173.822317
217,44,12787.861448
217,47,12706.273125
217,49,12520.826140
217,51,12464.218412
217,52,12255.998368
218,37,13879.120988
218,38,13763.724280
218,39,13539.807462
218,40,13467.937049
218,41,13350.402527
218,43,13173.822317
218,44,12787.861448
218,47,12569.779330
218,49,12520.826140
218,51,12464.218412
218,52,12255.998368
219,37,13879.120988
219,38,13763.724280
219,39,13527.748441
219,40,13398.619055
219,41,13310.958408
219,43,13134.599705
219,44,12749.551644
219,47,12569.775783
219,49,12520.826140
219,50,12508.342208
219,51,12464.218412
219,52,12236.742741
220,37,13879.120988
220,38,13672.050366
220,39,13527.748441
220,40,13398.619055
220,41,13310.958408
220,43,13134.599705
220,44,12749.551644
220,47,12569.775783
220,49,12520.826140
220,50,12508.342208
220,51,12464.218412
220,52,12236.742741
221,37,13861.561719
221,38,13598.178094
221,39,13527.748441
221,40,13384.221619
221,41,13287.070769
221,43,13117.465274
221,44,12749.551644
221,47,12569.775783
221,49,12495.392463
221,51,12450.825762
221,52,12215.212006
222,37,13861.561719
222,38,13598.178094
222,39,13527.748441
222,40,13384.221619
222,41,13287.070769
222,43,13117.465274
222,44,12749.551644
222,47,12528.112753
222,49,12495.392463
222,51,12450.825762
222,52,12215.212006
223,36,14384.725740
223,37,13861.561719
223,38,13581.512199
223,39,13474.880122
223,40,13298.865720
223,41,13287.070769
223,43,13117.465274
223,44,12749.551644
223,47,12528.112753
223,49,12495.392463
223,51,12450.825762
223,52,12215.212006
224,36,14384.725740
224,37,13840.224845
224,38,13581.512199
224,39,13474.880122
224,40,13298.865720
224,41,13287.070769
224,42,13236.358613
224,43,13117.465274
224,44,12749.551644
224,47,12515.678898
224,49,12495.392463
224,51,12450.825762
224,52,12215.212006
224,55,12197.165738
224,59,12180.551799
225,36,14384.725740
225,37,13840.224845
225,38,13581.512199
225,39,13474.880122
225,40,13298.865720
225,41,13287.070769
225,42,13156.055060
225,43,13003.631800
225,44,12699.960284
225,47,12515.678898
225,48,12461.386056
225,51,12450.825762
225,52,12215.212006
225,55,12193.753031
225,56,12192.165725
225,59,12180.551799
226,36,14384.725740
226,37,13840.224845
226,38,13581.512199
226,39,13474.880122
226,40,13298.865720
226,41,13287.070769
226,42,13156.055060
226,43,13003.631800
226,44,12699.960284
226,47,12515.678898
226,48,12461.386056
226,51,12450.825762
226,52,12215.212006
226,55,12193.753031
226,56,12192.165725
226,58,12168.087386
227,36,14384.725740
227,37,13840.224845
227,38,13580.749795
227,39,13474.880122
227,40,13298.865720
227,41,13287.070769
227,42,13156.055060
227,43,12982.101064
227,44,12691.725643
227,47,12495.763548
227,48,12461.386056
227,51,12450.825762
227,52,12190.811894
227,56,12180.365892
227,57,12161.846110
228,36,14384.725740
228,37,13840.224845
228,38,13580.749795
228,39,13474.880122
228,40,13298.865720
228,41,13195.197414
228,42,13156.055060
228,43,12982.101064
228,44,12691.725643
228,47,12495.763548
228,48,12461.386056
228,49,12347.916627
228,52,12190.811894
228,56,12180.365892
228,57,12161.846110
229,36,14384.725740
229,37,13840.224845
229,38,13580.749795
229,39,13414.849593
229,40,13298.865720
229,41,13186.019728
229,42,13129.681400
229,43,12661.101142
229,47,12460.639283
229,48,12432.106821
229,49,12335.820893
229,52,12160.810030
229,57,12147.923681
230,36,14384.725740
230,37,13463.296987
230,39,13414.849593
230,40,13298.865720
230,41,13186.019728
230,42,13129.681400
230,43,12661.101142
230,47,12460.639283
230,48,12432.106821
230,49,12335.820893
230,52,12160.810030
230,57,12147.923681
231,36,14384.725740
231,37,13364.194567
231,40,13287.853512
231,41,13182.317279
231,42,13129.681400
231,43,12628.472117
231,47,12391.938082
231,49,12295.590127
231,52,12160.810030
231,57,12147.923681
231,59,12124.211381
232,36,14384.725740
232,37,13364.194567
232,40,13287.853512
232,41,13182.317279
232,42,13129.681400
232,43,12628.472117
232,47,12391.938082
232,49,12295.590127
232,51,12159.514277
232,52,12153.488244
232,57,12147.923681
232,59,12124.211381
233,36,14384.725740
233,37,13364.194567
233,40,13268.084040
233,41,13118.027526
233,43,12609.216490
233,47,12391.938082
233,49,12295.590127
233,50,12117.609973
234,36,14384.725740
234,37,13364.194567
234,39,13227.357762
234,41,13118.027526
234,42,13082.720237
234,43,12609.216490
234,47,12391.938082
234,49,12295.590127
234,50,12117.609973
235,36,14344.873134
235,37,13358.063929
235,39,13227.357762
235,40,13129.072506
235,41,13107.396752
235,42,13082.720237
235,43,12609.216490
235,47,12358.388872
235,49,12295.590127
235,50,12117.609973
236,35,13447.998685
236,37,13358.063929
236,39,13227.357762
236,40,13129.072506
236,41,13107.396752
236,42,13082.720237
236,43,12609.216490
236,46,12559.471664
236,47,12358.388872
236,49,12295.590127
236,50,12117.609973
237,35,13396.517756
237,37,13358.063929
237,39,13123.198746
237,41,13079.682855
237,42,13019.134430
237,43,12607.444207
237,46,12435.938867
237,47,12358.388872
237,49,12295.590127
237,50,12097.484741
237,54,12011.712452
238,35,13396.517756
238,37,13358.063929
238,39,13123.198746
238,41,13079.682855
238,42,12938.286534
238,43,12607.444207
238,46,12435.938867
238,47,12358.388872
238,49,12295.590127
238,50,12097.484741
238,54,12011.712452
239,35,13396.517756
239,37,13358.063929
239,39,13123.198746
239,41,13014.134685
239,42,12938.286534
239,43,12597.445026
239,44,12593.175432
239,46,12432.685143
239,47,12335.933186
239,49,12286.339893
239,50,12073.924813
239,54,12011.712452
240,35,13396.517756
240,37,13228.496365
240,39,13123.198746
240,40,13022.775247
240,41,13014.134685
240,42,12938.286534
240,43,12597.445026
240,44,12593.175432
240,46,12432.685143
240,47,12335.933186
240,49,12286.339893
240,50,12073.924813
240,54,12011.712452
241,35,13396.517756
241,37,13228.496365
241,38,13209.275159
241,39,13085.346101
241,40,13022.261550
241,41,13014.134685
241,42,12938.286534
241,43,12597.445026
241,44,12591.944483
241,46,12378.311685
241,47,12282.323176
241,50,12071.562351
241,54,12004.139036
242,35,13396.517756
242,37,13176.930013
242,39,13085.346101
242,40,13022.261550
242,41,13014.134685
242,42,12938.286534
242,43,12597.445026
242,44,12591.944483
242,46,12378.311685
242,47,12282.323176
242,50,12071.562351
242,54,12004.139036
243,35,13396.517756
243,36,13358.788861
243,37,13176.930013
243,39,13018.646051
243,40,12962.296722
243,42,12938.286534
243,43,12597.445026
243,44,12585.383521
243,46,12378.311685
243,47,12226.751555
243,50,12068.017172
243,54,11939.241668
244,35,13396.517756
244,36,13358.788861
244,37,13176.930013
244,39,13018.646051
244,40,12962.296722
244,42,12938.286534
244,43,12597.445026
244,44,12585.383521
244,46,12378.311685
244,47,12226.751555
244,50,12068.017172
244,54,11939.241668
245,34,13873.641407
245,35,13396.517756
245,36,13347.662350
245,37,13176.930013
245,39,12949.166546
245,40,12930.923598
245,43,12550.993992
245,46,12378.311685
245,47,12226.751555
245,50,12005.821428
245,54,11939.241668
246,34,13873.641407
246,35,13396.517756
246,36,13347.662350
246,37,13176.930013
246,39,12949.166546
246,40,12930.923598
246,43,12550.993992
246,46,12378.311685
246,47,12226.751555
246,50,11984.707599
246,54,11939.241668
247,34,13873.641407
247,35,13382.822932
247,36,13346.111245
247,37,13176.930013
247,39,12914.670856
247,40,12867.725427
247,42,12488.577227
247,46,12301.987461
247,47,12216.014993
247,50,11984.707599
247,54,11938.675707
248,34,13873.641407
248,35,13382.822932
248,36,13346.111245
248,37,13176.930013
248,39,12914.670856
248,40,12867.725427
248,42,12488.577227
248,46,12301.987461
248,47,12170.877866
248,48,12118.064369
248,49,11990.733632
248,50,11984.707599
248,54,11938.675707
249,34,13873.641407
249,35,13382.822932
249,36,13338.986664
249,37,13176.930013
249,39,12914.670856
249,40,12867.725427
249,42,12470.024758
249,45,12425.932308
249,46,12288.905684
249,47,12170.877866
249,48,12118.064369
249,49,11990.733632
249,50,11961.291156
249,53,11927.456281
250,34,13873.641407
250,35,13365.230478
250,36,13338.986664
250,37,13176.930013
250,39,12914.670856
250,40,12867.725427
250,42,12470.024758
250,43,12187.272767
250,47,12011.035408
250,49,11990.733632
250,50,11961.291156
250,53,11927.456281
251,34,13873.641407
251,35,13365.230478
251,36,13315.895505
251,37,13136.944197
251,39,12901.044376
251,40,12867.725427
251,42,12470.024758
251,43,12177.414306
251,47,12011.035408
251,49,11946.185730
251,53,11916.251463
252,34,13777.606377
252,35,13365.230478
252,36,13188.759238
252,37,13136.944197
252,38,13037.563704
252,39,12901.044376
252,40,12867.725427
252,42,12470.024758
252,43,12177.414306
252,47,12011.035408
252,49,11946.185730
252,53,11916.251463
253,34,13777.606377
253,35,13342.107983
253,36,13188.571061
253,37,13110.273585
253,38,12968.138700
253,39,12901.044376
253,40,12834.577807
253,42,12450.315342
253,43,12165.831538
253,47,12008.314592
253,49,11946.185730
253,53,11916.251463
254,34,13777.606377
254,35,13342.107983
254,36,13188.571061
254,37,13110.273585
254,38,12968.138700
254,39,12901.044376
254,40,12834.577807
254,42,12450.315342
254,43,12165.831538
254,47,12008.314592
254,49,11946.185730
254,53,11916.251463
255,34,13307.529280
255,35,13209.792726
255,36,13155.834690
255,37,13083.334147
255,38,12968.138700
255,39,12896.397963
255,40,12760.873697
255,42,12450.315342
255,43,12165.831538
255,47,12006.161316
255,49,11946.185730
255,53,11912.377683
256,34,13307.529280
256,35,13209.792726
256,36,13155.834690
256,37,13083.334147
256,38,12962.175432
256,39,12896.397963
256,40,12760.873697
256,42,12450.315342
256,43,12165.831538
256,47,12006.161316
256,49,11946.185730
256,53,11912.377683
257,34,13307.529280
257,35,13209.792726
257,36,13148.923512
257,37,12990.130325
257,38,12961.745026
257,39,12890.456285
257,40,12755.443415
257,42,12450.315342
257,43,12165.831538
257,47,12005.862512
257,49,11946.185730
257,53,11912.377683
258,34,13256.012688
258,35,13209.792726
258,36,13148.923512
258,37,12990.130325
258,38,12955.039465
258,39,12890.456285
258,40,12755.443415
258,42,12450.315342
258,43,12165.831538
258,46,12148.942714
258,47,12005.862512
258,49,11946.185730
258,50,11942.321987
258,53,11912.377683
259,33,14326.263182
259,34,13256.012688
259,35,13209.792726
259,36,13130.559437
259,37,12990.130325
259,38,12888.932741
259,40,12755.443415
259,42,12450.315342
259,43,12125.546288
259,47,11986.606885
259,49,11926.764273
259,50,11908.137344
260,33,13836.069725
260,34,13256.012688
260,35,13209.792726
260,36,13081.545335
260,37,12990.130325
260,38,12888.932741
260,39,12801.486305
260,40,12755.443415
260,42,12450.315342
260,43,12125.546288
260,47,11986.606885
260,49,11926.764273
260,50,11908.137344
261,33,13836.069725
261,34,13256.012688
261,35,13209.792726
261,36,13081.545335
261,37,12990.130325
261,38,12872.202307
261,39,12774.490519
261,40,12730.142094
261,42,12450.315342
261,43,12124.547849
261,44,11988.226140
261,47,11985.063280
261,48,11922.315774
261,50,11908.137344
262,33,13795.494184
262,34,13256.012688
262,35,13209.792726
262,36,13081.545335
262,37,12990.130325
262,38,12872.202307
262,39,12774.490519
262,40,12725.496095
262,42,12450.315342
262,43,12124.547849
262,44,11988.226140
262,47,11985.063280
262,48,11922.315774
262,50,11908.137344
263,33,13795.494184
263,34,13256.012688
263,35,13209.792726
263,36,13081.545335
263,37,12976.754348
263,38,12868.815165
263,39,12735.348008
263,40,12724.262391
263,42,12450.315342
263,43,12124.547849
263,44,11988.226140
263,47,11985.063280
263,48,11922.315774
263,50,11908.137344
264,33,13795.494184
264,34,13256.012688
264,35,13125.397018
264,36,13081.545335
264,37,12976.754348
264,38,12868.815165
264,39,12735.348008
264,40,12724.262391
264,42,12450.315342
264,43,12124.547849
264,44,11988.226140
264,47,11959.372192
264,48,11922.315774
264,50,11908.137344
265,33,13795.494184
265,34,13178.034692
265,35,13113.234558
265,36,12832.464756
265,39,12735.348008
265,40,12719.594860
265,42,12387.148271
265,43,12124.179151
265,44,11988.226140
265,47,11920.614724
265,50,11905.956834
266,33,13795.494184
266,34,13178.034692
266,35,13113.234558
266,36,12832.464756
266,38,12761.978406
266,39,12735.348008
266,40,12719.594860
266,42,12387.148271
266,43,12124.179151
266,44,11988.226140
266,46,11903.831426
267,33,13795.494184
267,34,13108.902818
267,35,13105.102899
267,36,12830.328050
267,38,12743.007337
267,39,12735.348008
267,40,12680.608980
267,42,12387.148271
267,43,12124.179151
267,44,11974.449299
267,46,11903.831426
268,32,13413.117558
268,34,13108.902818
268,35,13007.389003
268,36,12830.328050
268,38,12743.007337
268,39,12735.348008
268,40,12680.608980
268,42,12387.148271
268,43,12124.179151
268,44,11974.449299
268,46,11903.831426
269,32,13413.117558
269,34,13108.902818
269,35,12980.592716
269,36,12830.328050
269,38,12715.575640
269,39,12705.477668
269,40,12680.608980
269,42,12330.751565
269,43,12124.179151
269,44,11974.449299
269,46,11890.430398
269,48,11887.133779
270,32,13370.222316
270,34,13108.902818
270,35,12980.592716
270,36,12830.328050
270,37,12773.714355
270,38,12715.575640
270,39,12705.477668
270,40,12680.608980
270,42,12147.407565
270,43,12124.179151
270,44,11974.449299
270,46,11890.430398
270,48,11863.979572
271,32,13370.222316
271,33,13343.797918
271,34,13108.902818
271,35,12980.592716
271,36,12823.230672
271,37,12773.714355
271,38,12715.575640
271,39,12702.534794
271,40,12671.092888
271,42,12147.344529
271,43,12124.179151
271,44,11974.153307
271,46,11885.359589
271,48,11863.979572
271,49,11801.409839
272,32,13370.222316
272,33,13343.797918
272,34,13108.902818
272,35,12980.592716
272,36,12723.053210
272,38,12715.575640
272,39,12702.534794
272,40,12671.092888
272,42,12147.344529
272,43,12124.179151
272,44,11974.153307
272,46,11885.359589
272,48,11863.979572
272,49,11801.409839
273,32,13370.222316
273,33,13214.844722
273,34,13108.902818
273,35,12980.592716
273,36,12723.053210
273,38,12715.575640
273,39,12674.112474
273,40,12671.092888
273,42,12147.344529
273,43,12097.194969
273,44,11970.518830
273,46,11871.313503
273,48,11863.979572
273,49,11801.409839
274,32,13370.222316
274,33,13214.844722
274,34,13108.902818
274,35,12980.592716
274,36,12723.053210
274,38,12715.575640
274,39,12674.112474
274,40,12671.092888
274,41,12569.674208
274,42,12147.344529
274,43,12097.194969
274,44,11970.518830
274,46,11871.313503
274,48,11863.979572
274,49,11801.409839
275,32,13370.222316
275,33,13214.844722
275,34,13108.902818
275,35,12980.592716
275,36,12723.053210
275,38,12715.575640
275,39,12674.112474
275,40,12671.092888
275,41,12564.091157
275,42,12096.013375
275,43,12094.278117
275,44,11967.185508
275,46,11871.313503
275,48,11863.979572
275,49,11801.113847
276,32,13370.222316
276,33,13214.844722
276,34,13108.902818
276,35,12980.592716
276,36,12723.053210
276,38,12709.684673
276,39,12674.112474
276,40,12578.228552
276,41,12564.091157
276,42,12096.013375
276,43,12094.278117
276,44,11967.185508
276,45,11894.208129
276,46,11810.962752
276,49,11801.113847
277,32,13370.222316
277,33,13186.527400
277,34,13108.902818
277,35,12980.592716
277,36,12723.053210
277,38,12709.684673
277,39,12593.126315
277,40,12578.228552
277,41,12555.451820
277,42,12087.772203
277,44,11965.458601
277,45,11892.099177
277,46,11810.174686
277,49,11800.355113
278,32,13283.777784
278,33,13186.527400
278,34,13108.902818
278,35,12980.592716
278,36,12723.053210
278,38,12709.684673
278,39,12500.823778
278,41,12440.123552
278,42,12087.772203
278,44,11965.458601
278,45,11892.099177
278,46,11810.174686
278,49,11800.355113
279,32,13283.777784
279,33,13186.527400
279,34,13108.902818
279,35,12922.642977
279,36,12713.843259
279,38,12709.684673
279,39,12500.823778
279,41,12440.123552
279,42,12087.772203
279,44,11961.190905
279,45,11889.348419
279,46,11810.174686
279,49,11787.590291
280,32,13283.777784
280,33,13186.527400
280,34,13108.902818
280,35,12922.642977
280,36,12713.843259
280,38,12709.684673
280,39,12500.823778
280,41,12440.123552
280,42,12087.772203
280,44,11918.883296
280,45,11889.348419
280,46,11810.174686
280,49,11787.590291
281,32,13283.777784
281,33,13111.550126
281,34,13088.753384
281,35,12922.642977
281,36,12672.691001
281,39,12500.823778
281,41,12418.211483
281,42,12087.772203
281,44,11918.883296
281,45,11889.348419
281,46,11783.195942
282,32,13283.777784
282,33,13111.550126
282,34,13088.753384
282,35,12922.642977
282,36,12672.691001
282,39,12500.823778
282,41,12418.211483
282,42,12087.772203
282,44,11918.883296
282,45,11889.348419
282,46,11783.195942
283,32,13283.777784
283,33,13111.550126
283,34,13069.395625
283,35,12907.211530
283,36,12650.933838
283,39,12493.437175
283,40,12464.180054
283,41,12397.054362
283,42,12087.772203
283,44,11902.975391
283,45,11888.414927
283,46,11783.195942
284,32,13283.777784
284,33,13111.550126
284,34,13069.395625
284,35,12907.211530
284,36,12650.933838
284,39,12493.437175
284,40,12464.180054
284,41,12397.054362
284,42,12087.772203
284,44,11902.975391
284,45,11888.414927
284,46,11783.195942
285,32,13283.777784
285,33,13111.550126
285,34,13063.468636
285,35,12907.211530
285,36,12650.933838
285,39,12493.437175
285,40,12447.850255
285,41,12389.667759
285,42,12051.575261
285,44,11901.139054
285,45,11840.781593
285,46,11783.195942
286,32,13283.777784
286,33,13111.550126
286,34,13063.468636
286,35,12907.211530
286,36,12650.933838
286,39,12493.437175
286,40,12447.850255
286,41,12389.667759
286,42,12051.575261
286,44,11901.139054
286,45,11840.781593
286,46,11783.195942
287,32,13283.777784
287,33,13111.550126
287,34,13057.555258
287,35,12902.084748
287,36,12650.933838
287,39,12493.437175
287,40,12447.850255
287,41,12389.667759
287,42,12051.575261
287,44,11901.139054
287,45,11840.781593
287,46,11780.422467
288,32,13206.175817
288,33,13111.550126
288,34,13057.555258
288,35,12827.191311
288,36,12650.933838
288,39,12493.437175
288,40,12447.850255
288,41,12389.667759
288,42,12051.575261
288,44,11859.459607
288,45,11840.781593
288,46,11780.422467
288,47,11777.894969
289,32,13206.175817
289,33,13023.596355
289,35,12827.191311
289,36,12644.745094
289,39,12492.811296
289,40,12443.618984
289,41,12323.423816
289,42,12051.575261
289,44,11817.962716
289,45,11801.852519
289,46,11780.422467
289,47,11777.894969
290,32,13206.175817
290,33,13023.596355
290,35,12827.191311
290,36,12644.745094
290,38,12607.657012
290,39,12492.811296
290,40,12443.618984
290,41,12323.423816
290,42,12051.575261
290,43,11879.874289
290,44,11817.962716
290,45,11801.852519
290,46,11780.422467
290,47,11777.894969
291,32,13175.348110
291,33,13023.596355
291,35,12827.191311
291,36,12644.745094
291,38,12576.124636
291,39,12492.811296
291,40,12412.413663
291,41,12323.423816
291,42,12043.066657
291,43,11858.940979
291,44,11809.282526
291,45,11801.852519
291,46,11780.422467
291,47,11777.894969
292,32,13175.348110
292,33,13023.596355
292,35,12827.191311
292,36,12644.745094
292,38,12572.409663
292,39,12492.811296
292,40,12412.413663
292,41,12323.423816
292,42,12043.066657
292,43,11858.940979
292,44,11809.282526
292,45,11801.852519
292,46,11780.422467
292,47,11777.894969
293,32,13175.348110
293,33,13023.596355
293,35,12827.191311
293,36,12644.745094
293,37,12635.884530
293,38,12572.409663
293,39,12492.811296
293,40,12412.413663
293,41,12323.423816
293,42,12043.066657
293,43,11858.365436
293,44,11809.282526
293,45,11796.297213
293,46,11780.422467
293,47,11777.894969
294,32,13175.348110
294,33,13022.748890
294,35,12827.191311
294,36,12644.745094
294,37,12635.884530
294,38,12572.409663
294,39,12492.811296
294,40,12112.079523
294,42,12043.066657
294,43,11858.365436
294,44,11809.282526
294,45,11796.297213
294,46,11780.422467
294,47,11777.894969
295,32,13175.348110
295,33,13022.748890
295,35,12827.191311
295,36,12644.745094
295,37,12610.846831
295,38,12572.409663
295,39,12491.975742
295,40,12111.692931
295,42,12037.950461
295,43,11844.616246
295,44,11797.219505
295,45,11794.559002
295,46,11780.422467
295,47,11777.894969
295,53,11776.596235
296,32,13175.348110
296,33,13022.748890
296,35,12827.191311
296,36,12644.745094
296,37,12610.846831
296,38,12564.611020
296,39,12491.975742
296,40,12111.692931
296,42,12037.950461
296,43,11844.616246
296,44,11797.219505
296,45,11794.559002
296,46,11780.422467
296,47,11777.894969
296,53,11776.596235
297,31,13469.481131
297,32,13175.348110
297,33,12978.403084
297,35,12827.191311
297,36,12644.745094
297,37,12610.846831
297,38,12564.611020
297,39,12465.499217
297,40,12111.692931
297,42,12036.223553
297,43,11823.328817
297,44,11783.611363
297,46,11780.422467
297,47,11777.894969
297,52,11736.191242
298,31,13469.481131
298,32,13175.348110
298,33,12978.403084
298,35,12827.191311
298,36,12644.745094
298,37,12610.846831
298,38,12564.611020
298,39,12465.499217
298,40,12111.692931
298,42,12036.223553
298,43,11793.325464
298,44,11783.611363
298,46,11780.422467
298,47,11777.894969
298,52,11736.191242
299,31,13469.481131
299,32,13175.348110
299,33,12978.403084
299,35,12827.191311
299,36,12644.745094
299,37,12610.537233
299,38,12564.611020
299,39,12421.330702
299,40,12109.856594
299,42,12036.223553
299,43,11780.156709
299,47,11753.543097
299,52,11736.191242
300,31,13469.481131
300,32,13171.278672
300,33,12978.403084
300,35,12827.191311
300,36,12644.745094
300,37,12610.537233
300,38,12546.099396
300,39,12421.330702
300,40,12109.856594
300,42,12036.223553
300,43,11780.156709
300,47,11730.343015
301,31,13359.608765
301,32,13171.278672
301,33,12953.032235
301,34,12806.854471
301,36,12644.745094
301,37,12610.537233
301,38,12524.195933
301,39,12416.663171
301,40,12109.856594
301,42,12036.223553
301,43,11763.718314
301,47,11730.343015
302,31,13359.608765
302,32,13171.278672
302,33,12953.032235
302,34,12806.854471
302,35,12729.598183
302,36,12644.745094
302,37,12610.537233
302,38,12524.195933
302,39,12416.663171
302,40,12109.856594
302,42,12036.223553
302,43,11763.718314
302,47,11730.343015
303,31,13359.608765
303,32,13171.278672
303,33,12953.032235
303,34,12806.854471
303,35,12711.959651
303,36,12623.191976
303,37,12603.471055
303,38,12524.195933
303,39,12416.663171
303,40,12095.938068
303,42,12036.223553
303,43,11746.372253
303,47,11730.343015
304,31,13359.608765
304,32,13171.278672
304,33,12946.391520
304,34,12806.854471
304,35,12711.959651
304,36,12623.191976
304,37,12603.471055
304,38,12524.195933
304,39,12416.663171
304,40,12095.938068
304,42,12036.223553
304,43,11746.372253
304,47,11730.343015
305,31,13359.608765
305,32,13171.278672
305,33,12946.391520
305,34,12806.854471
305,35,12711.959651
305,36,12623.191976
305,37,12603.471055
305,38,12524.195933
305,39,12415.933727
305,40,12095.938068
305,42,12032.186588
305,43,11737.110027
305,47,11730.343015
306,31,13359.608765
306,32,13171.278672
306,33,12946.391520
306,34,12806.854471
306,35,12711.959651
306,36,12623.191976
306,37,12603.471055
306,38,12524.195933
306,39,12415.933727
306,40,12095.938068
306,42,11893.678349
306,43,11737.110027
306,47,11730.343015
307,31,13359.608765
307,32,13171.278672
307,33,12945.673009
307,34,12806.854471
307,35,12710.572840
307,36,12607.096391
307,37,12494.411814
307,39,12415.933727
307,40,12087.039955
307,42,11893.615313
307,43,11726.811132
308,31,13332.759647
308,32,13156.257785
308,33,12945.673009
308,34,12806.854471
308,35,12710.572840
308,36,12607.096391
308,37,12494.411814
308,39,12415.933727
308,40,12087.039955
308,42,11893.615313
308,43,11726.811132
309,31,13332.759647
309,32,13156.257785
309,33,12945.673009
309,34,12806.854471
309,35,12673.325210
309,36,12555.084808
309,37,12482.933322
309,39,12400.080890
309,40,12077.394339
309,42,11884.113503
309,43,11726.811132
310,31,13332.759647
310,32,13156.257785
310,33,12945.673009
310,34,12806.854471
310,35,12673.325210
310,36,12555.084808
310,37,12482.933322
310,39,12400.080890
310,40,12077.394339
310,42,11884.113503
310,43,11726.811132
311,31,13332.759647
311,32,13145.763105
311,33,12914.244145
311,34,12806.854471
311,35,12588.173077
311,36,12555.084808
311,37,12432.003349
311,39,12396.258734
311,40,12077.394339
311,42,11882.859851
311,43,11706.476746
312,31,13332.759647
312,32,13076.670274
312,33,12914.244145
312,34,12806.854471
312,35,12588.173077
312,36,12555.084808
312,37,12432.003349
312,39,12370.260545
312,40,12077.394339
312,42,11882.859851
312,43,11706.476746
313,31,13332.759647
313,32,12985.980445
313,33,12914.244145
313,34,12806.854471
313,35,12588.173077
313,36,12555.084808
313,37,12425.580074
313,39,12370.260545
313,40,12077.394339
313,42,11882.859851
313,43,11706.381323
314,31,13332.759647
314,32,12985.980445
314,33,12914.244145
314,34,12806.854471
314,35,12588.173077
314,36,12555.084808
314,37,12425.580074
314,39,12370.260545
314,40,12077.394339
314,42,11882.859851
314,43,11706.381323
315,31,13332.759647
315,32,12985.980445
315,33,12907.843387
315,34,12779.936419
315,35,12560.371759
315,36,12523.703488
315,37,12424.258200
315,39,12364.626792
315,40,12073.655312
315,42,11879.133648
315,43,11706.381323
316,31,13332.759647
316,32,12985.980445
316,33,12907.843387
316,34,12779.936419
316,35,12560.371759
316,36,12523.703488
316,37,12424.258200
316,38,12346.379227
316,40,12073.655312
316,42,11879.133648
316,43,11706.381323
317,31,13328.959916
317,32,12942.479003
317,33,12907.843387
317,34,12478.863473
317,37,12418.205551
317,38,12336.623765
317,40,12073.655312
317,42,11879.133648
317,43,11706.381323
318,31,13328.959916
318,32,12942.479003
318,33,12907.843387
318,34,12478.863473
318,37,12418.205551
318,38,12336.623765
318,40,12073.655312
318,42,11879.133648
318,43,11706.381323
319,31,13233.949357
319,32,12823.367891
319,34,12478.863473
319,37,12407.151085
319,38,12336.623765
319,40,12073.655312
319,42,11699.036484
320,31,13233.949357
320,32,12823.367891
320,34,12478.863473
320,37,12407.151085
320,38,12336.623765
320,40,12073.655312
320,42,11699.036484
321,31,13228.621870
321,32,12823.235805
321,34,12478.863473
321,37,12344.789747
321,38,12266.590670
321,39,12164.701278
321,40,12073.655312
321,42,11699.036484
322,31,13228.621870
322,32,12823.235805
322,34,12478.863473
322,37,12344.789747
322,38,12266.590670
322,39,12164.701278
322,40,12073.655312
322,42,11699.036484
