Generation,NV,TOC
1,63,28775.080288
1,69,28477.917840
1,72,27378.779551
1,74,23835.995547
1,75,23653.293453
1,79,23514.201727
1,93,21517.192450
1,99,20852.395192
1,134,19452.865354
2,63,28775.080288
2,64,28755.218544
2,66,24626.603893
2,74,23835.995547
2,75,23653.293453
2,78,23025.354003
2,80,22680.809054
2,90,21794.426871
2,92,21137.762959
2,99,20852.395192
2,112,20753.323309
2,116,20254.486181
2,120,19964.002097
2,125,19766.249155
2,127,19636.551412
2,134,19452.865354
2,144,19220.263438
2,152,19186.350029
2,156,19043.647549
2,157,18976.222915
3,61,29240.836555
3,63,28775.080288
3,64,28755.218544
3,65,26862.157854
3,66,24626.603893
3,71,22818.350372
3,80,22327.581696
3,85,21274.081735
3,89,20299.284420
3,94,20262.744738
3,106,19601.800807
3,128,19255.740194
3,133,18712.846680
4,61,29240.836555
4,63,28775.080288
4,64,28414.239357
4,65,26862.157854
4,66,24626.603893
4,67,24323.699298
4,71,22818.350372
4,75,22037.079072
4,79,21212.890184
4,84,21179.980732
4,89,20299.284420
4,94,20262.744738
4,100,19634.500272
4,106,19601.800807
4,114,19392.380291
4,118,18955.529356
4,131,18618.432952
4,134,18512.542166
5,59,26704.218241
5,65,25174.964864
5,66,24133.906959
5,71,22818.350372
5,75,22037.079072
5,76,21888.979567
5,79,21212.890184
5,84,21179.980732
5,85,21123.975623
5,89,20299.284420
5,92,19371.848273
5,98,18938.450431
5,123,18783.704570
5,124,18760.943274
5,131,18618.432952
5,133,18583.296968
5,134,18512.542166
5,137,18237.755873
6,59,26358.911560
6,61,26162.818521
6,64,24375.172841
6,66,24133.906959
6,71,22818.350372
6,74,22270.322284
6,75,22037.079072
6,76,21888.979567
6,77,20867.551146
6,83,20299.746163
6,88,19503.034100
6,91,19256.419051
6,97,18864.458019
6,119,18451.422472
6,129,17989.523833
6,150,17700.834440
7,59,26358.911560
7,61,26162.818521
7,64,24375.172841
7,66,24074.306649
7,67,23705.190808
7,71,22818.350372
7,74,22270.322284
7,75,22037.079072
7,76,21888.979567
7,77,20867.551146
7,83,20299.746163
7,88,19503.034100
7,91,19256.419051
7,95,19108.518198
7,97,18864.458019
7,109,18830.279744
7,113,18798.664516
7,118,18476.777293
7,119,18451.422472
7,120,17872.720699
7,128,17720.447672
7,136,17663.142016
8,58,22886.723395
8,71,22818.350372
8,74,22035.460243
8,75,21979.407564
8,76,21709.577195
8,77,20867.551146
8,83,20299.746163
8,88,19503.034100
8,91,19256.419051
8,95,19108.518198
8,97,18864.458019
8,98,18759.520615
8,111,18753.775553
8,114,17387.638340
9,57,23861.535149
9,58,22550.944531
9,74,22035.460243
9,75,21979.407564
9,76,21709.577195
9,77,20867.551146
9,78,19812.308121
9,88,19503.034100
9,91,19256.419051
9,93,19204.965884
9,95,19108.518198
9,97,18864.458019
9,98,18759.520615
9,107,18507.405472
9,110,18122.420514
9,114,17387.638340
9,125,17257.670337
10,57,23861.535149
10,58,22550.944531
10,61,22115.821207
10,70,21541.300711
10,76,19728.071088
10,84,18978.312681
10,88,18276.327741
10,100,17822.404048
10,110,17406.531882
10,114,17309.254179
10,125,17179.826695
11,57,23861.535149
11,58,22550.944531
11,61,22115.821207
11,69,21616.283852
11,70,21541.300711
11,75,21167.767253
11,76,19728.071088
11,77,19228.837682
11,84,18978.312681
11,88,18276.327741
11,90,18047.915875
11,100,17822.404048
11,102,17349.293398
11,106,17159.235309
11,114,17136.717690
11,125,16990.969461
12,57,23861.535149
12,58,22550.944531
12,61,22115.821207
12,65,21862.801674
12,68,21577.947417
12,70,21541.300711
12,73,20489.139653
12,76,19356.153089
12,77,19228.837682
12,81,18941.007114
12,84,18902.767998
12,85,18861.050363
12,86,18760.695473
12,87,18583.331186
12,88,18276.327741
12,90,18047.915875
12,97,17943.673219
12,100,17822.404048
12,102,17349.293398
12,106,17064.647628
12,125,16990.969461
13,57,23861.535149
13,58,22550.944531
13,61,22115.821207
13,65,21431.174775
13,70,20860.290645
13,71,20284.651161
13,75,19956.337669
13,76,19356.153089
13,77,19228.837682
13,81,18941.007114
13,84,18116.949878
13,90,18047.915875
13,93,18010.882333
13,97,17943.673219
13,100,17822.404048
13,102,17349.293398
13,104,17258.506881
13,106,17064.647628
13,114,16988.462790
14,57,23861.535149
14,58,22550.944531
14,60,21669.692200
14,65,21431.174775
14,69,21189.220194
14,70,20860.290645
14,71,20284.651161
14,73,20193.433887
14,74,18964.787537
14,79,18639.742780
14,82,18008.945337
14,90,17996.804027
14,93,17920.735368
14,94,17671.964684
14,99,17603.840614
14,102,17349.293398
14,103,17060.034412
14,106,16617.607548
15,55,22747.136760
15,58,22550.944531
15,59,21147.128101
15,66,20479.423412
15,71,19892.758082
15,74,18964.787537
15,79,18639.742780
15,81,17522.832690
15,91,17451.825345
15,98,17057.548958
15,106,16617.607548
16,55,22747.136760
16,58,22550.944531
16,59,21147.128101
16,65,20689.485725
16,66,20479.423412
16,69,20099.462798
16,71,19892.758082
16,72,19745.579207
16,74,18964.787537
16,79,18639.742780
16,81,17522.832690
16,91,17451.825345
16,93,17182.299370
16,95,17074.796470
16,96,17029.004142
16,106,16617.607548
16,107,16600.600205
17,55,22747.136760
17,58,22550.944531
17,59,21147.128101
17,65,20689.485725
17,66,20479.423412
17,67,19773.257845
17,72,19745.579207
17,74,18964.787537
17,79,18639.742780
17,81,17522.832690
17,88,17238.344815
17,93,17182.299370
17,95,17074.796470
17,96,17029.004142
17,106,16617.607548
17,107,16600.600205
18,55,22747.136760
18,58,22550.944531
18,59,21147.128101
18,63,20897.569863
18,65,20511.832739
18,66,20479.423412
18,67,19773.257845
18,72,18695.230742
18,74,18344.006707
18,81,17442.093890
18,87,17104.905820
18,91,16882.028414
18,96,16658.193410
18,105,16560.056775
19,55,22747.136760
19,58,21891.475753
19,59,21147.128101
19,63,20897.569863
19,65,20511.832739
19,66,19872.620036
19,67,19552.601088
19,72,18695.230742
19,74,18344.006707
19,81,17442.093890
19,83,17042.812743
19,88,16836.582621
19,95,16775.059470
19,96,16658.193410
19,103,16526.992303
20,55,22747.136760
20,57,21903.275179
20,58,21891.475753
20,59,19622.185213
20,67,19552.601088
20,69,19523.047244
20,72,18695.230742
20,74,18344.006707
20,80,17373.389384
20,83,17042.812743
20,88,16836.582621
20,95,16498.943312
21,55,22747.136760
21,57,21726.551114
21,59,19622.185213
21,67,19552.601088
21,69,19523.047244
21,70,19386.849673
21,72,18695.230742
21,74,18344.006707
21,80,17373.389384
21,83,17042.812743
21,88,16836.582621
21,95,16498.943312
22,54,25560.030361
22,55,22747.136760
22,57,21726.551114
22,59,19622.185213
22,67,19552.601088
22,68,19191.976855
22,70,18678.850053
22,71,18543.037623
22,73,18339.328119
22,78,17301.780575
22,82,16994.104291
22,88,16836.582621
22,89,16503.720998
22,95,16420.174459
23,54,25560.030361
23,55,22747.136760
23,57,21726.551114
23,59,19622.185213
23,67,19552.601088
23,68,19191.976855
23,70,18678.850053
23,71,18543.037623
23,73,18339.328119
23,75,18336.666382
23,76,18326.414394
23,78,17301.780575
23,82,16994.104291
23,87,16641.573833
23,89,16503.720998
23,95,16420.174459
23,103,16258.736235
24,54,25560.030361
24,55,21803.598813
24,57,21726.551114
24,59,19622.185213
24,65,19489.026916
24,68,19191.976855
24,70,18678.850053
24,71,18543.037623
24,72,17775.481551
24,76,17587.748108
24,78,17301.780575
24,82,16994.104291
24,87,16641.573833
24,89,16503.720998
24,92,16450.030165
24,95,16420.174459
24,99,16362.574634
24,103,16258.736235
25,54,25560.030361
25,55,21803.598813
25,57,21726.551114
25,59,19622.185213
25,65,19489.026916
25,68,19191.976855
25,70,18678.850053
25,71,18543.037623
25,72,17775.481551
25,76,17587.748108
25,78,17301.780575
25,82,16994.104291
25,87,16641.573833
25,89,16503.720998
25,92,16450.030165
25,95,16420.174459
25,99,16362.574634
25,103,16258.736235
26,54,25560.030361
26,55,21803.598813
26,57,21726.551114
26,59,19622.185213
26,65,19489.026916
26,68,19191.976855
26,70,18678.850053
26,71,18543.037623
26,72,17775.481551
26,76,17587.748108
26,78,17301.780575
26,82,16994.104291
26,87,16641.573833
26,89,16503.720998
26,92,16450.030165
26,95,16420.174459
26,99,16362.574634
26,103,16258.736235
27,54,22539.192341
27,55,21803.598813
27,57,21726.551114
27,59,19622.185213
27,65,19489.026916
27,68,19191.976855
27,70,18678.850053
27,71,18543.037623
27,72,17775.481551
27,75,17203.166656
27,82,16994.104291
27,84,16551.167480
27,89,16503.720998
27,92,16450.030165
27,95,16420.174459
27,99,16362.574634
27,103,16258.736235
27,104,16243.364598
28,54,22539.192341
28,55,21128.631628
28,59,19622.185213
28,65,19489.026916
28,68,19191.976855
28,70,18678.850053
28,71,18543.037623
28,72,17586.193702
28,75,17203.166656
28,76,16997.434750
28,80,16876.487780
28,84,16471.271192
28,92,16408.850199
28,94,16298.323449
28,98,16253.811569
28,102,16208.044371
28,104,16166.756601
29,54,22539.192341
29,55,21128.631628
29,59,19622.185213
29,65,19489.026916
29,68,19191.976855
29,70,18678.850053
29,71,17613.141462
29,72,17586.193702
29,75,17203.166656
29,76,16997.434750
29,80,16876.487780
29,84,16471.271192
29,92,16408.850199
29,94,16157.915614
30,54,22539.192341
30,55,21128.631628
30,56,20036.564798
30,59,19622.185213
30,65,19489.026916
30,68,19191.976855
30,70,18678.850053
30,71,17613.141462
30,72,17586.193702
30,75,17203.166656
30,76,16997.434750
30,80,16876.487780
30,83,16792.648378
30,84,16471.271192
30,89,16264.493303
30,94,16157.915614
31,53,22503.374358
31,55,21128.631628
31,56,20036.564798
31,59,19622.185213
31,65,19489.026916
31,66,19436.759105
31,68,19191.976855
31,70,18678.850053
31,71,17613.141462
31,72,17586.193702
31,75,17203.166656
31,76,16997.434750
31,80,16876.487780
31,83,16792.648378
31,84,16471.271192
31,89,16264.493303
31,94,16157.915614
32,53,20980.856655
32,54,20452.953834
32,56,20036.564798
32,59,19622.185213
32,65,19315.222412
32,68,19191.976855
32,70,18678.850053
32,71,17486.256118
32,75,16866.407513
32,79,16768.920774
32,82,16757.404168
32,84,16255.715855
32,89,16209.362449
32,94,16022.957240
33,53,20980.856655
33,54,20452.953834
33,56,20036.564798
33,59,19622.185213
33,65,19315.222412
33,68,19191.976855
33,70,18678.850053
33,71,17486.256118
33,75,16866.407513
33,79,16768.920774
33,82,16757.404168
33,84,16255.715855
33,89,16209.362449
33,94,16022.957240
34,53,20980.856655
34,54,20452.953834
34,56,20036.564798
34,59,19622.185213
34,63,19143.884306
34,67,18651.146635
34,71,17486.256118
34,75,16866.407513
34,79,16768.920774
34,82,16757.404168
34,84,16255.715855
34,89,16209.362449
34,94,16022.957240
34,104,15935.334844
35,52,21750.958963
35,53,20980.856655
35,54,20452.953834
35,56,19955.785073
35,59,19622.185213
35,63,19143.884306
35,67,18651.146635
35,68,17880.026982
35,71,17486.256118
35,75,16866.407513
35,79,16768.920774
35,82,16757.404168
35,84,16255.715855
35,89,16209.362449
35,94,16022.957240
35,96,16011.297776
35,104,15935.334844
36,52,21750.958963
36,53,20980.856655
36,54,20316.138565
36,56,19955.785073
36,59,19622.185213
36,63,19143.884306
36,67,18651.146635
36,68,17880.026982
36,69,17755.593510
36,71,17486.256118
36,75,16660.822259
36,79,16659.731275
36,84,16255.715855
36,89,16203.739018
36,92,16065.966797
36,94,15951.054555
36,99,15928.033562
36,104,15872.381288
37,52,21750.958963
37,53,20980.856655
37,54,20316.138565
37,56,19955.785073
37,59,19622.185213
37,62,19032.190087
37,63,18853.228434
37,66,18804.782817
37,67,18270.829745
37,68,17880.026982
37,69,17755.593510
37,71,17486.256118
37,75,16660.822259
37,79,16659.731275
37,84,16255.715855
37,89,16203.739018
37,91,16102.007951
37,92,16065.966797
37,94,15951.054555
37,95,15918.259732
37,96,15890.660580
37,104,15872.381288
38,52,21750.958963
38,53,20980.856655
38,54,19698.392078
38,56,19366.288316
38,59,19298.039778
38,62,19032.190087
38,63,18853.228434
38,66,18523.941986
38,67,18270.829745
38,68,17880.026982
38,69,17755.593510
38,71,17486.256118
38,75,16655.298641
38,84,16255.715855
38,89,16203.739018
38,91,16102.007951
38,92,16065.966797
38,93,15881.070699
38,94,15873.956522
38,104,15872.381288
39,52,21750.958963
39,53,20980.856655
39,54,19698.392078
39,56,19366.288316
39,59,19298.039778
39,62,19032.190087
39,63,18853.228434
39,64,18757.445836
39,66,18523.941986
39,67,18270.829745
39,68,17880.026982
39,69,17755.593510
39,71,17486.256118
39,75,16655.298641
39,84,16255.715855
39,89,16203.739018
39,91,16102.007951
39,92,16065.966797
39,93,15881.070699
39,94,15873.956522
39,104,15872.381288
40,52,21750.958963
40,53,20980.856655
40,54,19698.392078
40,55,19551.607902
40,56,19366.288316
40,58,19037.785884
40,62,19032.190087
40,63,18591.757848
40,65,17975.498722
40,68,17880.026982
40,69,17755.593510
40,71,17384.490014
40,74,16501.875503
40,82,16239.404538
40,86,15988.761302
40,92,15852.342805
40,93,15732.700521
41,52,21750.958963
41,53,20369.264973
41,54,19698.392078
41,55,19551.607902
41,56,19366.288316
41,58,19037.785884
41,59,18457.089024
41,65,17975.498722
41,68,17695.333773
41,71,17334.853134
41,74,16501.875503
41,82,16239.404538
41,86,15988.761302
41,92,15769.459341
41,93,15732.700521
42,52,21750.958963
42,53,20369.264973
42,54,19698.392078
42,55,19551.607902
42,56,19366.288316
42,57,19069.727647
42,58,18963.202134
42,59,18457.089024
42,65,17975.498722
42,68,17695.333773
42,71,17278.649279
42,74,16501.875503
42,82,16239.404538
42,86,15988.761302
42,92,15769.459341
42,93,15732.700521
43,52,21750.958963
43,53,20369.264973
43,54,19698.392078
43,55,19551.607902
43,56,19366.288316
43,57,19069.727647
43,58,18963.202134
43,59,18457.089024
43,65,17975.498722
43,68,17695.333773
43,71,16431.910711
43,77,16275.582335
43,82,16239.404538
43,86,15988.761302
43,92,15769.459341
43,93,15732.700521
44,52,21750.958963
44,53,19921.028882
44,54,19698.392078
44,55,19551.607902
44,56,19283.427560
44,57,19069.727647
44,58,18712.406254
44,59,18457.089024
44,63,17914.535342
44,66,17513.820873
44,71,16331.998607
44,77,16220.288575
44,81,16178.615044
44,86,15856.954875
44,92,15605.345159
45,52,20871.800113
45,53,19921.028882
45,54,19698.392078
45,55,19551.607902
45,56,19283.427560
45,57,19069.727647
45,58,18712.406254
45,59,18457.089024
45,63,17914.535342
45,66,17513.820873
45,71,16331.998607
45,77,16220.288575
45,80,15819.132867
45,92,15605.345159
46,52,20871.800113
46,53,19921.028882
46,54,19698.392078
46,55,19551.607902
46,56,19283.427560
46,57,19069.727647
46,58,18712.406254
46,59,18457.089024
46,62,18126.246698
46,63,17914.535342
46,66,17513.820873
46,70,17485.136232
46,71,16331.998607
46,73,16040.294251
46,79,15898.916310
46,80,15819.132867
46,81,15803.499179
46,92,15605.345159
47,52,19569.140567
47,55,19066.394853
47,57,18587.195249
47,59,18457.089024
47,62,18126.246698
47,63,17914.535342
47,66,17513.820873
47,70,17485.136232
47,71,16331.998607
47,73,16040.294251
47,79,15898.916310
47,80,15819.132867
47,81,15803.499179
47,87,15801.187097
47,92,15605.345159
48,51,20066.800268
48,52,19569.140567
48,55,19066.394853
48,56,18349.518555
48,57,18148.759726
48,62,17735.795299
48,66,17513.820873
48,68,16198.148543
48,73,15885.466280
48,78,15757.549232
48,81,15502.110041
49,50,20615.300357
49,51,20066.800268
49,52,19569.140567
49,55,19066.394853
49,56,18349.518555
49,57,18148.759726
49,62,17735.795299
49,65,17621.830400
49,66,17513.820873
49,68,16198.148543
49,73,15885.466280
49,78,15757.549232
49,80,15661.208122
49,81,15502.110041
50,49,22205.208660
50,50,20239.885933
50,51,19899.614949
50,52,19569.140567
50,53,19385.457085
50,55,19066.394853
50,56,18349.518555
50,57,18148.759726
50,62,17735.795299
50,65,17621.830400
50,66,17494.441686
50,68,16198.148543
50,73,15885.466280
50,78,15757.549232
50,80,15661.208122
50,81,15502.110041
51,49,22205.208660
51,50,20239.885933
51,51,19899.614949
51,52,19569.140567
51,53,19385.457085
51,55,18709.357703
51,56,18349.518555
51,57,18148.759726
51,62,17735.795299
51,63,17582.538921
51,66,17494.441686
51,68,16198.148543
51,73,15885.466280
51,78,15757.549232
51,80,15628.363294
51,81,15502.110041
52,49,22205.208660
52,50,20239.885933
52,51,19823.724151
52,52,19569.140567
52,53,18634.801504
52,55,18313.338215
52,57,17956.159453
52,62,17495.686392
52,63,17268.358910
52,68,16139.460771
52,73,15767.086725
52,76,15722.247421
52,79,15447.640941
53,49,21381.047609
53,50,20066.866507
53,51,19816.303979
53,52,19156.187576
53,53,18634.801504
53,55,18313.338215
53,57,17956.159453
53,62,17495.686392
53,63,17268.358910
53,66,17077.244978
53,68,16139.460771
53,73,15767.086725
53,76,15722.247421
53,79,15447.640941
54,49,20815.669201
54,50,19787.987821
54,52,19156.187576
54,53,18634.801504
54,55,18313.338215
54,56,17976.999992
54,57,17956.159453
54,62,17495.686392
54,63,17268.358910
54,66,17077.244978
54,68,16139.460771
54,73,15767.086725
54,76,15722.247421
54,79,15447.640941
55,49,20815.669201
55,50,19596.148086
55,52,19156.187576
55,53,18634.801504
55,55,18313.338215
55,56,17976.999992
55,57,17956.159453
55,62,17495.686392
55,63,17268.358910
55,66,17077.244978
55,68,16139.460771
55,73,15767.086725
55,76,15722.247421
55,79,15447.640941
56,49,20071.642779
56,50,19596.148086
56,52,18908.599982
56,53,18634.801504
56,55,18187.772289
56,56,17664.554005
56,60,17465.107040
56,62,17181.161426
56,66,17077.244978
56,68,16114.168716
56,73,15744.905127
56,76,15656.875257
56,78,15413.187834
57,49,20071.642779
57,50,19596.148086
57,51,19298.651358
57,52,18908.599982
57,53,18634.801504
57,54,18520.126768
57,55,18187.772289
57,56,17664.554005
57,60,17465.107040
57,62,17181.161426
57,64,17124.026643
57,66,17077.244978
57,68,16114.168716
57,73,15744.905127
57,76,15656.875257
57,78,15413.187834
58,49,20071.642779
58,50,19278.769116
58,52,18908.599982
58,53,18120.784456
58,56,17664.554005
58,60,17465.107040
58,62,17181.161426
58,63,17047.551769
58,68,16114.168716
58,73,15744.905127
58,76,15656.875257
58,78,15413.187834
59,49,20071.642779
59,50,19278.769116
59,52,18908.599982
59,53,18120.784456
59,56,17664.554005
59,59,16989.791284
59,68,16114.168716
59,73,15744.905127
59,76,15656.875257
59,78,15413.187834
60,49,18576.968146
60,53,17925.233817
60,56,17615.920235
60,58,16929.825995
60,67,16088.044457
60,73,15681.332999
60,76,15326.782524
61,49,18576.968146
61,53,17925.233817
61,56,17615.920235
61,58,16929.825995
61,67,16088.044457
61,73,15681.332999
61,75,15618.846655
61,76,15326.782524
62,49,18576.968146
62,53,17925.233817
62,56,17615.920235
62,58,16929.825995
62,64,16704.388279
62,67,16088.044457
62,73,15681.332999
62,75,15618.846655
62,76,15326.782524
63,49,18576.968146
63,53,17925.233817
63,56,17615.920235
63,58,16929.825995
63,64,16704.388279
63,67,16088.044457
63,73,15681.332999
63,75,15618.846655
63,76,15326.782524
64,49,18383.141325
64,51,18000.777512
64,53,17798.771848
64,56,17437.101655
64,58,16929.825995
64,64,16437.318312
64,67,15948.039147
64,73,15583.405381
64,74,15538.435251
64,75,15256.116747
65,49,18383.141325
65,51,18000.777512
65,53,17798.771848
65,56,17437.101655
65,58,16929.825995
65,64,16437.318312
65,67,15948.039147
65,73,15583.405381
65,74,15538.435251
65,75,15256.116747
66,47,20102.661647
66,48,20047.476671
66,49,18383.141325
66,51,18000.777512
66,53,17798.771848
66,56,17437.101655
66,58,16929.825995
66,64,16437.318312
66,67,15948.039147
66,73,15583.405381
66,74,15538.435251
66,75,15230.079536
67,47,20102.661647
67,48,19145.046601
67,49,18383.141325
67,51,18000.777512
67,53,17798.771848
67,56,17437.101655
67,58,16929.825995
67,64,16437.318312
67,67,15948.039147
67,73,15583.405381
67,74,15538.435251
67,75,15230.079536
68,47,20102.661647
68,48,19145.046601
68,49,18383.141325
68,51,17803.582047
68,53,17746.840863
68,56,17437.101655
68,58,16848.150205
68,63,16430.535999
68,67,15850.544495
68,73,15583.405381
68,74,15494.508518
68,75,15230.079536
68,79,15070.723182
69,47,20102.661647
69,48,19145.046601
69,49,18383.141325
69,51,17803.582047
69,53,17746.840863
69,56,17437.101655
69,58,16848.150205
69,63,16430.535999
69,66,15758.631969
69,71,15683.632986
69,73,15583.405381
69,74,15494.508518
69,75,15230.079536
69,79,15070.723182
70,47,19601.255329
70,48,19145.046601
70,49,18383.141325
70,51,17803.582047
70,53,17746.840863
70,56,17437.101655
70,58,16848.150205
70,61,16839.741758
70,63,16430.535999
70,66,15758.631969
70,70,15568.874262
70,74,15494.508518
70,75,15230.079536
70,79,15070.723182
71,47,19601.255329
71,48,19145.046601
71,49,18383.141325
71,51,17803.582047
71,53,17746.840863
71,56,17437.101655
71,58,16848.150205
71,61,16839.741758
71,63,16430.535999
71,66,15758.631969
71,70,15568.874262
71,71,15251.706789
71,75,15230.079536
71,79,15070.723182
72,47,18982.202525
72,49,18383.141325
72,51,17803.582047
72,53,17746.840863
72,56,17372.484869
72,57,17282.336494
72,58,16727.317020
72,61,16568.552572
72,63,16382.005365
72,66,15738.011870
72,70,15568.874262
72,71,15228.480442
72,79,15031.022388
73,47,18982.202525
73,49,18383.141325
73,51,17803.582047
73,53,17746.840863
73,55,17715.702291
73,56,17372.484869
73,57,17282.336494
73,58,16727.317020
73,61,16568.552572
73,63,16382.005365
73,66,15738.011870
73,70,15568.874262
73,71,15228.480442
73,79,15031.022388
74,47,18982.202525
74,49,18383.141325
74,51,17803.582047
74,53,17746.840863
74,55,17715.702291
74,56,17372.484869
74,57,17156.661237
74,58,16727.317020
74,61,16568.552572
74,63,16382.005365
74,66,15738.011870
74,70,15568.874262
74,71,15228.480442
74,74,15120.596927
74,75,15100.745340
74,79,15031.022388
75,47,18982.202525
75,49,18383.141325
75,50,18337.914086
75,51,17803.582047
75,53,17746.840863
75,55,17715.702291
75,56,17372.484869
75,57,17156.661237
75,58,16727.317020
75,61,16568.552572
75,63,16382.005365
75,66,15738.011870
75,70,15568.874262
75,71,15228.480442
75,74,15120.596927
75,75,15100.745340
75,78,15076.010305
75,79,15031.022388
76,47,18982.202525
76,49,18383.141325
76,50,18337.914086
76,51,17803.582047
76,53,17746.840863
76,55,17715.702291
76,56,17372.484869
76,57,17156.661237
76,58,16727.317020
76,61,16403.368481
76,63,16350.401008
76,66,15738.011870
76,70,15509.474116
76,71,15176.650584
76,74,15113.904037
76,75,15100.745340
76,78,15049.561575
76,79,15031.022388
77,47,18982.202525
77,49,18383.141325
77,50,18337.914086
77,51,17803.582047
77,53,17680.420444
77,56,17372.484869
77,57,17156.661237
77,58,16727.317020
77,60,16706.650134
77,61,16403.368481
77,63,16350.401008
77,66,15738.011870
77,67,15735.104938
77,70,15509.474116
77,71,15176.650584
77,74,15108.977059
77,75,15100.745340
77,78,15028.157828
78,45,21121.969243
78,47,18982.202525
78,48,18932.579237
78,49,18383.141325
78,50,18337.914086
78,51,17803.582047
78,53,17286.662651
78,56,17177.189816
78,57,17156.661237
78,58,16727.317020
78,60,16706.650134
78,61,16403.368481
78,63,16350.401008
78,66,15738.011870
78,67,15735.104938
78,70,15509.474116
78,71,15176.650584
78,74,15108.977059
78,75,15100.745340
78,78,15028.157828
78,87,14955.680498
79,45,21121.969243
79,47,18914.657230
79,49,18383.141325
79,50,18337.914086
79,51,17803.582047
79,53,17286.662651
79,56,17177.189816
79,57,17156.661237
79,58,16727.317020
79,60,16706.650134
79,61,16403.368481
79,63,16350.401008
79,66,15738.011870
79,67,15735.104938
79,70,15509.474116
79,71,15176.650584
79,74,15108.977059
79,75,15100.745340
79,78,15028.157828
79,87,14955.680498
80,45,20151.165933
80,47,18914.657230
80,48,18879.933336
80,49,18383.141325
80,50,18337.914086
80,51,17803.582047
80,53,17286.662651
80,56,17177.189816
80,57,17156.661237
80,58,16727.317020
80,60,16706.650134
80,61,16322.487749
80,66,15558.778057
80,69,15395.063332
80,71,15154.598145
80,74,15108.977059
80,75,15063.043985
80,78,14980.881770
80,85,14876.986018
81,45,20151.165933
81,46,19998.658370
81,47,18914.657230
81,48,18879.933336
81,49,18383.141325
81,50,18337.914086
81,51,17521.084507
81,53,17286.662651
81,55,17250.660768
81,56,17177.189816
81,57,17156.661237
81,58,16727.317020
81,60,16706.650134
81,61,16322.487749
81,66,15558.778057
81,69,15395.063332
81,71,15154.598145
81,74,15108.977059
81,75,15063.043985
81,78,14980.881770
81,84,14931.855244
81,85,14876.986018
82,45,20151.165933
82,46,19998.658370
82,47,18914.657230
82,48,18447.471082
82,49,18383.141325
82,50,18337.914086
82,51,17521.084507
82,53,17286.662651
82,55,17250.660768
82,56,17177.189816
82,57,16616.463541
82,61,16322.487749
82,66,15558.778057
82,69,15395.063332
82,71,15154.598145
82,74,15108.977059
82,75,15063.043985
82,78,14980.881770
82,84,14931.855244
82,85,14876.986018
83,45,20151.165933
83,46,19998.658370
83,47,18914.657230
83,48,18447.471082
83,49,18383.141325
83,50,18337.914086
83,51,17521.084507
83,53,17286.662651
83,55,17250.660768
83,56,17177.189816
83,57,16616.463541
83,61,16322.487749
83,66,15558.778057
83,69,15395.063332
83,71,15154.598145
83,74,15108.977059
83,75,15063.043985
83,78,14980.881770
83,84,14931.855244
83,85,14876.986018
84,45,20151.165933
84,46,19998.658370
84,47,18914.657230
84,48,18447.471082
84,49,18383.141325
84,50,18337.914086
84,51,17521.084507
84,53,17286.662651
84,54,17280.741930
84,55,17196.929116
84,56,17177.189816
84,57,16584.826487
84,61,16276.885766
84,66,15519.634873
84,67,15354.133249
84,70,15149.818346
84,74,15026.355679
84,77,14973.050166
84,84,14867.471071
85,45,20151.165933
85,46,19998.658370
85,47,18914.657230
85,48,18447.471082
85,49,18383.141325
85,50,18337.914086
85,51,17521.084507
85,53,17286.662651
85,54,17280.741930
85,55,17196.929116
85,56,17177.189816
85,57,16584.826487
85,61,16276.885766
85,66,15519.634873
85,67,15354.133249
85,70,15149.818346
85,74,15026.355679
85,77,14973.050166
85,84,14867.471071
86,44,20308.337220
86,45,20151.165933
86,46,19998.658370
86,47,18914.657230
86,48,18447.471082
86,49,18383.141325
86,50,18337.914086
86,51,17521.084507
86,53,17286.662651
86,54,17280.741930
86,55,17196.929116
86,56,17177.189816
86,57,16584.826487
86,61,16276.885766
86,66,15519.634873
86,67,15354.133249
86,70,15149.818346
86,74,15026.355679
86,77,14973.050166
86,84,14867.471071
87,44,20308.337220
87,45,20151.165933
87,46,19998.658370
87,47,18914.657230
87,48,18447.471082
87,49,18383.141325
87,50,18337.914086
87,51,17521.084507
87,53,17286.662651
87,54,17280.741930
87,55,17196.929116
87,56,16997.620037
87,57,16584.826487
87,61,16276.885766
87,66,15519.634873
87,67,15354.133249
87,70,15149.818346
87,74,15026.355679
87,77,14973.050166
87,84,14867.471071
88,44,20308.337220
88,45,20151.165933
88,46,19998.658370
88,47,18914.657230
88,48,18447.471082
88,49,18383.141325
88,50,18337.914086
88,51,17521.084507
88,53,17286.662651
88,54,17252.078015
88,55,16815.026854
88,57,16566.277898
88,61,16150.614521
88,65,15238.523859
88,69,15107.422632
88,74,15009.593679
88,77,14930.507318
88,83,14815.705171
89,44,20308.337220
89,45,20151.165933
89,46,19883.613322
89,47,18914.657230
89,48,18447.471082
89,49,18383.141325
89,50,18337.914086
89,51,17521.084507
89,53,17286.662651
89,54,17252.078015
89,55,16815.026854
89,57,16566.277898
89,61,16150.614521
89,65,15238.523859
89,69,15107.422632
89,74,15009.593679
89,77,14930.507318
89,83,14815.705171
90,44,20308.337220
90,45,20151.165933
90,46,19883.613322
90,47,18914.657230
90,48,18447.471082
90,49,18383.141325
90,50,18337.914086
90,51,17521.084507
90,53,17286.662651
90,54,17252.078015
90,55,16815.026854
90,57,16566.277898
90,61,16150.614521
90,65,15238.523859
90,69,15107.422632
90,74,15009.593679
90,77,14930.507318
90,83,14815.705171
91,44,20308.337220
91,45,20151.165933
91,46,19237.299579
91,47,18914.657230
91,48,18447.471082
91,49,18383.141325
91,50,18337.914086
91,51,17521.084507
91,53,17286.662651
91,54,17252.078015
91,55,16815.026854
91,57,16566.277898
91,61,16150.614521
91,65,15238.523859
91,69,15107.422632
91,74,15009.593679
91,77,14930.507318
91,83,14815.705171
92,44,20308.337220
92,45,20151.165933
92,46,19237.299579
92,47,18914.657230
92,48,18447.471082
92,49,18383.141325
92,50,18337.914086
92,51,17521.084507
92,53,17184.017510
92,55,16681.140109
92,57,16449.191839
92,61,16102.334658
92,63,15498.902012
92,65,15196.187157
92,68,14995.697204
92,76,14866.817270
92,83,14769.769910
93,44,20308.337220
93,45,18935.255197
93,47,18914.657230
93,48,18447.471082
93,49,18383.141325
93,50,18337.914086
93,51,17521.084507
93,53,17184.017510
93,55,16681.140109
93,57,16449.191839
93,61,16102.334658
93,63,15498.902012
93,65,15196.187157
93,68,14995.697204
93,76,14866.817270
93,83,14769.769910
94,44,20308.337220
94,45,18935.255197
94,47,18914.657230
94,48,18447.471082
94,49,18105.393677
94,51,17521.084507
94,53,17184.017510
94,55,16578.744358
94,57,16449.191839
94,61,16102.334658
94,63,15498.902012
94,65,15196.187157
94,68,14995.697204
94,76,14866.817270
94,83,14769.769910
95,44,20308.337220
95,45,18935.255197
95,47,18879.119873
95,48,18447.471082
95,49,18105.393677
95,51,17521.084507
95,53,17184.017510
95,55,16578.744358
95,57,16449.191839
95,61,16102.334658
95,63,15498.902012
95,65,15196.187157
95,68,14995.697204
95,76,14866.817270
95,83,14769.769910
96,44,20308.337220
96,45,18935.255197
96,47,18879.119873
96,48,18447.471082
96,49,18105.393677
96,51,17148.593734
96,54,16470.689646
96,57,16361.315238
96,59,16218.421436
96,60,16070.817902
96,63,15441.467790
96,65,15156.297027
96,68,14891.288005
96,75,14768.383211
96,83,14757.365067
97,44,20308.337220
97,45,18935.255197
97,47,18247.482475
97,49,18105.393677
97,51,17148.593734
97,54,16470.689646
97,57,16361.315238
97,59,16218.421436
97,60,16070.817902
97,62,16020.650214
97,63,15441.467790
97,64,15148.747410
97,68,14891.288005
97,75,14768.383211
97,83,14757.365067
98,44,20308.337220
98,45,18935.255197
98,47,18247.482475
98,49,18105.393677
98,51,17148.593734
98,54,16470.689646
98,57,16361.315238
98,59,16218.421436
98,60,16070.817902
98,62,16020.650214
98,63,15441.467790
98,64,15148.747410
98,68,14891.288005
98,75,14768.383211
98,83,14757.365067
99,44,20308.337220
99,45,18935.255197
99,47,18247.482475
99,49,18105.393677
99,50,17766.821962
99,51,17148.593734
99,54,16470.689646
99,57,16361.315238
99,59,16218.421436
99,60,16070.817902
99,62,16020.650214
99,63,15441.467790
99,64,15148.747410
99,68,14891.288005
99,75,14768.383211
99,83,14757.365067
100,44,20308.337220
100,45,18935.255197
100,47,18220.237567
100,49,18105.393677
100,50,17766.821962
100,51,17148.593734
100,54,16470.689646
100,56,16299.443370
100,59,16204.846280
100,60,16070.817902
100,62,15989.215270
100,63,15419.368581
100,64,15078.206419
100,68,14864.495460
100,75,14749.074572
100,82,14719.883557
101,44,20308.337220
101,45,18935.255197
101,46,18918.931466
101,47,18220.237567
101,49,17977.579327
101,50,17766.821962
101,51,17148.593734
101,54,16470.689646
101,56,16299.443370
101,59,16204.846280
101,60,16070.817902
101,62,15989.215270
101,63,15419.368581
101,64,15078.206419
101,68,14864.495460
101,75,14749.074572
101,76,14731.205867
101,82,14719.883557
102,44,20005.171197
102,45,18579.144364
102,47,18220.237567
102,49,17977.579327
102,50,17766.821962
102,51,17148.593734
102,54,16470.689646
102,56,16299.443370
102,59,16204.846280
102,60,16070.817902
102,62,15989.215270
102,63,15419.368581
102,64,15078.206419
102,68,14864.495460
102,75,14749.074572
102,76,14731.205867
102,82,14719.883557
103,44,20005.171197
103,45,18579.144364
103,47,17997.474932
103,49,17977.579327
103,50,17766.821962
103,51,17148.593734
103,54,16470.689646
103,56,16299.443370
103,58,16283.881120
103,59,16204.846280
103,60,16070.817902
103,62,15989.215270
103,63,15419.368581
103,64,15078.206419
103,68,14864.495460
103,72,14786.197159
103,75,14749.074572
103,76,14722.196302
103,82,14719.883557
104,44,20005.171197
104,45,18579.144364
104,47,17983.387724
104,49,17977.579327
104,50,17766.821962
104,51,17148.593734
104,54,16470.689646
104,56,16299.443370
104,58,16283.881120
104,59,16204.846280
104,60,16070.817902
104,62,15064.127966
104,64,15046.561197
104,67,14774.701322
104,72,14761.218433
104,75,14714.767788
104,82,14700.122783
105,44,20005.171197
105,45,18579.144364
105,47,17983.387724
105,49,17977.579327
105,50,17584.447021
105,51,17148.593734
105,54,16470.689646
105,56,16129.235237
105,60,16070.817902
105,62,15064.127966
105,64,15046.561197
105,67,14774.701322
105,72,14761.218433
105,75,14714.767788
105,82,14700.122783
106,44,20005.171197
106,45,18579.144364
106,47,17983.387724
106,49,17977.579327
106,50,17584.447021
106,51,17148.593734
106,54,16470.689646
106,56,16129.235237
106,60,16070.817902
106,62,15064.127966
106,64,15046.561197
106,67,14774.701322
106,72,14761.218433
106,75,14714.767788
106,82,14700.122783
107,44,20005.171197
107,45,18579.144364
107,47,17983.387724
107,49,17905.270119
107,50,17584.447021
107,51,17148.593734
107,54,16470.689646
107,56,16129.235237
107,60,16070.817902
107,62,15064.127966
107,64,15046.561197
107,67,14774.701322
107,72,14761.218433
107,75,14714.767788
107,82,14700.122783
108,44,20005.171197
108,45,18579.144364
108,47,17939.444009
108,48,17919.062966
108,49,17905.270119
108,50,17584.447021
108,51,17148.593734
108,54,16470.689646
108,55,16113.330835
108,57,15949.911084
108,62,15008.127070
108,67,14758.296979
108,72,14739.533876
108,75,14680.825235
108,80,14579.037486
109,44,20005.171197
109,45,18305.908081
109,47,17939.444009
109,48,17919.062966
109,49,17883.644357
109,50,17571.361286
109,51,17148.593734
109,54,16470.689646
109,55,16113.330835
109,57,15949.911084
109,62,15008.127070
109,67,14758.296979
109,72,14739.533876
109,75,14680.825235
109,80,14579.037486
110,44,18220.795911
110,47,17939.444009
110,48,17919.062966
110,49,17883.644357
110,50,17571.361286
110,51,17148.593734
110,52,16972.956048
110,54,16470.689646
110,55,16113.330835
110,57,15949.911084
110,62,15008.127070
110,67,14758.296979
110,72,14739.533876
110,75,14680.825235
110,80,14579.037486
111,44,18220.795911
111,47,17939.444009
111,48,17919.062966
111,49,17688.910270
111,50,17571.361286
111,51,17148.593734
111,52,16938.434310
111,54,16470.689646
111,55,16113.330835
111,57,15949.911084
111,62,15008.127070
111,67,14758.296979
111,72,14739.533876
111,75,14680.825235
111,80,14579.037486
112,44,18220.795911
112,47,17939.444009
112,48,17919.062966
112,49,17688.910270
112,50,17571.361286
112,51,16929.256147
112,53,16439.801041
112,55,16113.330835
112,57,15851.883634
112,62,14966.806822
112,67,14734.698998
112,71,14688.435248
112,74,14619.633206
112,80,14556.511808
113,44,18220.795911
113,47,17939.444009
113,48,17919.062966
113,49,17688.910270
113,50,17571.361286
113,51,16929.256147
113,53,16439.801041
113,55,16113.330835
113,57,15851.883634
113,62,14966.806822
113,67,14734.698998
113,71,14688.435248
113,74,14619.633206
113,80,14556.511808
114,44,18220.795911
114,47,17939.444009
114,48,17919.062966
114,49,17683.410077
114,50,17571.361286
114,51,16929.256147
114,53,16439.801041
114,55,16113.330835
114,57,15851.883634
114,62,14966.806822
114,67,14734.698998
114,71,14688.435248
114,74,14619.633206
114,80,14556.511808
115,44,18220.795911
115,47,17939.444009
115,48,17834.890540
115,49,17683.410077
115,50,17571.361286
115,51,16929.256147
115,53,16439.801041
115,55,16113.330835
115,57,15851.883634
115,59,15386.629731
115,62,14966.806822
115,67,14734.698998
115,71,14688.435248
115,74,14619.633206
115,80,14556.511808
116,44,18220.795911
116,47,17866.927982
116,48,17834.890540
116,49,17683.410077
116,50,17571.361286
116,51,16929.256147
116,53,16439.801041
116,55,16043.720993
116,57,15851.883634
116,58,15339.262231
116,61,14949.373089
116,62,14837.416207
116,67,14734.698998
116,70,14597.989199
116,74,14587.907288
116,79,14530.009627
117,44,18220.795911
117,47,17866.927982
117,48,17834.890540
117,49,17683.410077
117,50,17571.361286
117,51,16929.256147
117,53,16439.801041
117,55,16043.720993
117,57,15851.883634
117,58,15339.262231
117,61,14949.373089
117,62,14837.416207
117,67,14734.698998
117,70,14597.989199
117,74,14587.907288
117,79,14530.009627
118,44,18037.272994
118,45,17881.660994
118,47,17866.927982
118,48,17834.890540
118,49,17683.410077
118,50,17383.963736
118,51,16929.256147
118,53,16439.801041
118,55,16043.720993
118,57,15851.883634
118,58,15339.262231
118,61,14949.373089
118,62,14837.416207
118,67,14734.698998
118,70,14597.989199
118,74,14587.907288
118,79,14530.009627
119,44,18037.272994
119,45,17881.660994
119,47,17866.927982
119,48,17498.277034
119,50,17383.963736
119,51,16725.322695
119,53,16439.801041
119,55,16043.720993
119,57,15851.883634
119,58,15339.262231
119,61,14949.373089
119,62,14837.416207
119,67,14734.698998
119,70,14597.989199
119,74,14587.907288
119,79,14530.009627
120,44,18037.272994
120,45,17881.660994
120,47,17866.927982
120,48,17498.277034
120,50,17098.210621
120,51,16725.322695
120,53,16347.114575
120,55,16043.720993
120,57,15258.963341
120,61,14774.202948
120,67,14730.979306
120,70,14597.832634
120,74,14499.856078
120,79,14490.284030
121,44,18037.272994
121,45,17881.660994
121,47,17748.668221
121,48,17498.277034
121,50,17098.210621
121,51,16725.322695
121,53,16347.114575
121,55,16043.720993
121,57,15258.963341
121,61,14774.202948
121,67,14730.979306
121,70,14597.832634
121,74,14499.856078
121,79,14490.284030
122,44,18037.272994
122,45,17881.660994
122,47,17644.067011
122,48,17498.277034
122,50,17098.210621
122,51,16725.322695
122,53,16347.114575
122,55,16043.720993
122,57,15258.963341
122,61,14774.202948
122,67,14730.979306
122,70,14597.832634
122,74,14499.856078
122,79,14490.284030
123,44,18037.272994
123,45,17881.660994
123,47,17644.067011
123,48,17498.277034
123,50,17098.210621
123,51,16725.322695
123,53,16347.114575
123,55,16043.720993
123,57,15258.963341
123,61,14774.202948
123,65,14684.537504
123,70,14597.832634
123,74,14499.856078
123,79,14490.284030
124,44,18037.272994
124,45,17881.660994
124,47,17644.067011
124,48,17498.277034
124,50,17024.873488
124,51,16694.364357
124,53,16347.114575
124,55,15908.256281
124,57,15258.963341
124,61,14712.877780
124,65,14660.902522
124,69,14557.264022
124,74,14499.856078
124,79,14461.629151
125,44,18037.272994
125,45,17881.660994
125,47,17644.067011
125,48,17498.277034
125,49,17471.976263
125,50,17024.873488
125,51,16694.364357
125,53,16347.114575
125,55,15908.256281
125,57,15258.963341
125,61,14712.877780
125,65,14660.902522
125,69,14557.264022
125,74,14499.856078
125,79,14461.629151
126,44,18037.272994
126,45,17881.660994
126,47,17644.067011
126,48,17498.277034
126,49,17471.976263
126,50,17024.873488
126,51,16694.364357
126,52,16636.288902
126,53,16347.114575
126,55,15908.256281
126,57,15258.963341
126,61,14712.877780
126,65,14660.902522
126,69,14557.264022
126,74,14499.856078
126,79,14461.629151
127,44,18037.272994
127,45,17881.660994
127,47,17644.067011
127,48,17498.277034
127,49,17471.976263
127,50,17024.873488
127,51,16694.364357
127,52,16636.288902
127,53,16347.114575
127,55,15908.256281
127,57,15258.963341
127,61,14712.877780
127,65,14660.902522
127,69,14557.264022
127,74,14499.856078
127,79,14461.629151
128,44,18037.272994
128,45,17881.660994
128,47,17558.574797
128,48,17498.277034
128,49,17011.249028
128,51,16074.981027
128,55,15908.256281
128,56,15197.878449
128,61,14665.748262
128,65,14660.902522
128,69,14524.823834
128,74,14487.842632
128,79,14435.357303
129,44,18037.272994
129,45,17881.660994
129,47,17558.574797
129,48,17498.277034
129,49,17011.249028
129,50,16431.798832
129,51,16074.981027
129,55,15908.256281
129,56,15197.878449
129,61,14665.748262
129,65,14660.902522
129,69,14524.823834
129,74,14487.842632
129,79,14435.357303
130,43,17985.106369
130,45,17881.660994
130,47,17558.574797
130,48,17498.277034
130,49,16873.952349
130,50,16431.798832
130,51,16074.981027
130,55,15908.256281
130,56,15197.878449
130,61,14665.748262
130,65,14660.902522
130,69,14524.823834
130,74,14487.842632
130,79,14435.357303
131,43,17985.106369
131,45,17881.660994
131,47,17558.574797
131,48,17498.277034
131,49,16873.952349
131,50,16431.798832
131,51,16074.981027
131,55,15908.256281
131,56,15197.878449
131,61,14665.748262
131,65,14660.902522
131,69,14524.823834
131,74,14487.842632
131,79,14435.357303
132,43,17985.106369
132,45,17881.660994
132,47,17558.574797
132,48,17498.277034
132,49,16313.104914
132,51,16074.981027
132,55,15908.256281
132,56,15197.878449
132,61,14659.088916
132,69,14472.172507
132,79,14415.183871
133,43,17985.106369
133,45,17881.660994
133,47,17558.574797
133,48,17498.277034
133,49,16313.104914
133,51,16074.981027
133,55,15908.256281
133,56,15197.878449
133,61,14659.088916
133,67,14643.950770
133,69,14472.172507
133,79,14415.183871
134,43,17985.106369
134,44,17891.906269
134,45,17881.660994
134,47,17558.574797
134,48,17498.277034
134,49,16313.104914
134,51,16074.981027
134,55,15908.256281
134,56,15197.878449
134,61,14659.088916
134,67,14643.950770
134,68,14366.600810
135,43,17985.106369
135,44,17891.906269
135,45,17881.660994
135,47,17148.795291
135,49,16310.777018
135,51,16074.981027
135,55,15908.256281
135,56,15197.878449
135,61,14659.088916
135,67,14643.950770
135,68,14366.600810
136,43,17738.559526
136,47,16945.524115
136,49,16246.626188
136,51,16001.155067
136,55,15144.920586
136,61,14596.950010
136,67,14332.196218
136,68,14322.121317
137,43,17738.559526
137,44,17373.535852
137,47,16627.837895
137,49,16246.626188
137,51,16001.155067
137,55,15144.920586
137,61,14596.950010
137,67,14332.196218
137,68,14322.121317
138,43,17738.559526
138,44,17373.535852
138,46,16718.512206
138,47,16627.837895
138,48,16208.401042
138,49,16192.187480
138,51,16001.155067
138,55,15144.920586
138,60,14973.943514
138,61,14596.950010
138,67,14332.196218
138,68,14322.121317
139,43,17738.559526
139,44,17373.535852
139,45,16881.783100
139,46,16718.512206
139,47,16627.837895
139,48,16208.401042
139,49,16192.187480
139,51,16001.155067
139,55,15144.920586
139,60,14973.943514
139,61,14596.950010
139,67,14332.196218
139,68,14322.121317
140,43,17738.559526
140,44,17373.535852
140,45,16881.783100
140,46,16528.459225
140,47,16057.901983
140,51,15851.276898
140,55,15144.920586
140,59,14905.839218
140,61,14596.950010
140,67,14318.442440
140,68,14292.480289
141,43,17738.559526
141,44,17373.535852
141,45,16881.783100
141,46,16528.459225
141,47,16057.901983
141,51,15851.276898
141,55,15144.920586
141,59,14905.839218
141,61,14596.950010
141,67,14318.442440
141,68,14292.480289
142,43,17738.559526
142,44,17373.535852
142,45,16881.783100
142,46,16528.459225
142,47,16057.901983
142,51,15851.276898
142,55,15144.920586
142,59,14905.839218
142,61,14596.950010
142,66,14348.928970
142,67,14318.442440
142,68,14292.480289
143,43,17738.559526
143,44,17373.535852
143,45,16336.077914
143,47,16057.901983
143,51,15851.276898
143,55,15144.920586
143,59,14905.839218
143,61,14596.950010
143,62,14516.768500
143,66,14348.928970
143,67,14318.442440
143,68,14292.480289
144,43,17738.559526
144,44,17373.535852
144,45,16236.168745
144,47,15982.291730
144,51,15851.276898
144,54,15110.473569
144,59,14871.986323
144,61,14534.116023
144,62,14485.885515
144,66,14342.816936
144,67,14318.442440
144,68,14292.480289
145,43,17738.559526
145,44,17373.535852
145,45,16236.168745
145,47,15982.291730
145,51,15851.276898
145,54,15110.473569
145,59,14871.986323
145,60,14855.574385
145,61,14534.116023
145,62,14485.885515
145,66,14342.816936
145,67,14318.442440
145,68,14292.480289
146,43,17738.559526
146,44,17373.535852
146,45,16236.168745
146,47,15982.291730
146,51,15851.276898
146,54,15110.473569
146,59,14871.986323
146,60,14855.574385
146,61,14534.116023
146,62,14485.885515
146,65,14300.543054
146,68,14292.480289
147,43,17738.559526
147,44,17373.535852
147,45,16236.168745
147,47,15982.291730
147,49,15826.482362
147,54,15110.473569
147,59,14871.986323
147,60,14855.574385
147,61,14534.116023
147,62,14485.885515
147,65,14300.543054
147,68,14292.480289
148,43,17738.559526
148,44,17373.535852
148,45,16236.168745
148,47,15950.842687
148,49,15826.482362
148,54,15110.473569
148,59,14817.004905
148,61,14481.080178
148,62,14448.198290
148,63,14363.826167
148,65,14237.835854
149,43,17738.559526
149,44,16337.147397
149,45,16236.168745
149,47,15950.842687
149,49,15826.482362
149,54,15110.473569
149,59,14817.004905
149,61,14481.080178
149,62,14448.198290
149,63,14363.826167
149,65,14237.835854
150,43,17738.559526
150,44,16337.147397
150,45,16236.168745
150,47,15950.842687
150,49,15826.482362
150,54,15110.473569
150,59,14817.004905
150,61,14481.080178
150,62,14448.198290
150,63,14363.826167
150,65,14237.835854
151,43,17738.559526
151,44,16337.147397
151,45,16236.168745
151,47,15947.150738
151,49,15826.482362
151,54,15110.473569
151,59,14817.004905
151,61,14481.080178
151,62,14448.198290
151,63,14363.826167
151,65,14237.835854
152,43,17738.559526
152,44,16159.185316
152,47,15908.936707
152,49,15765.482658
152,54,15110.473569
152,58,14736.719642
152,61,14437.172085
152,62,14410.295046
152,63,14306.478521
152,64,14197.945322
153,43,17738.559526
153,44,16159.185316
153,47,15908.936707
153,49,15765.482658
153,54,15110.473569
153,58,14736.719642
153,61,14437.172085
153,62,14410.295046
153,63,14306.478521
153,64,14197.945322
154,43,17738.559526
154,44,16159.185316
154,47,15908.936707
154,49,15765.482658
154,54,15110.473569
154,58,14736.719642
154,61,14437.172085
154,62,14410.295046
154,63,14306.478521
154,64,14197.945322
155,43,17738.559526
155,44,16159.185316
155,47,15785.844974
155,49,15765.482658
155,54,15110.473569
155,58,14736.719642
155,61,14437.172085
155,62,14410.295046
155,63,14306.478521
155,64,14197.945322
156,43,17738.559526
156,44,16101.682044
156,47,15785.844974
156,49,15693.187262
156,54,15092.261703
156,58,14714.919423
156,60,14564.227795
156,61,14407.424934
156,62,14274.032937
156,64,14194.540335
157,43,17738.559526
157,44,16101.682044
157,46,16017.274883
157,47,15785.844974
157,49,15693.187262
157,54,15092.261703
157,58,14714.919423
157,60,14564.227795
157,61,14407.424934
157,62,14274.032937
157,64,14194.540335
157,69,14194.176796
158,43,17738.559526
158,44,16101.682044
158,46,15707.083490
158,49,15693.187262
158,54,15092.261703
158,58,14714.919423
158,60,14564.227795
158,61,14407.424934
158,62,14274.032937
158,64,14194.540335
158,69,14194.176796
159,43,17010.283724
159,44,16101.682044
159,46,15707.083490
159,48,15672.043047
159,54,15092.261703
159,58,14714.919423
159,60,14564.227795
159,61,14407.424934
159,62,14274.032937
159,64,14194.540335
159,69,14194.176796
159,70,14165.423012
160,43,17010.283724
160,44,16088.218697
160,46,15692.262981
160,47,15557.912872
160,54,15092.261703
160,57,14636.098378
160,60,14523.651863
160,61,14385.940585
160,62,14274.032937
160,64,14177.199009
160,69,14151.656084
160,70,14078.661449
161,43,17010.283724
161,44,16088.218697
161,46,15692.262981
161,47,15557.912872
161,54,15092.261703
161,57,14636.098378
161,60,14523.651863
161,61,14385.940585
161,62,14274.032937
161,64,14177.199009
161,69,14151.656084
161,70,14078.661449
162,43,17010.283724
162,44,16088.218697
162,46,15692.262981
162,47,15557.912872
162,54,15092.261703
162,57,14636.098378
162,60,14523.651863
162,61,14385.940585
162,62,14274.032937
162,64,14177.199009
162,68,14149.473939
162,70,14078.661449
163,42,16434.475519
163,44,16088.218697
163,46,15692.262981
163,47,15557.912872
163,54,15092.261703
163,57,14636.098378
163,60,14523.651863
163,61,14385.940585
163,62,14274.032937
163,64,14177.199009
163,68,14149.473939
163,70,14078.661449
164,42,16434.475519
164,44,16088.218697
164,45,15657.887078
164,47,15528.052632
164,54,15015.814841
164,57,14635.495070
164,60,14519.296206
164,61,14375.269302
164,62,14274.032937
164,64,14170.295239
164,68,14120.094402
164,70,14044.071957
165,42,16434.475519
165,43,16016.632332
165,44,15842.351747
165,45,15657.887078
165,47,15528.052632
165,54,15015.814841
165,57,14635.495070
165,60,14519.296206
165,61,14375.269302
165,62,14274.032937
165,64,14170.295239
165,68,14120.094402
165,70,14044.071957
166,42,16434.475519
166,43,15971.648225
166,44,15842.351747
166,45,15657.887078
166,47,15528.052632
166,51,15527.404188
166,54,15015.814841
166,57,14635.495070
166,60,14519.296206
166,61,14375.269302
166,62,14274.032937
166,64,14170.295239
166,68,14120.094402
166,70,14044.071957
167,42,15927.120083
167,44,15842.351747
167,45,15657.887078
167,47,15528.052632
167,51,15527.404188
167,52,15438.030263
167,54,15015.814841
167,57,14635.495070
167,60,14519.296206
167,61,14375.269302
167,62,14274.032937
167,64,14170.295239
167,68,14120.094402
167,70,14044.071957
168,41,17847.556698
168,42,15927.120083
168,43,15814.472188
168,45,15657.887078
168,47,15528.052632
168,51,15527.404188
168,52,15438.030263
168,54,14955.201710
168,57,14635.495070
168,60,14330.358760
168,61,14235.767638
168,63,14171.695794
168,64,14170.295239
168,68,14120.094402
168,70,13979.299545
169,41,17847.556698
169,42,15927.120083
169,43,15814.472188
169,45,15657.887078
169,47,15528.052632
169,48,15524.468902
169,52,15438.030263
169,54,14955.201710
169,57,14635.495070
169,60,14330.358760
169,61,14235.767638
169,63,14171.695794
169,64,14170.295239
169,68,14120.094402
169,70,13979.299545
170,41,17847.556698
170,42,15927.120083
170,43,15814.472188
170,45,15657.887078
170,47,15528.052632
170,48,15524.468902
170,52,15438.030263
170,54,14955.201710
170,57,14635.495070
170,60,14330.358760
170,61,14235.767638
170,63,14171.695794
170,64,14170.295239
170,68,14120.094402
170,70,13979.299545
171,41,17847.556698
171,42,15927.120083
171,43,15814.472188
171,45,15657.887078
171,47,15528.052632
171,48,15493.607541
171,51,15481.016391
171,52,15438.030263
171,54,14955.201710
171,57,14635.495070
171,60,14330.358760
171,61,14235.767638
171,62,14211.671761
171,63,14171.695794
171,64,14170.295239
171,68,14120.094402
171,70,13979.299545
172,41,17340.494200
172,42,15927.120083
172,43,15814.472188
172,45,15657.887078
172,47,15528.052632
172,48,15493.607541
172,51,15481.016391
172,52,15346.264384
172,54,14955.201710
172,56,14592.976722
172,60,14330.358760
172,61,14182.788554
172,63,14171.695794
172,64,14142.112600
172,67,14119.556869
172,70,13976.516653
173,41,17340.494200
173,42,15927.120083
173,43,15814.472188
173,45,15657.887078
173,46,15568.008975
173,47,15528.052632
173,48,15493.607541
173,51,15481.016391
173,52,14831.432286
173,56,14592.976722
173,60,14330.358760
173,61,14182.788554
173,63,14171.695794
173,64,14142.112600
173,67,14119.556869
173,70,13976.516653
174,41,17340.494200
174,42,15826.369468
174,43,15814.472188
174,45,15657.887078
174,46,15568.008975
174,47,15528.052632
174,48,15493.607541
174,51,15440.292031
174,52,14831.432286
174,56,14592.976722
174,60,14330.358760
174,61,14182.788554
174,63,14171.695794
174,64,14142.112600
174,67,14119.556869
174,70,13976.516653
175,41,16677.454945
175,42,15826.369468
175,43,15814.472188
175,45,15657.887078
175,46,15568.008975
175,47,15528.052632
175,48,15493.607541
175,51,15440.292031
175,52,14831.432286
175,56,14592.976722
175,60,14330.358760
175,61,14182.788554
175,63,14171.695794
175,64,14142.112600
175,67,14119.556869
175,70,13976.516653
176,41,16677.454945
176,42,15826.369468
176,43,15814.472188
176,45,15657.887078
176,46,15457.979426
176,51,15259.434956
176,52,14756.084084
176,56,14592.976722
176,60,14330.358760
176,61,14182.788554
176,63,14168.497351
176,64,14081.411661
176,70,13976.516653
177,41,16677.454945
177,42,15826.369468
177,43,15814.472188
177,45,15657.887078
177,46,15457.979426
177,51,15259.434956
177,52,14756.084084
177,56,14592.976722
177,60,14330.358760
177,61,14182.788554
177,63,14168.497351
177,64,14081.411661
177,70,13976.516653
178,41,16677.454945
178,42,15826.369468
178,43,15814.472188
178,45,15657.887078
178,46,15457.979426
178,51,15259.434956
178,52,14756.084084
178,56,14592.976722
178,59,14478.860250
178,60,14330.358760
178,61,14182.788554
178,63,14168.497351
178,64,14081.411661
178,70,13976.516653
179,41,16677.454945
179,42,15826.369468
179,43,15814.057118
179,45,15657.887078
179,46,15457.979426
179,51,15259.434956
179,52,14756.084084
179,56,14592.976722
179,59,14478.860250
179,60,14330.358760
179,61,14182.788554
179,63,14168.497351
179,64,14081.411661
179,70,13976.516653
180,41,16677.454945
180,42,15826.369468
180,43,15814.057118
180,45,15657.887078
180,46,15457.979426
180,48,15334.048866
180,51,15259.434956
180,52,14756.084084
180,56,14592.976722
180,59,14438.053453
180,60,14278.564743
180,61,14157.928927
180,64,14048.411036
180,69,13941.882872
181,41,16677.454945
181,42,15795.962568
181,45,15657.887078
181,46,15457.979426
181,48,15334.048866
181,51,15259.434956
181,52,14756.084084
181,56,14592.976722
181,59,14438.053453
181,60,14278.564743
181,61,14157.928927
181,64,14048.411036
181,69,13941.882872
182,41,16677.454945
182,42,15795.962568
182,45,15657.887078
182,46,15457.979426
182,48,15334.048866
182,51,15259.434956
182,52,14756.084084
182,54,14629.158491
182,56,14592.976722
182,59,14438.053453
182,60,14278.564743
182,61,14157.928927
182,64,14048.411036
182,69,13941.882872
183,41,16677.454945
183,42,15795.962568
183,45,15657.887078
183,46,15366.106403
183,48,15334.048866
183,51,15259.434956
183,52,14756.084084
183,54,14629.158491
183,56,14592.976722
183,59,14438.053453
183,60,14278.564743
183,61,14157.928927
183,64,14048.411036
183,69,13941.882872
184,41,16109.018388
184,42,15795.962568
184,45,15657.887078
184,46,15366.106403
184,48,15234.592394
184,51,14725.856404
184,54,14618.262271
184,56,14535.274749
184,59,14136.020844
184,64,14041.781962
184,69,13916.329972
185,41,16109.018388
185,42,15795.962568
185,45,15657.887078
185,46,15366.106403
185,48,15234.592394
185,51,14725.856404
185,54,14618.262271
185,56,14535.274749
185,59,14136.020844
185,64,14041.781962
185,69,13916.329972
186,41,16109.018388
186,42,15795.962568
186,45,15657.887078
186,46,15366.106403
186,47,15219.427960
186,48,15176.441832
186,51,14725.856404
186,54,14618.262271
186,56,14535.274749
186,59,14136.020844
186,64,14041.781962
186,69,13916.329972
187,41,16109.018388
187,42,15795.962568
187,45,15657.887078
187,46,15366.106403
187,47,15219.427960
187,48,15176.441832
187,51,14725.856404
187,54,14618.262271
187,56,14535.274749
187,59,14136.020844
187,64,14041.781962
187,69,13916.329972
188,41,16109.018388
188,42,15795.962568
188,45,15646.184042
188,46,15348.398517
188,47,15198.098705
188,48,15143.662238
188,51,14715.347826
188,52,14529.856606
188,56,14512.465195
188,59,14069.579313
188,64,14011.833922
188,68,13895.799518
189,41,16109.018388
189,42,15795.962568
189,45,15532.570843
189,46,15348.398517
189,47,15198.098705
189,48,15143.662238
189,50,15107.424379
189,51,14715.347826
189,52,14529.856606
189,56,14512.465195
189,59,14069.579313
189,64,14011.833922
189,68,13895.799518
190,41,16109.018388
190,42,15772.112386
190,45,15532.570843
190,46,15348.398517
190,47,15198.098705
190,48,15143.662238
190,50,15107.424379
190,51,14715.347826
190,52,14529.856606
190,56,14512.465195
190,59,14069.579313
190,64,14011.833922
190,68,13895.799518
191,41,16109.018388
191,42,15772.112386
191,45,15532.570843
191,46,15348.398517
191,47,15198.098705
191,48,15143.662238
191,50,15107.424379
191,51,14715.347826
191,52,14529.856606
191,56,14512.465195
191,59,14069.579313
191,64,14011.833922
191,68,13895.799518
192,41,16109.018388
192,42,15772.112386
192,45,15532.570843
192,46,15348.398517
192,47,15197.587680
192,48,15042.882321
192,51,14715.347826
192,52,14449.405155
192,59,14047.666557
192,62,13992.303847
192,68,13895.799518
193,41,16109.018388
193,42,15772.112386
193,45,15365.093635
193,46,15314.201108
193,47,15197.587680
193,48,15042.882321
193,51,14715.347826
193,52,14449.405155
193,59,14047.666557
193,62,13992.303847
193,68,13895.799518
194,41,16109.018388
194,42,15772.112386
194,45,15365.093635
194,46,15236.749918
194,47,15197.587680
194,48,15042.882321
194,51,14715.347826
194,52,14449.405155
194,59,14047.666557
194,62,13992.303847
194,68,13895.799518
195,41,16109.018388
195,42,15772.112386
195,43,15768.196712
195,45,15365.093635
195,46,15236.749918
195,47,15197.587680
195,48,15042.882321
195,51,14715.347826
195,52,14449.405155
195,59,14047.666557
195,62,13992.303847
195,68,13895.799518
196,41,16109.018388
196,42,15772.112386
196,43,15690.289519
196,45,15365.093635
196,46,15219.042032
196,47,15119.262101
196,48,15039.258123
196,51,14692.762914
196,52,14411.065009
196,59,14043.825752
196,62,13979.656136
196,68,13886.536023
197,41,16109.018388
197,42,15772.112386
197,43,15668.549577
197,45,15365.093635
197,46,15219.042032
197,47,15119.262101
197,48,15039.258123
197,51,14692.762914
197,52,14411.065009
197,54,14394.437443
197,59,14043.825752
197,62,13979.656136
197,68,13886.536023
198,41,16109.018388
198,42,15772.112386
198,43,15668.549577
198,45,15365.093635
198,46,15219.042032
198,47,15119.262101
198,48,15039.258123
198,51,14692.762914
198,52,14411.065009
198,54,14394.437443
198,59,14043.825752
198,62,13979.656136
198,68,13886.536023
199,41,16109.018388
199,42,15772.112386
199,43,15668.549577
199,44,15528.583544
199,45,15365.093635
199,46,15219.042032
199,47,15119.262101
199,48,15039.258123
199,51,14692.762914
199,52,14411.065009
199,54,14394.437443
199,59,14043.825752
199,62,13979.656136
199,68,13886.536023
200,41,16109.018388
200,42,15772.112386
200,43,15668.549577
200,44,15528.583544
200,45,15176.598296
200,47,14998.872343
200,51,14692.762914
200,52,14382.308399
200,59,14033.986495
200,62,13979.656136
200,65,13799.384390
201,41,16109.018388
201,42,15772.112386
201,43,15627.817388
201,44,15528.583544
201,45,15149.107708
201,47,14998.872343
201,51,14692.762914
201,52,14382.308399
201,59,14033.986495
201,62,13979.656136
201,65,13799.384390
202,41,16109.018388
202,42,15772.112386
202,43,15627.817388
202,44,15528.583544
202,45,15149.107708
202,47,14998.872343
202,51,14692.762914
202,52,14382.308399
202,59,14033.986495
202,62,13979.656136
202,65,13799.384390
203,41,16109.018388
203,42,15772.112386
203,43,15627.817388
203,44,15528.583544
203,45,15149.107708
203,47,14998.872343
203,51,14692.762914
203,52,14382.308399
203,59,14033.986495
203,62,13979.656136
203,65,13799.384390
204,41,16109.018388
204,42,15772.112386
204,43,15575.264087
204,44,15528.583544
204,45,15148.368459
204,46,14936.736165
204,51,14588.953506
204,52,14375.387544
204,59,14033.986495
204,62,13979.656136
204,64,13959.653011
204,65,13791.801154
205,41,15760.473591
205,43,15575.264087
205,44,15528.583544
205,45,15148.368459
205,46,14936.736165
205,51,14588.953506
205,52,14375.387544
205,59,14033.986495
205,62,13979.656136
205,64,13959.653011
205,65,13791.801154
206,41,15760.473591
206,43,15575.264087
206,44,15528.583544
206,45,15148.368459
206,46,14936.736165
206,51,14588.953506
206,52,14375.387544
206,59,14033.986495
206,62,13979.656136
206,64,13959.653011
206,65,13791.801154
207,41,15760.473591
207,43,15575.264087
207,44,15528.583544
207,45,15148.368459
207,46,14936.736165
207,51,14588.953506
207,52,14375.387544
207,59,14033.986495
207,62,13979.656136
207,64,13959.653011
207,65,13791.801154
208,41,15760.473591
208,43,15575.264087
208,44,15528.583544
208,45,15148.368459
208,46,14912.583663
208,50,14554.967354
208,52,14375.387544
208,59,14024.614720
208,60,14005.395694
208,62,13967.750100
208,64,13959.653011
208,65,13791.801154
209,41,15760.473591
209,43,15575.264087
209,44,15528.583544
209,45,15148.368459
209,46,14912.583663
209,50,14554.967354
209,52,14375.387544
209,59,14024.614720
209,60,14005.395694
209,62,13967.750100
209,64,13959.653011
209,65,13791.801154
210,41,15760.473591
210,43,15575.264087
210,44,15528.583544
210,45,15148.368459
210,46,14912.583663
210,50,14554.967354
210,52,14375.387544
210,59,14024.614720
210,60,14005.395694
210,62,13967.750100
210,64,13959.653011
210,65,13791.801154
211,41,15760.473591
211,43,15575.264087
211,44,15528.583544
211,45,15148.368459
211,46,14912.583663
211,50,14554.967354
211,52,14375.387544
211,59,14024.614720
211,60,14005.395694
211,62,13967.750100
211,64,13959.653011
211,65,13791.801154
212,41,15760.473591
212,43,15575.264087
212,44,15504.570522
212,45,14875.828780
212,50,14552.549362
212,52,14283.673820
212,59,13971.655187
212,62,13967.750100
212,64,13959.653011
212,65,13758.238950
213,41,15760.473591
213,42,15612.327677
213,43,15575.264087
213,44,15504.570522
213,45,14875.828780
213,50,14552.549362
213,52,14283.673820
213,59,13971.655187
213,61,13925.048137
213,65,13758.238950
214,41,15760.473591
214,42,15612.327677
214,43,15575.264087
214,44,15504.570522
214,45,14875.828780
214,50,14552.549362
214,52,14283.673820
214,59,13971.655187
214,61,13925.048137
214,65,13758.238950
215,40,18188.195778
215,41,15760.473591
215,42,15612.327677
215,43,15575.264087
215,44,15504.570522
215,45,14875.828780
215,48,14854.571558
215,50,14552.549362
215,52,14283.673820
215,59,13933.899429
215,61,13925.048137
215,65,13758.238950
216,40,18188.195778
216,41,15760.473591
216,42,15612.327677
216,43,15232.864615
216,45,14875.828780
216,48,14814.144731
216,50,14528.299747
216,52,14283.673820
216,59,13933.899429
216,61,13925.048137
216,64,13891.128554
216,65,13758.238950
217,40,18188.195778
217,41,15760.473591
217,42,15612.327677
217,43,15232.864615
217,45,14875.828780
217,48,14814.144731
217,50,14528.299747
217,52,14283.673820
217,59,13933.899429
217,61,13905.836278
217,64,13891.128554
217,65,13758.238950
218,40,18188.195778
218,41,15760.473591
218,42,15612.327677
218,43,15232.864615
218,45,14875.828780
218,48,14814.144731
218,50,14528.299747
218,52,14283.673820
218,59,13933.899429
218,61,13889.386720
218,65,13758.238950
219,40,18188.195778
219,41,15760.473591
219,42,15612.327677
219,43,15232.864615
219,45,14875.828780
219,48,14814.144731
219,50,14528.299747
219,52,14283.673820
219,59,13933.899429
219,61,13889.386720
219,65,13758.238950
220,40,18188.195778
220,41,15760.473591
220,42,15612.327677
220,43,15138.519979
220,45,14869.446378
220,48,14814.144731
220,50,14528.299747
220,52,14269.346079
220,56,14263.321639
220,57,14134.444768
220,59,13933.899429
220,61,13889.386720
220,65,13733.797791
221,40,18188.195778
221,41,15760.473591
221,42,15612.327677
221,43,15138.519979
221,45,14869.446378
221,48,14814.144731
221,50,14528.299747
221,52,14269.346079
221,56,14263.321639
221,57,14134.444768
221,59,13933.899429
221,61,13889.386720
221,65,13733.797791
222,40,18188.195778
222,41,15760.473591
222,42,15612.327677
222,43,15138.519979
222,45,14869.446378
222,48,14814.144731
222,50,14528.299747
222,52,14269.346079
222,56,14263.321639
222,57,14134.444768
222,59,13916.674839
222,61,13889.386720
222,65,13733.797791
223,40,16507.132944
223,41,15760.473591
223,42,15612.327677
223,43,15138.519979
223,45,14869.446378
223,48,14814.144731
223,50,14528.299747
223,52,14269.346079
223,56,14263.321639
223,57,14134.444768
223,59,13916.674839
223,61,13889.386720
223,64,13736.732383
223,65,13733.797791
224,40,16507.132944
224,41,15760.473591
224,42,15612.327677
224,43,15138.519979
224,44,15063.223971
224,45,14869.446378
224,47,14762.129147
224,50,14528.299747
224,52,14239.000073
224,57,14134.169857
224,58,14020.592940
224,59,13898.529061
224,61,13860.897659
224,64,13734.510205
224,65,13724.097459
225,40,16507.132944
225,41,15760.473591
225,42,15612.327677
225,43,15138.519979
225,44,15063.223971
225,45,14869.446378
225,47,14762.129147
225,50,14528.299747
225,52,14239.000073
225,53,14113.001137
225,58,14020.592940
225,59,13898.529061
225,61,13860.897659
225,64,13734.510205
225,65,13724.097459
226,40,16507.132944
226,41,15760.473591
226,42,15572.593563
226,43,15138.519979
226,44,14907.523781
226,45,14869.446378
226,47,14762.129147
226,50,14528.299747
226,52,14239.000073
226,53,14113.001137
226,58,14020.592940
226,59,13898.529061
226,61,13860.897659
226,64,13734.510205
226,65,13724.097459
227,40,16507.132944
227,41,15760.473591
227,42,15572.593563
227,43,15138.519979
227,44,14907.523781
227,45,14869.446378
227,47,14762.129147
227,48,14758.825786
227,50,14528.299747
227,52,14239.000073
227,53,14113.001137
227,58,14020.592940
227,59,13898.529061
227,61,13860.897659
227,64,13734.510205
227,65,13724.097459
228,40,16507.132944
228,41,15760.473591
228,42,15572.593563
228,43,15138.519979
228,44,14821.747980
228,47,14762.129147
228,48,14758.825786
228,50,14517.346888
228,52,14239.000073
228,53,14105.745677
228,58,14017.006927
228,59,13897.752123
228,61,13826.696217
228,64,13734.342345
228,65,13724.097459
229,40,16507.132944
229,41,15760.473591
229,42,15572.593563
229,43,15138.519979
229,44,14821.747980
229,47,14762.129147
229,48,14758.825786
229,49,14699.232956
229,50,14517.346888
229,52,14239.000073
229,53,14105.745677
229,58,14017.006927
229,59,13897.752123
229,61,13826.696217
229,64,13734.342345
229,65,13724.097459
230,40,16478.754363
230,41,15760.473591
230,42,15572.593563
230,43,15138.519979
230,44,14821.747980
230,47,14625.201702
230,50,14517.346888
230,52,14239.000073
230,53,14105.745677
230,58,14017.006927
230,59,13823.972526
230,64,13734.342345
230,65,13724.097459
231,40,16478.754363
231,41,15760.473591
231,42,15572.593563
231,43,15138.519979
231,44,14821.747980
231,45,14797.537834
231,47,14625.201702
231,50,14517.346888
231,52,14239.000073
231,53,14105.745677
231,58,14017.006927
231,59,13823.972526
231,64,13734.342345
231,65,13724.097459
232,40,16478.754363
232,41,15760.473591
232,42,15572.593563
232,43,14713.780502
232,47,14620.819610
232,50,14517.346888
232,52,14233.702663
232,53,14101.429318
232,58,14017.006927
232,59,13823.972526
232,63,13730.958427
232,65,13724.097459
233,40,16478.754363
233,41,15760.473591
233,42,15572.593563
233,43,14713.780502
233,47,14620.819610
233,50,14517.346888
233,52,14233.702663
233,53,14101.429318
233,58,14017.006927
233,59,13823.972526
233,63,13730.958427
233,64,13726.854936
233,65,13724.097459
234,40,16478.754363
234,41,15760.473591
234,42,15572.593563
234,43,14713.780502
234,47,14620.819610
234,50,14517.346888
234,52,14233.702663
234,53,14101.429318
234,58,14017.006927
234,59,13823.972526
234,63,13730.958427
234,64,13726.854936
234,65,13724.097459
235,40,16478.754363
235,41,15561.176054
235,43,14713.780502
235,47,14620.819610
235,50,14517.346888
235,52,14233.702663
235,53,14101.429318
235,58,14017.006927
235,59,13823.972526
235,63,13730.958427
235,64,13726.854936
235,65,13724.097459
236,40,16478.754363
236,41,15561.176054
236,42,14660.322442
236,46,14608.426769
236,50,14517.346888
236,52,14201.116700
236,53,14101.429318
236,58,14001.051674
236,59,13823.972526
236,63,13727.444294
236,64,13685.256749
237,40,16386.745013
237,41,15561.176054
237,42,14618.726690
237,46,14608.426769
237,50,14517.346888
237,52,14201.116700
237,53,14101.429318
237,58,14001.051674
237,59,13823.972526
237,60,13805.798003
237,63,13727.444294
237,64,13685.256749
238,40,16271.545260
238,41,15561.176054
238,42,14618.726690
238,46,14608.426769
238,50,14517.346888
238,52,14201.116700
238,53,14101.429318
238,58,14001.051674
238,59,13823.972526
238,60,13805.798003
238,63,13727.444294
238,64,13685.256749
239,40,16271.545260
239,41,15547.290547
239,42,14618.726690
239,46,14608.426769
239,50,14517.346888
239,52,14201.116700
239,53,14101.429318
239,58,14001.051674
239,59,13823.972526
239,60,13805.798003
239,63,13727.444294
239,64,13685.256749
240,40,16271.545260
240,41,15547.290547
240,42,14618.726690
240,46,14608.426769
240,47,14567.742982
240,48,14516.822899
240,50,14516.798071
240,52,14175.776737
240,53,14101.429318
240,58,13987.422636
240,59,13779.891450
240,63,13671.547324
241,40,16267.884649
241,41,15547.290547
241,42,14564.492489
241,48,14516.822899
241,50,14516.798071
241,52,14175.776737
241,53,14101.429318
241,58,13987.422636
241,59,13779.891450
241,60,13776.956857
241,63,13671.547324
242,40,16267.884649
242,41,15547.290547
242,42,14564.492489
242,48,14516.822899
242,49,14449.547395
242,52,14175.776737
242,53,14101.429318
242,58,13987.422636
242,59,13779.891450
242,60,13776.956857
242,63,13671.547324
243,40,16154.303286
243,41,15547.290547
243,42,14564.492489
243,45,14498.963983
243,49,14449.547395
243,52,14175.776737
243,53,14101.429318
243,58,13987.422636
243,59,13779.891450
243,60,13776.956857
243,63,13671.547324
244,40,16154.303286
244,41,15448.431671
244,42,14527.034126
244,44,14482.242470
244,49,14446.778554
244,52,14102.451713
244,53,14092.153474
244,57,13976.805665
244,59,13762.080998
244,63,13671.547324
245,40,16154.303286
245,41,14624.107003
245,42,14527.034126
245,44,14459.246976
245,49,14446.778554
245,52,14102.451713
245,53,14092.153474
245,57,13976.805665
245,58,13951.511069
245,59,13762.080998
245,63,13671.547324
246,40,16154.303286
246,41,14624.107003
246,42,14527.034126
246,44,14459.246976
246,49,14446.778554
246,52,14102.451713
246,53,14092.153474
246,57,13976.805665
246,58,13951.511069
246,59,13762.080998
246,63,13671.547324
247,40,16154.303286
247,41,14624.107003
247,42,14527.034126
247,44,14459.246976
247,48,14443.664337
247,52,14102.451713
247,53,14092.153474
247,57,13976.805665
247,58,13951.511069
247,59,13762.080998
247,63,13671.547324
248,40,15530.611151
248,41,14624.107003
248,42,14508.759525
248,44,14459.246976
248,48,14392.970089
248,51,14005.468382
248,57,13975.994214
248,58,13888.120401
248,59,13762.080998
248,63,13664.528320
249,40,15530.611151
249,41,14562.671812
249,42,14508.759525
249,44,14459.246976
249,48,14392.970089
249,51,14005.468382
249,57,13975.994214
249,58,13888.120401
249,59,13762.080998
249,63,13664.528320
250,40,15530.611151
250,41,14562.671812
250,42,14508.759525
250,44,14459.246976
250,48,14392.970089
250,51,14005.468382
250,57,13975.994214
250,58,13888.120401
250,59,13762.080998
250,63,13664.528320
251,40,15530.611151
251,41,14562.671812
251,42,14508.759525
251,44,14459.246976
251,48,14392.970089
251,49,14368.759943
251,51,14005.468382
251,57,13975.994214
251,58,13888.120401
251,59,13762.080998
251,63,13664.528320
252,40,15530.611151
252,41,14550.333452
252,42,14504.043300
252,44,14453.468341
252,48,14356.782622
252,51,13999.440357
252,57,13880.014858
252,59,13758.642455
252,63,13664.528320
253,40,15530.611151
253,41,14550.333452
253,42,14504.043300
253,44,14453.468341
253,45,14406.118374
253,48,14356.782622
253,51,13999.440357
253,57,13880.014858
253,59,13758.642455
253,63,13664.528320
253,64,13661.593727
254,40,15530.611151
254,41,14550.333452
254,42,14504.043300
254,44,14453.468341
254,45,14406.118374
254,48,14356.782622
254,51,13999.440357
254,57,13880.014858
254,59,13758.642455
254,63,13664.528320
254,64,13661.593727
255,40,15530.611151
255,41,14550.333452
255,42,14504.043300
255,44,14453.468341
255,45,14406.118374
255,46,14305.410750
255,51,13999.440357
255,57,13880.014858
255,59,13758.642455
255,63,13664.528320
255,64,13661.593727
256,40,15530.611151
256,41,14550.333452
256,42,14489.935166
256,44,14453.424235
256,45,14399.345308
256,46,14297.826128
256,51,13999.240157
256,53,13984.185933
256,57,13880.014858
256,59,13729.005113
256,63,13650.878546
257,40,15530.611151
257,41,14550.333452
257,42,14489.935166
257,44,14453.424235
257,45,14399.345308
257,46,14297.826128
257,51,13999.240157
257,53,13984.185933
257,57,13880.014858
257,59,13729.005113
257,63,13650.878546
258,40,15530.611151
258,41,14550.333452
258,42,14489.935166
258,44,14453.424235
258,45,14399.345308
258,46,14297.826128
258,51,13999.240157
258,53,13984.185933
258,57,13880.014858
258,59,13729.005113
258,63,13650.878546
259,40,15530.611151
259,41,14550.333452
259,42,14489.935166
259,44,14453.424235
259,45,14399.345308
259,46,14297.826128
259,51,13999.240157
259,53,13984.185933
259,57,13880.014858
259,59,13713.864480
259,63,13650.878546
260,40,15530.611151
260,41,14536.484354
260,42,14464.718525
260,44,14450.781124
260,45,14361.886946
260,46,14264.236890
260,51,13979.778294
260,53,13970.259143
260,55,13851.753170
260,59,13713.864480
260,62,13631.431257
261,40,15530.611151
261,41,14536.484354
261,42,14464.718525
261,44,14450.781124
261,45,14361.886946
261,46,14264.236890
261,51,13979.778294
261,53,13970.259143
261,55,13851.753170
261,59,13713.864480
261,62,13631.431257
262,40,15530.611151
262,41,14536.484354
262,42,14464.718525
262,44,14450.781124
262,45,14361.886946
262,46,14264.236890
262,51,13979.778294
262,53,13970.259143
262,55,13851.753170
262,59,13713.864480
262,62,13631.431257
263,40,15530.611151
263,41,14536.484354
263,42,14464.718525
263,44,14399.497410
263,45,14361.886946
263,46,14264.236890
263,51,13979.778294
263,53,13970.259143
263,54,13856.120539
263,55,13851.753170
263,57,13839.446430
263,59,13713.864480
263,62,13631.431257
264,40,15530.611151
264,41,14532.175281
264,42,14464.718525
264,44,14399.497410
264,45,14350.854509
264,46,14199.854678
264,51,13893.002712
264,54,13856.120539
264,55,13847.141402
264,57,13823.532243
264,59,13696.193690
264,62,13631.431257
265,40,15530.611151
265,41,14532.175281
265,42,14464.718525
265,44,14399.497410
265,45,14350.854509
265,46,14199.854678
265,51,13893.002712
265,54,13856.120539
265,55,13847.141402
265,57,13823.532243
265,59,13696.193690
265,62,13631.431257
266,40,15530.611151
266,41,14532.175281
266,42,14464.718525
266,44,14399.497410
266,45,14350.854509
266,46,14199.854678
266,51,13893.002712
266,54,13856.120539
266,55,13847.141402
266,57,13823.532243
266,59,13696.193690
266,62,13631.431257
267,40,15530.611151
267,41,14532.175281
267,42,14464.718525
267,44,14399.497410
267,45,14350.854509
267,46,14199.854678
267,51,13893.002712
267,54,13814.229367
267,59,13696.193690
267,62,13631.431257
268,40,15507.361889
268,41,14513.302454
268,42,14456.072856
268,44,14374.064981
268,45,14233.577169
268,46,14180.026046
268,51,13853.350892
268,54,13785.463524
268,59,13683.487207
268,62,13616.252150
269,40,15507.361889
269,41,14488.859783
269,42,14456.072856
269,44,14374.064981
269,45,14233.577169
269,46,14180.026046
269,51,13853.350892
269,54,13785.463524
269,59,13683.487207
269,62,13616.252150
270,40,14604.993864
270,41,14488.859783
270,42,14456.072856
270,44,14374.064981
270,45,14233.577169
270,46,14180.026046
270,51,13853.350892
270,54,13785.463524
270,59,13683.487207
270,62,13616.252150
271,40,14604.993864
271,41,14488.859783
271,42,14456.072856
271,44,14374.064981
271,45,14233.577169
271,46,14180.026046
271,51,13853.350892
271,54,13785.463524
271,59,13683.487207
271,62,13616.252150
272,40,14578.993210
272,41,14474.901375
272,42,14456.072856
272,44,14319.986754
272,45,14233.577169
272,46,14171.420881
272,51,13850.071374
272,54,13785.463524
272,59,13643.371513
272,62,13613.386349
273,38,15732.139132
273,40,14578.993210
273,41,14474.901375
273,42,14456.072856
273,43,14397.608118
273,44,14319.986754
273,45,14233.577169
273,46,14171.420881
273,51,13850.071374
273,54,13785.463524
273,59,13643.371513
273,62,13613.386349
274,38,15732.139132
274,40,14578.993210
274,41,14474.901375
274,42,14456.072856
274,43,14391.825737
274,44,14319.986754
274,45,14233.577169
274,46,14171.420881
274,51,13850.071374
274,54,13785.463524
274,59,13643.371513
274,62,13613.386349
275,38,15732.139132
275,40,14578.993210
275,41,14474.901375
275,42,14456.072856
275,43,14391.825737
275,44,14319.986754
275,45,14233.577169
275,46,14137.718252
275,47,14119.116849
275,51,13850.071374
275,54,13785.463524
275,59,13643.371513
275,62,13613.386349
276,38,15732.139132
276,40,14578.993210
276,41,14442.379514
276,43,14391.825737
276,44,14316.321109
276,45,14223.441942
276,46,14137.718252
276,47,14101.946347
276,51,13841.638916
276,54,13785.463524
276,59,13642.280890
276,62,13590.271813
277,38,15732.139132
277,40,14578.993210
277,41,14428.874484
277,43,14310.385008
277,45,14183.921808
277,46,14137.718252
277,47,14101.946347
277,51,13841.638916
277,54,13707.058172
277,59,13642.280890
277,62,13590.271813
278,38,15732.139132
278,40,14578.993210
278,41,14428.874484
278,43,14310.385008
278,45,14183.921808
278,46,14137.718252
278,47,14101.946347
278,51,13841.638916
278,53,13679.441057
278,59,13642.280890
278,62,13590.271813
279,38,15458.349388
279,40,14578.993210
279,41,14428.874484
279,42,14367.621268
279,43,14310.385008
279,45,14183.921808
279,46,14137.718252
279,47,14101.946347
279,51,13841.638916
279,53,13679.441057
279,59,13642.280890
279,62,13590.271813
280,38,15458.349388
280,39,15417.157008
280,40,14504.588081
280,41,14428.874484
280,42,14288.915014
280,45,14171.852589
280,46,14129.113087
280,47,14101.946347
280,51,13839.987993
280,53,13672.135222
280,58,13638.512361
280,62,13590.271813
281,38,15458.349388
281,39,15417.157008
281,40,14504.588081
281,41,14428.874484
281,42,14288.915014
281,45,14171.852589
281,46,14129.113087
281,47,14101.946347
281,49,14039.096057
281,51,13839.987993
281,53,13672.135222
281,58,13638.512361
281,62,13590.271813
282,38,15458.349388
282,39,15349.488540
282,40,14504.588081
282,41,14428.874484
282,42,14288.915014
282,45,14171.852589
282,46,14129.113087
282,47,14101.946347
282,49,14039.096057
282,51,13839.987993
282,53,13672.135222
282,58,13638.512361
282,62,13590.271813
282,65,13590.176985
283,38,15458.349388
283,39,15349.488540
283,40,14504.588081
283,41,14428.874484
283,42,14288.915014
283,45,14171.852589
283,46,14129.113087
283,47,14101.946347
283,49,14039.096057
283,50,13983.457791
283,51,13839.987993
283,53,13672.135222
283,58,13638.512361
283,62,13590.271813
283,65,13590.176985
284,38,15458.349388
284,39,15349.488540
284,40,14504.588081
284,41,14428.874484
284,42,14288.915014
284,45,14166.636944
284,46,14090.928915
284,49,14039.096057
284,50,13983.457791
284,51,13839.987993
284,53,13672.135222
284,58,13638.512361
284,62,13590.271813
284,64,13579.039365
285,38,15458.349388
285,39,15349.488540
285,40,14452.558964
285,41,14428.874484
285,42,14288.915014
285,45,14166.636944
285,46,14090.928915
285,49,14039.096057
285,50,13983.457791
285,51,13839.987993
285,53,13672.135222
285,55,13656.456872
285,58,13638.512361
285,62,13590.271813
285,64,13579.039365
286,38,15458.349388
286,39,15349.488540
286,40,14452.558964
286,41,14428.874484
286,42,14288.915014
286,45,14146.479550
286,46,14090.928915
286,49,14039.096057
286,50,13983.457791
286,51,13839.987993
286,53,13672.135222
286,55,13656.456872
286,58,13638.512361
286,62,13590.271813
286,64,13579.039365
287,38,15458.349388
287,39,15116.664475
287,40,14452.558964
287,41,14428.874484
287,42,14288.915014
287,45,14146.479550
287,46,14090.928915
287,49,14039.096057
287,50,13983.457791
287,51,13839.987993
287,53,13672.135222
287,55,13656.456872
287,58,13638.512361
287,62,13590.271813
287,64,13579.039365
288,38,15458.349388
288,39,15116.664475
288,40,14452.558964
288,41,14428.874484
288,42,14288.915014
288,45,14139.399163
288,46,14090.928915
288,49,14001.530834
288,50,13957.290527
288,51,13828.298025
288,52,13664.371525
288,55,13626.683564
288,62,13568.229432
289,38,15458.349388
289,39,15116.664475
289,40,14452.558964
289,41,14428.874484
289,42,14288.915014
289,44,14107.870090
289,46,14090.928915
289,49,14001.530834
289,50,13957.290527
289,51,13828.298025
289,52,13664.371525
289,55,13626.683564
289,62,13568.229432
290,38,15458.349388
290,39,15116.664475
290,40,14452.558964
290,41,14428.874484
290,42,14288.915014
290,44,14107.870090
290,46,14090.928915
290,49,14001.530834
290,50,13957.290527
290,51,13828.298025
290,52,13664.371525
290,55,13626.683564
290,62,13568.229432
291,38,15458.349388
291,39,15116.664475
291,40,14452.558964
291,41,14428.874484
291,42,14288.915014
291,44,14107.870090
291,46,14090.928915
291,49,14001.530834
291,50,13957.290527
291,51,13828.298025
291,52,13664.371525
291,55,13626.683564
291,62,13568.229432
292,38,15458.349388
292,39,15116.664475
292,40,14452.558964
292,41,14392.174364
292,42,14288.915014
292,44,14107.870090
292,46,14076.868547
292,49,13997.761564
292,50,13929.054351
292,51,13812.916110
292,52,13656.203741
292,55,13626.683564
292,62,13568.229432
293,38,15458.349388
293,39,15116.664475
293,40,14452.558964
293,41,14392.174364
293,42,14288.915014
293,44,14107.870090
293,46,14076.868547
293,49,13997.761564
293,50,13929.054351
293,51,13812.916110
293,52,13656.203741
293,55,13626.683564
293,62,13568.229432
294,38,15458.349388
294,39,15116.664475
294,40,14452.558964
294,41,14392.174364
294,42,14288.915014
294,44,14107.870090
294,46,14076.868547
294,49,13997.761564
294,50,13929.054351
294,51,13812.916110
294,52,13656.203741
294,55,13626.683564
294,62,13568.229432
295,38,15458.349388
295,39,14999.124949
295,40,14452.558964
295,41,14392.174364
295,42,14288.915014
295,44,14107.870090
295,46,14076.868547
295,49,13997.761564
295,50,13929.054351
295,51,13812.916110
295,52,13656.203741
295,55,13626.683564
295,62,13568.229432
296,38,15458.349388
296,39,14999.124949
296,40,14452.558964
296,41,14392.174364
296,42,14259.976426
296,44,14087.345200
296,46,14076.868547
296,47,14025.221558
296,49,13967.526558
296,50,13929.054351
296,51,13768.415609
296,52,13655.638078
296,55,13626.683564
296,62,13558.136250
297,38,15458.349388
297,39,14999.124949
297,40,14452.558964
297,41,14392.174364
297,42,14259.976426
297,44,14087.345200
297,46,14076.868547
297,47,14025.221558
297,49,13967.526558
297,50,13929.054351
297,51,13768.415609
297,52,13655.638078
297,55,13626.683564
297,62,13558.136250
298,38,15458.349388
298,39,14999.124949
298,40,14452.558964
298,41,14392.174364
298,42,14259.976426
298,44,14087.345200
298,46,14076.868547
298,47,14025.221558
298,49,13967.526558
298,50,13929.054351
298,51,13768.415609
298,52,13655.638078
298,55,13626.683564
298,57,13613.416910
298,62,13558.136250
299,38,15353.282924
299,39,14999.124949
299,40,14452.558964
299,41,14392.174364
299,42,14259.976426
299,44,14087.345200
299,46,14076.868547
299,47,14025.221558
299,49,13967.526558
299,50,13929.054351
299,51,13768.415609
299,52,13655.638078
299,55,13626.683564
299,57,13613.416910
299,62,13558.136250
300,38,15353.282924
300,39,14999.124949
300,40,14452.558964
300,41,14392.174364
300,42,14259.976426
300,44,14078.530905
300,46,14006.158662
300,47,13997.096486
300,49,13966.346842
300,50,13929.054351
300,51,13768.415609
300,52,13624.352192
300,57,13588.067833
300,62,13558.136250
301,38,15353.282924
301,39,14999.124949
301,40,14452.558964
301,41,14392.174364
301,42,14259.976426
301,44,14078.530905
301,46,14006.158662
301,47,13997.096486
301,49,13966.346842
301,50,13929.054351
301,51,13768.415609
301,52,13624.352192
301,57,13588.067833
301,62,13558.136250
302,38,15353.282924
302,39,14999.124949
302,40,14412.596465
302,41,14392.174364
302,42,14259.976426
302,44,14078.530905
302,46,14006.158662
302,47,13997.096486
302,49,13966.346842
302,50,13929.054351
302,51,13768.415609
302,52,13624.352192
302,55,13616.311354
302,57,13588.067833
302,62,13558.136250
303,38,15353.282924
303,39,14915.387220
303,40,14412.596465
303,41,14392.174364
303,42,14259.976426
303,44,14078.530905
303,46,14006.158662
303,47,13997.096486
303,49,13966.346842
303,50,13929.054351
303,51,13768.415609
303,52,13624.352192
303,55,13616.311354
303,57,13588.067833
303,62,13558.136250
304,38,15353.282924
304,39,14915.387220
304,40,14412.596465
304,41,14392.174364
304,42,14259.976426
304,44,14078.530905
304,45,14063.776771
304,46,13973.410175
304,49,13960.991959
304,50,13929.054351
304,51,13751.540508
304,52,13624.352192
304,54,13606.021008
304,57,13588.067833
304,62,13553.303677
305,38,15353.282924
305,39,14866.809650
305,40,14412.596465
305,41,14392.174364
305,42,14259.976426
305,44,14078.530905
305,45,14063.776771
305,46,13973.410175
305,49,13960.991959
305,50,13929.054351
305,51,13751.540508
305,52,13624.352192
305,54,13606.021008
305,57,13588.067833
305,62,13553.303677
306,38,15297.958843
306,39,14866.809650
306,40,14412.596465
306,41,14384.587550
306,42,14259.976426
306,44,14078.530905
306,45,14063.776771
306,46,13973.410175
306,49,13960.991959
306,50,13929.054351
306,51,13751.540508
306,52,13624.352192
306,54,13606.021008
306,57,13588.067833
306,62,13553.303677
307,38,15297.958843
307,39,14866.809650
307,40,14412.596465
307,41,14286.244825
307,42,14259.976426
307,44,14078.530905
307,45,14063.776771
307,46,13973.410175
307,49,13960.991959
307,50,13929.054351
307,51,13751.540508
307,52,13624.352192
307,54,13606.021008
307,57,13588.067833
307,62,13553.303677
308,38,15297.958843
308,39,14866.809650
308,40,14412.596465
308,41,14244.764642
308,44,14078.530905
308,45,14054.769045
308,46,13947.931776
308,50,13906.093760
308,51,13652.136074
308,52,13603.893013
308,54,13590.489227
308,57,13588.067833
308,62,13549.223371
309,38,15297.958843
309,39,14866.809650
309,40,14412.596465
309,41,14244.764642
309,44,14078.530905
309,45,14054.769045
309,46,13947.931776
309,50,13906.093760
309,51,13652.136074
309,52,13603.893013
309,54,13590.489227
309,57,13588.067833
309,62,13549.223371
310,38,15297.958843
310,39,14866.809650
310,40,14355.769615
310,41,14244.764642
310,44,14078.530905
310,45,14054.769045
310,46,13947.931776
310,50,13906.093760
310,51,13652.136074
310,52,13603.893013
310,54,13590.489227
310,57,13588.067833
310,62,13549.223371
311,38,15297.958843
311,39,14866.809650
311,40,14355.769615
311,41,14244.764642
311,44,14078.530905
311,45,14054.769045
311,46,13947.931776
311,50,13906.093760
311,51,13652.136074
311,52,13603.893013
311,54,13574.397301
311,62,13549.223371
312,38,15297.958843
312,39,14866.809650
312,40,14348.836180
312,41,14244.764642
312,44,14045.513331
312,46,13911.719285
312,50,13587.960227
312,54,13574.397301
312,62,13514.244345
313,38,15297.958843
313,39,14866.809650
313,40,14348.836180
313,41,14244.764642
313,44,14045.513331
313,46,13911.719285
313,50,13587.960227
313,51,13526.798731
313,62,13514.244345
314,38,15297.958843
314,39,14866.809650
314,40,14348.836180
314,41,14244.764642
314,44,14045.513331
314,46,13911.719285
314,49,13909.471689
314,50,13587.960227
314,51,13526.798731
314,53,13525.547882
314,62,13514.244345
315,38,15297.958843
315,39,14866.809650
315,40,14348.836180
315,41,14244.764642
315,43,14225.367614
315,44,14045.513331
315,45,13985.531500
315,46,13911.719285
315,49,13909.471689
315,50,13587.960227
315,51,13526.798731
315,53,13525.547882
315,62,13514.244345
316,38,15297.958843
316,39,14861.802972
316,40,14348.836180
316,41,14200.315506
316,43,14157.939497
316,44,14034.725319
316,45,13985.531500
316,46,13900.339813
316,49,13567.822854
316,51,13526.798731
316,53,13522.244902
316,62,13509.192517
317,38,15297.958843
317,39,14861.802972
317,40,14348.836180
317,41,14200.315506
317,43,14157.939497
317,44,14034.725319
317,45,13985.531500
317,46,13900.339813
317,49,13567.822854
317,51,13526.798731
317,53,13522.244902
317,62,13509.192517
318,37,16417.628995
318,38,15297.958843
318,39,14861.802972
318,40,14348.836180
318,41,14200.315506
318,43,14157.939497
318,44,14034.725319
318,45,13934.474149
318,46,13900.339813
318,49,13567.822854
318,51,13526.798731
318,53,13522.244902
318,62,13509.192517
319,37,16417.628995
319,38,15297.958843
319,39,14861.802972
319,40,14261.549466
319,41,14200.315506
319,43,14157.939497
319,44,14034.725319
319,45,13934.474149
319,46,13900.339813
319,49,13567.822854
319,51,13526.798731
319,52,13519.112277
319,62,13509.192517
320,37,16417.628995
320,38,15297.958843
320,39,14861.802972
320,40,14261.549466
320,41,14200.315506
320,43,14157.939497
320,44,14034.725319
320,45,13934.474149
320,46,13900.339813
320,49,13567.822854
320,51,13526.798731
320,52,13519.112277
320,62,13509.192517
321,37,16417.628995
321,38,15297.958843
321,39,14861.802972
321,40,14261.549466
321,41,14200.315506
321,43,14157.939497
321,44,14034.725319
321,45,13934.474149
321,46,13900.339813
321,49,13567.822854
321,51,13526.798731
321,52,13519.112277
321,62,13509.192517
322,37,16417.628995
322,38,15297.958843
322,39,14861.802972
322,40,14261.549466
322,41,14200.315506
322,43,14157.939497
322,44,14034.725319
322,45,13934.474149
322,46,13900.339813
322,47,13737.786764
322,49,13567.822854
322,51,13526.798731
322,52,13519.112277
322,62,13509.192517
322,64,13502.050615
323,37,16417.628995
323,38,15297.958843
323,39,14840.831680
323,40,14261.549466
323,41,14200.315506
323,43,14157.939497
323,44,14034.725319
323,45,13934.474149
323,46,13900.339813
323,47,13737.786764
323,49,13567.822854
323,51,13526.798731
323,52,13519.112277
323,56,13462.530126
324,37,16417.628995
324,38,15297.958843
324,39,14840.831680
324,40,14261.549466
324,41,14200.315506
324,43,14157.939497
324,44,14034.725319
324,45,13934.474149
324,46,13900.339813
324,47,13737.786764
324,49,13567.822854
324,51,13526.798731
324,52,13519.112277
324,56,13462.530126
325,37,16417.628995
325,38,15297.958843
325,39,14840.831680
325,40,14261.549466
325,41,14200.315506
325,43,14157.939497
325,44,14034.725319
325,45,13934.474149
325,46,13900.339813
325,47,13737.786764
325,49,13567.822854
325,51,13526.798731
325,52,13519.112277
325,56,13462.530126
326,37,16417.628995
326,38,15297.958843
326,39,14840.831680
326,40,14249.403289
326,41,14116.028145
326,44,14034.725319
326,45,13922.155299
326,46,13894.189581
326,47,13729.157826
326,49,13536.429920
326,51,13514.397659
326,56,13431.768111
327,37,16417.628995
327,38,15259.377535
327,39,14840.831680
327,40,14249.403289
327,41,14116.028145
327,44,14034.725319
327,45,13922.155299
327,46,13888.020962
327,47,13729.157826
327,49,13536.429920
327,51,13514.397659
327,56,13431.768111
