Generation,NV,TOC
1,29,11373.089227
1,31,11135.967049
1,33,9926.541991
1,34,9779.345475
1,35,9528.183692
1,36,9407.382914
1,38,9364.525257
1,40,9245.258384
1,41,9112.129529
1,42,8610.151387
1,49,8435.922393
1,52,8326.884094
1,62,8110.925563
1,65,8068.683052
1,72,7967.299879
1,85,7749.686442
2,27,11627.488284
2,28,11245.580843
2,31,11135.967049
2,32,10327.611090
2,33,9693.091629
2,35,9311.645696
2,36,8824.368577
2,38,8679.978554
2,42,8610.151387
2,44,8511.531737
2,49,8129.824287
2,62,8110.925563
2,65,8068.683052
2,72,7915.321715
2,74,7537.271119
2,86,7530.602901
3,27,10727.542910
3,31,10619.184049
3,32,10327.611090
3,33,9693.091629
3,34,9581.117317
3,35,9239.578537
3,36,8824.368577
3,38,8679.978554
3,41,8403.529915
3,49,8129.824287
3,51,8010.380089
3,55,7865.468933
3,56,7782.648261
3,60,7602.762452
3,74,7537.271119
3,86,7530.602901
4,26,11380.889444
4,27,10120.047483
4,30,9844.033606
4,33,9424.167512
4,35,8789.763499
4,36,8668.853266
4,37,8491.881464
4,39,8321.104129
4,42,8300.499484
4,44,8278.114083
4,49,8129.824287
4,51,8010.380089
4,52,7906.973898
4,53,7851.528098
4,55,7807.781371
4,56,7782.648261
4,60,7602.762452
4,70,7578.234703
4,72,7202.605002
5,26,11369.425878
5,27,10120.047483
5,30,9844.033606
5,32,9469.100140
5,33,9424.167512
5,34,9191.875943
5,35,8789.763499
5,36,8668.853266
5,37,8225.655789
5,41,7970.086984
5,43,7654.145124
5,54,7514.612256
5,62,7200.027327
5,67,7094.150254
6,25,11016.554925
6,26,10834.648084
6,27,10120.047483
6,28,10008.310748
6,30,9628.817372
6,31,9596.983195
6,32,9469.100140
6,33,9393.732329
6,34,9191.875943
6,35,8712.068301
6,36,8668.853266
6,37,7942.566711
6,43,7654.145124
6,50,7465.035969
6,62,7200.027327
6,65,7096.315479
6,67,7094.150254
6,71,7043.267046
6,77,7012.203932
7,25,10831.581692
7,26,10282.633545
7,27,10120.047483
7,28,9974.938655
7,30,9628.817372
7,31,9596.983195
7,32,9279.260115
7,34,8767.447145
7,35,8416.522854
7,37,7942.566711
7,43,7616.760293
7,50,7465.035969
7,56,6952.640437
8,24,9839.273174
8,30,8909.056322
8,32,8164.220012
8,36,7936.038201
8,41,7516.689230
8,48,7397.976162
8,51,7100.670281
8,54,6926.006187
9,24,9839.273174
9,27,9326.170607
9,28,9135.067400
9,30,8909.056322
9,31,8791.844373
9,32,8164.220012
9,36,7936.038201
9,39,7641.719023
9,41,7516.689230
9,47,7490.010094
9,48,7397.976162
9,51,7100.670281
9,54,6926.006187
9,63,6811.128682
9,77,6788.769466
10,24,9839.273174
10,26,9329.567316
10,27,9130.828526
10,30,8818.917830
10,31,8702.861620
10,32,8164.220012
10,34,8137.369497
10,36,7936.038201
10,39,7641.719023
10,41,7516.689230
10,47,7490.010094
10,48,7304.307040
10,51,7100.670281
10,54,6926.006187
10,63,6811.128682
10,72,6804.579938
10,77,6788.769466
11,23,9951.807512
11,24,9839.273174
11,25,9400.722461
11,26,9329.567316
11,27,8679.874222
11,30,8574.822771
11,32,8164.220012
11,34,8114.335872
11,36,7936.038201
11,37,7908.019893
11,39,7641.719023
11,40,7276.137350
11,44,6949.584559
11,54,6926.006187
11,61,6799.378501
11,74,6781.140692
12,23,9731.612607
12,24,9567.590093
12,25,8605.565177
12,26,8291.372748
12,32,8164.220012
12,34,8114.335872
12,35,8054.920720
12,36,7786.331656
12,37,7685.779063
12,39,7590.545939
12,40,7276.137350
12,44,6949.584559
12,54,6926.006187
12,58,6805.428112
12,61,6799.378501
12,68,6794.384321
12,74,6781.140692
13,23,9032.416886
13,25,8605.565177
13,26,8291.372748
13,30,8050.723275
13,31,7822.830386
13,36,7786.331656
13,37,7685.779063
13,39,7590.545939
13,40,7276.137350
13,44,6949.584559
13,54,6926.006187
13,56,6919.741348
13,58,6805.428112
13,61,6799.378501
13,68,6794.384321
13,74,6781.140692
14,23,9032.416886
14,25,8605.565177
14,26,8291.372748
14,30,8050.723275
14,31,7822.830386
14,36,7786.331656
14,37,7685.779063
14,39,7590.545939
14,40,7276.137350
14,44,6949.584559
14,54,6926.006187
14,56,6919.741348
14,58,6805.428112
14,61,6799.378501
14,68,6794.384321
14,74,6781.140692
15,22,9240.455722
15,23,9032.416886
15,24,8980.205114
15,25,8605.565177
15,26,8291.372748
15,30,8050.723275
15,31,7822.830386
15,33,7633.434711
15,37,7480.746634
15,38,7454.665675
15,40,7113.246217
15,44,6923.679154
15,50,6648.864802
16,22,9240.455722
16,23,8662.343858
16,25,8605.565177
16,26,8291.372748
16,28,8139.849303
16,30,7736.303401
16,33,7559.096360
16,37,7480.746634
16,38,7454.665675
16,40,7113.246217
16,44,6923.679154
16,50,6648.864802
16,55,6628.069265
17,22,9240.455722
17,23,8615.560677
17,25,8605.565177
17,26,8291.372748
17,28,8139.849303
17,30,7736.303401
17,32,7587.045664
17,33,7422.893126
17,40,7113.246217
17,44,6923.679154
17,50,6648.864802
17,55,6628.069265
17,58,6597.078762
18,21,9490.951559
18,22,9143.302830
18,23,8615.560677
18,25,8377.365086
18,26,8291.372748
18,28,7848.977911
18,30,7429.518850
18,31,7352.090153
18,33,7201.997198
18,39,7020.406742
18,44,6923.679154
18,49,6634.205472
18,54,6592.779516
18,58,6531.039798
19,21,9490.951559
19,22,9143.302830
19,23,8552.677870
19,25,8377.365086
19,26,8291.372748
19,27,8224.486486
19,28,7848.977911
19,30,7429.518850
19,31,7352.090153
19,33,7201.997198
19,39,7020.406742
19,44,6923.679154
19,49,6634.205472
19,54,6592.779516
19,58,6531.039798
20,21,9490.951559
20,22,8941.353544
20,23,8552.677870
20,25,8377.365086
20,26,8291.372748
20,27,8224.486486
20,28,7848.977911
20,30,7429.518850
20,31,7352.090153
20,33,7201.997198
20,39,7020.406742
20,44,6858.709408
20,49,6634.205472
20,54,6592.779516
20,58,6531.039798
21,21,9490.951559
21,22,8847.504929
21,23,8552.677870
21,24,7961.066266
21,28,7776.453742
21,29,7292.871919
21,30,7241.323567
21,33,7139.259008
21,39,6949.252050
21,44,6786.502664
21,49,6607.979052
21,54,6531.594352
21,56,6473.989567
22,21,9490.951559
22,22,8710.031382
22,23,7620.845364
22,29,7292.871919
22,30,7241.323567
22,33,7139.259008
22,39,6949.252050
22,40,6881.178452
22,44,6786.502664
22,49,6607.979052
22,54,6531.594352
22,56,6473.989567
23,21,9490.951559
23,22,8710.031382
23,23,7620.845364
23,27,7608.298597
23,28,7417.177923
23,29,7292.871919
23,30,7241.323567
23,33,7139.259008
23,34,7008.468802
23,39,6949.252050
23,40,6881.178452
23,44,6786.502664
23,49,6607.979052
23,54,6531.594352
23,56,6473.989567
24,20,9873.445591
24,21,9490.951559
24,22,8710.031382
24,23,7620.845364
24,26,7612.481849
24,27,7608.298597
24,28,7417.177923
24,29,7292.871919
24,30,7241.323567
24,33,7139.259008
24,34,7008.468802
24,38,6840.611558
24,44,6786.502664
24,45,6727.329154
24,49,6607.979052
24,54,6531.594352
24,56,6473.989567
24,62,6472.728925
25,20,9873.445591
25,21,9035.780668
25,22,8710.031382
25,23,7620.845364
25,26,7612.481849
25,27,7608.298597
25,28,7417.177923
25,29,7292.871919
25,30,7241.323567
25,33,7139.259008
25,34,7008.468802
25,36,6973.671898
25,38,6840.611558
25,40,6794.894401
25,44,6719.139633
25,45,6659.470165
25,49,6607.979052
25,54,6531.594352
25,56,6473.989567
25,62,6472.728925
26,20,9873.445591
26,21,9035.780668
26,22,8431.341730
26,23,7620.845364
26,26,7510.428474
26,28,7417.177923
26,29,7184.264075
26,33,7139.259008
26,34,7008.468802
26,35,6768.051452
26,44,6719.139633
26,45,6659.470165
26,49,6607.979052
26,54,6531.594352
26,55,6494.555977
26,56,6473.989567
26,62,6472.728925
27,20,9873.445591
27,21,9035.780668
27,22,7856.354485
27,23,7620.845364
27,26,7482.818672
27,27,7303.417036
27,29,7184.264075
27,31,6915.401710
27,35,6768.051452
27,40,6689.350318
27,45,6659.470165
27,49,6607.979052
27,51,6566.597405
27,52,6398.057200
28,20,9873.445591
28,21,8062.781427
28,22,7848.021925
28,23,7461.659923
28,27,7303.417036
28,29,7184.264075
28,30,7130.733146
28,31,6915.401710
28,35,6768.051452
28,40,6689.350318
28,42,6480.407911
28,52,6398.057200
29,20,9873.445591
29,21,8062.781427
29,22,7848.021925
29,23,7461.659923
29,26,7281.058834
29,28,7121.583240
29,30,7029.420655
29,31,6854.792415
29,32,6792.978272
29,35,6768.051452
29,40,6639.050812
29,42,6406.512346
29,52,6290.741142
30,20,9873.445591
30,21,8062.781427
30,22,7848.021925
30,23,7461.659923
30,25,7344.048058
30,26,7281.058834
30,27,7275.669011
30,28,7121.583240
30,30,7029.420655
30,31,6854.792415
30,32,6792.978272
30,34,6790.302236
30,35,6768.051452
30,40,6639.050812
30,42,6406.512346
30,52,6290.741142
31,20,9873.445591
31,21,7923.760590
31,22,7848.021925
31,23,7461.659923
31,24,7447.292171
31,25,7344.048058
31,26,7281.058834
31,27,7275.669011
31,28,7121.583240
31,30,7029.420655
31,31,6854.792415
31,32,6792.978272
31,34,6790.302236
31,35,6768.051452
31,38,6714.328325
31,40,6639.050812
31,42,6406.512346
31,52,6290.741142
32,20,9873.445591
32,21,7923.760590
32,22,7540.044118
32,23,7461.659923
32,24,7447.292171
32,25,7344.048058
32,26,7148.889183
32,28,7004.356444
32,31,6802.597367
32,32,6700.935753
32,33,6683.391274
32,36,6655.652469
32,40,6594.624775
32,41,6290.424679
32,51,6275.202218
33,20,9873.445591
33,21,7923.760590
33,22,7540.044118
33,23,7461.659923
33,24,7447.292171
33,25,7251.789155
33,26,7148.889183
33,27,6974.355630
33,31,6802.597367
33,32,6700.935753
33,33,6683.391274
33,36,6655.652469
33,40,6594.624775
33,41,6231.331167
34,20,8325.282640
34,21,7923.760590
34,22,7540.044118
34,23,7461.659923
34,24,7447.292171
34,25,7251.789155
34,26,7148.889183
34,27,6974.355630
34,31,6767.902505
34,32,6700.935753
34,33,6683.391274
34,36,6655.652469
34,40,6594.624775
34,41,6231.331167
35,20,8325.282640
35,21,7923.760590
35,22,7540.044118
35,23,7423.930560
35,24,7337.746105
35,25,7111.235574
35,26,6885.790399
35,31,6639.634635
35,37,6493.369197
35,39,6138.616422
36,20,8264.757945
36,21,7819.997426
36,22,7540.044118
36,23,7423.930560
36,24,7337.289922
36,25,7111.235574
36,26,6885.790399
36,30,6716.484688
36,31,6639.634635
36,37,6493.369197
36,39,6138.616422
37,20,8264.757945
37,21,7819.997426
37,22,7540.044118
37,23,7386.328225
37,24,7117.069106
37,25,7106.638612
37,26,6885.790399
37,30,6716.484688
37,31,6639.634635
37,37,6493.369197
37,39,6138.616422
38,20,8264.757945
38,21,7593.146717
38,22,7451.743890
38,23,7386.328225
38,24,6991.613309
38,26,6805.538687
38,30,6632.133290
38,31,6586.304335
38,37,6493.369197
38,39,6138.616422
39,20,8264.757945
39,21,7420.611536
39,23,7386.328225
39,24,6991.613309
39,26,6805.538687
39,30,6632.133290
39,31,6586.304335
39,37,6493.369197
39,39,6138.616422
40,20,8264.757945
40,21,7420.611536
40,23,7386.328225
40,24,6991.613309
40,26,6805.538687
40,30,6632.133290
40,31,6586.304335
40,37,6493.369197
40,39,6138.616422
41,20,7727.212030
41,21,7310.838142
41,23,7294.329541
41,24,6991.613309
41,26,6805.538687
41,30,6631.867253
41,31,6586.304335
41,36,6479.020314
41,39,6138.616422
42,20,7727.212030
42,21,7310.838142
42,23,7294.329541
42,24,6991.613309
42,25,6887.471984
42,26,6805.538687
42,28,6796.096880
42,30,6631.867253
42,31,6586.304335
42,36,6479.020314
42,37,6431.250308
42,39,6138.616422
43,20,7640.435030
43,21,7201.805567
43,24,6991.613309
43,25,6887.471984
43,26,6805.538687
43,28,6796.096880
43,30,6631.867253
43,31,6586.304335
43,34,6561.762370
43,36,6479.020314
43,37,6431.250308
43,39,6138.616422
44,20,7640.435030
44,21,7201.805567
44,24,6972.635208
44,25,6818.309918
44,26,6791.869597
44,30,6557.047596
44,36,6479.020314
44,37,6399.279622
44,39,6121.445706
45,20,7640.435030
45,21,7201.805567
45,23,7148.121671
45,24,6972.635208
45,25,6818.309918
45,26,6791.869597
45,30,6557.047596
45,35,6517.366261
45,36,6479.020314
45,37,6399.279622
45,39,6121.445706
46,20,7640.435030
46,21,7072.926210
46,24,6802.761263
46,25,6793.339008
46,26,6791.869597
46,29,6701.179247
46,30,6557.047596
46,34,6538.713115
46,35,6517.366261
46,36,6479.020314
46,37,6399.279622
46,39,6121.445706
47,20,7640.435030
47,21,7072.926210
47,24,6745.785410
47,25,6707.626045
47,29,6701.179247
47,30,6441.161090
47,37,6399.279622
47,39,6105.614943
48,20,7340.572420
48,21,7072.926210
48,24,6745.785410
48,25,6707.626045
48,29,6656.828269
48,30,6441.161090
48,37,6399.279622
48,39,6105.614943
49,20,7340.572420
49,21,7072.926210
49,23,6962.367225
49,24,6745.785410
49,25,6707.626045
49,27,6554.717316
49,28,6524.321777
49,30,6441.161090
49,37,6399.279622
49,39,6105.614943
50,20,7133.650356
50,21,7026.295098
50,23,6702.015228
50,24,6622.709987
50,27,6554.717316
50,28,6464.345533
50,30,6351.460007
50,39,6105.614943
51,19,10200.049832
51,20,7133.650356
51,21,7026.295098
51,23,6628.623293
51,24,6622.709987
51,27,6554.717316
51,28,6464.345533
51,30,6351.460007
51,34,6309.155415
51,39,6105.614943
52,19,10200.049832
52,20,7133.650356
52,21,7026.295098
52,22,6858.210415
52,23,6628.623293
52,24,6622.709987
52,27,6554.717316
52,28,6464.345533
52,30,6351.460007
52,34,6309.155415
52,39,6105.614943
53,19,10200.049832
53,20,7133.650356
53,21,7026.295098
53,22,6858.210415
53,23,6568.861905
53,27,6554.717316
53,28,6464.345533
53,30,6351.460007
53,34,6309.155415
53,39,6105.614943
54,19,7858.253871
54,20,6927.156101
54,22,6821.716097
54,23,6532.054043
54,24,6480.329738
54,28,6362.765592
54,30,6351.460007
54,33,6262.812228
54,38,6058.117343
55,19,7524.079377
55,20,6927.156101
55,21,6841.473546
55,22,6691.675294
55,23,6532.054043
55,24,6480.329738
55,28,6362.765592
55,30,6351.460007
55,33,6262.812228
55,38,6058.117343
56,19,7498.821026
56,20,6927.156101
56,21,6841.473546
56,22,6574.811893
56,23,6532.054043
56,24,6480.329738
56,25,6472.644778
56,26,6461.676989
56,28,6362.765592
56,30,6351.460007
56,33,6262.812228
56,38,6058.117343
57,19,7498.821026
57,20,6915.404271
57,21,6841.473546
57,22,6556.810256
57,23,6465.491224
57,26,6441.085942
57,28,6331.283651
57,33,6262.812228
57,37,5991.391825
58,19,7498.821026
58,20,6915.404271
58,21,6841.473546
58,22,6556.810256
58,23,6465.491224
58,24,6449.103472
58,26,6441.085942
58,28,6331.283651
58,29,6265.370369
58,32,6171.101970
58,37,5991.391825
59,19,7498.821026
59,20,6915.404271
59,21,6841.473546
59,22,6556.810256
59,23,6465.491224
59,24,6434.719404
59,28,6331.283651
59,29,6265.370369
59,32,6171.101970
59,37,5991.391825
59,43,5929.679850
60,19,7498.821026
60,20,6915.404271
60,21,6840.990709
60,22,6556.810256
60,23,6379.375030
60,27,6294.309237
60,29,6265.370369
60,31,6138.199575
60,32,6123.879893
60,37,5953.959878
60,43,5871.069670
61,19,7498.821026
61,20,6908.670774
61,21,6840.990709
61,22,6556.810256
61,23,6379.375030
61,27,6294.309237
61,29,6265.370369
61,31,6138.199575
61,32,6123.879893
61,37,5953.959878
61,43,5871.069670
62,19,7498.821026
62,20,6899.566763
62,21,6840.990709
62,22,6556.810256
62,23,6379.375030
62,27,6294.309237
62,29,6265.370369
62,30,6222.432262
62,31,6138.199575
62,32,6123.879893
62,37,5953.959878
62,43,5871.069670
63,19,7498.821026
63,20,6899.566763
63,21,6744.289485
63,22,6539.303837
63,23,6365.018904
63,25,6352.119207
63,26,6289.526548
63,29,6265.370369
63,30,6222.432262
63,31,6104.332510
63,32,6081.635360
63,37,5953.959878
63,43,5871.069670
64,19,7255.129983
64,20,6899.566763
64,21,6744.289485
64,22,6539.303837
64,23,6365.018904
64,25,6352.119207
64,26,6289.526548
64,29,6265.370369
64,30,6222.432262
64,31,6104.332510
64,32,6081.635360
64,37,5953.959878
64,43,5871.069670
65,19,7255.129983
65,20,6899.566763
65,21,6744.289485
65,22,6539.303837
65,23,6365.018904
65,25,6352.119207
65,26,6289.526548
65,29,6265.370369
65,30,6222.432262
65,31,6104.332510
65,32,6081.635360
65,37,5953.959878
65,43,5871.069670
66,19,7255.129983
66,20,6899.566763
66,21,6688.946752
66,22,6486.598958
66,23,6346.178801
66,25,6308.626826
66,26,6265.802400
66,29,6225.537220
66,30,6136.604084
66,31,6069.236939
66,37,5920.605718
66,43,5870.055002
67,19,7255.129983
67,20,6899.566763
67,21,6688.946752
67,22,6486.598958
67,23,6346.178801
67,25,6308.626826
67,26,6265.802400
67,29,6225.537220
67,30,6136.604084
67,31,6069.236939
67,37,5920.605718
67,43,5870.055002
68,19,7255.129983
68,20,6899.566763
68,21,6688.946752
68,22,6461.239168
68,23,6346.178801
68,24,6333.639347
68,25,6308.626826
68,26,6265.802400
68,29,6225.537220
68,30,6136.604084
68,31,6069.236939
68,37,5920.605718
68,43,5870.055002
69,19,7166.639363
69,20,6899.566763
69,21,6688.946752
69,22,6461.239168
69,23,6247.086658
69,26,6172.463320
69,29,6170.933700
69,30,6112.384280
69,31,6038.287610
69,37,5902.642867
69,43,5870.055002
70,19,7166.639363
70,20,6899.566763
70,21,6688.946752
70,22,6461.239168
70,23,6247.086658
70,26,6172.463320
70,29,6170.933700
70,30,6112.384280
70,31,6038.287610
70,37,5902.642867
70,43,5870.055002
71,18,7263.374693
71,19,7166.639363
71,20,6880.334981
71,21,6688.946752
71,22,6408.111326
71,23,6247.086658
71,26,6172.463320
71,29,6170.933700
71,30,6112.384280
71,31,6038.287610
71,37,5902.642867
71,43,5870.055002
72,18,7263.374693
72,19,7086.538145
72,20,6758.237749
72,21,6608.976477
72,22,6379.975126
72,23,6247.086658
72,26,6114.316595
72,30,6049.228526
72,31,6010.694615
72,37,5852.509714
72,43,5837.895571
73,18,7263.374693
73,19,7086.538145
73,20,6758.237749
73,21,6608.976477
73,22,6379.975126
73,23,6247.086658
73,26,6114.316595
73,30,6049.228526
73,31,6010.694615
73,37,5852.509714
73,43,5837.895571
73,48,5834.248935
74,18,7263.374693
74,19,7086.538145
74,20,6758.237749
74,21,6288.500214
74,23,6247.086658
74,26,6114.316595
74,30,6049.228526
74,31,6010.694615
74,37,5852.509714
74,43,5837.895571
74,48,5834.248935
75,18,7157.497863
75,19,7086.538145
75,20,6430.076945
75,21,6264.823257
75,23,6242.924150
75,25,6203.656163
75,26,6098.459524
75,30,6029.074792
75,31,5948.960832
75,37,5852.509714
75,42,5794.473574
76,18,7157.497863
76,19,7027.470124
76,20,6430.076945
76,21,6264.823257
76,22,6224.387106
76,25,6203.656163
76,26,6098.459524
76,30,6029.074792
76,31,5948.960832
76,37,5852.509714
76,42,5794.473574
77,18,7157.497863
77,19,7027.470124
77,20,6430.076945
77,21,6264.823257
77,22,6224.387106
77,25,6203.656163
77,26,6098.459524
77,27,6065.782577
77,28,6060.237393
77,30,6029.074792
77,31,5948.960832
77,37,5852.509714
77,42,5794.473574
78,18,7157.497863
78,19,7027.470124
78,20,6430.076945
78,21,6264.823257
78,22,6217.683043
78,25,6064.731918
78,27,6013.965149
78,31,5948.960832
78,37,5852.509714
78,41,5768.043999
78,42,5717.626348
79,18,7157.497863
79,19,7027.470124
79,20,6430.076945
79,21,6264.823257
79,22,6217.683043
79,25,6064.731918
79,27,6013.965149
79,31,5948.960832
79,37,5852.509714
79,41,5768.043999
79,42,5717.626348
80,17,7408.984573
80,18,7157.497863
80,19,7027.470124
80,20,6430.076945
80,21,6264.823257
80,22,6217.683043
80,23,6201.505399
80,25,6064.731918
80,26,6026.965873
80,27,6013.965149
80,31,5948.960832
80,37,5852.509714
80,40,5771.251774
80,41,5768.043999
80,42,5717.626348
81,17,7408.984573
81,18,7157.497863
81,19,7027.470124
81,20,6285.448764
81,21,6258.606549
81,22,6217.683043
81,23,6199.589434
81,25,6060.132472
81,26,6026.965873
81,27,6000.989416
81,31,5948.960832
81,37,5840.393876
81,39,5736.133279
81,42,5717.626348
82,17,7408.984573
82,18,7157.497863
82,19,7027.470124
82,20,6285.448764
82,21,6258.606549
82,22,6217.683043
82,23,6199.589434
82,25,6027.400940
82,26,6026.965873
82,27,6000.989416
82,31,5948.960832
82,32,5873.679897
82,37,5840.393876
82,39,5736.133279
82,42,5717.626348
83,17,7408.984573
83,18,7157.497863
83,19,6808.789777
83,20,6285.448764
83,21,6258.606549
83,22,6217.683043
83,23,6199.589434
83,25,6027.400940
83,26,6026.965873
83,27,6000.989416
83,31,5948.960832
83,32,5873.679897
83,37,5840.393876
83,39,5736.133279
83,42,5717.626348
84,17,7408.984573
84,18,7157.497863
84,19,6808.789777
84,20,6278.799112
84,21,6258.606549
84,22,6217.683043
84,23,6182.689419
84,24,6002.045206
84,27,5993.679454
84,29,5928.608277
84,32,5871.201625
84,37,5571.074433
85,17,7408.984573
85,18,7019.528461
85,19,6804.780616
85,20,6278.799112
85,21,6258.606549
85,22,6217.683043
85,23,6182.689419
85,24,6002.045206
85,26,5963.688305
85,29,5928.608277
85,32,5871.201625
85,37,5571.074433
86,17,7408.984573
86,18,7019.528461
86,19,6804.780616
86,20,6278.799112
86,21,6258.606549
86,22,6217.683043
86,23,6182.689419
86,24,6002.045206
86,26,5963.688305
86,29,5928.608277
86,32,5871.201625
86,37,5571.074433
87,17,7408.984573
87,18,7019.528461
87,19,6717.035362
87,20,6278.799112
87,21,6258.606549
87,22,6201.491872
87,23,6168.689084
87,24,5991.817761
87,25,5859.094211
87,31,5834.979488
87,37,5571.074433
88,16,7618.680266
88,17,7104.670526
88,18,6948.958337
88,19,6717.035362
88,20,6278.799112
88,21,6239.175058
88,22,6201.491872
88,23,6168.689084
88,24,5991.817761
88,25,5859.094211
88,31,5834.979488
88,37,5571.074433
89,16,7618.680266
89,17,7104.670526
89,18,6948.958337
89,19,6635.750015
89,20,6278.799112
89,21,6239.175058
89,22,6123.018424
89,23,6055.010426
89,24,5991.817761
89,25,5859.094211
89,31,5834.979488
89,37,5571.074433
90,16,7618.680266
90,17,7104.670526
90,18,6836.610990
90,19,6635.750015
90,20,6278.799112
90,21,6173.764034
90,22,6096.278067
90,23,6055.010426
90,24,5924.871862
90,25,5773.421076
90,37,5571.074433
91,16,7618.680266
91,17,7104.670526
91,18,6836.610990
91,19,6635.750015
91,20,6278.799112
91,21,6137.521504
91,22,6096.278067
91,23,5950.532436
91,24,5924.871862
91,25,5773.421076
91,37,5571.074433
92,16,7618.680266
92,17,7104.670526
92,18,6836.610990
92,19,6635.750015
92,20,6278.799112
92,21,6137.521504
92,22,6096.278067
92,23,5950.532436
92,24,5924.871862
92,25,5773.421076
92,37,5571.074433
93,16,7618.680266
93,17,7104.670526
93,18,6836.610990
93,19,6635.750015
93,20,6278.799112
93,21,6134.366835
93,22,6040.742653
93,23,5948.590991
93,24,5924.871862
93,25,5762.970246
93,37,5571.074433
94,16,7618.680266
94,17,7104.670526
94,18,6836.610990
94,19,6635.750015
94,20,6278.799112
94,21,6134.366835
94,22,6040.742653
94,23,5948.590991
94,24,5924.871862
94,25,5762.970246
94,37,5571.074433
95,16,7618.680266
95,17,7104.670526
95,18,6836.610990
95,19,6635.750015
95,20,6278.799112
95,21,6134.366835
95,22,6040.742653
95,23,5948.590991
95,24,5924.871862
95,25,5762.970246
95,37,5571.074433
96,16,7618.680266
96,17,7104.670526
96,18,6828.671213
96,19,6635.750015
96,20,6234.137993
96,21,6134.366835
96,22,6040.742653
96,23,5934.192364
96,24,5883.031886
96,25,5762.970246
96,36,5530.470387
97,16,7618.680266
97,17,7104.670526
97,18,6828.671213
97,19,6635.750015
97,20,6234.137993
97,21,6062.347207
97,22,6040.742653
97,23,5934.192364
97,24,5883.031886
97,25,5762.970246
97,36,5530.470387
98,16,7618.680266
98,17,7104.670526
98,18,6828.671213
98,19,6635.750015
98,20,6234.137993
98,21,6062.347207
98,22,6040.742653
98,23,5934.192364
98,24,5883.031886
98,25,5762.970246
98,36,5530.470387
99,16,7618.680266
99,17,6985.386608
99,18,6720.685760
99,19,6635.750015
99,20,6217.564377
99,21,6062.347207
99,22,6003.618629
99,23,5931.888860
99,24,5872.815402
99,25,5753.556679
99,35,5524.985091
100,16,7618.680266
100,17,6985.386608
100,18,6720.685760
100,19,6635.750015
100,20,6217.564377
100,21,6062.347207
100,22,6003.618629
100,23,5931.888860
100,24,5872.815402
100,25,5753.556679
100,35,5524.985091
101,16,7223.931132
101,17,6985.386608
101,18,6720.685760
101,19,6635.750015
101,20,6217.564377
101,21,6062.347207
101,22,6003.618629
101,23,5931.888860
101,24,5872.815402
101,25,5753.556679
101,33,5745.774228
101,35,5524.985091
102,16,7223.931132
102,17,6985.386608
102,18,6702.900169
102,19,6440.078476
102,20,6151.619400
102,21,6062.347207
102,22,6002.597943
102,23,5931.888860
102,24,5869.124081
102,25,5673.813885
102,35,5521.995102
103,16,7223.931132
103,17,6985.386608
103,18,6702.900169
103,19,6440.078476
103,20,6151.619400
103,21,6062.347207
103,22,6002.597943
103,23,5931.888860
103,24,5869.124081
103,25,5673.813885
103,35,5521.995102
104,16,7223.931132
104,17,6985.386608
104,18,6702.900169
104,19,6440.078476
104,20,6151.619400
104,21,6062.347207
104,22,6002.597943
104,23,5931.888860
104,24,5869.124081
104,25,5673.813885
104,35,5521.995102
105,16,7223.931132
105,17,6985.342813
105,18,6674.040305
105,19,6395.306753
105,20,6108.855205
105,21,6055.046894
105,22,6002.597943
105,23,5910.565937
105,24,5869.124081
105,25,5664.931068
105,35,5503.522727
106,16,7223.931132
106,17,6985.342813
106,18,6674.040305
106,19,6395.306753
106,20,6108.855205
106,21,6055.046894
106,22,6002.597943
106,23,5910.565937
106,24,5869.124081
106,25,5664.931068
106,35,5503.522727
107,16,7223.931132
107,17,6985.342813
107,18,6674.040305
107,19,6395.306753
107,20,6108.855205
107,21,6055.046894
107,22,6002.597943
107,23,5910.565937
107,24,5869.124081
107,25,5664.931068
107,28,5649.180473
107,35,5503.522727
108,16,7223.931132
108,17,6985.342813
108,18,6674.040305
108,19,6395.306753
108,20,6108.855205
108,21,6055.046894
108,22,6002.597943
108,23,5877.977204
108,24,5849.366345
108,25,5664.931068
108,28,5646.243032
108,35,5503.522727
109,16,7223.931132
109,17,6985.342813
109,18,6674.040305
109,19,6395.306753
109,20,6108.855205
109,21,6055.046894
109,22,6002.597943
109,23,5877.977204
109,24,5849.366345
109,25,5664.931068
109,28,5646.243032
109,35,5503.522727
110,16,7223.931132
110,17,6985.342813
110,18,6674.040305
110,19,6395.306753
110,20,6108.855205
110,21,6055.046894
110,22,6002.597943
110,23,5877.977204
110,24,5849.366345
110,25,5664.931068
110,28,5646.243032
110,35,5503.522727
111,16,7223.931132
111,17,6985.342813
111,18,6620.278760
111,19,6383.597980
111,20,6098.503965
111,21,6052.886634
111,22,6002.597943
111,23,5877.977204
111,24,5801.375599
111,25,5664.931068
111,28,5624.897319
111,34,5500.446422
112,16,7223.931132
112,17,6985.342813
112,18,6620.278760
112,19,6383.597980
112,20,6098.503965
112,21,6052.886634
112,22,6002.597943
112,23,5817.772046
112,24,5801.375599
112,25,5664.931068
112,28,5624.897319
112,34,5500.446422
113,16,7223.931132
113,17,6985.342813
113,18,6620.278760
113,19,6383.597980
113,20,6049.371054
113,22,6002.597943
113,23,5817.772046
113,24,5801.375599
113,25,5664.931068
113,28,5624.897319
113,34,5500.446422
114,16,7223.931132
114,17,6967.042883
114,18,6586.953805
114,19,6383.597980
114,20,6046.829805
114,22,6002.597943
114,23,5808.348451
114,24,5796.542956
114,25,5664.931068
114,28,5611.989955
114,34,5500.446422
115,16,7223.931132
115,17,6967.042883
115,18,6586.953805
115,19,6383.597980
115,20,6046.829805
115,22,6002.597943
115,23,5769.674903
115,25,5664.931068
115,28,5611.989955
115,34,5500.446422
116,16,7223.931132
116,17,6967.042883
116,18,6586.953805
116,19,6383.597980
116,20,6046.829805
116,22,6002.597943
116,23,5769.674903
116,25,5664.931068
116,28,5611.989955
116,34,5500.446422
117,16,7223.931132
117,17,6966.522188
117,18,6586.953805
117,19,6383.597980
117,20,6025.576752
117,22,6000.316820
117,23,5762.045345
117,25,5642.152024
117,28,5608.905121
117,34,5500.446422
118,16,7223.931132
118,17,6966.522188
118,18,6586.953805
118,19,6383.597980
118,20,6025.576752
118,22,6000.316820
118,23,5762.045345
118,25,5642.152024
118,28,5608.905121
118,34,5500.446422
119,16,7223.931132
119,17,6966.522188
119,18,6586.953805
119,19,6383.597980
119,20,6025.576752
119,22,6000.316820
119,23,5762.045345
119,25,5642.152024
119,28,5608.905121
119,34,5500.446422
120,16,7122.196336
120,17,6922.334779
120,18,6568.641710
120,19,6313.924472
120,20,5997.404025
120,23,5762.045345
120,25,5642.152024
120,28,5608.905121
120,29,5600.866247
120,34,5497.236920
121,16,7122.196336
121,17,6922.334779
121,18,6568.641710
121,19,6313.924472
121,20,5997.404025
121,23,5762.045345
121,25,5642.152024
121,28,5608.905121
121,29,5600.866247
121,34,5497.236920
122,16,7122.196336
122,17,6922.334779
122,18,6568.641710
122,19,6313.924472
122,20,5934.885924
122,23,5762.045345
122,25,5642.152024
122,28,5608.905121
122,29,5600.866247
122,34,5497.236920
123,16,7122.196336
123,17,6922.334779
123,18,6521.555413
123,19,6278.139309
123,20,5934.885924
123,23,5723.736978
123,25,5635.296680
123,27,5614.142412
123,28,5591.775728
123,34,5468.497456
124,16,7122.196336
124,17,6922.334779
124,18,6521.555413
124,19,6278.139309
124,20,5934.885924
124,23,5723.736978
124,25,5635.296680
124,27,5614.142412
124,28,5591.775728
124,34,5468.497456
125,16,7122.196336
125,17,6922.334779
125,18,6521.555413
125,19,6278.139309
125,20,5934.885924
125,23,5723.736978
125,25,5635.296680
125,27,5614.142412
125,28,5591.775728
125,34,5468.497456
126,16,7122.196336
126,17,6922.334779
126,18,6419.782521
126,19,6278.139309
126,20,5919.835281
126,23,5719.701586
126,25,5623.466119
126,26,5603.490737
126,27,5601.686091
126,28,5591.775728
126,33,5449.011069
127,16,7122.196336
127,17,6922.334779
127,18,6419.782521
127,19,6278.139309
127,20,5919.835281
127,21,5850.849536
127,23,5719.701586
127,25,5623.466119
127,26,5603.490737
127,27,5601.686091
127,28,5591.775728
127,33,5449.011069
128,16,7122.196336
128,17,6922.334779
128,18,6419.782521
128,19,6278.139309
128,20,5919.835281
128,21,5795.728219
128,23,5719.701586
128,25,5583.481579
128,33,5449.011069
129,16,7102.261402
129,17,6922.334779
129,18,6419.782521
129,19,6145.754743
129,20,5917.368219
129,21,5795.728219
129,23,5704.264922
129,25,5576.465324
129,29,5534.603693
129,33,5449.011069
130,16,7060.945450
130,17,6730.098759
130,18,6419.782521
130,19,6145.754743
130,20,5917.368219
130,21,5795.728219
130,23,5704.264922
130,25,5576.465324
130,29,5534.603693
130,33,5449.011069
131,16,7060.945450
131,17,6730.098759
131,18,6419.782521
131,19,6145.754743
131,20,5917.368219
131,21,5795.728219
131,23,5704.264922
131,25,5576.465324
131,29,5534.603693
131,33,5449.011069
132,16,7034.304350
132,17,6722.859857
132,18,6419.782521
132,19,6120.430239
132,20,5886.851101
132,21,5795.728219
132,23,5685.420634
132,25,5560.247734
132,29,5525.055428
132,33,5435.159280
133,16,7016.791537
133,17,6722.859857
133,18,6419.782521
133,19,6120.430239
133,20,5886.851101
133,21,5795.728219
133,22,5784.645154
133,23,5685.420634
133,25,5560.247734
133,29,5525.055428
133,33,5435.159280
134,16,7016.791537
134,17,6722.859857
134,18,6419.782521
134,19,6120.430239
134,20,5886.851101
134,21,5795.728219
134,22,5784.645154
134,23,5685.420634
134,25,5560.247734
134,29,5525.055428
134,33,5435.159280
135,16,7016.791537
135,17,6722.859857
135,18,6380.396064
135,19,6101.548283
135,20,5868.305288
135,21,5795.728219
135,22,5784.645154
135,23,5685.420634
135,25,5547.002709
135,29,5523.468611
135,33,5435.159280
136,16,7016.791537
136,17,6667.824833
136,18,6380.396064
136,19,6101.548283
136,20,5868.305288
136,21,5795.728219
136,22,5784.645154
136,23,5685.420634
136,25,5547.002709
136,29,5523.468611
136,33,5435.159280
137,16,7016.791537
137,17,6667.824833
137,18,6380.396064
137,19,6101.548283
137,20,5868.305288
137,21,5795.728219
137,22,5784.645154
137,23,5685.420634
137,25,5547.002709
137,29,5523.468611
137,33,5435.159280
138,16,7016.791537
138,17,6651.961965
138,18,6374.669721
138,19,6040.721441
138,20,5868.305288
138,21,5795.728219
138,22,5784.645154
138,23,5664.333369
138,25,5516.128321
138,33,5435.159280
139,16,7016.791537
139,17,6651.961965
139,18,6374.669721
139,19,6040.721441
139,20,5868.305288
139,21,5756.687987
139,23,5664.333369
139,25,5516.128321
139,26,5510.634431
139,30,5498.079278
139,33,5435.159280
140,16,7016.791537
140,17,6609.180375
140,18,6374.669721
140,19,6040.721441
140,20,5868.305288
140,21,5756.687987
140,23,5664.333369
140,25,5516.128321
140,26,5510.634431
140,27,5452.394015
140,33,5435.159280
141,16,7016.791537
141,17,6609.180375
141,18,6355.109647
141,19,6040.721441
141,20,5868.305288
141,21,5756.687987
141,23,5664.310399
141,25,5516.128321
141,26,5510.634431
141,27,5452.394015
141,33,5416.710291
142,16,7016.791537
142,17,6609.180375
142,18,6305.882231
142,19,6040.721441
142,20,5868.305288
142,21,5756.687987
142,22,5732.600455
142,23,5664.310399
142,25,5516.128321
142,26,5510.634431
142,27,5452.394015
142,32,5424.375734
142,33,5416.710291
143,16,7016.791537
143,17,6609.180375
143,18,6305.882231
143,19,6040.721441
143,20,5868.305288
143,21,5756.687987
143,22,5732.600455
143,23,5664.310399
143,25,5516.128321
143,26,5510.634431
143,27,5452.394015
143,32,5424.375734
143,33,5416.710291
144,16,7016.791537
144,17,6609.180375
144,18,6305.882231
144,19,6040.721441
144,20,5868.305288
144,21,5698.621214
144,23,5657.488126
144,25,5516.128321
144,26,5510.634431
144,27,5447.218489
144,32,5422.972771
144,33,5413.730208
145,16,7016.791537
145,17,6609.180375
145,18,6305.882231
145,19,6040.721441
145,20,5868.305288
145,21,5698.621214
145,23,5657.488126
145,25,5516.128321
145,26,5510.634431
145,27,5447.218489
145,32,5422.972771
145,33,5413.730208
146,16,7016.791537
146,17,6609.180375
146,18,6305.882231
146,19,6040.721441
146,20,5868.305288
146,21,5698.621214
146,23,5657.488126
146,25,5516.128321
146,26,5510.634431
146,27,5447.218489
146,32,5422.972771
146,33,5413.730208
147,15,7416.769775
147,16,7016.791537
147,17,6609.180375
147,18,6226.545856
147,19,6032.376020
147,20,5868.305288
147,21,5663.603591
147,23,5632.641278
147,25,5516.128321
147,26,5502.189165
147,27,5442.456948
147,32,5386.307295
148,15,7416.769775
148,16,7016.791537
148,17,6609.180375
148,18,6226.545856
148,19,6032.376020
148,20,5868.305288
148,21,5663.603591
148,23,5632.641278
148,24,5500.794320
148,27,5442.456948
148,32,5386.307295
149,15,7416.769775
149,16,7016.791537
149,17,6609.180375
149,18,6226.545856
149,19,6032.376020
149,20,5868.305288
149,21,5663.603591
149,23,5632.641278
149,24,5500.794320
149,27,5442.456948
149,32,5386.307295
150,15,7416.769775
150,16,7016.791537
150,17,6588.509216
150,18,6185.183974
150,19,6023.387462
150,20,5868.305288
150,21,5628.841629
150,24,5490.397070
150,27,5442.456948
150,32,5369.579309
151,15,7416.769775
151,16,6950.277434
151,17,6588.509216
151,18,6185.183974
151,19,6023.387462
151,20,5868.305288
151,21,5628.841629
151,22,5603.848698
151,24,5490.397070
151,27,5442.456948
151,32,5369.579309
152,15,7416.769775
152,16,6950.277434
152,17,6588.509216
152,18,6185.183974
152,19,6023.387462
152,20,5868.305288
152,21,5628.841629
152,22,5603.848698
152,24,5490.397070
152,27,5422.652459
152,32,5369.579309
152,33,5361.105366
153,15,7416.769775
153,16,6950.277434
153,17,6588.509216
153,18,6185.183974
153,19,5895.567590
153,20,5823.927113
153,21,5564.688180
153,24,5484.188250
153,27,5422.652459
153,32,5369.579309
153,33,5361.105366
154,15,7416.769775
154,16,6950.277434
154,17,6534.255385
154,18,6074.990094
154,19,5895.567590
154,20,5823.927113
154,21,5564.688180
154,24,5484.188250
154,27,5422.652459
154,32,5369.579309
154,33,5347.244052
155,15,7416.769775
155,16,6950.277434
155,17,6522.045990
155,18,6074.990094
155,19,5895.567590
155,20,5823.927113
155,21,5564.688180
155,24,5484.188250
155,27,5422.652459
155,32,5369.579309
155,33,5347.244052
156,15,7416.769775
156,16,6950.277434
156,17,6522.045990
156,18,6074.990094
156,19,5874.578910
156,20,5823.927113
156,21,5564.688180
156,24,5441.619684
156,27,5422.652459
156,32,5369.579309
156,33,5328.432376
157,15,7416.769775
157,16,6950.277434
157,17,6522.045990
157,18,6074.990094
157,19,5874.578910
157,20,5823.927113
157,21,5564.688180
157,24,5441.619684
157,27,5422.652459
157,32,5369.579309
157,33,5328.432376
158,15,7416.769775
158,16,6950.277434
158,17,6522.045990
158,18,5909.758239
158,19,5874.578910
158,20,5823.927113
158,21,5564.688180
158,24,5441.619684
158,27,5422.652459
158,32,5369.579309
158,33,5328.432376
159,15,7416.769775
159,16,6950.277434
159,17,6493.344482
159,18,5909.758239
159,19,5874.578910
159,20,5823.927113
159,21,5562.590391
159,24,5440.406914
159,27,5410.570451
159,32,5369.579309
159,33,5328.432376
160,15,7416.769775
160,16,6950.277434
160,17,6454.288456
160,18,5909.758239
160,19,5861.837893
160,20,5813.534820
160,21,5562.590391
160,24,5440.406914
160,27,5410.570451
160,32,5369.579309
160,33,5328.432376
161,15,7416.769775
161,16,6950.277434
161,17,6454.288456
161,18,5909.758239
161,19,5861.837893
161,20,5813.534820
161,21,5562.590391
161,24,5440.406914
161,27,5410.570451
161,32,5369.579309
161,33,5328.432376
162,15,7416.769775
162,16,6797.800302
162,17,6454.288456
162,18,5909.758239
162,19,5853.631968
162,20,5771.414335
162,21,5562.590391
162,24,5440.406914
162,27,5410.570451
162,32,5369.579309
162,33,5328.432376
163,15,7416.769775
163,16,6797.800302
163,17,6454.288456
163,18,5909.758239
163,19,5853.631968
163,20,5771.414335
163,21,5562.590391
163,22,5506.460415
163,24,5440.406914
163,27,5410.570451
163,32,5369.579309
163,33,5328.432376
164,15,7416.769775
164,16,6797.800302
164,17,6454.288456
164,18,5909.758239
164,19,5852.249927
164,20,5771.414335
164,21,5562.590391
164,22,5506.460415
164,24,5440.406914
164,27,5410.570451
164,32,5369.579309
164,33,5328.432376
165,15,7416.769775
165,16,6797.800302
165,17,6454.288456
165,18,5909.758239
165,19,5852.249927
165,20,5771.414335
165,21,5545.948838
165,22,5503.461331
165,24,5440.406914
165,27,5410.519047
165,31,5319.449990
166,15,7416.769775
166,16,6746.323951
166,17,6454.288456
166,18,5909.758239
166,19,5852.249927
166,20,5771.414335
166,21,5545.948838
166,22,5503.461331
166,24,5440.406914
166,25,5418.049012
166,27,5410.519047
166,31,5319.449990
167,15,7416.769775
167,16,6746.323951
167,17,6366.956806
167,18,5909.758239
167,19,5852.249927
167,20,5771.414335
167,21,5545.948838
167,22,5503.461331
167,24,5440.406914
167,25,5418.049012
167,27,5410.519047
167,31,5319.449990
168,15,7377.697366
168,16,6746.323951
168,17,6340.379249
168,18,5891.587145
168,19,5826.082842
168,20,5771.414335
168,21,5545.948838
168,22,5499.425625
168,24,5437.965636
168,25,5418.049012
168,27,5410.519047
168,31,5318.348058
169,15,7377.697366
169,16,6746.323951
169,17,6340.379249
169,18,5891.587145
169,19,5826.082842
169,20,5771.414335
169,21,5545.948838
169,22,5499.425625
169,23,5468.640874
169,24,5437.965636
169,25,5418.049012
169,27,5410.519047
169,31,5318.348058
170,15,7377.697366
170,16,6746.323951
170,17,6340.379249
170,18,5891.587145
170,19,5826.082842
170,20,5771.414335
170,21,5545.948838
170,22,5499.425625
170,23,5413.470289
170,27,5410.519047
170,31,5318.348058
171,15,7022.257985
171,16,6746.323951
171,17,6200.768280
171,18,5891.587145
171,19,5826.082842
171,20,5745.385768
171,21,5545.948838
171,22,5499.425625
171,23,5398.784483
171,24,5387.436301
171,31,5318.348058
172,15,7022.257985
172,16,6690.695364
172,17,6200.768280
172,18,5891.587145
172,19,5826.082842
172,20,5638.321152
172,21,5545.948838
172,22,5499.425625
172,23,5398.784483
172,24,5387.436301
172,28,5385.166261
172,31,5318.348058
173,15,7022.257985
173,16,6690.695364
173,17,6200.768280
173,18,5891.587145
173,19,5826.082842
173,20,5638.321152
173,21,5545.948838
173,22,5499.425625
173,23,5398.784483
173,24,5387.436301
173,28,5385.166261
173,31,5318.348058
174,15,7022.257985
174,16,6690.695364
174,17,6200.768280
174,18,5891.587145
174,19,5826.082842
174,20,5638.321152
174,21,5534.077360
174,22,5498.356184
174,23,5398.784483
174,24,5387.436301
174,26,5376.397402
174,31,5318.348058
175,15,7022.257985
175,16,6690.695364
175,17,6200.768280
175,18,5891.587145
175,19,5826.082842
175,20,5638.321152
175,21,5534.077360
175,22,5498.356184
175,23,5398.784483
175,24,5387.436301
175,26,5376.397402
175,31,5318.348058
176,15,6927.308472
176,16,6644.222228
176,17,6200.768280
176,18,5891.587145
176,19,5826.082842
176,20,5638.321152
176,21,5534.077360
176,22,5498.356184
176,23,5398.784483
176,24,5387.436301
176,26,5376.397402
176,28,5350.637373
176,31,5318.348058
177,15,6927.308472
177,16,6644.222228
177,17,6197.695599
177,18,5820.333404
177,20,5596.577866
177,21,5534.077360
177,22,5493.688839
177,23,5398.784483
177,24,5372.750495
177,28,5350.637373
177,30,5301.483079
178,15,6927.308472
178,16,6644.222228
178,17,6197.695599
178,18,5820.333404
178,19,5811.735632
178,20,5596.577866
178,21,5534.077360
178,22,5493.688839
178,23,5398.784483
178,24,5372.750495
178,28,5350.637373
178,30,5301.483079
179,15,6927.308472
179,16,6644.222228
179,17,6197.695599
179,18,5820.333404
179,19,5772.919135
179,20,5596.577866
179,21,5534.077360
179,22,5493.688839
179,23,5398.784483
179,24,5372.750495
179,28,5350.637373
179,30,5301.483079
180,15,6927.308472
180,16,6644.222228
180,17,6182.249435
180,18,5820.333404
180,19,5675.631537
180,20,5596.577866
180,21,5534.077360
180,22,5493.688839
180,23,5398.784483
180,24,5372.750495
180,28,5350.637373
180,30,5298.174379
181,15,6927.308472
181,16,6644.222228
181,17,6182.249435
181,18,5820.333404
181,19,5675.631537
181,20,5596.577866
181,21,5534.077360
181,22,5493.688839
181,23,5398.784483
181,24,5372.750495
181,28,5350.637373
181,30,5298.174379
182,15,6927.308472
182,16,6608.541988
182,17,6182.249435
182,18,5820.333404
182,19,5675.631537
182,20,5596.577866
182,21,5534.077360
182,22,5493.688839
182,23,5398.784483
182,24,5372.750495
182,28,5350.637373
182,29,5344.104276
182,30,5298.174379
183,15,6927.308472
183,16,6461.229820
183,17,6182.249435
183,18,5805.349123
183,19,5675.631537
183,20,5596.577866
183,21,5534.077360
183,22,5493.688839
183,23,5397.658480
183,24,5365.505340
183,28,5349.312141
183,29,5333.347208
183,30,5298.174379
184,15,6927.308472
184,16,6461.229820
184,17,6182.249435
184,18,5805.349123
184,19,5675.631537
184,20,5596.577866
184,21,5534.077360
184,22,5493.688839
184,23,5397.658480
184,24,5365.505340
184,28,5349.312141
184,29,5333.347208
184,30,5298.174379
185,15,6927.308472
185,16,6461.229820
185,17,6182.249435
185,18,5805.349123
185,19,5675.631537
185,20,5596.577866
185,21,5534.077360
185,22,5493.688839
185,23,5397.658480
185,24,5365.505340
185,28,5349.312141
185,29,5333.347208
185,30,5298.174379
186,15,6927.308472
186,16,6461.229820
186,17,6182.249435
186,18,5795.907283
186,19,5675.631537
186,20,5596.577866
186,21,5534.077360
186,22,5491.163107
186,23,5397.658480
186,24,5364.078837
186,28,5349.312141
186,29,5333.347208
186,30,5293.642586
187,15,6927.308472
187,16,6461.229820
187,17,6182.249435
187,18,5795.907283
187,19,5675.631537
187,20,5596.577866
187,21,5534.077360
187,22,5491.163107
187,23,5369.021597
187,24,5331.920021
187,28,5315.370499
187,30,5293.642586
188,15,6900.396577
188,16,6461.229820
188,17,6095.098309
188,18,5785.352022
188,19,5675.631537
188,20,5596.577866
188,21,5534.077360
188,22,5491.163107
188,23,5369.021597
188,24,5331.920021
188,28,5315.370499
188,30,5293.642586
189,15,6900.396577
189,16,6461.229820
189,17,6095.098309
189,18,5785.352022
189,19,5675.631537
189,20,5596.577866
189,21,5534.077360
189,22,5491.163107
189,23,5369.021597
189,24,5331.920021
189,28,5314.869009
189,30,5293.642586
190,15,6900.396577
190,16,6461.229820
190,17,6095.098309
190,18,5785.352022
190,19,5675.631537
190,20,5596.577866
190,21,5534.077360
190,22,5491.163107
190,23,5336.532838
190,24,5315.997430
190,28,5314.869009
190,30,5293.642586
191,15,6900.396577
191,16,6433.539132
191,17,6095.098309
191,18,5785.352022
191,19,5675.631537
191,20,5596.577866
191,21,5534.077360
191,22,5491.163107
191,23,5336.532838
191,24,5315.997430
191,28,5314.869009
191,30,5293.642586
192,15,6900.396577
192,16,6433.539132
192,17,6095.098309
192,18,5785.352022
192,19,5649.061301
192,20,5564.789365
192,21,5534.077360
192,22,5491.163107
192,23,5336.532838
192,24,5315.997430
192,28,5314.869009
192,30,5293.642586
193,15,6900.396577
193,16,6433.539132
193,17,6095.098309
193,18,5785.352022
193,19,5649.061301
193,20,5564.789365
193,21,5534.077360
193,22,5491.163107
193,23,5336.532838
193,24,5315.997430
193,28,5314.869009
193,30,5293.642586
194,15,6885.889997
194,16,6433.539132
194,17,6095.098309
194,18,5785.352022
194,19,5649.061301
194,20,5564.789365
194,21,5534.077360
194,22,5491.163107
194,23,5336.532838
194,24,5315.997430
194,28,5314.869009
194,30,5293.642586
195,15,6885.889997
195,16,6433.539132
195,17,6058.261317
195,18,5785.352022
195,19,5649.061301
195,20,5564.789365
195,21,5534.077360
195,22,5488.129810
195,23,5336.532838
195,24,5315.997430
195,28,5314.869009
195,30,5293.642586
196,15,6885.889997
196,16,6433.539132
196,17,6058.261317
196,18,5785.352022
196,19,5649.061301
196,20,5564.789365
196,21,5534.077360
196,22,5488.129810
196,23,5336.532838
196,24,5272.066711
197,15,6885.889997
197,16,6433.539132
197,17,6058.261317
197,18,5785.352022
197,19,5649.061301
197,20,5564.789365
197,21,5534.077360
197,22,5488.129810
197,23,5336.532838
197,24,5264.780481
198,15,6866.450708
198,16,6433.539132
198,17,6058.261317
198,18,5779.383837
198,19,5632.993568
198,20,5564.789365
198,21,5534.077360
198,22,5488.129810
198,23,5336.532838
198,24,5264.780481
199,15,6866.450708
199,16,6399.626681
199,17,6058.261317
199,18,5656.813164
199,19,5632.993568
199,20,5564.789365
199,21,5534.077360
199,22,5488.129810
199,23,5336.532838
199,24,5264.780481
200,15,6866.450708
200,16,6399.626681
200,17,6019.926523
200,18,5656.813164
200,19,5632.993568
200,20,5564.789365
200,21,5534.077360
200,22,5488.129810
200,23,5336.532838
200,24,5264.780481
201,15,6864.771443
201,16,6344.202914
201,17,6019.926523
201,18,5586.812903
201,20,5564.789365
201,21,5534.077360
201,22,5488.129810
201,23,5336.532838
201,24,5264.780481
202,15,6864.771443
202,16,6344.202914
202,17,6019.926523
202,18,5586.812903
202,20,5494.175060
202,22,5488.129810
202,23,5336.532838
202,24,5264.780481
202,25,5256.422148
203,15,6845.953930
203,16,6344.202914
203,17,6019.926523
203,18,5586.812903
203,20,5494.175060
203,22,5488.129810
203,23,5336.532838
203,24,5264.780481
203,25,5256.422148
204,15,6845.953930
204,16,6324.895386
204,17,5998.965960
204,18,5586.812903
204,20,5494.175060
204,22,5488.129810
204,23,5336.532838
204,24,5264.780481
204,25,5256.422148
205,15,6845.953930
205,16,6324.895386
205,17,5998.965960
205,18,5586.812903
205,20,5494.175060
205,22,5488.129810
205,23,5336.532838
205,24,5264.780481
205,25,5256.422148
206,15,6845.953930
206,16,6324.895386
206,17,5998.965960
206,18,5586.812903
206,20,5494.175060
206,22,5488.129810
206,23,5336.532838
206,24,5264.780481
206,25,5256.422148
207,15,6845.953930
207,16,6312.763991
207,17,5998.965960
207,18,5586.812903
207,20,5494.175060
207,22,5488.129810
207,23,5336.532838
207,24,5264.780481
207,25,5256.422148
207,26,5249.376665
208,15,6845.953930
208,16,6312.763991
208,17,5998.965960
208,18,5586.812903
208,20,5494.175060
208,22,5488.129810
208,23,5336.532838
208,24,5264.780481
208,25,5256.422148
208,26,5249.376665
208,30,5234.699188
209,15,6845.953930
209,16,6312.763991
209,17,5998.965960
209,18,5586.812903
209,20,5494.175060
209,22,5488.129810
209,23,5336.532838
209,24,5264.780481
209,25,5256.422148
209,26,5249.376665
209,30,5234.699188
210,15,6845.953930
210,16,6269.272826
210,17,5998.965960
210,18,5586.812903
210,20,5489.193128
210,22,5416.821814
210,23,5336.532838
210,24,5264.780481
210,25,5256.422148
210,26,5249.376665
210,30,5234.699188
211,15,6845.953930
211,16,6269.272826
211,17,5998.965960
211,18,5586.812903
211,20,5489.193128
211,22,5416.821814
211,23,5336.532838
211,24,5264.780481
211,25,5256.422148
211,26,5249.376665
211,30,5234.699188
212,15,6845.953930
212,16,6269.272826
212,17,5998.965960
212,18,5586.812903
212,20,5489.193128
212,22,5416.821814
212,23,5336.532838
212,24,5261.561963
212,25,5256.422148
212,26,5249.376665
212,30,5234.699188
213,15,6845.953930
213,16,6269.272826
213,17,5998.671523
213,18,5574.375617
213,20,5489.193128
213,22,5416.821814
213,23,5336.532838
213,24,5261.561963
213,25,5254.691866
213,26,5249.376665
213,30,5186.053961
214,15,6845.953930
214,16,6269.272826
214,17,5998.671523
214,18,5574.375617
214,19,5564.009183
214,20,5489.193128
214,22,5416.821814
214,23,5336.532838
214,24,5261.561963
214,25,5254.691866
214,26,5249.376665
214,30,5186.053961
215,15,6845.953930
215,16,6269.272826
215,17,5998.671523
215,18,5574.375617
215,19,5564.009183
215,20,5489.193128
215,22,5416.821814
215,23,5336.532838
215,24,5261.561963
215,25,5254.691866
215,26,5249.376665
215,30,5186.053961
216,15,6837.406403
216,16,6262.941780
216,17,5998.671523
216,18,5574.375617
216,19,5525.177042
216,20,5482.159051
216,22,5416.821814
216,23,5336.532838
216,24,5261.561963
216,25,5254.691866
216,26,5249.376665
216,30,5186.053961
217,15,6837.406403
217,16,6262.941780
217,17,5998.671523
217,18,5574.375617
217,19,5525.177042
217,20,5482.159051
217,22,5416.821814
217,23,5336.532838
217,24,5261.561963
217,25,5254.691866
217,26,5249.376665
217,27,5249.117444
217,30,5186.053961
218,15,6819.707762
218,16,6262.941780
218,17,5998.671523
218,18,5574.375617
218,19,5525.177042
218,20,5482.159051
218,22,5416.821814
218,23,5336.532838
218,24,5261.561963
218,25,5254.691866
218,26,5249.376665
218,27,5249.117444
218,30,5186.053961
219,14,7277.232192
219,15,6819.707762
219,16,6262.941780
219,17,5966.770051
219,18,5566.120511
219,19,5525.177042
219,20,5482.076470
219,22,5416.821814
219,23,5336.532838
219,24,5261.561963
219,25,5254.691866
219,26,5226.244494
219,30,5186.053961
220,14,7277.232192
220,15,6819.707762
220,16,6262.941780
220,17,5966.770051
220,18,5566.120511
220,19,5525.177042
220,20,5482.076470
220,22,5416.821814
220,23,5336.532838
220,24,5261.561963
220,25,5254.691866
220,26,5226.244494
220,30,5186.053961
221,14,7277.232192
221,15,6819.707762
221,16,6262.941780
221,17,5966.770051
221,18,5566.120511
221,19,5525.177042
221,20,5482.076470
221,22,5416.821814
221,23,5336.532838
221,24,5261.561963
221,25,5254.691866
221,26,5226.244494
221,30,5186.053961
222,14,7277.232192
222,15,6819.707762
222,16,6217.537031
222,17,5943.311800
222,18,5555.547184
222,19,5525.177042
222,20,5481.917807
222,22,5416.821814
222,23,5336.532838
222,24,5259.831682
222,25,5254.691866
222,26,5225.114323
222,30,5185.521313
223,14,7277.232192
223,15,6819.707762
223,16,6217.537031
223,17,5943.311800
223,18,5555.547184
223,19,5504.626997
223,20,5481.917807
223,22,5416.821814
223,23,5336.532838
223,24,5259.831682
223,25,5254.691866
223,26,5225.114323
223,28,5218.939790
223,30,5185.521313
224,14,7277.232192
224,15,6819.707762
224,16,6217.537031
224,17,5943.311800
224,18,5555.547184
224,19,5504.626997
224,20,5441.087288
224,22,5416.821814
224,23,5336.532838
224,24,5259.831682
224,25,5254.691866
224,26,5225.114323
224,28,5218.939790
224,30,5185.521313
225,14,7277.232192
225,15,6819.707762
225,16,6217.537031
225,17,5943.311800
225,18,5554.439283
225,19,5504.473650
225,20,5441.087288
225,22,5416.821814
225,23,5336.532838
225,24,5259.831682
225,25,5254.691866
225,26,5225.114323
225,28,5218.939790
225,30,5185.521313
226,14,7277.232192
226,15,6819.707762
226,16,6217.537031
226,17,5943.311800
226,18,5554.439283
226,19,5504.473650
226,20,5441.087288
226,22,5416.821814
226,23,5336.532838
226,24,5259.831682
226,25,5254.691866
226,26,5225.114323
226,28,5218.939790
226,30,5185.521313
227,14,7146.327898
227,15,6819.707762
227,16,6217.537031
227,17,5943.311800
227,18,5554.439283
227,19,5504.473650
227,20,5441.087288
227,22,5416.821814
227,23,5336.532838
227,24,5259.831682
227,25,5254.691866
227,26,5225.114323
227,28,5218.939790
227,30,5185.521313
228,14,7146.327898
228,15,6819.707762
228,16,6217.537031
228,17,5943.311800
228,18,5554.439283
228,19,5504.473650
228,20,5432.185703
228,22,5416.821814
228,23,5336.532838
228,24,5259.831682
228,25,5254.691866
228,26,5225.114323
228,28,5218.939790
228,30,5185.521313
228,31,5166.880550
229,14,7146.327898
229,15,6819.707762
229,16,6217.537031
229,17,5943.311800
229,18,5554.439283
229,19,5504.473650
229,20,5432.185703
229,22,5416.821814
229,23,5336.532838
229,24,5259.831682
229,25,5254.691866
229,26,5225.114323
229,28,5218.939790
229,30,5185.521313
229,31,5166.880550
230,14,7146.327898
230,15,6819.707762
230,16,6217.537031
230,17,5943.311800
230,18,5554.439283
230,19,5504.473650
230,20,5404.110964
230,23,5336.532838
230,24,5259.831682
230,25,5254.691866
230,26,5225.114323
230,28,5218.939790
230,30,5185.521313
230,31,5166.880550
231,14,7146.327898
231,15,6819.707762
231,16,6211.725867
231,17,5943.311800
231,18,5554.439283
231,19,5504.473650
231,20,5404.110964
231,23,5336.532838
231,24,5259.831682
231,25,5254.691866
231,26,5225.114323
231,28,5218.939790
231,30,5185.521313
231,31,5166.880550
232,14,7146.327898
232,15,6819.707762
232,16,6211.725867
232,17,5943.311800
232,18,5554.439283
232,19,5504.473650
232,20,5404.110964
232,22,5391.571172
232,23,5336.532838
232,24,5259.831682
232,25,5254.691866
232,26,5225.114323
232,28,5218.939790
232,30,5185.521313
232,31,5166.880550
233,14,7085.068277
233,15,6819.707762
233,16,6211.725867
233,17,5943.311800
233,18,5554.439283
233,19,5504.473650
233,20,5404.110964
233,22,5391.571172
233,23,5336.532838
233,24,5259.831682
233,25,5254.691866
233,26,5225.114323
233,28,5218.939790
233,30,5185.521313
233,31,5166.880550
234,14,7085.068277
234,15,6819.707762
234,16,6159.065904
234,17,5943.311800
234,18,5554.439283
234,19,5469.941466
234,20,5404.110964
234,22,5364.565034
234,23,5336.532838
234,24,5259.831682
234,25,5254.691866
234,26,5225.114323
234,28,5218.939790
234,30,5185.521313
234,31,5166.880550
234,33,5164.364852
235,14,7004.740594
235,15,6819.707762
235,16,6159.065904
235,17,5943.311800
235,18,5554.439283
235,19,5469.941466
235,20,5404.110964
235,22,5364.565034
235,23,5336.532838
235,24,5259.831682
235,25,5254.691866
235,26,5225.114323
235,28,5218.939790
235,30,5185.521313
235,31,5166.880550
235,33,5164.364852
236,14,7004.740594
236,15,6819.707762
236,16,6159.065904
236,17,5943.311800
236,18,5554.439283
236,19,5469.941466
236,20,5404.110964
236,22,5364.565034
236,23,5336.532838
236,24,5259.831682
236,25,5254.691866
236,26,5225.114323
236,28,5218.939790
236,30,5185.521313
236,31,5166.880550
236,33,5164.364852
237,14,7004.740594
237,15,6819.707762
237,16,6159.065904
237,17,5943.311800
237,18,5554.439283
237,19,5469.941466
237,20,5404.110964
237,22,5362.019828
237,23,5316.161393
237,24,5259.831682
237,25,5254.691866
237,26,5225.114323
237,28,5218.939790
237,30,5183.682373
237,31,5166.880550
237,33,5164.364852
238,14,7004.740594
238,15,6819.707762
238,16,6159.065904
238,17,5943.311800
238,18,5554.439283
238,19,5469.941466
238,20,5404.110964
238,22,5362.019828
238,23,5316.161393
238,24,5259.831682
238,25,5254.691866
238,26,5225.114323
238,28,5218.939790
238,30,5183.682373
238,31,5166.880550
238,33,5164.364852
239,14,7004.740594
239,15,6749.822454
239,16,6159.065904
239,17,5943.311800
239,18,5554.439283
239,19,5469.941466
239,20,5342.780456
239,23,5316.161393
239,24,5259.831682
239,25,5254.691866
239,26,5225.114323
239,28,5218.939790
239,30,5183.682373
239,31,5166.880550
239,33,5164.364852
240,14,7004.740594
240,15,6571.297252
240,16,6159.065904
240,17,5943.311800
240,18,5554.439283
240,19,5469.941466
240,20,5342.387733
240,23,5316.161393
240,24,5259.831682
240,25,5254.691866
240,26,5225.114323
240,28,5216.155138
240,30,5181.866506
240,31,5166.880550
240,33,5164.364852
241,14,7004.740594
241,15,6571.297252
241,16,6159.065904
241,17,5943.311800
241,18,5554.439283
241,19,5469.941466
241,20,5342.387733
241,23,5316.161393
241,24,5259.831682
241,25,5254.691866
241,26,5225.114323
241,28,5216.155138
241,30,5181.866506
241,31,5166.880550
241,33,5164.364852
242,14,7004.740594
242,15,6571.297252
242,16,6159.065904
242,17,5943.311800
242,18,5554.439283
242,19,5469.941466
242,20,5342.387733
242,23,5316.161393
242,24,5259.831682
242,25,5254.691866
242,26,5225.114323
242,28,5216.155138
242,30,5181.866506
242,31,5166.880550
242,33,5164.364852
243,14,7004.740594
243,15,6571.297252
243,16,6139.505835
243,17,5943.311800
243,18,5554.439283
243,19,5434.327342
243,20,5342.387733
243,23,5314.939525
243,24,5259.831682
243,25,5254.691866
243,26,5225.114323
243,28,5216.155138
243,30,5181.866506
243,31,5166.880550
243,33,5164.364852
244,14,7004.740594
244,15,6225.911596
244,16,6139.505835
244,17,5943.311800
244,18,5554.439283
244,19,5434.327342
244,20,5342.387733
244,23,5314.939525
244,24,5259.831682
244,25,5254.691866
244,26,5225.114323
244,28,5216.155138
244,30,5181.866506
244,31,5166.880550
244,33,5164.364852
245,14,7004.740594
245,15,6225.911596
245,16,6139.505835
245,17,5943.311800
245,18,5554.439283
245,19,5434.327342
245,20,5342.387733
245,23,5314.939525
245,24,5259.831682
245,25,5254.691866
245,26,5225.114323
245,28,5216.155138
245,30,5181.866506
245,31,5166.880550
245,33,5164.364852
246,14,6791.642594
246,15,6225.911596
246,16,6120.443528
246,17,5943.311800
246,18,5554.439283
246,19,5434.190307
246,20,5342.387733
246,23,5311.877967
246,24,5259.831682
246,25,5254.691866
246,26,5225.114323
246,28,5216.155138
246,30,5181.866506
246,31,5166.880550
246,33,5161.046346
247,14,6791.642594
247,15,6225.911596
247,16,6120.443528
247,17,5943.311800
247,18,5554.439283
247,19,5434.190307
247,20,5342.387733
247,23,5311.877967
247,24,5259.831682
247,25,5254.691866
247,26,5225.114323
247,27,5219.615234
247,28,5216.155138
247,30,5181.866506
247,31,5166.880550
247,33,5138.266682
248,14,6791.642594
248,15,6225.911596
248,16,6103.485310
248,17,5943.311800
248,18,5554.439283
248,19,5434.190307
248,20,5342.387733
248,23,5311.877967
248,24,5259.831682
248,25,5254.691866
248,26,5225.114323
248,27,5216.677216
248,28,5216.155138
248,30,5171.104229
248,31,5166.880550
248,33,5138.266682
249,14,6791.642594
249,15,6160.851079
249,16,6101.393253
249,17,5943.311800
249,18,5554.439283
249,19,5434.190307
249,20,5342.387733
249,23,5311.877967
249,24,5259.831682
249,25,5254.691866
249,26,5225.114323
249,27,5216.677216
249,28,5216.155138
249,30,5170.328944
249,31,5138.404507
249,33,5138.266682
250,14,6791.642594
250,15,6160.851079
250,16,6068.796456
250,17,5943.311800
250,18,5519.974561
250,19,5434.190307
250,20,5342.387733
250,23,5311.877967
250,24,5259.831682
250,25,5253.339142
250,26,5214.443797
250,30,5170.328944
250,31,5138.404507
250,33,5138.266682
251,14,6791.642594
251,15,6160.851079
251,16,6068.796456
251,17,5943.311800
251,18,5519.974561
251,19,5434.190307
251,20,5342.387733
251,23,5311.877967
251,24,5259.831682
251,25,5253.339142
251,26,5214.443797
251,30,5170.328944
251,31,5138.404507
251,33,5138.266682
252,14,6791.642594
252,15,6160.851079
252,16,6004.364503
252,17,5943.311800
252,18,5485.691445
252,19,5427.156229
252,20,5295.686210
252,24,5259.831682
252,25,5250.483581
252,26,5207.789163
252,30,5159.653952
252,31,5138.404507
252,33,5131.035086
253,14,6791.642594
253,15,6160.851079
253,16,5987.707439
253,17,5943.311800
253,18,5485.691445
253,19,5427.156229
253,20,5295.686210
253,24,5259.831682
253,25,5250.483581
253,26,5207.789163
253,30,5159.653952
253,31,5138.404507
253,33,5131.035086
254,14,6791.642594
254,15,6160.851079
254,16,5987.707439
254,17,5943.311800
254,18,5485.691445
254,19,5427.156229
254,20,5295.686210
254,24,5259.831682
254,25,5250.483581
254,26,5207.789163
254,30,5159.653952
254,31,5138.404507
254,33,5131.035086
255,14,6791.642594
255,15,6160.851079
255,16,5987.707439
255,17,5837.201427
255,18,5485.691445
255,19,5421.553230
255,20,5295.686210
255,24,5259.831682
255,25,5250.483581
255,26,5207.789163
255,30,5159.653952
255,31,5138.404507
255,33,5131.035086
256,14,6791.642594
256,15,6160.851079
256,16,5987.707439
256,17,5837.201427
256,18,5485.691445
256,19,5421.553230
256,20,5295.686210
256,24,5259.831682
256,25,5250.483581
256,26,5207.789163
256,30,5159.653952
256,31,5138.404507
256,33,5131.035086
257,14,6791.642594
257,15,6160.851079
257,16,5987.707439
257,17,5837.201427
257,18,5485.691445
257,19,5421.553230
257,20,5295.686210
257,24,5259.831682
257,25,5250.483581
257,26,5207.789163
257,30,5159.653952
257,31,5138.404507
257,33,5131.035086
258,14,6791.642594
258,15,6160.851079
258,16,5987.707439
258,17,5837.201427
258,18,5485.691445
258,19,5421.553230
258,20,5295.686210
258,24,5259.831682
258,25,5250.483581
258,26,5207.789163
258,29,5196.142878
258,30,5129.112435
259,14,6791.642594
259,15,6160.851079
259,16,5894.584707
259,17,5837.201427
259,18,5485.691445
259,19,5421.553230
259,20,5295.686210
259,24,5256.069919
259,25,5250.483581
259,26,5207.789163
259,29,5196.142878
259,30,5129.112435
260,14,6791.642594
260,15,6160.851079
260,16,5894.584707
260,17,5837.201427
260,18,5485.691445
260,19,5421.553230
260,20,5295.686210
260,24,5256.069919
260,25,5250.483581
260,26,5207.789163
260,27,5203.721020
260,28,5200.484458
260,29,5196.142878
260,30,5129.112435
261,14,6791.642594
261,15,6160.851079
261,16,5894.584707
261,17,5837.201427
261,18,5420.567786
261,20,5295.686210
261,23,5287.493472
261,24,5256.069919
261,25,5248.598197
261,26,5207.789163
261,27,5203.721020
261,28,5200.484458
261,29,5093.406099
262,14,6791.642594
262,15,6160.851079
262,16,5894.584707
262,17,5837.201427
262,18,5420.567786
262,20,5295.686210
262,23,5287.493472
262,24,5256.069919
262,25,5248.598197
262,26,5207.789163
262,27,5203.721020
262,28,5199.298065
262,29,5093.406099
263,14,6791.642594
263,15,6160.851079
263,16,5894.584707
263,17,5837.201427
263,18,5420.567786
263,20,5295.686210
263,23,5287.493472
263,24,5256.069919
263,25,5248.598197
263,26,5207.789163
263,27,5203.721020
263,28,5199.298065
263,29,5093.406099
264,14,6791.642594
264,15,6160.851079
264,16,5894.584707
264,17,5831.623250
264,18,5417.736248
264,20,5265.784472
264,24,5256.069919
264,25,5248.535947
264,26,5200.146581
264,28,5110.887640
264,29,5093.406099
265,14,6791.642594
265,15,6160.851079
265,16,5894.584707
265,17,5831.623250
265,18,5417.736248
265,20,5265.784472
265,24,5256.069919
265,25,5225.781015
265,26,5200.146581
265,28,5110.887640
265,29,5093.406099
266,14,6791.642594
266,15,6160.851079
266,16,5894.584707
266,17,5831.623250
266,18,5417.736248
266,20,5265.784472
266,24,5256.069919
266,25,5225.781015
266,26,5200.146581
266,28,5110.887640
266,29,5093.406099
267,14,6791.642594
267,15,6160.851079
267,16,5894.584707
267,17,5831.623250
267,18,5417.736248
267,20,5263.538717
267,24,5256.069919
267,25,5225.781015
267,26,5200.146581
267,28,5101.464964
267,29,5093.406099
268,14,6784.247907
268,15,6160.851079
268,16,5894.584707
268,17,5831.623250
268,18,5417.736248
268,20,5263.538717
268,24,5256.069919
268,25,5225.781015
268,26,5200.146581
268,28,5101.464964
268,29,5093.406099
269,14,6784.247907
269,15,6160.851079
269,16,5894.584707
269,17,5831.623250
269,18,5417.736248
269,20,5263.538717
269,24,5256.069919
269,25,5225.781015
269,26,5200.146581
269,28,5101.464964
269,29,5093.406099
270,14,6784.247907
270,15,6160.851079
270,16,5894.584707
270,17,5831.623250
270,18,5417.736248
270,20,5262.909417
270,24,5244.334941
270,25,5225.781015
270,26,5194.319756
270,28,5101.464964
270,29,5093.406099
271,14,6711.784844
271,15,6160.851079
271,16,5894.584707
271,17,5831.623250
271,18,5357.052510
271,20,5262.909417
271,24,5244.334941
271,25,5225.781015
271,26,5194.319756
271,28,5101.464964
271,29,5093.406099
272,14,6711.784844
272,15,6104.377928
272,16,5845.646000
272,17,5831.623250
272,18,5357.052510
272,20,5262.909417
272,24,5244.334941
272,25,5225.781015
272,26,5194.319756
272,28,5101.464964
272,29,5093.406099
273,14,6711.784844
273,15,6104.377928
273,16,5816.057228
273,18,5357.052510
273,20,5262.909417
273,24,5244.062276
273,25,5192.879372
273,28,5101.464964
273,29,5093.406099
274,14,6711.784844
274,15,6104.377928
274,16,5816.057228
274,18,5357.052510
274,20,5262.909417
274,24,5244.062276
274,25,5192.879372
274,28,5101.464964
274,29,5093.406099
275,14,6711.784844
275,15,6104.377928
275,16,5816.057228
275,18,5357.052510
275,20,5262.909417
275,24,5205.460040
275,25,5192.879372
275,28,5101.464964
275,29,5093.406099
276,14,6711.784844
276,15,6100.227373
276,16,5777.406774
276,18,5357.052510
276,20,5262.909417
276,24,5205.460040
276,25,5192.879372
276,26,5190.567445
276,28,5101.464964
276,29,5093.406099
277,14,6711.784844
277,15,6100.227373
277,16,5777.406774
277,18,5357.052510
277,20,5262.909417
277,24,5205.460040
277,25,5192.879372
277,26,5190.567445
277,28,5101.464964
277,29,5093.406099
278,14,6711.784844
278,15,6100.227373
278,16,5777.406774
278,18,5357.052510
278,20,5262.909417
278,24,5205.460040
278,25,5192.879372
278,26,5190.567445
278,28,5101.464964
278,29,5093.406099
279,14,6676.767303
279,15,6100.227373
279,16,5777.406774
279,18,5357.052510
279,20,5262.909417
279,24,5205.460040
279,25,5192.879372
279,26,5189.973816
279,28,5101.464964
279,29,5093.406099
280,14,6676.767303
280,15,6100.227373
280,16,5777.406774
280,18,5357.052510
280,20,5262.909417
280,24,5205.460040
280,25,5192.879372
280,26,5189.973816
280,28,5101.464964
280,29,5093.406099
281,14,6676.767303
281,15,6100.227373
281,16,5777.406774
281,18,5357.052510
281,20,5262.909417
281,22,5228.448193
281,24,5205.460040
281,25,5192.879372
281,26,5189.973816
281,28,5101.464964
281,29,5093.406099
282,14,6676.767303
282,15,6053.673072
282,16,5777.406774
282,18,5348.513183
282,20,5249.414272
282,22,5228.448193
282,24,5205.460040
282,25,5192.167356
282,26,5189.973816
282,28,5101.464964
282,29,5093.406099
283,14,6676.767303
283,15,6053.673072
283,16,5777.406774
283,18,5348.513183
283,20,5249.414272
283,22,5228.448193
283,24,5205.460040
283,25,5192.167356
283,26,5189.973816
283,28,5101.464964
283,29,5093.406099
284,14,6676.767303
284,15,6053.673072
284,16,5777.406774
284,18,5348.513183
284,20,5249.414272
284,22,5228.448193
284,24,5205.460040
284,25,5192.167356
284,26,5189.973816
284,28,5101.464964
284,29,5093.406099
285,14,6676.767303
285,15,6005.308615
285,16,5754.073410
285,18,5348.513183
285,20,5249.414272
285,22,5228.448193
285,24,5205.460040
285,25,5192.167356
285,26,5189.973816
285,28,5097.520838
285,29,5093.406099
286,14,6676.767303
286,15,5970.406024
286,16,5754.073410
286,18,5348.513183
286,20,5249.414272
286,22,5228.448193
286,24,5205.460040
286,25,5172.700714
286,28,5097.520838
286,29,5093.406099
287,14,6676.767303
287,15,5970.406024
287,16,5754.073410
287,18,5348.513183
287,20,5249.414272
287,22,5228.448193
287,24,5205.460040
287,25,5172.700714
287,28,5097.520838
287,29,5093.406099
288,14,6676.767303
288,15,5928.799467
288,16,5749.574827
288,18,5343.009735
288,20,5249.414272
288,22,5225.431451
288,24,5205.460040
288,25,5172.700714
288,28,5058.492460
289,14,6676.767303
289,15,5928.799467
289,16,5749.574827
289,18,5343.009735
289,20,5249.414272
289,22,5225.431451
289,24,5205.460040
289,25,5172.700714
289,28,5058.492460
290,14,6676.767303
290,15,5928.799467
290,16,5749.574827
290,18,5343.009735
290,20,5249.414272
290,22,5225.431451
290,24,5205.460040
290,25,5172.700714
290,28,5058.492460
291,14,6668.277916
291,15,5928.799467
291,16,5747.611366
291,18,5343.009735
291,20,5249.414272
291,22,5225.431451
291,24,5201.417942
291,25,5172.700714
291,28,5058.492460
292,14,6668.277916
292,15,5928.799467
292,16,5747.611366
292,18,5343.009735
292,20,5245.976225
292,22,5225.431451
292,24,5201.417942
292,25,5172.700714
292,28,5058.492460
293,14,6668.277916
293,15,5928.799467
293,16,5747.611366
293,18,5343.009735
293,20,5245.976225
293,21,5218.958154
293,24,5201.417942
293,25,5172.700714
293,28,5058.492460
294,14,6668.277916
294,15,5928.799467
294,16,5712.358431
294,18,5343.009735
294,20,5232.941565
294,21,5212.847090
294,24,5168.908167
294,28,5058.492460
294,29,5056.891533
295,14,6668.277916
295,15,5928.799467
295,16,5712.358431
295,18,5343.009735
295,20,5232.941565
295,21,5212.847090
295,24,5168.908167
295,28,5049.061114
296,14,6668.277916
296,15,5928.799467
296,16,5634.477590
296,17,5611.478800
296,18,5343.009735
296,20,5232.941565
296,21,5212.847090
296,24,5168.908167
296,28,5049.061114
297,14,6668.277916
297,15,5928.799467
297,16,5634.477590
297,17,5593.537918
297,18,5343.009735
297,20,5232.941565
297,21,5212.847090
297,24,5168.908167
297,28,5049.061114
298,14,6668.277916
298,15,5864.238604
298,16,5634.477590
298,17,5593.537918
298,18,5343.009735
298,20,5232.941565
298,21,5212.847090
298,24,5168.908167
298,28,5049.061114
299,14,6668.277916
299,15,5864.238604
299,16,5634.477590
299,17,5593.537918
299,18,5343.009735
299,20,5232.941565
299,21,5212.847090
299,24,5168.908167
299,25,5147.101264
299,26,5055.192083
299,28,5040.232963
300,14,6668.277916
300,15,5864.238604
300,16,5634.477590
300,17,5593.537918
300,18,5343.009735
300,20,5232.941565
300,21,5212.847090
300,22,5203.401998
300,23,5165.948002
300,25,5147.101264
300,26,5054.919047
300,28,5040.232963
301,14,6668.277916
301,15,5864.238604
301,16,5634.477590
301,17,5593.537918
301,18,5343.009735
301,20,5232.941565
301,21,5212.847090
301,22,5203.401998
301,23,5165.948002
301,25,5147.101264
301,26,5054.919047
301,28,5040.232963
302,14,6668.277916
302,15,5864.238604
302,16,5634.477590
302,17,5552.615205
302,18,5343.009735
302,20,5232.941565
302,21,5212.847090
302,22,5203.401998
302,23,5165.948002
302,25,5147.101264
302,26,5054.919047
302,27,5040.929617
302,28,5040.232963
303,14,6668.277916
303,15,5864.238604
303,16,5634.477590
303,17,5552.615205
303,18,5343.009735
303,20,5232.941565
303,21,5212.847090
303,22,5203.401998
303,23,5164.494952
303,25,5147.101264
303,26,5054.919047
303,27,5040.929617
303,28,5040.232963
304,14,6668.277916
304,15,5864.238604
304,16,5634.477590
304,17,5552.615205
304,18,5343.009735
304,20,5232.941565
304,21,5212.847090
304,22,5203.401998
304,23,5164.494952
304,25,5147.101264
304,26,5054.919047
304,27,5040.929617
304,28,5040.232963
305,14,6668.277916
305,15,5864.238604
305,16,5634.477590
305,17,5552.615205
305,18,5343.009735
305,20,5232.941565
305,21,5212.847090
305,22,5203.401998
305,23,5164.494952
305,25,5147.101264
305,26,5054.919047
305,27,5040.929617
305,28,5040.232963
306,14,6668.277916
306,15,5864.238604
306,16,5634.477590
306,17,5552.615205
306,18,5342.476542
306,20,5229.984912
306,21,5212.847090
306,22,5203.401998
306,23,5164.494952
306,25,5147.101264
306,26,5054.919047
306,27,5040.929617
306,28,5040.232963
307,14,6668.277916
307,15,5864.238604
307,16,5592.978560
307,17,5552.615205
307,18,5342.476542
307,20,5229.984912
307,21,5212.847090
307,22,5203.401998
307,23,5164.494952
307,25,5147.101264
307,26,5054.919047
307,27,5040.929617
307,28,5040.232963
308,14,6668.277916
308,15,5864.238604
308,16,5592.978560
308,17,5552.615205
308,18,5342.476542
308,19,5340.711742
308,20,5229.984912
308,21,5163.568462
308,23,5141.437596
308,26,5054.919047
308,27,5040.929617
308,28,5040.232963
309,14,6668.277916
309,15,5864.238604
309,16,5592.978560
309,17,5552.615205
309,18,5342.476542
309,19,5340.711742
309,20,5229.984912
309,21,5163.568462
309,23,5141.437596
309,26,5054.919047
309,27,5040.929617
309,28,5040.232963
310,14,6668.277916
310,15,5864.238604
310,16,5581.837500
310,17,5552.615205
310,18,5342.476542
310,19,5340.711742
310,20,5229.984912
310,21,5163.568462
310,23,5141.437596
310,25,5123.278146
310,26,5054.919047
310,27,5040.929617
310,28,5040.232963
311,14,6668.277916
311,15,5864.238604
311,16,5581.837500
311,17,5552.615205
311,18,5342.476542
311,19,5340.711742
311,20,5229.984912
311,21,5163.568462
311,23,5141.437596
311,25,5108.107514
311,26,5054.919047
311,27,5040.929617
311,28,5040.232963
312,14,6668.277916
312,15,5864.238604
312,16,5581.837500
312,17,5552.615205
312,18,5342.476542
312,19,5340.711742
312,20,5229.984912
312,21,5163.568462
312,23,5141.437596
312,25,5108.107514
312,26,5054.919047
312,27,5038.310413
313,14,6668.277916
313,15,5864.238604
313,16,5581.837500
313,17,5552.615205
313,18,5342.476542
313,19,5340.711742
313,20,5229.984912
313,21,5145.331822
313,23,5141.437596
313,25,5108.107514
313,26,5054.919047
313,27,5038.310413
314,14,6668.277916
314,15,5864.238604
314,16,5581.837500
314,17,5552.615205
314,18,5342.476542
314,19,5340.711742
314,20,5229.984912
314,21,5145.331822
314,23,5141.437596
314,25,5108.107514
314,26,5054.919047
314,27,5038.310413
315,14,6668.277916
315,15,5864.238604
315,16,5545.455951
315,18,5342.476542
315,19,5340.711742
315,20,5175.320916
315,21,5145.331822
315,23,5141.437596
315,25,5108.107514
315,26,5054.919047
315,27,5038.310413
316,14,6668.277916
316,15,5864.238604
316,16,5545.455951
316,18,5342.476542
316,19,5340.711742
316,20,5175.320916
316,21,5145.331822
316,23,5141.437596
316,25,5108.107514
316,26,5054.919047
316,27,5038.310413
317,14,6668.277916
317,15,5864.238604
317,16,5545.455951
317,18,5311.972120
317,20,5175.320916
317,21,5145.331822
317,23,5141.437596
317,25,5108.107514
317,26,5054.919047
317,27,5038.310413
318,14,6668.277916
318,15,5864.238604
318,16,5545.455951
318,18,5311.972120
318,20,5175.320916
318,21,5142.606567
318,22,5137.353115
318,25,5108.107514
318,26,5045.646277
318,27,5038.310413
319,14,6668.277916
319,15,5864.238604
319,16,5469.204502
319,18,5311.972120
319,20,5175.320916
319,21,5142.606567
319,22,5094.507483
319,26,5045.646277
319,27,5038.310413
320,14,6668.277916
320,15,5864.238604
320,16,5469.204502
320,18,5311.972120
320,20,5175.320916
320,21,5142.606567
320,22,5094.507483
320,26,5045.646277
320,27,5038.310413
321,14,6668.277916
321,15,5864.238604
321,16,5469.204502
321,18,5311.972120
321,20,5175.320916
321,21,5142.606567
321,22,5094.507483
321,25,5090.378608
321,26,5045.646277
321,27,5038.310413
322,14,6668.277916
322,15,5863.893261
322,16,5469.204502
322,18,5311.972120
322,20,5175.320916
322,21,5142.606567
322,22,5094.507483
322,25,5090.378608
322,26,5045.646277
322,27,5038.310413
323,14,6668.277916
323,15,5863.893261
323,16,5469.204502
323,18,5311.972120
323,20,5175.320916
323,21,5142.606567
323,22,5094.507483
323,25,5090.378608
323,26,5045.249544
323,27,5038.310413
324,14,6437.503461
324,15,5863.893261
324,16,5469.204502
324,18,5311.972120
324,20,5175.320916
324,21,5092.892369
324,25,5090.378608
324,26,5045.249544
324,27,5038.310413
325,14,6437.503461
325,15,5836.569035
325,16,5469.204502
325,18,5228.397912
325,20,5175.320916
325,21,5092.892369
325,25,5090.378608
325,26,5045.249544
325,27,5038.310413
