Generation,NV,TOC
1,57,25228.950458
1,60,24341.784428
1,65,23271.688919
1,68,22776.495583
1,69,22297.221699
1,70,21500.098483
1,72,21496.031393
1,73,21332.419786
1,74,21115.742080
1,99,20132.785329
1,107,19897.891037
1,110,19798.900803
1,111,19628.347569
1,133,19149.292456
1,135,19116.300115
1,136,19038.747367
1,138,18803.149289
1,140,18757.345965
2,57,25228.950458
2,58,25029.699800
2,60,24268.496571
2,64,23613.220119
2,65,23271.688919
2,68,22776.495583
2,69,21665.472212
2,70,21500.098483
2,72,21496.031393
2,73,21332.419786
2,74,21115.742080
2,77,20834.317326
2,84,20477.973017
2,98,19781.505764
2,102,19260.974107
2,112,18979.510554
2,115,18598.110899
2,129,18328.226090
3,57,25228.950458
3,58,25029.699800
3,59,24668.998840
3,60,24268.496571
3,62,24247.022198
3,64,23613.220119
3,65,23271.688919
3,66,22889.669989
3,68,22776.495583
3,69,21665.472212
3,70,21500.098483
3,72,21496.031393
3,73,21332.419786
3,74,21079.512632
3,75,20986.749964
3,77,20834.317326
3,78,20418.245552
3,92,20395.770003
3,94,20190.894922
3,98,19419.938196
3,102,19235.058853
3,112,18979.510554
3,114,18951.930646
3,115,18598.110899
3,129,18328.226090
3,130,18055.639636
3,158,18019.314253
4,57,24865.197088
4,59,24577.784173
4,60,23605.411956
4,64,22871.816125
4,66,22838.383980
4,68,22486.671998
4,69,21665.472212
4,70,21500.098483
4,72,21496.031393
4,73,21052.753966
4,75,20986.749964
4,77,20555.225623
4,78,20418.245552
4,80,20306.045307
4,88,19984.331040
4,91,19433.036466
4,98,19419.938196
4,102,19235.058853
4,111,19053.445417
4,112,18979.510554
4,114,18619.045022
4,115,17871.356059
4,133,17726.495147
5,53,24534.740041
5,59,24297.729573
5,60,23605.411956
5,62,23565.385926
5,63,23522.335995
5,64,22871.816125
5,66,21456.386710
5,69,21197.726999
5,73,21052.753966
5,75,20660.599875
5,76,20392.100171
5,79,20278.019832
5,80,20111.876921
5,85,19925.476490
5,90,19845.526316
5,91,19433.036466
5,98,19419.938196
5,102,19235.058853
5,109,19213.776161
5,110,19014.282826
5,111,19011.575434
5,112,18979.510554
5,113,18481.047953
5,115,17871.356059
5,127,17557.709260
5,132,17440.319528
5,136,17339.062121
6,53,24534.740041
6,57,24142.845026
6,58,24109.069608
6,59,24078.810123
6,60,23605.411956
6,62,23565.385926
6,63,23522.335995
6,64,22871.816125
6,66,21456.386710
6,69,21197.726999
6,71,20990.685805
6,75,20388.417580
6,78,19944.828525
6,85,19925.476490
6,89,19214.543443
6,92,18998.003124
6,97,18706.123555
6,110,18691.919886
6,112,17737.261316
6,121,17472.723877
6,131,17324.113669
6,135,17240.142125
7,53,24534.740041
7,56,24263.345584
7,57,24142.845026
7,58,24109.069608
7,59,23419.009217
7,63,21769.427095
7,66,21456.386710
7,69,21197.726999
7,71,20990.685805
7,75,20388.417580
7,78,19944.828525
7,82,19704.313983
7,89,19214.543443
7,92,18998.003124
7,95,18972.888437
7,97,18706.123555
7,110,18691.919886
7,112,17737.261316
7,121,17472.723877
7,131,17324.113669
7,135,17240.142125
8,53,24487.106432
8,54,24201.072183
8,57,24142.845026
8,58,23782.228541
8,59,23419.009217
8,61,22941.327405
8,63,21769.427095
8,66,21456.386710
8,68,21114.458251
8,71,20693.830921
8,75,20388.417580
8,76,20080.326334
8,77,19322.051377
8,89,19214.543443
8,92,18998.003124
8,95,18972.888437
8,97,18706.123555
8,110,18691.919886
8,112,17737.261316
8,121,17472.723877
8,131,17324.113669
8,135,17240.142125
9,53,24487.106432
9,54,23337.349981
9,59,23272.933570
9,61,22941.327405
9,62,22737.664527
9,63,21769.427095
9,66,21153.007775
9,67,20794.363263
9,71,20693.830921
9,75,19189.963676
9,87,19015.839557
9,92,18881.535623
9,94,18751.234999
9,96,18666.519051
9,109,18590.957406
9,110,17658.189901
9,121,17362.819827
9,123,17194.888815
10,51,23587.776284
10,54,23217.829179
10,59,22674.549567
10,61,20343.414224
10,75,19189.963676
10,87,19015.839557
10,92,18881.535623
10,94,18751.234999
10,96,18666.519051
10,98,17748.801518
10,110,17658.189901
10,115,17464.618011
10,121,17362.819827
10,123,17194.888815
11,51,23587.776284
11,54,23217.829179
11,56,23179.385912
11,59,22674.549567
11,61,20343.414224
11,75,19189.963676
11,87,19015.839557
11,92,18881.535623
11,94,18751.234999
11,96,18666.519051
11,98,17748.801518
11,110,17658.189901
11,115,17464.618011
11,121,17362.819827
11,123,17194.888815
12,51,23587.776284
12,52,23221.611450
12,54,23217.829179
12,55,22688.736234
12,56,22358.018150
12,59,21721.219317
12,61,20343.414224
12,72,19911.022565
12,75,19189.963676
12,76,19036.247625
12,87,19015.839557
12,91,18830.491742
12,93,18512.929433
12,96,17681.923549
12,100,17596.494793
12,109,17570.751710
12,112,17365.976425
12,120,17299.406152
12,122,17109.577843
13,51,23587.776284
13,52,23221.611450
13,53,23156.180533
13,55,22672.802395
13,56,22358.018150
13,57,22088.614016
13,59,21721.219317
13,61,20343.414224
13,71,19773.699777
13,75,19189.963676
13,76,19036.247625
13,78,18983.397992
13,91,18830.491742
13,93,18512.929433
13,96,17681.923549
13,100,17596.494793
13,109,17570.751710
13,112,17365.976425
13,113,17229.334836
13,122,17109.577843
14,51,23587.776284
14,52,23221.611450
14,53,23156.180533
14,54,22986.069333
14,55,22561.639648
14,56,22358.018150
14,57,22088.614016
14,58,22052.942336
14,59,21721.219317
14,61,20343.414224
14,63,20136.761787
14,67,19859.393987
14,70,19694.724590
14,73,19471.763355
14,75,19189.963676
14,76,19036.247625
14,78,18983.397992
14,87,18519.076146
14,92,18229.748106
14,95,18048.232254
14,96,17681.923549
14,100,17596.494793
14,109,17570.751710
14,112,17365.976425
14,113,17229.334836
14,122,17109.577843
14,136,17102.005919
15,51,23587.776284
15,52,22938.663513
15,54,22683.085067
15,55,21842.046303
15,58,21617.796586
15,59,21529.643511
15,61,20343.414224
15,63,20136.761787
15,67,19859.393987
15,70,19694.724590
15,72,19404.845916
15,75,19189.963676
15,76,19036.247625
15,78,18868.274280
15,84,18442.575027
15,90,18004.815116
15,96,17577.664285
15,98,17508.863954
15,109,17504.084332
15,110,17288.577786
15,113,17191.452272
15,122,16999.062192
16,51,23587.776284
16,52,22938.663513
16,54,22050.368965
16,55,21842.046303
16,57,21349.273253
16,58,21122.550755
16,61,20343.414224
16,63,20136.761787
16,67,19859.393987
16,70,19694.724590
16,72,19404.845916
16,75,19189.963676
16,76,19036.247625
16,78,18868.274280
16,84,18442.575027
16,88,18394.227830
16,90,18004.815116
16,96,17577.664285
16,98,17508.863954
16,109,17504.084332
16,110,17288.577786
16,113,17191.452272
16,122,16999.062192
16,127,16851.357729
17,51,23587.776284
17,52,22938.663513
17,53,21664.230773
17,57,20156.012466
17,60,19992.889286
17,65,19644.764274
17,70,19406.445114
17,71,18661.071443
17,80,18367.019176
17,84,18300.334118
17,86,18210.295834
17,89,18147.412906
17,90,18004.815116
17,96,17577.664285
17,98,17508.863954
17,105,17458.652486
17,110,17288.577786
17,113,17191.452272
17,122,16999.062192
17,127,16851.357729
18,51,23587.776284
18,52,22938.663513
18,53,21664.230773
18,57,20156.012466
18,59,19958.873342
18,60,19088.184475
18,64,18679.042242
18,65,18550.431128
18,68,17670.748569
18,96,17577.664285
18,98,17508.863954
18,105,17458.652486
18,110,17288.577786
18,113,17191.452272
18,122,16999.062192
18,127,16851.357729
19,51,23587.776284
19,52,22938.663513
19,53,21664.230773
19,56,20982.293307
19,57,20156.012466
19,59,19958.873342
19,60,19088.184475
19,64,18679.042242
19,65,18244.336631
19,68,17670.748569
19,76,17670.384150
19,90,17476.237369
19,102,17376.073185
19,107,17122.837259
19,122,16999.062192
19,125,16566.796799
20,51,23587.776284
20,52,22425.434975
20,53,21664.230773
20,56,20179.028121
20,57,20156.012466
20,59,19958.873342
20,60,19088.184475
20,61,18923.555828
20,63,18631.495416
20,64,18419.548772
20,65,17931.086658
20,68,17650.573867
20,81,17466.512058
20,91,17268.026460
20,97,17240.661528
20,102,16776.430319
20,125,16566.796799
21,51,23587.776284
21,52,22425.434975
21,53,21664.230773
21,55,19723.287360
21,58,19199.759172
21,60,19088.184475
21,61,18923.555828
21,62,18247.542117
21,65,17931.086658
21,68,17650.573867
21,80,17408.971505
21,91,17268.026460
21,97,17240.661528
21,99,16920.330117
21,102,16776.430319
21,112,16725.728916
21,116,16569.466095
21,125,16566.796799
22,51,23587.776284
22,52,22425.434975
22,53,21664.230773
22,54,21542.042212
22,55,19323.075369
22,58,19199.759172
22,60,19088.184475
22,61,18923.555828
22,62,18247.542117
22,65,17931.086658
22,68,17650.573867
22,78,17642.243164
22,79,17195.967210
22,81,17094.671208
22,88,16937.197313
22,94,16814.157010
22,102,16776.430319
22,112,16725.728916
22,115,16723.930069
22,116,16569.466095
22,125,16566.796799
23,51,22534.002509
23,52,22425.434975
23,53,21664.230773
23,54,20359.516216
23,55,19323.075369
23,58,19199.759172
23,60,19088.184475
23,61,18923.555828
23,62,18247.542117
23,65,17931.086658
23,68,17650.573867
23,78,17642.243164
23,79,17195.967210
23,81,17094.671208
23,88,16937.197313
23,94,16814.157010
23,102,16776.430319
23,112,16725.728916
23,115,16723.930069
23,116,16569.466095
23,125,16566.796799
24,50,24224.194529
24,51,22534.002509
24,52,22425.434975
24,53,21664.230773
24,54,20359.516216
24,55,19323.075369
24,57,19277.389304
24,58,19199.759172
24,60,18889.169225
24,62,18247.542117
24,64,17853.850031
24,68,17650.573867
24,75,17558.545849
24,79,17195.967210
24,81,17094.671208
24,86,16820.165103
24,89,16775.330383
24,112,16725.728916
24,115,16503.607600
25,50,24224.194529
25,51,22534.002509
25,52,22425.434975
25,53,21573.667146
25,54,20359.516216
25,55,19323.075369
25,57,18718.643542
25,62,18247.542117
25,64,17721.149252
25,67,17398.025504
25,70,17371.786808
25,79,16991.421509
25,86,16730.031879
25,88,16517.222726
25,99,16344.540622
26,50,24224.194529
26,51,22534.002509
26,52,22425.434975
26,53,20927.557930
26,54,19704.620422
26,55,19323.075369
26,57,18718.643542
26,62,18247.542117
26,64,17721.149252
26,67,17398.025504
26,70,17371.786808
26,79,16991.421509
26,86,16730.031879
26,88,16517.222726
26,99,16344.540622
27,50,24224.194529
27,51,22534.002509
27,52,21061.950702
27,53,20927.557930
27,54,19704.620422
27,55,19323.075369
27,57,18212.013296
27,62,18004.136937
27,63,17959.675678
27,64,17721.149252
27,67,17398.025504
27,70,17371.786808
27,79,16991.421509
27,86,16730.031879
27,88,16517.222726
27,98,16307.054759
27,112,16232.908819
28,50,24224.194529
28,51,22509.837219
28,52,21061.950702
28,53,20927.557930
28,54,19704.620422
28,55,19323.075369
28,57,18212.013296
28,59,18033.940696
28,60,17997.103052
28,63,17813.219937
28,64,17721.149252
28,65,17676.487046
28,67,17398.025504
28,70,17371.786808
28,71,17179.032086
28,78,17151.150986
28,79,16960.738921
28,80,16772.954708
28,86,16676.945178
28,87,16435.416638
28,98,16220.720214
28,104,16216.372482
29,50,24224.194529
29,51,22509.837219
29,52,21061.950702
29,53,19422.385278
29,55,19323.075369
29,57,18212.013296
29,59,18033.940696
29,60,17997.103052
29,63,17813.219937
29,64,17721.149252
29,65,17520.093643
29,67,17398.025504
29,70,17371.786808
29,71,17179.032086
29,78,17151.150986
29,79,16865.707601
29,80,16772.954708
29,84,16508.724374
29,87,16435.416638
29,98,16220.720214
29,104,16216.372482
29,105,16130.925022
30,50,24224.194529
30,51,22098.730038
30,52,20794.841945
30,53,19422.385278
30,55,19323.075369
30,56,19027.248618
30,57,18212.013296
30,59,18033.940696
30,60,17997.103052
30,63,17813.219937
30,64,17721.149252
30,65,17520.093643
30,67,17398.025504
30,70,17371.786808
30,71,17179.032086
30,78,17151.150986
30,79,16865.707601
30,80,16772.954708
30,84,16508.724374
30,87,16435.416638
30,98,16220.720214
30,104,16216.372482
30,105,16130.925022
31,49,24361.052243
31,50,24224.194529
31,51,22085.117383
31,52,20754.333586
31,53,19422.385278
31,55,19323.075369
31,56,19027.248618
31,57,18212.013296
31,59,18033.940696
31,60,17997.103052
31,63,17813.219937
31,64,17721.149252
31,65,17520.093643
31,66,17498.797906
31,67,17398.025504
31,69,17259.359660
31,71,17179.032086
31,74,16764.451791
31,79,16762.387875
31,83,16468.217347
31,86,16332.636338
31,98,16220.720214
31,102,16119.267942
31,104,16075.605833
31,112,16063.876170
32,49,24361.052243
32,50,24224.194529
32,51,20837.526358
32,52,20331.155491
32,53,19422.385278
32,55,19323.075369
32,56,19027.248618
32,57,18212.013296
32,59,18033.940696
32,60,17997.103052
32,62,17770.821982
32,63,17661.822917
32,65,17520.093643
32,66,17497.241079
32,67,17398.025504
32,69,17259.359660
32,70,17194.284198
32,71,17179.032086
32,74,16764.451791
32,79,16762.387875
32,83,16468.217347
32,86,16332.636338
32,97,16181.780813
32,98,16172.248641
32,102,16119.267942
32,104,16075.605833
32,112,16063.876170
33,49,24361.052243
33,50,22397.712866
33,51,19791.013251
33,52,19556.090058
33,53,19422.385278
33,54,18779.454529
33,56,18403.415417
33,57,18212.013296
33,59,18033.940696
33,60,17997.103052
33,62,17770.821982
33,63,17661.822917
33,64,17382.024630
33,69,17259.359660
33,70,17194.284198
33,71,17179.032086
33,74,16764.451791
33,79,16762.387875
33,83,16468.217347
33,86,16332.636338
33,96,16240.440263
33,97,16181.780813
33,98,16172.248641
33,102,16119.267942
33,104,16075.605833
33,112,16063.876170
34,48,24704.621682
34,49,23848.922718
34,50,22397.712866
34,51,19610.071741
34,52,19556.090058
34,53,19422.385278
34,54,18779.454529
34,56,18403.415417
34,57,18007.718344
34,60,17931.100739
34,62,17770.821982
34,63,17661.822917
34,64,17382.024630
34,69,17259.359660
34,70,17194.284198
34,71,17179.032086
34,73,16954.453424
34,74,16764.451791
34,79,16762.387875
34,83,16468.217347
34,86,16332.636338
34,96,16240.440263
34,97,16181.780813
34,98,16172.248641
34,102,16119.267942
34,104,16075.605833
34,112,16063.876170
35,48,24704.621682
35,49,23848.922718
35,50,20126.554731
35,51,19396.411514
35,53,19037.600977
35,54,18779.454529
35,56,18403.415417
35,57,18007.718344
35,60,17931.100739
35,62,17770.821982
35,63,17661.822917
35,64,17382.024630
35,69,17058.525299
35,73,16804.921960
35,74,16764.451791
35,78,16632.524148
35,83,16297.244306
35,88,16255.269956
35,93,16197.187564
35,97,16181.780813
35,98,16172.248641
35,102,16119.267942
35,104,16075.605833
35,112,16063.876170
36,48,24704.621682
36,49,23848.922718
36,50,20126.554731
36,51,19396.411514
36,52,19059.878640
36,53,19037.600977
36,54,18779.454529
36,56,18403.415417
36,57,18007.718344
36,58,17993.934923
36,59,17962.203391
36,60,17931.100739
36,62,17755.771240
36,63,17661.822917
36,64,17382.024630
36,69,17058.525299
36,71,16815.797872
36,73,16804.921960
36,74,16764.451791
36,78,16632.524148
36,83,16297.244306
36,88,16255.269956
36,93,16197.187564
36,97,16181.780813
36,98,16172.248641
36,102,16119.267942
36,104,16075.605833
36,112,16063.876170
37,48,24704.621682
37,49,23848.922718
37,50,20126.554731
37,51,19345.644963
37,52,18597.065760
37,56,18403.415417
37,57,18007.718344
37,58,17993.934923
37,59,17962.203391
37,60,17656.848661
37,64,17382.024630
37,69,17058.525299
37,71,16815.797872
37,73,16804.921960
37,74,16764.451791
37,78,16632.524148
37,83,16297.244306
37,88,16255.269956
37,93,16197.187564
37,95,16176.657862
37,98,16172.248641
37,99,16115.408272
37,102,16071.105927
37,112,16063.876170
38,48,24605.037945
38,49,23848.922718
38,50,20126.554731
38,51,19003.286862
38,52,18597.065760
38,53,18307.311994
38,57,17792.032026
38,60,17656.848661
38,64,17382.024630
38,69,17058.525299
38,71,16815.797872
38,73,16804.921960
38,74,16764.451791
38,78,16632.524148
38,83,16297.244306
38,88,16255.269956
38,93,16197.187564
38,95,16176.657862
38,98,16172.248641
38,99,16115.408272
38,102,16071.105927
38,112,16063.876170
39,48,24605.037945
39,49,23848.922718
39,50,19583.123462
39,51,18695.070530
39,52,18597.065760
39,53,18307.311994
39,54,18040.222550
39,56,17497.973069
39,57,16942.564086
39,71,16815.797872
39,73,16804.921960
39,74,16764.451791
39,76,16734.750793
39,78,16632.524148
39,81,16529.522089
39,83,16297.244306
39,88,16255.269956
39,93,16197.187564
39,95,16176.657862
39,98,16172.248641
39,99,16115.408272
39,102,16071.105927
39,112,16063.876170
40,48,24605.037945
40,49,23848.922718
40,50,19562.450409
40,51,18695.070530
40,52,18597.065760
40,53,18307.311994
40,54,18040.222550
40,55,17948.500985
40,56,17497.973069
40,57,16933.219583
40,71,16815.797872
40,73,16804.921960
40,74,16764.451791
40,76,16560.622062
40,81,16529.522089
40,83,16281.575378
40,88,16255.269956
40,93,16197.187564
40,95,16176.657862
40,98,16172.248641
40,99,16115.408272
40,102,16071.105927
40,112,16063.876170
41,48,24605.037945
41,49,21597.257107
41,50,19562.450409
41,51,18695.070530
41,52,18597.065760
41,53,18307.311994
41,54,18040.222550
41,55,17948.500985
41,56,16958.508984
41,57,16933.219583
41,60,16926.693996
41,71,16815.797872
41,73,16804.921960
41,74,16764.451791
41,76,16560.622062
41,81,16529.522089
41,83,16281.575378
41,88,16255.269956
41,93,16197.187564
41,95,16176.657862
41,98,16172.248641
41,99,16115.408272
41,102,16071.105927
41,112,16063.876170
42,48,21152.542652
42,50,19562.450409
42,51,18668.474432
42,52,18597.065760
42,53,18307.311994
42,54,18040.222550
42,55,17948.500985
42,56,16958.508984
42,57,16849.937180
42,58,16685.731296
42,76,16560.622062
42,81,16529.522089
42,83,16281.575378
42,88,16255.269956
42,93,16197.187564
42,95,16176.657862
42,98,16172.248641
42,99,16115.408272
42,102,16071.105927
42,112,16063.876170
43,48,21152.542652
43,50,18951.735723
43,51,18357.781378
43,52,18029.368430
43,55,17265.375499
43,56,16958.508984
43,57,16849.937180
43,58,16685.731296
43,66,16636.052454
43,76,16560.622062
43,81,16529.522089
43,83,16281.575378
43,88,16255.269956
43,93,16197.187564
43,95,16176.657862
43,98,16172.248641
43,99,16115.408272
43,102,16071.105927
43,112,16063.876170
44,48,21152.542652
44,49,20245.440760
44,50,18365.671242
44,51,18357.781378
44,52,18029.368430
44,54,17956.236805
44,55,17265.375499
44,56,16958.508984
44,57,16849.937180
44,58,16685.731296
44,66,16636.052454
44,75,16522.938958
44,78,16369.317489
44,83,16281.575378
44,87,16211.537956
44,93,16197.187564
44,95,16114.989044
44,101,16067.082933
44,112,16063.876170
45,48,19225.733406
45,50,18365.671242
45,51,18357.781378
45,52,18029.368430
45,54,17516.926327
45,55,17265.375499
45,56,16958.508984
45,57,16841.302779
45,58,16685.731296
45,66,16636.052454
45,71,16621.452280
45,72,16556.253073
45,75,16522.938958
45,76,16507.516171
45,77,16368.338463
45,83,16281.575378
45,87,16211.537956
45,93,16197.187564
45,95,16114.989044
45,101,16067.082933
45,112,16063.876170
46,48,19225.733406
46,50,18365.671242
46,51,18357.781378
46,52,18029.368430
46,54,17516.926327
46,55,17060.980906
46,56,16958.508984
46,57,16841.302779
46,58,16685.731296
46,61,16637.483104
46,66,16636.052454
46,71,16621.452280
46,72,16556.253073
46,75,16522.938958
46,76,16507.516171
46,77,16368.338463
46,83,16281.575378
46,87,16211.537956
46,93,16197.187564
46,95,16114.989044
46,101,16067.082933
46,112,16063.876170
47,48,18784.404053
47,50,18365.671242
47,51,18357.781378
47,52,18029.368430
47,54,17227.629863
47,55,17060.980906
47,56,16958.508984
47,57,16841.302779
47,58,16586.071546
47,61,16481.901510
47,62,16366.430177
47,75,16144.410524
47,90,16018.281520
47,98,15990.895868
48,47,19004.273900
48,48,18784.404053
48,50,18365.671242
48,51,17702.294032
48,54,17227.629863
48,55,17060.980906
48,56,16958.508984
48,57,16841.302779
48,58,16586.071546
48,61,16481.901510
48,62,16366.430177
48,75,16144.410524
48,90,16018.281520
48,98,15990.895868
49,47,19004.273900
49,48,18506.699184
49,49,18340.413974
49,50,18233.638523
49,51,17702.294032
49,53,17074.019479
49,54,16729.005589
49,55,16711.162922
49,58,16586.071546
49,61,16481.901510
49,62,16366.430177
49,75,16144.410524
49,85,16054.753405
49,90,16018.281520
49,96,16006.043637
49,98,15990.895868
50,47,19004.273900
50,48,18506.699184
50,49,18340.413974
50,50,18104.526959
50,51,17702.294032
50,53,16986.078646
50,54,16606.838432
50,57,16364.837493
50,75,16084.489321
50,84,16010.129086
50,86,15954.358971
50,96,15933.235605
51,47,19004.273900
51,48,18506.699184
51,49,18340.413974
51,50,18104.526959
51,51,17702.294032
51,52,16887.004902
51,53,16458.201876
51,55,16323.271761
51,75,16084.489321
51,84,16010.129086
51,86,15954.358971
51,96,15933.235605
51,101,15908.116864
52,47,19004.273900
52,48,18506.699184
52,49,18340.413974
52,50,17971.823771
52,51,17702.294032
52,52,16887.004902
52,53,16458.201876
52,54,16374.234180
52,55,16323.271761
52,64,16243.150340
52,73,16127.105555
52,75,16084.489321
52,84,16010.129086
52,86,15954.358971
52,88,15687.073868
53,47,19004.273900
53,48,18506.699184
53,49,18016.064007
53,50,17702.068187
53,52,16887.004902
53,53,16458.201876
53,54,16369.503177
53,55,16323.271761
53,63,16213.625677
53,72,16044.078858
53,75,16002.668629
53,79,15948.376106
53,85,15904.469840
53,88,15616.989905
54,45,17732.093698
54,50,17556.024919
54,52,16887.004902
54,53,16458.201876
54,54,16369.503177
54,55,16323.271761
54,61,16173.857117
54,68,16077.654337
54,72,15948.287534
54,85,15904.469840
54,88,15616.989905
55,45,17732.093698
55,50,17556.024919
55,52,16887.004902
55,53,16458.201876
55,54,16369.503177
55,55,16323.271761
55,60,16255.510089
55,61,16173.857117
55,68,16077.654337
55,72,15948.287534
55,80,15892.466358
55,86,15648.073036
55,88,15616.989905
56,45,17294.275165
56,47,17216.338457
56,51,16974.636529
56,52,16790.754480
56,53,16458.201876
56,54,16369.503177
56,55,16297.405382
56,56,16199.713066
56,59,16187.506288
56,61,16173.857117
56,62,16120.074749
56,64,15943.587965
56,68,15856.932012
56,72,15765.536593
56,84,15636.887091
56,87,15580.676257
57,45,17294.275165
57,47,17216.338457
57,51,16974.636529
57,52,16790.754480
57,53,16458.201876
57,54,16354.605022
57,55,16297.405382
57,56,16199.713066
57,59,16187.506288
57,61,16173.857117
57,62,16120.074749
57,64,15943.587965
57,68,15856.932012
57,72,15765.536593
57,84,15636.887091
57,85,15629.387918
57,87,15580.676257
58,45,17294.275165
58,47,17216.338457
58,51,16974.636529
58,52,16790.754480
58,53,16458.201876
58,54,16354.605022
58,55,16297.405382
58,56,16199.713066
58,59,16187.506288
58,61,16173.857117
58,62,16120.074749
58,64,15943.587965
58,68,15856.932012
58,72,15765.536593
58,74,15732.959599
58,84,15636.887091
58,85,15629.387918
58,87,15580.676257
58,94,15579.751992
59,45,17294.275165
59,46,17181.784134
59,49,16785.172533
59,50,16705.792616
59,53,16458.201876
59,54,16354.605022
59,55,16297.405382
59,56,16199.713066
59,58,16187.576050
59,59,16187.506288
59,61,16050.514853
59,64,15817.394139
59,68,15811.484910
59,72,15733.290914
59,74,15641.197515
59,78,15564.496790
59,86,15513.578352
59,91,15476.555119
60,45,17294.275165
60,46,17181.784134
60,47,16778.255841
60,50,16684.139328
60,53,16458.201876
60,54,16354.605022
60,55,16297.405382
60,56,16199.713066
60,58,16183.551483
60,59,16064.053806
60,61,16050.514853
60,64,15817.394139
60,68,15811.484910
60,72,15733.290914
60,74,15641.197515
60,78,15564.496790
60,86,15513.578352
60,88,15485.591851
60,91,15476.555119
61,44,17892.956346
61,45,17262.919077
61,46,17181.784134
61,47,16778.255841
61,48,16701.305858
61,50,16672.369291
61,53,16458.201876
61,54,16354.605022
61,55,16297.405382
61,56,16199.713066
61,58,16183.551483
61,59,16064.053806
61,61,16050.514853
61,64,15817.394139
61,68,15811.484910
61,71,15708.882327
61,74,15641.197515
61,78,15564.496790
61,86,15513.578352
61,88,15485.591851
61,91,15476.555119
62,44,17466.837853
62,45,16875.467027
62,47,16778.255841
62,48,16701.305858
62,50,16672.369291
62,52,16653.299246
62,53,16458.201876
62,54,16354.605022
62,55,16297.405382
62,56,16199.713066
62,58,16024.215579
62,61,16017.068300
62,64,15773.529065
62,71,15698.035004
62,74,15607.244082
62,76,15558.829653
62,86,15460.722417
62,88,15410.988691
63,44,17466.837853
63,45,16875.467027
63,46,16642.436105
63,47,16576.051981
63,53,16458.201876
63,54,16354.605022
63,55,16297.405382
63,56,16199.713066
63,58,16024.215579
63,61,16017.068300
63,64,15773.529065
63,71,15698.035004
63,74,15607.244082
63,76,15558.829653
63,86,15460.722417
63,88,15410.988691
64,44,17055.175985
64,45,16796.880328
64,46,16642.436105
64,47,16576.051981
64,49,16544.211841
64,53,16458.201876
64,54,16354.605022
64,55,16297.405382
64,56,16199.713066
64,58,16024.215579
64,61,16017.068300
64,64,15773.529065
64,71,15698.035004
64,74,15607.244082
64,76,15558.829653
64,86,15460.722417
64,88,15410.988691
65,43,17576.482056
65,44,17055.175985
65,45,16796.880328
65,46,16537.896885
65,52,16529.161768
65,53,16458.201876
65,54,16354.605022
65,55,16184.933291
65,57,16011.266907
65,63,15685.869669
65,74,15607.244082
65,76,15558.829653
65,84,15366.820680
65,87,15357.137689
66,43,17576.482056
66,44,17055.175985
66,45,16796.880328
66,46,16537.896885
66,52,16529.161768
66,53,16458.201876
66,54,16354.605022
66,55,16108.351809
66,57,16011.266907
66,60,15977.532356
66,63,15685.869669
66,70,15639.284510
66,74,15552.881908
66,84,15366.820680
66,87,15357.137689
67,43,17179.985855
67,44,16936.166029
67,45,16796.880328
67,46,16537.896885
67,51,16361.018755
67,53,16304.943298
67,55,16108.351809
67,57,16011.266907
67,58,15838.741344
67,63,15685.869669
67,68,15635.972656
67,71,15615.340502
67,74,15552.881908
67,84,15366.820680
67,87,15357.137689
68,43,17179.985855
68,44,16936.166029
68,45,16796.880328
68,46,16537.896885
68,51,16361.018755
68,53,16060.388486
68,57,15975.557418
68,58,15806.005288
68,60,15776.300753
68,63,15672.972818
68,68,15635.972656
68,71,15615.340502
68,74,15552.881908
68,84,15342.132098
69,43,17179.985855
69,44,16770.235030
69,46,16537.896885
69,48,16505.214714
69,51,16361.018755
69,52,16149.532873
69,53,16060.388486
69,57,15975.557418
69,58,15806.005288
69,60,15776.300753
69,63,15672.972818
69,68,15635.972656
69,71,15615.340502
69,74,15552.881908
69,84,15342.132098
70,43,17179.985855
70,44,16746.690664
70,46,16537.896885
70,48,16505.214714
70,50,16504.143979
70,51,16296.787121
70,52,16149.532873
70,53,16060.388486
70,57,15975.557418
70,58,15806.005288
70,60,15776.300753
70,63,15672.972818
70,67,15584.447702
70,74,15552.881908
70,84,15342.132098
71,43,17179.985855
71,44,16746.690664
71,46,16537.896885
71,48,16505.214714
71,50,16234.192846
71,52,16149.532873
71,53,16027.269253
71,57,15859.632592
71,58,15806.005288
71,60,15712.993308
71,63,15615.641988
71,66,15572.452330
71,73,15483.756527
71,84,15338.854656
72,43,16881.769297
72,44,16746.690664
72,46,16537.896885
72,48,16505.214714
72,50,16234.192846
72,52,16149.532873
72,53,16027.269253
72,57,15859.632592
72,58,15770.232762
72,59,15713.827182
72,60,15712.993308
72,63,15615.641988
72,66,15572.452330
72,73,15483.756527
72,84,15338.854656
73,43,16881.769297
73,44,16746.690664
73,45,16464.011910
73,49,16120.388439
73,53,16027.269253
73,57,15859.632592
73,58,15770.232762
73,59,15713.827182
73,60,15712.993308
73,63,15615.641988
73,66,15572.452330
73,73,15483.756527
73,75,15480.116266
73,84,15338.854656
74,43,16881.769297
74,44,16746.690664
74,45,16464.011910
74,49,16120.388439
74,53,16027.269253
74,56,15970.249784
74,57,15827.526410
74,58,15709.444542
74,59,15650.115246
74,63,15604.049264
74,66,15569.408437
74,73,15483.756527
74,75,15480.116266
74,84,15325.626072
75,43,16881.769297
75,44,16746.690664
75,45,16464.011910
75,49,16120.388439
75,53,16027.269253
75,56,15956.682291
75,57,15827.526410
75,58,15709.444542
75,59,15650.115246
75,63,15604.049264
75,66,15569.408437
75,73,15483.756527
75,75,15480.116266
75,84,15325.626072
76,43,16881.769297
76,44,16746.690664
76,45,16464.011910
76,49,16120.388439
76,53,16027.269253
76,54,15964.901607
76,56,15956.682291
76,57,15717.976010
76,58,15709.444542
76,59,15650.115246
76,62,15646.647625
76,63,15604.049264
76,66,15569.408437
76,73,15483.756527
76,75,15480.116266
76,78,15410.332352
76,84,15325.626072
77,43,16881.769297
77,44,16746.690664
77,45,16464.011910
77,49,16120.388439
77,53,16027.269253
77,54,15964.901607
77,56,15956.682291
77,57,15637.292693
77,62,15548.096696
77,73,15483.756527
77,75,15480.116266
77,77,15393.956738
77,84,15325.626072
78,43,16881.769297
78,44,16746.690664
78,45,16418.788945
78,46,16417.017398
78,47,16366.799366
78,49,16120.388439
78,50,16093.487398
78,51,15968.426939
78,54,15824.222886
78,57,15637.292693
78,62,15548.096696
78,73,15483.756527
78,75,15480.116266
78,77,15393.956738
78,84,15325.626072
79,43,16881.769297
79,44,16746.690664
79,45,16418.788945
79,46,16417.017398
79,47,16366.799366
79,49,16120.388439
79,50,16093.487398
79,51,15968.426939
79,54,15824.222886
79,57,15637.292693
79,62,15548.096696
79,73,15483.756527
79,75,15480.116266
79,77,15393.956738
79,83,15362.504637
79,84,15325.626072
80,43,16881.769297
80,44,16746.690664
80,45,16418.788945
80,46,16417.017398
80,47,16366.799366
80,48,16295.978273
80,49,16030.903625
80,51,15925.107117
80,54,15824.222886
80,57,15582.306275
80,60,15512.589807
80,71,15412.969937
80,77,15311.633711
80,82,15290.054334
81,43,16881.769297
81,44,16746.690664
81,45,16409.508260
81,46,16336.415070
81,47,16302.732392
81,48,16295.978273
81,49,16030.903625
81,51,15925.107117
81,54,15824.222886
81,55,15505.430975
81,65,15485.020384
81,71,15412.969937
81,77,15311.633711
81,82,15290.054334
82,42,18339.508547
82,43,16881.769297
82,44,16746.690664
82,45,16337.645769
82,46,16336.415070
82,47,16302.732392
82,48,16266.099964
82,49,16030.903625
82,51,15925.107117
82,54,15824.222886
82,55,15505.430975
82,65,15485.020384
82,71,15412.969937
82,77,15311.633711
82,82,15290.054334
83,42,18339.508547
83,43,16881.769297
83,44,16629.300143
83,45,16337.645769
83,46,16336.415070
83,47,16297.876029
83,48,16221.510770
83,49,15934.826265
83,51,15628.988783
83,55,15489.610406
83,65,15485.020384
83,70,15463.219197
83,71,15394.414994
83,77,15311.633711
83,82,15290.054334
84,42,17751.324020
84,43,16881.769297
84,44,16616.885535
84,45,16337.645769
84,46,16336.415070
84,47,16297.876029
84,48,16221.510770
84,49,15934.826265
84,51,15628.988783
84,55,15489.610406
84,59,15485.787067
84,65,15485.020384
84,70,15463.219197
84,71,15394.414994
84,77,15311.633711
84,82,15290.054334
85,42,17751.324020
85,43,16881.769297
85,44,16457.840717
85,45,16337.645769
85,46,16336.415070
85,47,16207.533148
85,49,15934.826265
85,51,15628.988783
85,55,15489.610406
85,59,15485.787067
85,65,15485.020384
85,70,15463.219197
85,71,15394.414994
85,77,15311.633711
85,82,15290.054334
86,42,17189.555154
86,43,16881.769297
86,44,16457.840717
86,45,16337.645769
86,46,16336.415070
86,47,16203.129291
86,49,15934.826265
86,51,15615.703203
86,55,15480.404978
86,70,15443.563331
86,71,15394.414994
86,77,15311.633711
86,82,15277.402239
87,42,17189.555154
87,43,16881.769297
87,44,16457.840717
87,45,16337.645769
87,46,16290.928903
87,47,16203.129291
87,48,16044.430698
87,49,15934.826265
87,50,15927.700164
87,51,15615.703203
87,55,15480.404978
87,70,15443.563331
87,71,15394.414994
87,75,15300.503517
87,82,15277.402239
88,42,17189.555154
88,43,16881.769297
88,44,16457.840717
88,45,16337.645769
88,46,16290.928903
88,47,16203.129291
88,48,16019.206560
88,49,15934.826265
88,50,15927.700164
88,51,15615.703203
88,55,15480.404978
88,69,15439.016652
88,71,15394.414994
88,72,15332.411572
88,75,15300.503517
88,82,15277.402239
89,42,17189.555154
89,43,16881.769297
89,44,16421.565971
89,45,16337.645769
89,46,16103.183862
89,47,16048.327744
89,48,16008.973491
89,49,15921.200833
89,51,15615.703203
89,55,15468.116236
89,63,15319.086482
89,74,15256.589642
90,42,17146.139772
90,43,16544.627731
90,44,16309.322046
90,46,16103.183862
90,47,16048.327744
90,48,16008.973491
90,49,15921.200833
90,50,15785.204390
90,51,15615.703203
90,54,15517.727130
90,55,15468.116236
90,61,15458.094387
90,63,15319.086482
90,74,15256.589642
91,42,17146.139772
91,43,16544.627731
91,44,16309.322046
91,46,16103.183862
91,47,16048.327744
91,48,16008.973491
91,49,15901.221191
91,50,15785.204390
91,51,15615.703203
91,54,15517.727130
91,55,15397.921558
91,58,15395.863441
91,63,15319.086482
91,71,15291.016483
91,74,15256.589642
92,42,17146.139772
92,43,16544.627731
92,44,16309.322046
92,46,16103.183862
92,47,16048.327744
92,48,15958.589791
92,49,15787.114297
92,50,15721.945695
92,51,15542.315784
92,54,15506.421099
92,55,15300.332723
92,67,15260.339530
92,73,15254.369639
92,80,15207.035694
93,42,17146.139772
93,43,16544.627731
93,44,16309.322046
93,46,16103.183862
93,47,16048.327744
93,48,15958.589791
93,49,15787.114297
93,50,15721.945695
93,51,15542.315784
93,54,15506.421099
93,55,15300.332723
93,67,15260.339530
93,73,15254.369639
93,80,15207.035694
94,42,17146.139772
94,43,16544.627731
94,44,16300.014309
94,46,16103.183862
94,47,16048.327744
94,48,15958.589791
94,49,15787.114297
94,50,15721.945695
94,51,15542.315784
94,54,15506.421099
94,55,15300.332723
94,67,15260.339530
94,73,15241.947140
94,75,15223.486025
94,80,15207.035694
95,42,17146.139772
95,43,16298.859267
95,46,16103.183862
95,47,16048.327744
95,48,15871.412580
95,49,15776.325635
95,50,15649.017566
95,51,15514.213181
95,54,15490.600530
95,55,15300.332723
95,67,15250.631618
95,72,15132.048778
96,42,17079.091849
96,43,16298.859267
96,44,16275.909729
96,46,16103.183862
96,47,16048.327744
96,48,15871.412580
96,49,15776.325635
96,50,15649.017566
96,51,15514.213181
96,54,15490.600530
96,55,15300.332723
96,62,15257.008921
96,67,15250.631618
96,72,15132.048778
97,42,16698.512309
97,43,16298.859267
97,44,16275.909729
97,45,16248.693782
97,46,16103.183862
97,47,16048.327744
97,48,15871.412580
97,49,15776.325635
97,50,15649.017566
97,51,15514.213181
97,54,15490.600530
97,55,15300.332723
97,62,15257.008921
97,67,15250.631618
97,72,15132.048778
98,42,16698.512309
98,43,16265.173206
98,45,15935.131945
98,48,15826.349034
98,49,15776.325635
98,50,15649.017566
98,51,15508.805945
98,54,15406.431680
98,55,15282.714119
98,62,15257.008921
98,67,15250.631618
98,72,15132.048778
99,42,16698.512309
99,43,16248.127109
99,44,16159.836797
99,45,15935.131945
99,48,15826.349034
99,49,15776.325635
99,50,15649.017566
99,51,15508.805945
99,54,15406.431680
99,55,15282.714119
99,61,15263.743693
99,62,15257.008921
99,67,15250.631618
99,70,15226.187476
99,72,15132.048778
99,73,15117.705855
100,42,16698.512309
100,43,16248.127109
100,44,16159.836797
100,45,15935.131945
100,48,15826.349034
100,49,15776.325635
100,50,15649.017566
100,51,15508.805945
100,54,15406.431680
100,55,15282.714119
100,61,15263.743693
100,62,15257.008921
100,66,15191.277184
100,72,15132.048778
100,73,15117.705855
101,42,16698.512309
101,43,16153.925712
101,44,16144.943509
101,45,15935.131945
101,46,15929.755725
101,48,15826.349034
101,49,15776.325635
101,50,15608.916585
101,51,15484.245926
101,54,15332.738572
101,55,15228.969087
101,61,15215.765000
101,62,15165.240683
101,70,15002.932765
102,42,16698.512309
102,43,16153.925712
102,44,16046.703046
102,45,15935.131945
102,46,15929.755725
102,48,15826.349034
102,49,15776.325635
102,50,15608.916585
102,51,15484.245926
102,53,15469.329618
102,54,15332.738572
102,55,15228.969087
102,61,15215.765000
102,62,15165.240683
102,70,15002.932765
103,42,16698.512309
103,43,16153.925712
103,44,16046.703046
103,45,15935.131945
103,46,15929.755725
103,48,15826.349034
103,49,15776.325635
103,50,15608.916585
103,51,15484.245926
103,53,15469.329618
103,54,15332.738572
103,55,15228.969087
103,61,15215.765000
103,62,15165.240683
103,70,15002.932765
104,42,16496.168600
104,43,16139.342274
104,44,16046.703046
104,45,15935.131945
104,46,15929.755725
104,47,15907.773575
104,48,15812.470597
104,49,15766.686415
104,50,15584.995632
104,51,15484.245926
104,53,15311.044458
104,55,15210.599163
104,60,15195.948392
104,61,15150.889798
104,70,14956.559604
105,42,16496.168600
105,43,16139.342274
105,44,16046.703046
105,45,15935.131945
105,46,15905.649158
105,48,15812.470597
105,49,15766.686415
105,50,15584.995632
105,51,15484.245926
105,53,15311.044458
105,55,15210.599163
105,60,15195.948392
105,61,15150.889798
105,70,14956.559604
106,42,16496.168600
106,43,16089.521463
106,44,16046.703046
106,45,15935.131945
106,46,15905.649158
106,48,15812.470597
106,49,15766.686415
106,50,15584.995632
106,51,15484.245926
106,53,15311.044458
106,55,15210.599163
106,60,15195.948392
106,61,15150.889798
106,70,14956.559604
107,42,16354.839524
107,43,16089.521463
107,44,16046.703046
107,45,15935.131945
107,46,15820.514035
107,48,15657.769856
107,50,15542.334703
107,51,15477.157229
107,53,15311.044458
107,55,15210.599163
107,60,15195.948392
107,61,15147.405008
107,65,15079.801848
107,70,14956.559604
108,42,16354.839524
108,43,16089.521463
108,44,16046.703046
108,45,15926.503978
108,46,15820.514035
108,48,15657.769856
108,50,15542.334703
108,51,15477.157229
108,53,15311.044458
108,55,15210.599163
108,60,15195.948392
108,61,15147.405008
108,65,15079.801848
108,70,14956.559604
109,41,16591.845120
109,42,16288.159886
109,43,16089.521463
109,44,16046.703046
109,45,15910.014591
109,46,15806.464029
109,48,15657.769856
109,50,15542.334703
109,51,15477.157229
109,53,15311.044458
109,55,15210.599163
109,60,15195.948392
109,61,15147.405008
109,65,15079.801848
109,70,14956.559604
110,40,17043.250911
110,41,16591.845120
110,42,16271.016264
110,43,16089.521463
110,44,16046.703046
110,45,15910.014591
110,46,15806.464029
110,48,15657.769856
110,50,15450.453936
110,53,15309.859321
110,55,15210.599163
110,60,15195.948392
110,61,15147.405008
110,65,15077.994718
110,70,14956.559604
111,40,17043.250911
111,41,16591.845120
111,42,16261.994581
111,43,16028.955045
111,45,15910.014591
111,46,15806.464029
111,48,15657.769856
111,50,15450.453936
111,53,15309.859321
111,55,15210.599163
111,60,15195.948392
111,61,15031.586487
111,70,14956.559604
111,71,14927.093660
112,40,17043.250911
112,41,16591.845120
112,42,16261.994581
112,43,16009.383180
112,45,15910.014591
112,46,15806.464029
112,48,15657.769856
112,49,15621.801649
112,50,15450.453936
112,53,15309.859321
112,55,15210.599163
112,60,15195.948392
112,61,15031.586487
112,62,15030.719662
112,70,14956.559604
112,71,14927.093660
113,40,17043.250911
113,41,16370.609481
113,42,16261.994581
113,43,16009.383180
113,45,15910.014591
113,46,15806.464029
113,47,15785.031590
113,48,15657.769856
113,49,15621.801649
113,50,15450.453936
113,53,15309.859321
113,54,15186.485688
113,60,15152.278254
113,61,14999.294365
113,70,14956.559604
113,71,14862.073406
114,40,17043.250911
114,41,16370.609481
114,42,16261.994581
114,43,16009.383180
114,45,15910.014591
114,46,15806.464029
114,47,15785.031590
114,48,15657.769856
114,49,15621.801649
114,50,15450.453936
114,53,15309.859321
114,54,15186.485688
114,60,15152.278254
114,61,14999.294365
114,69,14888.452876
114,71,14862.073406
115,40,17043.250911
115,41,16370.609481
115,42,16261.994581
115,43,15948.712687
115,44,15941.342958
115,45,15910.014591
115,46,15806.464029
115,47,15785.031590
115,48,15657.769856
115,49,15621.801649
115,50,15450.453936
115,53,15309.859321
115,54,15186.485688
115,60,15152.278254
115,61,14999.294365
115,68,14883.282295
115,71,14862.073406
116,40,17043.250911
116,41,16332.364003
116,42,16261.994581
116,43,15948.712687
116,44,15941.342958
116,45,15910.014591
116,46,15806.464029
116,47,15785.031590
116,48,15608.526450
116,50,15450.453936
116,53,15306.300128
116,54,15147.959665
116,61,14999.294365
116,68,14883.282295
116,71,14807.394284
117,40,17043.250911
117,41,16332.364003
117,42,16154.233864
117,43,15948.712687
117,44,15941.342958
117,45,15910.014591
117,46,15806.464029
117,47,15785.031590
117,48,15608.526450
117,50,15450.453936
117,53,15306.300128
117,54,15147.959665
117,57,15118.525506
117,61,14999.294365
117,68,14883.282295
117,71,14807.394284
118,40,17043.250911
118,41,16332.364003
118,42,16154.233864
118,43,15948.712687
118,44,15941.342958
118,45,15910.014591
118,46,15806.464029
118,47,15785.031590
118,48,15608.526450
118,49,15596.046072
118,50,15450.453936
118,53,15306.300128
118,54,15147.959665
118,57,15118.525506
118,61,14999.294365
118,65,14998.117527
118,68,14883.282295
118,71,14807.394284
119,40,16783.596804
119,41,16332.364003
119,42,16154.233864
119,43,15948.712687
119,44,15941.342958
119,45,15910.014591
119,46,15806.464029
119,47,15765.000693
119,48,15534.190475
119,50,15436.911794
119,53,15275.837841
119,54,15147.959665
119,57,15077.379600
119,61,14999.294365
119,65,14998.117527
119,68,14883.282295
119,71,14782.989854
120,40,16783.596804
120,41,16332.364003
120,42,16093.310610
120,43,15948.712687
120,44,15941.342958
120,45,15910.014591
120,46,15806.464029
120,47,15765.000693
120,48,15534.190475
120,50,15436.911794
120,52,15351.590063
120,53,15275.837841
120,54,15147.959665
120,57,15077.379600
120,61,14999.294365
120,65,14998.117527
120,68,14883.282295
120,71,14782.989854
121,40,16783.596804
121,41,16332.364003
121,42,16093.310610
121,43,15948.712687
121,44,15941.342958
121,45,15841.067332
121,46,15759.681753
121,48,15534.190475
121,50,15436.911794
121,52,15351.590063
121,53,15275.837841
121,54,15147.959665
121,57,15077.379600
121,61,14999.294365
121,65,14998.117527
121,68,14883.282295
121,71,14782.989854
122,40,16783.596804
122,41,16332.364003
122,42,16093.310610
122,43,15948.712687
122,44,15941.342958
122,45,15841.067332
122,46,15759.681753
122,48,15516.321091
122,50,15436.911794
122,52,15346.186779
122,53,15245.620443
122,54,15147.959665
122,57,15070.497522
122,61,14999.294365
122,65,14998.117527
122,68,14872.905134
122,71,14782.989854
123,40,16783.596804
123,41,16321.282797
123,42,16093.310610
123,43,15948.712687
123,44,15941.342958
123,45,15841.067332
123,46,15759.681753
123,48,15516.321091
123,49,15513.974915
123,50,15436.911794
123,52,15346.186779
123,53,15245.620443
123,54,15147.959665
123,57,15070.497522
123,61,14999.294365
123,65,14998.117527
123,68,14872.905134
123,71,14782.989854
124,40,16783.596804
124,41,16321.282797
124,42,16006.253961
124,43,15948.712687
124,44,15816.346851
124,46,15759.681753
124,47,15717.958750
124,48,15516.321091
124,49,15513.974915
124,50,15436.911794
124,51,15298.011403
124,53,15245.620443
124,54,15147.959665
124,57,15070.497522
124,61,14999.294365
124,65,14998.117527
124,68,14872.905134
124,71,14782.989854
125,40,16783.596804
125,41,16321.282797
125,42,16006.253961
125,43,15940.530464
125,44,15816.346851
125,46,15759.681753
125,47,15717.958750
125,48,15516.321091
125,49,15513.974915
125,50,15419.795472
125,51,15244.101805
125,53,15222.258091
125,54,15147.959665
125,57,15048.677530
125,61,14979.422764
125,65,14955.816326
125,68,14872.905134
125,71,14755.644577
126,40,16783.596804
126,41,16321.282797
126,42,15962.871736
126,43,15940.530464
126,44,15816.346851
126,45,15746.764810
126,47,15717.958750
126,48,15516.321091
126,49,15513.974915
126,50,15419.795472
126,51,15244.101805
126,53,15209.338027
126,54,15147.959665
126,57,15048.677530
126,61,14979.422764
126,65,14955.816326
126,68,14872.905134
126,71,14755.644577
127,40,16584.725857
127,41,16206.460640
127,42,15962.871736
127,43,15898.348958
127,44,15716.129763
127,45,15666.497303
127,48,15516.321091
127,49,15513.974915
127,50,15419.795472
127,51,15244.101805
127,53,15188.287248
127,54,15147.959665
127,57,15048.677530
127,61,14979.422764
127,65,14955.816326
127,68,14872.905134
127,71,14755.644577
128,40,16584.725857
128,41,16206.460640
128,42,15962.871736
128,43,15898.348958
128,44,15716.129763
128,45,15644.263487
128,48,15516.321091
128,49,15513.974915
128,50,15394.430447
128,51,15244.101805
128,52,15205.239982
128,53,15166.576893
128,54,15122.264273
128,57,15045.156700
128,61,14979.422764
128,65,14955.816326
128,68,14872.905134
128,71,14745.316814
129,40,16584.725857
129,41,16206.460640
129,42,15962.871736
129,43,15898.348958
129,44,15716.129763
129,45,15644.263487
129,48,15516.321091
129,49,15513.974915
129,50,15394.430447
129,51,15244.101805
129,52,15198.937118
129,53,15166.576893
129,54,15122.264273
129,57,15045.156700
129,61,14979.422764
129,65,14955.816326
129,68,14872.905134
129,70,14846.724052
129,71,14745.316814
130,40,16584.725857
130,41,16206.460640
130,42,15962.871736
130,43,15898.348958
130,44,15716.129763
130,45,15644.263487
130,47,15582.909334
130,48,15516.321091
130,49,15513.974915
130,50,15394.430447
130,51,15244.101805
130,52,15198.937118
130,53,15166.576893
130,54,15107.350764
130,57,15045.156700
130,61,14979.422764
130,64,14908.616496
130,68,14872.905134
130,70,14836.221235
130,71,14745.316814
131,40,16584.725857
131,41,16206.460640
131,42,15939.109547
131,43,15898.348958
131,44,15716.129763
131,45,15596.260452
131,47,15582.909334
131,48,15516.321091
131,49,15513.974915
131,50,15394.430447
131,51,15244.101805
131,52,15198.937118
131,53,15111.729713
131,54,15097.642853
131,57,15045.156700
131,58,15025.862238
131,61,14979.422764
131,64,14888.103659
131,68,14872.905134
131,69,14768.315026
131,71,14738.464098
132,40,16584.725857
132,41,16206.460640
132,42,15849.703583
132,43,15753.430048
132,44,15659.403514
132,45,15596.260452
132,47,15582.909334
132,48,15516.321091
132,49,15513.974915
132,50,15394.430447
132,51,15244.101805
132,52,15198.937118
132,53,15111.729713
132,54,15097.642853
132,57,15045.156700
132,58,15025.862238
132,61,14979.422764
132,64,14888.103659
132,68,14872.905134
132,69,14768.315026
132,71,14738.464098
133,40,16584.725857
133,41,16206.460640
133,42,15849.703583
133,43,15753.430048
133,44,15659.403514
133,45,15596.260452
133,47,15582.909334
133,48,15516.321091
133,49,15513.974915
133,50,15394.430447
133,51,15244.101805
133,52,15198.937118
133,53,15111.729713
133,54,15097.642853
133,57,15045.156700
133,58,15025.862238
133,61,14979.422764
133,64,14888.103659
133,68,14872.905134
133,69,14768.315026
133,71,14738.464098
134,40,16584.725857
134,41,16206.460640
134,42,15849.703583
134,43,15753.430048
134,44,15659.403514
134,45,15596.260452
134,47,15582.909334
134,48,15516.321091
134,49,15513.974915
134,50,15394.430447
134,51,15244.101805
134,52,15198.937118
134,53,15071.964212
134,57,15045.156700
134,58,15025.104074
134,61,14979.422764
134,64,14847.772489
134,68,14748.577290
134,70,14717.855842
135,40,16584.725857
135,41,16206.460640
135,42,15849.703583
135,43,15753.430048
135,44,15659.403514
135,45,15596.260452
135,47,15582.909334
135,48,15516.321091
135,49,15513.974915
135,50,15394.430447
135,51,15244.101805
135,52,15198.937118
135,53,15071.964212
135,57,15045.156700
135,58,15025.104074
135,61,14979.422764
135,63,14972.046684
135,64,14847.772489
135,68,14748.577290
135,70,14717.855842
136,40,16584.725857
136,41,16206.460640
136,42,15849.703583
136,43,15753.430048
136,44,15659.403514
136,45,15596.260452
136,47,15548.536350
136,48,15443.029945
136,50,15394.430447
136,51,15244.101805
136,52,15198.937118
136,53,15071.964212
136,57,15045.156700
136,58,15025.104074
136,61,14979.422764
136,63,14972.046684
136,64,14847.772489
136,68,14748.577290
136,70,14717.855842
137,40,16584.725857
137,41,16206.460640
137,42,15849.703583
137,43,15753.430048
137,44,15659.403514
137,45,15596.260452
137,47,15548.536350
137,48,15443.029945
137,50,15394.430447
137,51,15244.101805
137,52,15198.396126
137,53,15063.055613
137,57,15031.927791
137,58,14990.135241
137,60,14958.525407
137,63,14943.904806
137,64,14785.012621
137,68,14748.577290
137,70,14716.736005
138,40,16584.725857
138,41,16206.460640
138,42,15787.342646
138,43,15753.430048
138,44,15659.403514
138,45,15596.260452
138,47,15548.536350
138,48,15443.029945
138,50,15394.430447
138,51,15244.101805
138,52,15185.605515
138,53,15063.055613
138,57,14959.765801
138,60,14958.525407
138,63,14943.904806
138,64,14785.012621
138,68,14748.577290
138,70,14716.736005
139,40,16584.725857
139,41,16127.888999
139,42,15787.342646
139,43,15753.430048
139,44,15659.403514
139,45,15596.260452
139,47,15548.536350
139,48,15443.029945
139,50,15394.430447
139,51,15244.101805
139,52,15185.605515
139,53,15063.055613
139,57,14959.765801
139,60,14958.525407
139,63,14943.904806
139,64,14785.012621
139,68,14748.577290
139,70,14716.736005
140,40,16046.485433
140,41,15806.050740
140,42,15787.342646
140,43,15753.430048
140,44,15659.403514
140,45,15596.260452
140,47,15548.536350
140,48,15443.029945
140,50,15386.138228
140,51,15244.101805
140,52,15185.605515
140,53,14971.708458
140,57,14942.711176
140,63,14909.338196
140,64,14761.810942
140,68,14748.577290
140,70,14696.801091
141,40,16046.485433
141,41,15806.050740
141,42,15787.342646
141,43,15753.430048
141,44,15570.856464
141,45,15563.005062
141,46,15550.866133
141,47,15548.536350
141,48,15443.029945
141,50,15386.138228
141,51,15244.101805
141,52,15185.605515
141,53,14971.708458
141,57,14942.711176
141,63,14909.338196
141,64,14761.810942
141,68,14748.577290
141,70,14696.801091
142,40,16046.485433
142,41,15787.173454
142,43,15753.430048
142,44,15570.856464
142,45,15563.005062
142,46,15550.866133
142,47,15548.536350
142,48,15443.029945
142,50,15386.138228
142,51,15244.101805
142,52,15185.605515
142,53,14971.708458
142,57,14942.711176
142,63,14909.338196
142,64,14761.810942
142,68,14748.577290
142,70,14696.801091
143,40,16046.485433
143,41,15787.173454
143,43,15753.430048
143,44,15570.856464
143,45,15563.005062
143,46,15550.866133
143,47,15548.536350
143,48,15411.868849
143,50,15386.138228
143,51,15244.101805
143,52,15153.568663
143,53,14966.741094
143,56,14935.223275
143,63,14891.593803
143,64,14760.106956
143,68,14731.159821
143,70,14670.320910
144,39,16669.149767
144,40,15998.525986
144,41,15786.415989
144,43,15753.430048
144,44,15570.856464
144,45,15563.005062
144,46,15550.866133
144,47,15548.536350
144,48,15411.868849
144,50,15386.138228
144,51,15244.101805
144,52,15153.568663
144,53,14966.741094
144,56,14935.223275
144,63,14891.593803
144,64,14760.106956
144,68,14731.159821
144,70,14670.320910
145,39,16669.149767
145,40,15998.525986
145,41,15786.415989
145,43,15753.430048
145,44,15570.856464
145,45,15563.005062
145,46,15416.661009
145,48,15411.868849
145,50,15386.138228
145,51,15244.101805
145,52,15153.568663
145,53,14966.741094
145,56,14935.223275
145,63,14891.593803
145,64,14760.106956
145,68,14731.159821
145,70,14670.320910
146,39,16491.583770
146,40,15998.525986
146,41,15786.415989
146,43,15753.430048
146,44,15570.856464
146,45,15563.005062
146,46,15416.661009
146,48,15361.068575
146,51,15204.345093
146,52,14955.231380
146,56,14919.896382
146,63,14888.773425
146,64,14760.106956
146,68,14731.159821
146,70,14670.320910
147,39,16491.583770
147,40,15998.525986
147,41,15786.415989
147,43,15753.430048
147,44,15570.856464
147,45,15563.005062
147,46,15346.629297
147,51,15204.345093
147,52,14955.231380
147,56,14919.896382
147,63,14888.773425
147,64,14760.106956
147,68,14731.159821
147,70,14670.320910
148,39,16421.204551
148,40,15870.883277
148,41,15786.415989
148,43,15753.430048
148,44,15570.856464
148,45,15563.005062
148,46,15346.629297
148,51,15204.345093
148,52,14955.231380
148,56,14919.896382
148,63,14888.773425
148,64,14760.106956
148,68,14689.946768
148,70,14670.320910
149,39,16421.204551
149,40,15870.883277
149,41,15786.415989
149,43,15753.430048
149,44,15570.856464
149,45,15522.571689
149,46,15327.387230
149,50,15281.820721
149,51,15194.049969
149,52,14907.413162
149,63,14888.773425
149,64,14756.069849
149,68,14689.946768
149,70,14666.985821
150,39,16362.486602
150,40,15855.870426
150,41,15786.415989
150,43,15753.430048
150,44,15570.856464
150,45,15522.571689
150,46,15327.387230
150,50,15281.820721
150,51,15194.049969
150,52,14907.413162
150,62,14866.403098
150,64,14756.069849
150,68,14689.946768
150,70,14666.985821
151,39,16362.486602
151,40,15855.870426
151,41,15786.415989
151,43,15753.430048
151,44,15568.998670
151,45,15522.571689
151,46,15327.387230
151,50,15281.820721
151,51,15194.049969
151,52,14907.413162
151,62,14866.403098
151,64,14756.069849
151,68,14689.946768
151,70,14666.985821
152,39,16362.486602
152,40,15855.870426
152,41,15670.950154
152,44,15568.998670
152,45,15273.657978
152,50,15263.544011
152,51,15186.582783
152,52,14907.413162
152,62,14843.406170
152,64,14723.490248
152,67,14682.217127
152,70,14665.866906
153,39,16362.486602
153,40,15851.455443
153,41,15643.503167
153,44,15568.998670
153,45,15273.657978
153,49,15130.718284
153,51,15115.190878
153,52,14907.413162
153,62,14843.406170
153,64,14723.490248
153,67,14682.217127
153,70,14665.866906
154,39,16362.486602
154,40,15851.455443
154,41,15643.503167
154,43,15632.315415
154,44,15568.998670
154,45,15273.657978
154,49,15130.718284
154,51,15115.190878
154,52,14907.413162
154,62,14843.406170
154,64,14723.490248
154,67,14682.217127
154,70,14665.866906
155,39,16362.486602
155,40,15851.455443
155,41,15643.503167
155,42,15549.291172
155,45,15227.919890
155,49,15076.247890
155,52,14907.413162
155,62,14843.406170
155,64,14723.490248
155,67,14671.457197
155,70,14657.010170
156,39,16286.938712
156,40,15851.455443
156,41,15643.503167
156,42,15515.539791
156,45,15227.919890
156,49,15076.247890
156,52,14907.413162
156,62,14843.406170
156,64,14723.490248
156,66,14720.275510
156,67,14671.457197
156,70,14657.010170
157,39,16286.938712
157,40,15851.455443
157,41,15643.503167
157,42,15515.539791
157,45,15227.919890
157,49,15076.247890
157,52,14907.413162
157,60,14890.531273
157,62,14843.406170
157,64,14723.490248
157,66,14720.275510
157,67,14671.457197
157,70,14657.010170
158,38,16153.238062
158,40,15851.455443
158,41,15643.503167
158,42,15515.539791
158,45,15227.919890
158,49,15076.247890
158,52,14882.020350
158,60,14863.583503
158,61,14826.382260
158,64,14723.490248
158,66,14694.307745
158,67,14671.457197
158,69,14618.945579
159,38,16153.238062
159,39,15864.461781
159,40,15851.455443
159,41,15643.503167
159,42,15515.539791
159,45,15227.919890
159,49,15076.247890
159,52,14882.020350
159,60,14863.583503
159,61,14826.382260
159,64,14723.490248
159,66,14694.307745
159,67,14671.457197
159,69,14618.945579
160,38,16153.238062
160,39,15864.461781
160,40,15851.455443
160,41,15643.503167
160,42,15515.539791
160,45,15227.919890
160,49,15076.247890
160,52,14882.020350
160,60,14863.583503
160,61,14826.382260
160,64,14723.490248
160,66,14694.307745
160,67,14671.457197
160,69,14618.945579
161,38,16121.879724
161,39,15864.461781
161,40,15851.455443
161,41,15626.797394
161,42,15467.868487
161,45,15227.919890
161,49,15076.247890
161,52,14878.452901
161,58,14848.681071
161,61,14817.475973
161,64,14723.490248
161,66,14655.931977
161,69,14618.945579
162,37,16591.395073
162,38,16121.879724
162,39,15864.461781
162,40,15851.455443
162,41,15626.797394
162,42,15467.868487
162,45,15227.919890
162,49,15076.247890
162,52,14878.452901
162,58,14848.681071
162,61,14817.475973
162,64,14723.490248
162,66,14655.931977
162,69,14618.945579
163,37,16591.395073
163,38,16121.879724
163,39,15864.461781
163,40,15851.455443
163,41,15626.797394
163,42,15467.868487
163,45,15227.919890
163,49,15076.247890
163,52,14878.452901
163,58,14848.681071
163,61,14817.475973
163,64,14723.490248
163,66,14655.931977
163,67,14622.825929
163,68,14618.210118
164,37,16591.395073
164,38,16121.879724
164,39,15814.126529
164,41,15626.797394
164,42,15467.868487
164,45,15205.100882
164,49,14996.650705
164,52,14876.078733
164,57,14842.277650
164,61,14817.475973
164,64,14723.490248
164,66,14601.669051
165,37,16591.395073
165,38,16121.879724
165,39,15814.126529
165,41,15626.797394
165,42,15467.868487
165,45,15205.100882
165,49,14996.650705
165,52,14876.078733
165,54,14663.924475
165,66,14601.669051
166,37,16114.305586
166,38,16033.717706
166,39,15814.126529
166,41,15626.266279
166,42,15467.868487
166,43,15462.706365
166,45,15205.100882
166,49,14996.650705
166,52,14876.078733
166,54,14663.924475
166,66,14601.669051
167,37,16114.305586
167,38,16011.492895
167,39,15814.126529
167,41,15613.984722
167,42,15442.953686
167,45,15205.100882
167,49,14996.650705
167,52,14876.078733
167,54,14663.924475
167,66,14601.669051
168,37,16114.305586
168,38,16011.492895
168,39,15814.126529
168,41,15613.984722
168,42,15442.953686
168,45,15205.100882
168,49,14996.650705
168,52,14876.078733
168,54,14663.924475
168,66,14601.669051
169,37,16102.840739
169,38,16011.492895
169,39,15814.126529
169,41,15613.984722
169,42,15442.953686
169,45,15205.100882
169,49,14996.650705
169,52,14876.078733
169,54,14663.924475
169,66,14601.669051
170,37,16102.840739
170,38,16011.492895
170,39,15749.481597
170,41,15579.256182
170,42,15309.910277
170,45,15203.737444
170,49,14996.650705
170,52,14822.404381
170,53,14658.189825
170,66,14601.669051
171,37,16102.840739
171,38,16011.492895
171,39,15749.481597
171,41,15579.256182
171,42,15309.910277
171,44,15236.911786
171,45,15203.737444
171,48,15007.579130
171,49,14996.650705
171,52,14822.404381
171,53,14658.189825
171,60,14570.770913
172,37,16102.840739
172,38,16011.492895
172,39,15749.481597
172,41,15579.256182
172,42,15309.910277
172,44,15236.911786
172,45,15203.737444
172,48,15007.579130
172,49,14996.650705
172,52,14822.404381
172,53,14658.189825
172,60,14570.770913
173,37,16102.840739
173,38,16011.492895
173,39,15732.168753
173,41,15546.785214
173,42,15247.371717
173,44,15236.911786
173,45,15203.737444
173,48,15007.579130
173,49,14961.760780
173,50,14767.819763
173,53,14658.189825
173,60,14570.770913
174,37,16102.840739
174,38,16011.492895
174,39,15732.168753
174,41,15546.785214
174,42,15247.371717
174,44,15236.911786
174,45,15203.737444
174,48,15007.579130
174,49,14961.760780
174,50,14767.819763
174,53,14658.189825
174,60,14570.770913
175,37,16102.840739
175,38,16011.492895
175,39,15732.168753
175,41,15546.785214
175,42,15247.371717
175,44,15236.911786
175,45,15203.737444
175,48,15007.579130
175,49,14961.760780
175,50,14767.819763
175,51,14676.279245
175,53,14658.189825
175,60,14570.770913
176,37,16102.840739
176,38,16011.492895
176,39,15732.168753
176,41,15497.132262
176,42,15247.371717
176,44,15236.911786
176,45,15203.737444
176,48,14957.703507
176,49,14926.251432
176,50,14757.417802
176,51,14676.279245
176,53,14658.189825
176,60,14551.619056
177,37,16102.840739
177,38,15993.186999
177,39,15732.168753
177,41,15497.132262
177,42,15247.371717
177,44,15236.911786
177,45,15203.737444
177,47,15180.261552
177,48,14957.703507
177,49,14926.251432
177,50,14757.417802
177,51,14676.279245
177,53,14658.189825
177,60,14551.619056
178,37,16102.840739
178,38,15993.186999
178,39,15732.168753
178,40,15601.771955
178,41,15497.132262
178,42,15247.371717
178,44,15236.911786
178,45,15203.737444
178,47,15180.261552
178,48,14957.703507
178,49,14926.251432
178,50,14757.417802
178,51,14676.279245
178,53,14658.189825
178,60,14551.619056
179,37,16102.840739
179,38,15789.427035
179,39,15547.570306
179,41,15497.132262
179,42,15247.371717
179,44,15221.068797
179,45,15203.737444
179,47,15180.261552
179,48,14957.703507
179,49,14915.479868
179,50,14757.417802
179,51,14676.279245
179,53,14655.757264
179,60,14551.619056
180,37,16102.840739
180,38,15789.427035
180,39,15547.570306
180,41,15497.132262
180,42,15247.371717
180,44,15221.068797
180,45,15203.737444
180,46,15169.565790
180,48,14957.703507
180,49,14915.479868
180,50,14757.417802
180,51,14676.279245
180,53,14655.757264
180,59,14591.521146
180,60,14551.619056
181,37,16102.840739
181,38,15789.427035
181,39,15547.570306
181,41,15484.331405
181,42,15247.371717
181,44,15197.566268
181,46,15169.565790
181,48,14957.703507
181,49,14915.479868
181,50,14757.417802
181,51,14676.279245
181,53,14655.757264
181,59,14591.521146
181,60,14551.619056
181,61,14529.154628
182,37,16102.840739
182,38,15758.260945
182,39,15547.570306
182,41,15484.331405
182,42,15247.371717
182,44,15143.904749
182,48,14957.703507
182,49,14915.479868
182,50,14753.742646
182,51,14660.024907
182,53,14655.757264
182,59,14575.460867
182,60,14544.343834
182,61,14529.154628
183,37,16102.840739
183,38,15758.260945
183,39,15547.570306
183,41,15484.331405
183,42,15247.371717
183,44,15143.904749
183,48,14957.703507
183,49,14915.479868
183,50,14753.742646
183,51,14660.024907
183,53,14655.757264
183,57,14608.716401
183,59,14575.460867
183,60,14544.343834
183,61,14529.154628
184,37,16102.840739
184,38,15758.260945
184,39,15547.570306
184,41,15484.331405
184,42,15247.371717
184,44,15143.904749
184,48,14957.703507
184,49,14915.479868
184,50,14753.742646
184,51,14660.024907
184,53,14655.757264
184,57,14608.716401
184,59,14575.460867
184,60,14544.343834
184,61,14529.154628
185,37,16102.840739
185,38,15758.260945
185,39,15547.570306
185,41,15484.331405
185,42,15247.371717
185,44,15136.318879
185,48,14912.659846
185,49,14900.404762
185,50,14753.742646
185,51,14660.024907
185,52,14620.407404
185,57,14537.115573
185,60,14519.458271
185,61,14516.707734
186,37,16102.840739
186,38,15758.260945
186,39,15547.570306
186,41,15484.331405
186,42,15247.371717
186,44,15136.318879
186,48,14912.659846
186,49,14900.404762
186,50,14753.742646
186,51,14660.024907
186,52,14620.407404
186,57,14537.115573
186,60,14519.458271
186,61,14516.707734
187,37,16102.840739
187,38,15392.910368
187,39,15315.856640
187,42,15247.371717
187,43,15166.910835
187,44,15136.318879
187,47,14879.178967
187,50,14753.742646
187,51,14660.024907
187,52,14620.407404
187,57,14537.115573
187,60,14519.458271
187,61,14514.842460
188,37,16102.840739
188,38,15392.910368
188,39,15315.856640
188,42,15203.027224
188,43,15166.910835
188,44,15136.318879
188,46,14851.893778
188,50,14748.227942
188,51,14651.085125
188,52,14614.357406
188,57,14537.115573
188,59,14494.961173
189,37,16102.840739
189,38,15392.910368
189,39,15290.586037
189,42,15203.027224
189,43,15166.910835
189,44,15136.318879
189,46,14851.893778
189,50,14748.227942
189,51,14651.085125
189,52,14614.357406
189,57,14537.115573
189,59,14494.961173
190,37,16102.840739
190,38,15392.910368
190,39,15290.586037
190,42,15203.027224
190,43,15166.910835
190,44,15136.318879
190,46,14851.893778
190,50,14748.227942
190,51,14651.085125
190,52,14614.357406
190,55,14602.338944
190,57,14537.115573
190,59,14494.961173
191,37,16102.840739
191,38,15392.910368
191,39,15290.586037
191,42,15203.027224
191,43,15132.145471
191,46,14850.313516
191,50,14748.227942
191,51,14651.085125
191,52,14593.707997
191,55,14588.720392
191,57,14531.898285
191,59,14494.961173
192,37,15703.221138
192,38,15392.910368
192,39,15290.586037
192,42,15203.027224
192,43,15132.145471
192,46,14850.313516
192,50,14748.227942
192,51,14651.085125
192,52,14593.707997
192,55,14588.720392
192,57,14531.898285
192,59,14494.961173
193,37,15703.221138
193,38,15392.910368
193,39,15290.586037
193,42,15203.027224
193,43,15132.145471
193,46,14850.313516
193,50,14748.227942
193,51,14651.085125
193,52,14593.707997
193,55,14588.720392
193,57,14531.898285
193,59,14494.961173
193,61,14490.783696
194,37,15647.401864
194,38,15357.808901
194,39,15290.586037
194,42,15203.027224
194,43,15123.726397
194,46,14850.313516
194,50,14686.687640
194,51,14646.715119
194,52,14528.110050
194,57,14516.171443
194,59,14494.961173
194,61,14464.289335
195,37,15647.401864
195,38,15357.808901
195,39,15246.860886
195,42,15203.027224
195,43,15123.726397
195,46,14850.313516
195,48,14839.145496
195,50,14686.687640
195,51,14646.715119
195,52,14528.110050
195,57,14516.171443
195,59,14494.961173
195,61,14464.289335
196,37,15647.401864
196,38,15357.808901
196,39,15164.501463
196,43,15123.726397
196,44,15057.560914
196,46,14850.313516
196,48,14839.145496
196,50,14686.687640
196,51,14646.715119
196,52,14528.110050
196,57,14516.171443
196,59,14494.961173
196,61,14464.289335
197,37,15647.401864
197,38,15357.808901
197,39,15164.501463
197,43,15096.344620
197,44,15057.560914
197,46,14850.313516
197,48,14839.145496
197,50,14671.793916
197,51,14646.715119
197,52,14475.855991
197,61,14464.289335
198,37,15647.401864
198,38,15357.808901
198,39,15164.501463
198,43,15096.344620
198,44,15057.560914
198,46,14850.313516
198,48,14839.145496
198,50,14671.793916
198,51,14646.715119
198,52,14475.855991
198,61,14464.289335
199,37,15647.401864
199,38,15357.808901
199,39,15164.501463
199,43,15012.446563
199,46,14850.313516
199,48,14839.145496
199,50,14671.793916
199,51,14646.715119
199,52,14475.855991
199,61,14464.289335
200,37,15647.401864
200,38,15357.808901
200,39,15154.047840
200,41,15091.332371
200,43,15011.221191
200,46,14817.762743
200,50,14671.793916
200,51,14646.715119
200,52,14474.715700
200,61,14464.289335
201,37,15647.401864
201,38,15357.808901
201,39,15154.047840
201,41,15091.332371
201,42,15016.128504
201,43,15011.221191
201,46,14817.762743
201,50,14671.793916
201,51,14646.715119
201,52,14474.715700
201,60,14468.703879
201,61,14464.289335
202,37,15647.401864
202,38,15357.808901
202,39,15154.047840
202,41,15091.332371
202,42,15016.128504
202,43,15011.221191
202,45,14967.674661
202,46,14817.762743
202,50,14671.793916
202,51,14646.715119
202,52,14474.715700
202,60,14468.703879
202,61,14464.289335
203,37,15647.401864
203,38,15357.808901
203,39,15154.047840
203,41,15088.349652
203,42,15016.128504
203,43,15011.221191
203,44,14953.905779
203,46,14817.762743
203,50,14671.793916
203,51,14646.715119
203,52,14454.035400
204,37,15647.401864
204,38,15357.808901
204,39,15154.047840
204,41,15088.349652
204,42,15016.128504
204,43,15011.221191
204,44,14953.905779
204,46,14817.762743
204,50,14671.793916
204,51,14646.715119
204,52,14454.035400
205,37,15647.401864
205,38,15357.808901
205,39,15154.047840
205,40,15100.590557
205,41,15088.349652
205,42,15016.128504
205,43,15011.221191
205,44,14953.905779
205,46,14817.762743
205,50,14671.793916
205,51,14646.715119
205,52,14454.035400
206,37,15647.401864
206,38,15357.808901
206,39,15131.556376
206,40,15088.721548
206,41,15074.775591
206,42,14999.424258
206,43,14949.403873
206,46,14817.762743
206,50,14671.793916
206,51,14646.715119
206,52,14454.035400
207,37,15494.372606
207,38,15285.154620
207,39,15131.556376
207,40,15088.721548
207,41,15074.775591
207,42,14999.424258
207,43,14949.403873
207,46,14817.762743
207,50,14671.793916
207,51,14646.715119
207,52,14454.035400
208,37,15494.372606
208,38,15280.028689
208,39,15131.556376
208,40,15088.721548
208,41,15074.775591
208,42,14999.424258
208,43,14949.403873
208,46,14817.762743
208,50,14671.793916
208,51,14627.945231
208,52,14454.035400
208,59,14445.738976
209,37,15494.372606
209,38,15280.028689
209,39,15131.556376
209,40,15084.436729
209,41,15074.775591
209,42,14983.946389
209,43,14945.903126
209,46,14812.618348
209,50,14671.793916
209,51,14620.424356
209,52,14454.035400
209,55,14442.209517
210,37,15494.372606
210,38,15280.028689
210,39,15131.556376
210,40,15084.436729
210,41,15074.775591
210,42,14983.946389
210,43,14945.903126
210,46,14812.618348
210,50,14671.793916
210,51,14620.424356
210,52,14454.035400
210,55,14442.209517
211,37,15494.372606
211,38,15210.595888
211,39,15131.556376
211,40,15084.436729
211,41,15074.775591
211,42,14983.946389
211,43,14945.903126
211,46,14812.618348
211,50,14671.793916
211,51,14620.424356
211,52,14454.035400
211,55,14442.209517
212,36,16254.765790
212,37,15494.372606
212,38,15210.595888
212,39,15131.556376
212,40,15084.436729
212,41,15074.775591
212,42,14954.871948
212,43,14939.873426
212,46,14796.671946
212,50,14671.793916
212,51,14600.263703
212,52,14451.562936
212,55,14442.209517
213,36,16254.765790
213,37,15494.372606
213,38,15210.595888
213,39,15052.297694
213,42,14954.871948
213,43,14914.578528
213,46,14796.671946
213,50,14671.793916
213,51,14600.263703
213,52,14451.562936
213,55,14442.209517
213,59,14430.782626
214,36,16254.765790
214,37,15494.372606
214,38,15210.595888
214,39,15052.297694
214,42,14954.871948
214,43,14908.125499
214,46,14796.671946
214,50,14671.793916
214,51,14600.263703
214,52,14451.562936
214,55,14409.147524
215,36,16254.765790
215,37,15494.372606
215,38,15210.595888
215,39,15052.297694
215,42,14951.463746
215,43,14904.609882
215,46,14784.775495
215,47,14691.732700
215,50,14650.625278
215,51,14600.263703
215,52,14451.562936
215,55,14408.859884
216,36,16254.765790
216,37,15494.372606
216,38,15210.595888
216,39,15052.297694
216,42,14951.463746
216,43,14904.609882
216,46,14784.775495
216,47,14691.732700
216,50,14650.625278
216,51,14600.263703
216,52,14451.562936
216,54,14400.582515
217,36,16254.765790
217,37,15494.372606
217,38,15210.595888
217,39,15052.297694
217,42,14951.463746
217,43,14904.609882
217,45,14891.424150
217,46,14784.775495
217,47,14691.732700
217,50,14650.625278
217,51,14579.560735
217,52,14451.562936
217,54,14400.582515
218,36,16253.804755
218,37,15494.372606
218,38,15208.758067
218,39,14979.838513
218,42,14951.463746
218,43,14904.609882
218,45,14868.892655
218,46,14784.775495
218,47,14691.152928
218,50,14626.971521
218,51,14551.017100
218,52,14439.197676
218,54,14400.582515
219,36,15797.366054
219,37,15494.372606
219,38,15208.758067
219,39,14979.838513
219,42,14951.463746
219,43,14881.494497
219,45,14858.241240
219,46,14784.775495
219,47,14691.152928
219,50,14626.971521
219,51,14551.017100
219,52,14439.197676
219,54,14400.582515
220,36,15797.366054
220,37,15494.372606
220,38,15208.758067
220,39,14968.195230
220,40,14946.375803
220,43,14863.008767
220,45,14858.241240
220,46,14784.775495
220,47,14691.152928
220,50,14626.971521
220,51,14551.017100
220,52,14439.197676
220,54,14400.582515
221,36,15797.366054
221,37,15353.655859
221,38,15208.758067
221,39,14939.590565
221,43,14863.008767
221,45,14831.808458
221,46,14761.806369
221,47,14691.152928
221,50,14626.971521
221,51,14551.017100
221,52,14439.197676
221,54,14397.537993
222,36,15797.366054
222,37,15353.655859
222,38,15208.758067
222,39,14939.590565
222,43,14863.008767
222,45,14831.808458
222,46,14761.806369
222,47,14691.152928
222,49,14612.853189
222,51,14551.017100
222,52,14439.197676
222,54,14397.537993
223,36,15797.366054
223,37,15142.298408
223,39,14939.590565
223,43,14863.008767
223,45,14831.808458
223,46,14761.806369
223,47,14691.152928
223,49,14612.853189
223,51,14551.017100
223,52,14439.197676
223,54,14397.537993
224,36,15797.366054
224,37,15140.855521
224,38,15070.151336
224,39,14939.590565
224,41,14919.634694
224,42,14899.207761
224,43,14859.652576
224,45,14801.120969
224,46,14761.806369
224,47,14691.152928
224,49,14575.323033
224,51,14528.297019
224,52,14439.197676
224,54,14397.437794
225,36,15797.366054
225,37,15140.855521
225,38,15070.151336
225,39,14939.590565
225,40,14883.971975
225,42,14861.243178
225,43,14850.779693
225,45,14801.120969
225,46,14761.806369
225,47,14691.152928
225,49,14575.323033
225,51,14528.297019
225,52,14439.197676
225,54,14390.931233
226,36,15797.366054
226,37,15140.855521
226,38,15070.151336
226,39,14922.789937
226,40,14882.482118
226,42,14861.243178
226,43,14850.779693
226,45,14801.120969
226,46,14761.806369
226,47,14691.152928
226,49,14575.323033
226,51,14528.297019
226,52,14439.197676
226,54,14390.931233
226,58,14361.573270
227,36,15797.366054
227,37,15125.816061
227,38,15070.151336
227,39,14922.789937
227,40,14882.482118
227,42,14861.243178
227,43,14797.766139
227,46,14761.806369
227,47,14687.138660
227,49,14571.323773
227,50,14456.662370
227,52,14439.197676
227,54,14390.931233
227,58,14361.573270
228,36,15797.366054
228,37,15125.816061
228,38,15070.151336
228,39,14922.789937
228,40,14882.482118
228,42,14861.243178
228,43,14797.766139
228,46,14761.806369
228,47,14687.138660
228,49,14571.323773
228,50,14456.662370
228,52,14439.197676
228,54,14390.931233
228,57,14387.954374
228,58,14361.573270
229,36,15797.366054
229,37,15125.816061
229,38,15048.619023
229,39,14922.789937
229,40,14882.482118
229,42,14861.243178
229,43,14797.766139
229,46,14761.806369
229,47,14687.138660
229,49,14571.323773
229,50,14456.662370
229,52,14439.197676
229,54,14390.931233
229,56,14381.733544
229,58,14361.573270
230,36,15797.366054
230,37,15125.816061
230,38,15048.619023
230,39,14922.789937
230,40,14882.482118
230,42,14861.243178
230,43,14797.766139
230,46,14761.806369
230,47,14687.138660
230,49,14571.323773
230,50,14447.333780
230,52,14399.184221
230,54,14364.394780
230,58,14361.573270
231,36,15797.366054
231,37,15125.816061
231,38,15048.619023
231,39,14922.789937
231,40,14882.482118
231,42,14861.243178
231,43,14797.766139
231,46,14761.806369
231,47,14687.138660
231,49,14571.323773
231,50,14447.333780
231,51,14413.382112
231,52,14399.184221
231,54,14311.846444
232,36,15797.366054
232,37,15125.816061
232,38,15048.619023
232,39,14922.789937
232,40,14882.482118
232,41,14868.896006
232,42,14861.243178
232,43,14797.766139
232,46,14761.806369
232,47,14687.138660
232,49,14571.323773
232,50,14447.333780
232,51,14413.382112
232,52,14399.184221
232,54,14311.846444
233,36,15797.366054
233,37,15125.816061
233,38,15048.619023
233,39,14922.789937
233,40,14882.482118
233,41,14857.233314
233,43,14797.766139
233,46,14761.806369
233,47,14684.103572
233,49,14562.648478
233,50,14447.333780
233,51,14413.382112
233,52,14399.184221
233,54,14311.846444
234,36,15779.871103
234,37,15125.816061
234,38,15048.619023
234,39,14922.789937
234,40,14882.482118
234,41,14857.233314
234,43,14797.766139
234,46,14761.806369
234,47,14684.103572
234,49,14562.648478
234,50,14447.333780
234,51,14413.382112
234,52,14399.184221
234,54,14311.846444
235,36,15779.871103
235,37,15125.816061
235,38,15048.619023
235,39,14922.789937
235,40,14882.482118
235,41,14857.233314
235,43,14797.766139
235,46,14761.806369
235,47,14684.103572
235,49,14562.648478
235,50,14447.333780
235,51,14413.382112
235,52,14399.184221
235,54,14311.846444
236,36,15779.871103
236,37,15125.816061
236,38,15048.619023
236,39,14922.789937
236,40,14831.752700
236,43,14786.512772
236,46,14745.662755
236,47,14676.513056
236,49,14562.648478
236,50,14442.587042
236,51,14410.909649
236,52,14397.979041
236,54,14311.846444
237,36,15779.871103
237,37,15098.700509
237,38,15048.619023
237,39,14922.789937
237,40,14812.181222
237,43,14786.512772
237,46,14745.662755
237,47,14676.513056
237,49,14562.648478
237,50,14442.587042
237,51,14410.909649
237,52,14397.979041
237,54,14311.846444
238,36,15779.871103
238,37,15098.700509
238,38,15048.619023
238,39,14922.789937
238,40,14812.181222
238,42,14807.752552
238,43,14786.512772
238,46,14745.662755
238,47,14676.513056
238,49,14562.648478
238,50,14442.587042
238,51,14410.909649
238,52,14397.979041
238,53,14304.735659
239,35,17085.250318
239,36,15779.871103
239,37,15098.700509
239,38,15048.619023
239,39,14922.789937
239,40,14793.881452
239,41,14740.244710
239,46,14738.712182
239,47,14676.513056
239,49,14419.353116
239,51,14407.694209
239,52,14287.070218
240,35,15976.132199
240,36,15779.871103
240,37,15098.700509
240,38,15048.619023
240,39,14836.252387
240,40,14793.881452
240,41,14740.244710
240,46,14738.712182
240,47,14676.513056
240,49,14419.353116
240,51,14407.694209
240,52,14287.070218
241,35,15976.132199
241,36,15779.871103
241,37,15098.700509
241,38,15048.619023
241,39,14836.252387
241,40,14793.881452
241,41,14670.965819
241,49,14419.353116
241,51,14407.694209
241,52,14287.070218
242,35,15943.839325
242,36,15722.103368
242,37,15073.428734
242,38,15038.115874
242,39,14836.252387
242,40,14751.139707
242,41,14670.965819
242,49,14419.353116
242,51,14392.018072
242,52,14287.070218
243,35,15943.839325
243,36,15722.103368
243,37,15073.428734
243,38,14891.233493
243,39,14836.252387
243,40,14751.139707
243,41,14670.965819
243,49,14419.353116
243,51,14392.018072
243,52,14287.070218
244,35,15943.839325
244,36,15722.103368
244,37,15073.428734
244,38,14891.233493
244,39,14836.252387
244,40,14751.139707
244,41,14670.965819
244,49,14419.353116
244,51,14392.018072
244,52,14287.070218
245,35,15943.839325
245,36,15702.654859
245,37,15045.190988
245,38,14891.233493
245,39,14836.252387
245,40,14751.139707
245,41,14631.947552
245,49,14401.260620
245,51,14250.533450
246,35,15943.839325
246,36,15702.654859
246,37,15045.190988
246,38,14827.027817
246,40,14751.139707
246,41,14631.947552
246,42,14621.242876
246,49,14401.260620
246,51,14250.533450
247,35,15943.839325
247,36,15702.654859
247,37,15045.190988
247,38,14827.027817
247,40,14751.139707
247,41,14631.947552
247,42,14621.242876
247,49,14401.260620
247,51,14250.533450
248,35,15943.839325
248,36,15690.259095
248,37,15041.298750
248,38,14821.063004
248,40,14737.453788
248,41,14631.947552
248,42,14619.539272
248,49,14401.260620
248,51,14244.563634
249,35,15943.839325
249,36,15690.259095
249,37,15041.298750
249,38,14821.063004
249,40,14737.453788
249,41,14631.947552
249,42,14619.539272
249,49,14401.260620
249,51,14244.563634
250,35,15943.839325
250,36,15690.259095
250,37,15041.298750
250,38,14821.063004
250,40,14737.453788
250,41,14631.947552
250,42,14619.539272
250,49,14401.260620
250,51,14244.563634
251,35,15943.839325
251,36,15458.477474
251,37,14997.103570
251,38,14821.063004
251,40,14703.841327
251,41,14624.973370
251,42,14604.665947
251,49,14401.260620
251,51,14235.054266
252,35,15943.839325
252,36,15458.477474
252,37,14997.103570
252,38,14821.063004
252,39,14763.488115
252,40,14703.841327
252,41,14624.973370
252,42,14604.665947
252,49,14401.260620
252,51,14235.054266
253,35,15943.839325
253,36,15382.290755
253,37,14997.103570
253,38,14821.063004
253,39,14763.488115
253,40,14703.841327
253,41,14608.645823
253,42,14604.665947
253,45,14595.734798
253,49,14401.260620
253,51,14235.054266
254,35,15943.839325
254,36,15153.026956
254,37,14937.166412
254,38,14821.063004
254,39,14763.488115
254,40,14703.841327
254,41,14600.363010
254,45,14554.665277
254,49,14401.260620
254,51,14226.854440
255,35,15943.839325
255,36,15153.026956
255,37,14937.166412
255,38,14821.063004
255,39,14763.488115
255,40,14703.841327
255,41,14600.363010
255,45,14554.665277
255,48,14514.711055
255,49,14401.260620
255,51,14226.854440
256,35,15943.839325
256,36,15153.026956
256,37,14937.166412
256,38,14779.922588
256,39,14689.177094
256,41,14600.363010
256,45,14554.665277
256,48,14514.711055
256,49,14401.260620
256,51,14226.854440
257,35,15943.839325
257,36,15153.026956
257,37,14937.166412
257,38,14777.261576
257,39,14689.177094
257,41,14600.363010
257,43,14577.831778
257,45,14554.665277
257,47,14512.465735
257,49,14399.093691
257,51,14218.787240
258,35,15943.839325
258,36,15153.026956
258,37,14937.166412
258,38,14777.261576
258,39,14689.177094
258,41,14600.363010
258,43,14577.831778
258,45,14554.665277
258,47,14512.465735
258,49,14399.093691
258,51,14218.787240
259,35,15943.839325
259,36,15153.026956
259,37,14937.166412
259,38,14777.261576
259,39,14689.177094
259,41,14576.994690
259,45,14554.665277
259,47,14512.465735
259,49,14399.093691
259,51,14218.787240
260,35,15943.839325
260,36,15133.725080
260,37,14937.166412
260,38,14772.189595
260,39,14679.389089
260,41,14576.994690
260,45,14548.237453
260,47,14508.250638
260,48,14501.976424
260,49,14399.093691
260,50,14193.814415
261,35,15943.839325
261,36,15133.725080
261,37,14937.166412
261,38,14772.189595
261,39,14679.389089
261,41,14576.994690
261,45,14548.237453
261,47,14508.250638
261,48,14501.976424
261,49,14399.093691
261,50,14193.814415
262,35,15943.839325
262,36,15133.725080
262,37,14937.166412
262,38,14772.189595
262,39,14679.389089
262,41,14576.994690
262,42,14535.301201
262,47,14508.250638
262,48,14501.976424
262,49,14399.093691
262,50,14193.814415
263,35,15916.745778
263,36,15117.158378
263,37,14912.097380
263,38,14754.542284
263,39,14649.407809
263,41,14576.994690
263,42,14535.301201
263,47,14508.250638
263,48,14501.976424
263,49,14399.093691
263,50,14193.814415
264,35,15916.745778
264,36,15117.158378
264,37,14912.097380
264,38,14754.542284
264,39,14649.407809
264,41,14576.994690
264,42,14535.301201
264,47,14508.250638
264,48,14501.976424
264,49,14399.093691
264,50,14193.814415
265,35,15916.745778
265,36,15117.158378
265,37,14912.097380
265,38,14754.542284
265,39,14649.407809
265,41,14576.994690
265,42,14535.301201
265,47,14508.250638
265,48,14501.976424
265,49,14399.093691
265,50,14193.814415
266,35,15916.745778
266,36,15117.158378
266,37,14912.097380
266,38,14754.542284
266,39,14599.444466
266,41,14576.994690
266,42,14521.019880
266,44,14485.716169
266,49,14399.093691
266,50,14193.814415
267,35,15916.745778
267,36,15117.158378
267,37,14912.097380
267,38,14754.542284
267,39,14599.444466
267,41,14576.994690
267,42,14521.019880
267,44,14485.716169
267,48,14442.972687
267,49,14399.093691
267,50,14193.814415
268,35,15916.745778
268,36,15117.158378
268,37,14912.097380
268,38,14754.542284
268,39,14599.444466
268,41,14576.994690
268,42,14521.019880
268,44,14485.716169
268,48,14442.972687
268,49,14399.093691
268,50,14193.814415
269,35,15916.745778
269,36,15117.158378
269,37,14909.751199
269,38,14754.542284
269,39,14599.444466
269,41,14513.757552
269,44,14485.716169
269,45,14456.911050
269,48,14434.118410
269,49,14399.093691
269,50,14193.814415
270,35,15916.745778
270,36,15117.158378
270,37,14909.751199
270,38,14754.542284
270,39,14599.444466
270,41,14513.757552
270,44,14485.716169
270,45,14456.911050
270,47,14446.855126
270,48,14434.118410
270,49,14399.093691
270,50,14193.814415
271,35,15916.745778
271,36,15117.158378
271,37,14909.751199
271,38,14754.542284
271,39,14599.444466
271,41,14513.757552
271,44,14485.716169
271,45,14456.911050
271,47,14446.855126
271,48,14434.118410
271,49,14399.093691
271,50,14193.814415
271,57,14145.754535
272,35,15916.745778
272,36,15036.910695
272,37,14909.751199
272,38,14754.542284
272,39,14599.444466
272,41,14513.757552
272,44,14485.716169
272,45,14435.020995
272,47,14417.939785
272,48,14409.252938
272,49,14386.728431
272,50,14193.814415
272,55,14104.367215
273,35,15544.525506
273,36,15036.910695
273,37,14909.751199
273,38,14574.462232
273,41,14513.757552
273,44,14485.716169
273,45,14435.020995
273,47,14417.939785
273,48,14409.252938
273,49,14386.728431
273,50,14193.814415
273,55,14104.367215
274,35,15544.525506
274,36,15036.910695
274,37,14909.751199
274,38,14574.462232
274,41,14513.757552
274,44,14485.716169
274,45,14435.020995
274,47,14417.939785
274,48,14409.252938
274,49,14386.728431
274,50,14193.814415
274,55,14104.367215
275,35,15544.525506
275,36,15036.910695
275,37,14879.951063
275,38,14564.093158
275,40,14457.692172
275,45,14432.535864
275,47,14417.939785
275,48,14384.352773
275,50,14193.814415
275,55,14104.367215
276,35,15544.525506
276,36,15013.693801
276,37,14879.951063
276,38,14564.093158
276,40,14457.692172
276,45,14432.535864
276,46,14346.659184
276,50,14193.814415
276,55,14104.367215
277,35,15544.525506
277,36,15013.693801
277,37,14879.951063
277,38,14564.093158
277,40,14457.692172
277,45,14432.535864
277,46,14346.659184
277,50,14193.814415
277,55,14104.367215
278,35,15522.177825
278,36,14996.703650
278,37,14848.313104
278,38,14545.991324
278,40,14444.638935
278,45,14419.611182
278,46,14346.659184
278,50,14193.814415
278,54,14076.050700
279,35,15522.177825
279,36,14996.703650
279,37,14848.313104
279,38,14545.991324
279,40,14444.638935
279,45,14419.611182
279,46,14346.659184
279,50,14193.814415
279,54,14076.050700
280,35,15522.177825
280,36,14990.764191
280,37,14848.313104
280,38,14545.991324
280,40,14444.638935
280,45,14419.611182
280,46,14346.659184
280,50,14193.814415
280,54,14076.050700
281,35,15511.547887
281,36,14973.181232
281,37,14848.313104
281,38,14545.991324
281,40,14444.638935
281,45,14419.611182
281,46,14346.659184
281,50,14193.814415
281,54,14071.761353
282,35,15287.241842
282,36,14973.181232
282,37,14848.313104
282,38,14545.991324
282,40,14444.638935
282,45,14419.611182
282,46,14346.659184
282,50,14193.814415
282,54,14071.761353
283,35,15287.241842
283,36,14973.181232
283,37,14848.313104
283,38,14545.991324
283,40,14444.638935
283,45,14419.611182
283,46,14346.659184
283,50,14193.814415
283,54,14071.761353
284,35,15287.241842
284,36,14965.005782
284,37,14848.313104
284,38,14545.991324
284,40,14444.638935
284,45,14419.611182
284,46,14345.525627
284,50,14193.814415
284,54,14071.761353
285,35,15287.241842
285,36,14965.005782
285,37,14848.313104
285,38,14545.991324
285,40,14444.638935
285,41,14416.004558
285,46,14345.525627
285,50,14193.814415
285,54,14071.761353
286,35,15287.241842
286,36,14965.005782
286,37,14848.313104
286,38,14545.991324
286,39,14519.128612
286,40,14444.638935
286,41,14386.444449
286,46,14345.525627
286,49,14283.189426
286,50,14193.814415
286,54,14071.761353
286,55,14064.076502
287,35,15287.241842
287,36,14965.005782
287,37,14848.313104
287,38,14545.991324
287,39,14519.128612
287,40,14420.169015
287,41,14373.931810
287,45,14370.980907
287,46,14332.511990
287,49,14263.469329
287,50,14189.462741
287,54,14038.131978
288,35,15287.241842
288,36,14965.005782
288,37,14848.313104
288,38,14545.991324
288,39,14519.128612
288,40,14420.169015
288,41,14373.931810
288,45,14370.980907
288,46,14332.511990
288,49,14263.469329
288,50,14189.462741
288,54,14038.131978
289,35,15287.241842
289,36,14965.005782
289,37,14848.313104
289,38,14545.991324
289,39,14519.128612
289,40,14420.169015
289,41,14373.931810
289,45,14370.980907
289,46,14332.511990
289,49,14263.469329
289,50,14189.462741
289,54,14038.131978
290,35,15287.241842
290,36,14965.005782
290,37,14848.313104
290,38,14545.991324
290,39,14519.128612
290,40,14407.656376
290,41,14331.318980
290,49,14255.108445
290,50,14189.462741
290,53,14152.075726
290,54,14038.131978
291,35,15287.241842
291,36,14965.005782
291,37,14848.313104
291,38,14545.991324
291,39,14519.128612
291,40,14386.648299
291,41,14331.318980
291,49,14255.108445
291,50,14189.462741
291,53,14152.075726
291,54,14038.131978
292,35,15287.241842
292,36,14965.005782
292,37,14816.857315
292,38,14545.991324
292,39,14482.242174
292,40,14386.648299
292,41,14331.318980
292,49,14255.108445
292,50,14189.462741
292,53,14152.075726
292,54,14038.131978
293,35,15287.241842
293,36,14965.005782
293,37,14816.857315
293,38,14541.591273
293,39,14482.242174
293,40,14386.648299
293,41,14331.318980
293,49,14255.108445
293,50,14138.771941
293,53,14027.204666
293,57,14024.406764
294,35,15287.241842
294,36,14965.005782
294,37,14816.857315
294,38,14541.591273
294,39,14482.242174
294,40,14386.648299
294,41,14331.318980
294,49,14255.108445
294,50,14138.771941
294,53,14027.204666
294,57,14024.406764
295,35,15287.241842
295,36,14965.005782
295,37,14816.857315
295,38,14541.591273
295,39,14482.242174
295,40,14350.493971
295,41,14331.318980
295,49,14255.108445
295,50,14138.771941
295,53,14027.204666
295,57,14024.406764
296,35,15287.241842
296,36,14936.904583
296,37,14810.486462
296,38,14541.591273
296,39,14482.242174
296,40,14347.491175
296,41,14316.191194
296,49,14223.107571
296,50,14138.771941
296,53,14026.968308
296,56,14006.433327
297,35,15287.241842
297,36,14936.904583
297,37,14810.486462
297,38,14541.591273
297,39,14482.242174
297,40,14347.491175
297,41,14316.191194
297,44,14300.284835
297,49,14223.107571
297,50,14138.771941
297,53,14026.968308
297,56,14006.433327
298,35,15287.241842
298,36,14936.904583
298,37,14810.486462
298,38,14541.591273
298,39,14431.647451
298,40,14347.491175
298,41,14316.191194
298,44,14300.284835
298,47,14300.201605
298,48,14291.503084
298,49,14223.107571
298,50,14138.771941
298,53,14026.968308
298,56,14006.433327
299,35,15287.241842
299,36,14936.904583
299,37,14810.486462
299,38,14541.591273
299,39,14431.647451
299,40,14347.491175
299,41,14316.191194
299,44,14300.284835
299,45,14258.828579
299,47,14255.794231
299,49,14223.107571
299,50,14138.771941
299,53,14026.968308
299,56,14006.433327
300,35,15287.241842
300,36,14936.904583
300,37,14810.486462
300,38,14541.591273
300,39,14431.647451
300,40,14347.491175
300,41,14316.191194
300,44,14300.284835
300,45,14258.828579
300,47,14255.794231
300,49,14223.107571
300,50,14138.771941
300,53,14026.968308
300,56,14006.433327
301,35,15287.241842
301,36,14936.904583
301,37,14810.486462
301,38,14541.591273
301,39,14431.647451
301,40,14347.491175
301,41,14316.191194
301,44,14300.284835
301,45,14258.828579
301,47,14255.794231
301,49,14223.107571
301,50,14138.771941
301,53,14026.968308
301,56,14006.433327
302,35,15274.624683
302,36,14936.904583
302,37,14607.947162
302,38,14541.591273
302,39,14325.128802
302,41,14316.191194
302,44,14292.019800
302,45,14241.469320
302,47,14232.652565
302,49,14218.593614
302,50,14138.771941
302,53,13988.713061
303,35,15274.624683
303,36,14936.904583
303,37,14607.947162
303,38,14490.385710
303,39,14325.128802
303,41,14282.816967
303,43,14277.922462
303,45,14241.469320
303,47,14232.652565
303,49,14218.593614
303,50,14138.771941
303,53,13988.713061
304,35,15274.624683
304,36,14936.904583
304,37,14607.947162
304,38,14488.232306
304,39,14325.128802
304,41,14282.816967
304,43,14277.922462
304,45,14241.469320
304,46,14231.612718
304,49,14218.593614
304,50,14138.771941
304,53,13988.713061
305,35,15274.624683
305,36,14936.904583
305,37,14581.132561
305,38,14485.394547
305,39,14325.128802
305,41,14282.816967
305,43,14277.922462
305,45,14241.021282
305,46,14205.632458
305,50,14138.771941
305,53,13981.882076
306,35,15274.624683
306,36,14936.904583
306,37,14581.132561
306,38,14485.394547
306,39,14325.128802
306,41,14282.816967
306,43,14277.922462
306,44,14270.481570
306,45,14241.021282
306,46,14205.632458
306,50,14138.771941
306,53,13981.882076
307,35,15274.624683
307,36,14936.904583
307,37,14581.132561
307,38,14485.394547
307,39,14325.128802
307,41,14282.816967
307,43,14277.922462
307,44,14270.481570
307,45,14241.021282
307,46,14205.632458
307,50,14138.771941
307,53,13981.882076
308,35,15274.624683
308,36,14936.904583
308,37,14559.052759
308,38,14485.394547
308,39,14325.128802
308,41,14282.816967
308,43,14218.935309
308,46,14205.632458
308,50,14138.771941
308,53,13977.224543
309,35,15274.624683
309,36,14936.904583
309,37,14559.052759
309,38,14483.905072
309,39,14307.925523
309,40,14305.057213
309,41,14282.816967
309,43,14218.935309
309,46,14205.632458
309,50,14138.771941
309,53,13977.224543
310,35,15274.624683
310,36,14936.904583
310,37,14553.157471
310,38,14483.905072
310,39,14307.925523
310,40,14305.057213
310,41,14282.816967
310,43,14218.935309
310,44,14208.164702
310,46,14205.632458
310,50,14138.771941
310,53,13977.224543
311,35,15274.624683
311,36,14932.447679
311,37,14440.341643
311,38,14409.568827
311,39,14307.925523
311,40,14305.035162
311,41,14282.816967
311,43,14218.935309
311,44,14208.164702
311,46,14205.632458
311,49,14136.860512
311,53,13977.224543
312,35,15274.624683
312,36,14932.447679
312,37,14440.341643
312,38,14409.568827
312,39,14307.925523
312,40,14305.035162
312,41,14282.816967
312,43,14218.935309
312,44,14208.164702
312,46,14205.632458
312,49,14136.860512
312,53,13977.224543
313,35,15274.624683
313,36,14932.447679
313,37,14440.341643
313,38,14409.568827
313,39,14282.764518
313,43,14218.935309
313,44,14208.164702
313,46,14205.632458
313,49,14136.860512
313,53,13977.224543
314,35,15274.624683
314,36,14920.690450
314,37,14440.341643
314,38,14391.881977
314,39,14282.764518
314,40,14275.869506
314,43,14216.556459
314,44,14208.164702
314,46,14205.632458
314,49,14136.860512
314,52,14017.982208
314,53,13977.224543
315,34,15355.453696
315,35,15242.122231
315,36,14920.690450
315,37,14440.341643
315,38,14391.881977
315,39,14282.764518
315,40,14254.779816
315,43,14216.556459
315,44,14208.164702
315,46,14205.632458
315,49,14136.860512
315,52,14017.982208
315,53,13977.224543
316,34,15355.453696
316,35,15242.122231
316,36,14777.124627
316,37,14440.341643
316,38,14391.881977
316,39,14282.764518
316,40,14254.779816
316,43,14216.556459
316,44,14208.164702
316,46,14205.632458
316,48,14152.128315
316,49,14136.860512
316,52,14017.982208
316,53,13977.224543
317,34,15355.453696
317,35,15242.122231
317,36,14777.124627
317,37,14440.341643
317,38,14391.881977
317,39,14278.975817
317,40,14254.779816
317,42,14246.047489
317,43,14216.556459
317,44,14208.164702
317,45,14189.958731
317,47,14102.530197
317,52,14009.256651
317,53,13977.224543
318,34,15355.453696
318,35,15242.122231
318,36,14777.124627
318,37,14440.341643
318,38,14391.881977
318,39,14278.975817
318,40,14254.779816
318,42,14246.047489
318,43,14216.556459
318,44,14208.164702
318,45,14189.958731
318,47,14102.530197
318,52,13991.597432
318,53,13977.224543
319,34,15355.453696
319,35,15217.143820
319,36,14777.124627
319,37,14440.341643
319,38,14391.881977
319,39,14278.975817
319,40,14254.779816
319,42,14186.474668
319,46,14184.075665
319,47,14102.530197
319,52,13991.597432
319,53,13977.224543
320,34,15355.453696
320,35,15143.510456
320,36,14754.649350
320,37,14440.341643
320,38,14371.335363
320,39,14278.975817
320,40,14241.289946
320,42,14186.474668
320,46,14184.075665
320,47,14102.530197
320,52,13884.169251
321,34,15355.453696
321,35,15143.510456
321,36,14754.649350
321,37,14440.341643
321,38,14371.335363
321,39,14210.880963
321,42,14186.474668
321,45,14140.765044
321,47,14102.530197
321,52,13884.169251
322,34,15355.453696
322,35,15143.510456
322,36,14754.649350
322,37,14440.341643
322,38,14371.335363
322,39,14210.880963
322,42,14186.474668
322,43,14118.737077
322,47,14102.530197
322,52,13884.169251
323,34,15355.453696
323,35,15143.510456
323,36,14754.649350
323,37,14440.341643
323,38,14338.983005
323,39,14201.414158
323,42,14186.474668
323,43,14118.737077
323,47,14102.530197
323,52,13884.169251
324,34,15355.453696
324,35,15143.510456
324,36,14754.649350
324,37,14440.341643
324,38,14338.983005
324,39,14201.414158
324,40,14157.485263
324,43,14118.737077
324,47,14102.530197
324,49,14087.427385
324,52,13884.169251
325,34,15355.453696
325,35,15143.510456
325,36,14754.649350
325,37,14440.341643
325,38,14338.983005
325,39,14180.138273
325,40,14157.485263
325,43,14118.737077
325,47,14102.530197
325,49,14087.427385
325,52,13884.169251
