Generation,NV,TOC
1,24,8627.654453
1,26,8282.279788
1,27,7897.250734
1,28,7455.209128
1,31,7096.320711
1,34,6691.131630
1,38,6398.878202
1,43,6297.801313
1,47,6085.244176
1,54,6080.973510
1,61,6041.143931
2,24,8627.654453
2,25,8561.757403
2,26,8132.653136
2,27,7897.250734
2,28,7455.209128
2,30,7293.858537
2,31,7096.320711
2,34,6691.131630
2,37,6458.953853
2,38,6398.878202
2,40,6373.253404
2,43,6086.862978
2,47,6085.244176
2,54,6080.973510
2,55,5982.633699
2,60,5912.777939
2,61,5818.290132
3,24,8627.654453
3,25,8561.757403
3,26,7820.602678
3,27,7124.889653
3,30,6881.834310
3,31,6237.449465
3,39,5855.939473
3,44,5747.537708
4,23,8047.656170
4,26,7820.602678
4,27,7124.889653
4,30,6881.834310
4,31,6237.449465
4,39,5855.939473
4,44,5747.537708
4,45,5707.701669
4,52,5611.726708
5,23,6884.527773
5,30,6218.354002
5,34,6122.196166
5,35,6006.020183
5,37,5824.310468
5,44,5692.262878
5,45,5674.794856
5,50,5518.132737
6,23,6884.527773
6,29,6357.971818
6,30,6218.354002
6,33,6200.998494
6,34,6122.196166
6,35,6006.020183
6,37,5824.310468
6,39,5747.176003
6,41,5708.779264
6,44,5692.262878
6,45,5674.794856
6,50,5518.132737
7,23,6884.527773
7,25,6594.872421
7,29,6357.971818
7,30,6045.351910
7,34,5813.159067
7,38,5738.472686
7,41,5697.259352
7,42,5640.381632
7,43,5545.996947
7,49,5438.260339
7,50,5352.530476
8,22,7831.105680
8,23,6884.527773
8,25,6594.872421
8,28,6527.695411
8,29,6357.971818
8,30,6045.351910
8,34,5813.159067
8,38,5738.472686
8,41,5697.259352
8,42,5640.381632
8,43,5545.996947
8,48,5493.847164
8,49,5438.260339
8,50,5352.530476
9,22,7315.577633
9,23,6884.527773
9,24,6858.929425
9,25,6594.872421
9,28,6527.695411
9,29,5981.735784
9,34,5813.159067
9,38,5718.211718
9,40,5645.921979
9,41,5600.426788
9,43,5469.844994
9,47,5262.247595
10,22,7315.577633
10,23,6884.527773
10,24,6858.929425
10,25,6594.872421
10,28,6089.476107
10,29,5981.735784
10,34,5813.159067
10,37,5724.407014
10,38,5718.211718
10,40,5641.972160
10,41,5600.426788
10,43,5469.844994
10,47,5262.247595
11,22,7315.577633
11,23,6884.527773
11,24,6858.929425
11,25,6498.115145
11,27,5952.351792
11,29,5934.728601
11,30,5718.778529
11,37,5684.548243
11,40,5641.972160
11,41,5600.426788
11,42,5451.955073
11,47,5262.247595
12,22,7315.577633
12,23,6884.527773
12,24,6858.929425
12,25,6498.115145
12,26,6454.761800
12,27,5952.351792
12,29,5934.728601
12,30,5718.778529
12,37,5684.548243
12,39,5680.807367
12,40,5641.972160
12,41,5600.426788
12,42,5451.955073
12,47,5262.247595
13,21,6665.506796
13,22,6629.618836
13,25,5993.415234
13,27,5952.351792
13,28,5910.990185
13,30,5718.778529
13,37,5602.049908
13,40,5476.621003
13,41,5385.946400
13,47,5252.121772
14,21,6665.506796
14,22,6629.618836
14,24,6211.971113
14,25,5993.415234
14,27,5952.351792
14,28,5910.990185
14,30,5648.205563
14,35,5453.852490
14,41,5385.946400
14,47,5252.121772
15,21,6665.506796
15,22,6629.618836
15,23,6123.628000
15,25,5770.946637
15,30,5570.859480
15,35,5453.852490
15,39,5348.026344
15,41,5248.278154
15,47,5248.206374
16,21,6665.506796
16,22,6002.359832
16,23,5944.241293
16,25,5770.946637
16,30,5570.859480
16,35,5453.852490
16,36,5397.475131
16,39,5348.026344
16,41,5248.278154
16,47,5248.206374
17,21,6665.506796
17,22,6002.359832
17,23,5944.241293
17,25,5770.946637
17,28,5704.612707
17,29,5694.916479
17,30,5570.859480
17,32,5557.860930
17,35,5421.633922
17,36,5397.475131
17,39,5348.026344
17,40,5314.034505
17,41,5248.278154
17,47,5248.206374
18,21,6481.441831
18,22,6002.359832
18,23,5944.241293
18,25,5770.946637
18,26,5714.244950
18,27,5705.346515
18,28,5704.612707
18,29,5694.916479
18,30,5570.859480
18,32,5557.860930
18,33,5551.538122
18,35,5421.633922
18,36,5397.475131
18,39,5348.026344
18,40,5314.034505
18,41,5248.278154
18,47,5248.206374
19,20,7003.834314
19,21,6452.604654
19,22,6002.359832
19,23,5944.241293
19,25,5770.946637
19,26,5626.152399
19,30,5570.859480
19,31,5565.139111
19,32,5419.398726
19,33,5407.204121
19,36,5397.475131
19,39,5346.269210
19,40,5314.034505
19,41,5248.278154
19,47,5248.206374
20,20,6541.684863
20,21,6452.604654
20,22,6002.359832
20,23,5944.241293
20,25,5601.846679
20,30,5570.859480
20,31,5565.139111
20,32,5419.398726
20,33,5407.204121
20,36,5397.475131
20,39,5328.920938
20,40,5314.034505
20,41,5248.278154
20,47,5248.206374
21,20,6541.684863
21,21,6176.650310
21,22,6002.359832
21,23,5571.738712
21,30,5536.591323
21,31,5470.294392
21,32,5371.767130
21,33,5340.142777
21,38,5307.135022
21,39,5294.434139
21,41,5231.906205
22,20,6541.684863
22,21,6176.650310
22,22,6002.359832
22,23,5571.738712
22,28,5490.569794
22,31,5470.294392
22,32,5371.767130
22,33,5340.142777
22,38,5307.135022
22,39,5294.434139
22,41,5231.906205
23,19,7551.766869
23,20,6541.684863
23,21,5967.162874
23,23,5571.738712
23,28,5490.569794
23,31,5459.888290
23,32,5371.767130
23,33,5340.142777
23,38,5307.135022
23,39,5294.434139
23,41,5231.906205
24,19,7551.766869
24,20,6541.684863
24,21,5967.162874
24,23,5571.738712
24,28,5490.569794
24,31,5459.888290
24,32,5371.767130
24,33,5340.142777
24,38,5307.135022
24,39,5294.434139
24,41,5231.906205
25,19,7412.222051
25,20,6355.996619
25,21,5962.864554
25,23,5571.738712
25,28,5419.337469
25,31,5370.938074
25,32,5340.779174
25,33,5299.899709
25,39,5178.505319
26,19,6516.786988
26,20,6117.097375
26,21,5962.864554
26,23,5571.738712
26,28,5419.337469
26,31,5370.938074
26,32,5340.779174
26,33,5299.899709
26,39,5178.505319
27,19,6516.786988
27,20,6117.097375
27,21,5962.864554
27,23,5529.642307
27,25,5527.576063
27,26,5507.977911
27,28,5419.337469
27,31,5358.078663
27,32,5257.424558
27,34,5232.949564
27,36,5157.241838
28,19,6516.786988
28,20,6117.097375
28,21,5962.864554
28,23,5529.642307
28,25,5527.576063
28,26,5507.977911
28,28,5419.337469
28,30,5338.115372
28,32,5257.424558
28,34,5232.949564
28,36,5157.241838
29,19,6516.786988
29,20,6117.097375
29,21,5962.864554
29,22,5858.319351
29,23,5529.642307
29,25,5460.990071
29,28,5414.229806
29,29,5320.440108
29,32,5257.424558
29,34,5232.949564
29,35,5142.816694
30,19,6516.786988
30,20,6117.097375
30,21,5962.864554
30,22,5858.319351
30,23,5529.642307
30,25,5460.990071
30,28,5414.229806
30,29,5320.440108
30,32,5257.424558
30,34,5232.949564
30,35,5142.816694
31,19,6516.786988
31,20,6003.902160
31,21,5939.640940
31,22,5746.461930
31,23,5493.683508
31,25,5458.510154
31,28,5414.229806
31,29,5320.440108
31,32,5257.424558
31,33,5230.829739
31,35,5087.180995
32,19,6516.786988
32,20,6003.902160
32,21,5939.640940
32,22,5746.461930
32,23,5493.683508
32,25,5458.510154
32,27,5413.031357
32,29,5320.440108
32,32,5257.424558
32,33,5230.829739
32,35,5087.180995
32,39,5084.658756
33,18,7647.455460
33,19,6516.786988
33,20,6003.902160
33,21,5877.784526
33,22,5717.846417
33,23,5423.003665
33,27,5413.031357
33,28,5238.310874
33,33,5224.221313
33,35,5065.888013
33,38,5009.012993
34,18,7647.455460
34,19,6516.786988
34,20,6003.902160
34,21,5846.379258
34,22,5717.846417
34,23,5423.003665
34,25,5370.687353
34,28,5238.310874
34,33,5224.221313
34,34,5139.116798
34,35,5065.888013
34,38,5009.012993
35,18,7647.455460
35,19,6516.786988
35,20,5958.260442
35,21,5846.379258
35,22,5649.509981
35,23,5391.707776
35,25,5306.611668
35,28,5230.581770
35,33,5192.149936
35,34,5094.365594
35,35,5059.564939
35,38,5009.012993
36,18,7647.455460
36,19,6516.786988
36,20,5958.260442
36,21,5846.379258
36,22,5649.509981
36,23,5391.707776
36,25,5306.611668
36,28,5230.581770
36,33,5192.149936
36,34,5094.365594
36,35,5059.564939
36,38,5009.012993
37,18,6996.376996
37,19,6516.786988
37,20,5958.260442
37,21,5846.379258
37,22,5641.237957
37,23,5384.717027
37,25,5306.611668
37,28,5228.597105
37,31,5198.812291
37,32,5132.482352
37,34,5094.365594
37,35,5043.741582
37,38,4996.398319
38,18,6996.376996
38,19,6516.786988
38,20,5958.260442
38,21,5846.379258
38,22,5641.237957
38,23,5384.717027
38,25,5306.611668
38,28,5228.597105
38,31,5198.812291
38,32,5132.482352
38,34,5094.365594
38,35,5043.741582
38,38,4996.398319
39,18,6996.376996
39,19,6268.318571
39,20,5958.260442
39,21,5846.379258
39,22,5616.931665
39,23,5361.149085
39,25,5284.062132
39,28,5222.724973
39,31,5158.606693
39,32,5126.286714
39,34,5085.951684
39,35,5042.965594
39,37,5003.949778
39,38,4991.596841
40,18,6996.376996
40,19,6121.308841
40,20,5958.260442
40,21,5846.379258
40,22,5616.931665
40,23,5361.149085
40,25,5213.163600
40,31,5158.606693
40,32,5126.286714
40,34,5085.951684
40,35,5042.965594
40,37,5003.949778
40,38,4991.596841
41,18,6996.376996
41,19,6121.308841
41,20,5958.260442
41,21,5846.379258
41,22,5523.813707
41,23,5269.311036
41,25,5179.143418
41,26,5168.509402
41,31,5147.290697
41,32,5102.585185
41,34,5005.209156
41,37,4936.735634
42,18,6996.376996
42,19,6121.308841
42,20,5958.260442
42,21,5846.379258
42,22,5523.813707
42,23,5269.311036
42,25,5179.143418
42,26,5168.509402
42,31,5147.290697
42,32,5102.585185
42,34,5005.209156
42,37,4936.735634
43,17,7901.312482
43,18,6996.376996
43,19,6121.308841
43,20,5881.579968
43,21,5846.379258
43,22,5523.813707
43,23,5261.048280
43,25,5176.504533
43,26,5168.509402
43,31,5131.834731
43,32,5075.094755
43,34,4995.350664
43,37,4936.735634
44,17,7901.312482
44,18,6996.376996
44,19,6121.308841
44,20,5881.579968
44,21,5846.379258
44,22,5523.813707
44,23,5261.048280
44,24,5157.863367
44,31,5131.834731
44,32,5075.094755
44,34,4995.350664
44,37,4936.735634
45,17,7901.312482
45,18,6996.376996
45,19,6121.308841
45,20,5845.045725
45,22,5489.434414
45,23,5193.892862
45,24,5151.307256
45,27,5109.541957
45,31,5050.116753
45,34,4995.350664
45,36,4899.560189
46,17,7901.312482
46,18,6996.376996
46,19,6121.308841
46,20,5845.045725
46,22,5489.434414
46,23,5193.892862
46,24,5151.307256
46,27,5109.541957
46,31,5050.116753
46,34,4992.997666
46,36,4899.560189
47,17,7901.312482
47,18,6937.256876
47,19,6121.308841
47,20,5799.205248
47,22,5479.897948
47,23,5158.716310
47,24,5126.019612
47,27,5109.541957
47,31,5011.282181
47,34,4992.997666
47,35,4921.470669
47,36,4897.604400
48,17,7901.312482
48,18,6923.745319
48,19,6121.308841
48,20,5799.205248
48,22,5479.897948
48,23,5158.716310
48,24,5126.019612
48,27,5109.541957
48,30,5104.964699
48,31,5005.141844
48,34,4992.997666
48,35,4921.470669
48,36,4897.604400
49,17,7901.312482
49,18,6901.656234
49,19,6121.308841
49,20,5799.205248
49,22,5427.078725
49,23,5157.249247
49,24,5099.669304
49,29,5065.619389
49,31,5004.702340
49,34,4992.997666
49,35,4885.315696
50,17,7901.312482
50,18,6901.656234
50,19,6033.542697
50,20,5799.205248
50,22,5306.260477
50,23,5157.249247
50,24,5099.669304
50,29,5065.619389
50,31,5004.702340
50,34,4992.997666
50,35,4885.315696
51,17,7901.312482
51,18,6901.656234
51,19,5957.884351
51,20,5799.205248
51,22,5301.396437
51,23,5157.249247
51,24,5038.125470
51,31,5004.702340
51,32,4962.994160
51,35,4878.148943
52,17,7817.242920
52,18,6901.656234
52,19,5957.884351
52,20,5799.205248
52,22,5301.396437
52,23,5157.249247
52,24,5038.125470
52,31,5004.702340
52,32,4962.994160
52,35,4878.148943
53,17,7817.242920
53,18,6898.884032
53,19,5957.884351
53,20,5799.205248
53,21,5525.919326
53,22,5176.137002
53,23,5146.938795
53,24,5008.039569
53,31,5003.009372
53,32,4962.994160
53,35,4878.148943
54,17,7817.242920
54,18,6898.884032
54,19,5957.884351
54,20,5799.205248
54,21,5525.919326
54,22,5169.481770
54,23,5146.938795
54,24,5008.039569
54,31,5003.009372
54,32,4962.994160
54,35,4878.148943
54,36,4860.745393
55,17,7009.044536
55,18,6678.127587
55,19,5880.405338
55,20,5721.530912
55,21,5436.158274
55,22,5137.377576
55,23,4955.270934
55,35,4875.694616
55,36,4846.645460
56,17,7009.044536
56,18,6360.868751
56,19,5880.405338
56,20,5721.530912
56,21,5436.158274
56,22,5137.377576
56,23,4955.270934
56,34,4886.590647
56,35,4875.694616
56,36,4846.645460
57,17,6883.065765
57,18,6296.873686
57,19,5880.405338
57,20,5721.530912
57,21,5417.141806
57,22,5137.377576
57,23,4953.669888
57,32,4840.305991
57,36,4839.635831
58,17,6883.065765
58,18,6296.873686
58,19,5880.405338
58,20,5721.530912
58,21,5417.141806
58,22,5137.377576
58,23,4953.669888
58,32,4840.305991
58,36,4839.635831
59,17,6842.052753
59,18,6257.440770
59,19,5855.312262
59,20,5721.530912
59,21,5417.141806
59,22,5121.391442
59,23,4947.751752
59,32,4840.305991
59,33,4833.802123
60,17,6842.052753
60,18,6257.440770
60,19,5746.221374
60,20,5721.530912
60,21,5417.141806
60,22,5121.391442
60,23,4947.751752
60,32,4840.305991
60,33,4833.802123
61,17,6752.193180
61,18,6257.440770
61,19,5746.221374
61,20,5717.619893
61,21,5391.575305
61,22,5119.588180
61,23,4931.322383
61,32,4832.449328
62,17,6752.193180
62,18,6257.440770
62,19,5746.221374
62,20,5666.914595
62,21,5391.575305
62,22,5119.588180
62,23,4931.322383
62,32,4832.449328
62,33,4813.873567
63,17,6749.785482
63,18,6257.440770
63,19,5728.011988
63,20,5665.317226
63,21,5382.620913
63,22,5107.530272
63,23,4911.867491
63,32,4832.449328
63,33,4813.873567
64,17,6749.785482
64,18,6218.127601
64,19,5728.011988
64,20,5665.317226
64,21,5382.620913
64,22,5107.530272
64,23,4911.867491
64,29,4895.459119
64,32,4832.449328
64,33,4813.873567
65,17,6749.785482
65,18,6218.127601
65,19,5713.629426
65,20,5507.594460
65,21,5365.049404
65,22,5107.530272
65,23,4911.867491
65,26,4897.639539
65,28,4879.918339
65,32,4818.405691
65,33,4813.873567
66,17,6749.785482
66,18,6218.127601
66,19,5713.629426
66,20,5507.594460
66,21,5365.049404
66,22,5107.530272
66,23,4911.867491
66,26,4897.639539
66,27,4889.566604
66,28,4879.918339
66,32,4818.405691
66,33,4813.873567
67,17,6749.785482
67,18,6218.127601
67,19,5713.629426
67,20,5507.594460
67,21,5365.049404
67,22,5107.530272
67,23,4906.504151
67,26,4884.757384
67,28,4879.918339
67,32,4818.405691
67,33,4813.873567
68,17,6668.706559
68,18,6218.127601
68,19,5713.629426
68,20,5507.594460
68,21,5365.049404
68,22,5107.530272
68,23,4906.504151
68,26,4884.757384
68,28,4879.918339
68,32,4818.405691
68,33,4813.873567
69,17,6668.706559
69,18,6020.609973
69,19,5713.629426
69,20,5333.575014
69,22,4884.373625
69,26,4876.901717
69,32,4796.029540
70,16,7577.222580
70,17,6668.706559
70,18,6020.609973
70,19,5713.629426
70,20,5333.575014
70,21,5133.488556
70,22,4884.373625
70,26,4876.901717
70,29,4874.271936
70,32,4796.029540
71,16,7577.222580
71,17,6644.387150
71,18,6020.609973
71,19,5713.629426
71,20,5333.575014
71,21,5133.440192
71,22,4883.464408
71,25,4874.646296
71,29,4874.271936
71,32,4783.189982
72,16,7577.222580
72,17,6129.280716
72,18,6020.609973
72,19,5713.629426
72,20,5333.575014
72,21,5133.440192
72,22,4883.464408
72,25,4874.646296
72,29,4874.271936
72,32,4783.189982
73,16,7518.521833
73,17,6118.266089
73,18,5975.441759
73,19,5713.629426
73,20,5333.575014
73,21,5133.440192
73,22,4880.485646
73,25,4874.646296
73,29,4874.271936
73,32,4776.210509
74,16,7514.270559
74,17,6118.266089
74,18,5975.441759
74,19,5713.629426
74,20,5333.575014
74,21,5087.929421
74,22,4880.485646
74,25,4874.646296
74,29,4874.271936
74,32,4776.210509
75,16,7235.759564
75,17,6118.176648
75,18,5841.031647
75,19,5713.629426
75,20,5333.575014
75,21,5077.368369
75,22,4880.485646
75,25,4838.279049
75,32,4776.210509
76,16,7191.870955
76,17,6118.176648
76,18,5841.031647
76,19,5713.629426
76,20,5333.575014
76,21,5077.368369
76,22,4880.485646
76,25,4838.279049
76,32,4776.210509
77,16,7113.192993
77,17,5990.226560
77,18,5789.364290
77,19,5695.117835
77,20,5210.666574
77,21,5077.368369
77,22,4856.442522
77,25,4838.279049
77,32,4746.433034
78,16,6919.410003
78,17,5990.226560
78,18,5789.364290
78,19,5517.355919
78,20,5210.666574
78,21,5077.368369
78,22,4856.442522
78,25,4838.279049
78,32,4746.433034
79,16,6835.432050
79,17,5936.074211
79,18,5721.608199
79,19,5119.523138
79,21,5077.368369
79,22,4856.442522
79,25,4838.279049
79,32,4740.172555
80,16,6835.432050
80,17,5936.074211
80,18,5721.608199
80,19,5119.523138
80,21,5048.582807
80,22,4856.442522
80,25,4838.279049
80,32,4740.172555
81,16,6807.292799
81,17,5846.385065
81,18,5721.608199
81,19,5100.784933
81,21,5041.002128
81,22,4855.957819
81,25,4838.279049
81,32,4739.297812
82,16,6807.292799
82,17,5846.385065
82,18,5721.608199
82,19,5100.784933
82,21,5041.002128
82,22,4855.957819
82,25,4838.279049
82,29,4831.745349
82,32,4739.297812
83,16,6784.006576
83,17,5837.726165
83,18,5700.077361
83,19,5094.899724
83,21,5024.322173
83,22,4852.720777
83,25,4822.838074
83,32,4739.297812
84,16,6784.006576
84,17,5837.726165
84,18,5700.077361
84,19,5094.899724
84,21,4860.700390
84,22,4852.720777
84,25,4822.838074
84,32,4739.297812
85,16,6784.006576
85,17,5831.254514
85,18,5700.077361
85,19,5094.899724
85,21,4838.545920
85,22,4830.444400
85,25,4805.430176
85,32,4739.297812
86,16,6784.006576
86,17,5831.254514
86,18,5700.077361
86,19,5094.899724
86,21,4838.545920
86,22,4830.444400
86,25,4805.430176
86,32,4739.297812
87,16,6783.104151
87,17,5782.117428
87,18,5700.077361
87,19,5070.782603
87,21,4838.545920
87,22,4816.471661
87,25,4805.430176
87,32,4739.297812
88,16,6783.104151
88,17,5782.117428
88,18,5700.077361
88,19,5070.782603
88,20,4988.708615
88,21,4838.545920
88,22,4816.471661
88,25,4805.430176
88,32,4739.297812
89,16,6753.846015
89,17,5782.117428
89,18,5557.872378
89,19,5046.867437
89,20,4988.708615
89,21,4838.545920
89,22,4805.883698
89,25,4805.430176
89,32,4739.297812
90,16,5948.487365
90,17,5782.117428
90,18,5557.872378
90,19,5046.867437
90,20,4988.708615
90,21,4838.545920
90,22,4805.883698
90,25,4805.430176
90,32,4739.297812
91,16,5948.487365
91,17,5779.367448
91,18,5557.872378
91,19,5044.164763
91,20,4988.206429
91,21,4827.955919
91,22,4805.883698
91,25,4805.430176
91,31,4730.497595
92,16,5948.487365
92,17,5779.367448
92,18,5381.523300
92,19,5044.164763
92,20,4988.206429
92,21,4827.955919
92,22,4805.883698
92,25,4805.430176
92,31,4730.497595
93,16,5948.487365
93,17,5779.367448
93,18,5340.994592
93,19,5044.164763
93,20,4816.503265
93,22,4802.993118
93,25,4779.762960
93,27,4766.193324
93,31,4730.492899
94,16,5948.487365
94,17,5779.367448
94,18,5340.994592
94,19,5044.164763
94,20,4814.759772
94,22,4802.993118
94,25,4779.762960
94,27,4766.193324
94,31,4730.492899
95,15,6844.035101
95,16,5948.487365
95,17,5758.011884
95,18,5286.987141
95,19,5044.164763
95,20,4809.389324
95,21,4798.052390
95,23,4784.423696
95,25,4779.337332
95,27,4760.891322
95,30,4708.601691
96,15,6844.035101
96,16,5948.487365
96,17,5758.011884
96,18,5286.987141
96,19,5044.164763
96,20,4809.389324
96,21,4798.052390
96,23,4784.423696
96,25,4779.337332
96,27,4760.891322
96,30,4708.601691
97,15,6844.035101
97,16,5948.487365
97,17,5743.307216
97,18,5198.051799
97,19,5021.697023
97,20,4809.196150
97,21,4787.086606
97,23,4774.828644
97,25,4765.383690
97,27,4758.646337
97,30,4708.578760
98,15,6844.035101
98,16,5948.487365
98,17,5743.307216
98,18,5198.051799
98,19,4998.333723
98,20,4808.366159
98,21,4787.086606
98,23,4774.828644
98,25,4765.383690
98,27,4758.646337
98,30,4708.578760
99,15,6508.525415
99,16,5745.198288
99,17,5743.307216
99,18,5189.254319
99,19,4998.333723
99,20,4763.605469
99,25,4757.418319
99,26,4743.542862
99,30,4699.734440
100,15,6508.525415
100,16,5745.198288
100,17,5743.307216
100,18,5189.254319
100,19,4998.333723
100,20,4763.605469
100,25,4757.418319
100,26,4743.542862
100,30,4699.734440
101,15,6508.525415
101,16,5703.585325
101,18,5189.254319
101,19,4993.746942
101,20,4763.605469
101,24,4743.884849
101,26,4743.542862
101,30,4696.417749
102,14,6627.199247
102,15,6508.525415
102,16,5703.585325
102,18,5189.254319
102,19,4972.982049
102,20,4763.605469
102,24,4743.884849
102,26,4743.542862
102,28,4729.735859
102,30,4696.417749
103,14,6627.199247
103,15,6420.713392
103,16,5695.863929
103,18,5169.206185
103,19,4961.350697
103,20,4763.605469
103,24,4740.627083
103,28,4729.735859
103,30,4690.641588
104,14,6627.199247
104,15,6420.713392
104,16,5695.863929
104,18,5153.060215
104,19,4961.350697
104,20,4763.605469
104,24,4740.627083
104,28,4729.735859
104,30,4690.641588
105,14,6518.261921
105,15,6400.012287
105,16,5598.930662
105,18,5149.080531
105,19,4959.879406
105,20,4750.638853
105,24,4740.627083
105,28,4703.897664
105,30,4690.641588
106,14,6518.261921
106,15,6286.065542
106,16,5598.930662
106,18,5149.080531
106,19,4959.879406
106,20,4750.638853
106,24,4740.627083
106,28,4703.897664
106,30,4690.641588
107,14,6508.060345
107,15,6286.065542
107,16,5534.528373
107,18,5141.833311
107,19,4959.879406
107,20,4729.553627
107,28,4703.897664
107,29,4671.901119
108,14,6508.060345
108,15,6286.065542
108,16,5534.528373
108,18,5141.833311
108,19,4799.263771
108,20,4729.553627
108,28,4703.897664
108,29,4671.901119
109,14,6491.165323
109,15,6268.891988
109,16,5479.058486
109,18,5140.443888
109,19,4796.348432
109,20,4729.553627
109,26,4728.731886
109,28,4702.351120
109,29,4671.901119
110,14,6401.782094
110,15,6268.891988
110,16,5479.058486
110,18,5140.443888
110,19,4796.348432
110,20,4729.553627
110,25,4720.063743
110,28,4702.351120
110,29,4671.901119
111,13,6763.830655
111,14,6401.782094
111,15,6163.086932
111,16,5449.033684
111,18,5133.600929
111,19,4796.348432
111,20,4729.553627
111,25,4719.614710
111,28,4702.351120
111,29,4671.901119
112,13,6763.830655
112,14,6401.782094
112,15,6163.086932
112,16,5449.033684
112,18,5133.600929
112,19,4796.348432
112,20,4729.553627
112,25,4719.614710
112,28,4662.672085
113,13,6763.830655
113,14,6326.912445
113,15,6163.086932
113,16,5449.033684
113,18,5087.745103
113,19,4796.348432
113,20,4705.001140
113,28,4655.541474
114,13,6763.830655
114,14,6326.912445
114,15,6163.086932
114,16,5449.033684
114,17,5210.003609
114,18,5087.745103
114,19,4796.348432
114,20,4705.001140
114,25,4698.417472
114,28,4655.541474
115,13,6670.807058
115,14,6326.912445
115,15,6104.482197
115,16,5387.355866
115,17,5210.003609
115,18,5072.148944
115,19,4795.127021
115,20,4704.689736
115,24,4692.941002
115,28,4654.460143
116,13,6670.807058
116,14,6326.912445
116,15,6104.482197
116,16,5387.355866
116,17,5210.003609
116,18,5072.148944
116,19,4795.127021
116,20,4704.689736
116,24,4692.941002
116,28,4654.460143
117,13,6590.167568
117,14,6302.240582
117,15,6078.248568
117,16,5325.470827
117,17,5169.506532
117,18,5056.022789
117,19,4793.944937
117,20,4704.689736
117,24,4691.469712
117,28,4654.460143
118,13,6590.167568
118,14,6302.240582
118,15,6078.248568
118,16,5243.650826
118,17,5169.506532
118,18,5056.022789
118,19,4793.944937
118,20,4704.689736
118,24,4691.469712
118,28,4654.460143
119,13,6568.305116
119,14,6302.240582
119,15,5903.356588
119,16,5243.305949
119,17,5169.506532
119,18,5052.840155
119,19,4789.838131
119,20,4700.304841
119,24,4691.469712
119,28,4654.460143
120,13,6568.305116
120,14,6302.240582
120,15,5903.356588
120,16,5243.305949
120,17,5169.506532
120,18,5052.840155
120,19,4789.838131
120,20,4700.304841
120,24,4691.469712
120,28,4654.460143
121,13,6488.162590
121,14,6217.655825
121,15,5836.671916
121,16,5243.305949
121,17,5162.959134
121,18,5052.474076
121,19,4772.247120
121,20,4684.625482
121,28,4652.688614
122,13,6488.162590
122,14,6217.655825
122,15,5836.671916
122,16,5243.305949
122,17,5162.959134
122,18,5052.474076
122,19,4772.247120
122,20,4684.625482
122,28,4652.688614
123,13,6312.717241
123,14,6217.655825
123,15,5829.578945
123,16,5243.305949
123,17,5160.348338
123,18,5041.620920
123,19,4772.247120
123,20,4676.140411
123,28,4652.688614
124,13,6312.717241
124,14,6217.655825
124,15,5829.578945
124,16,5243.305949
124,17,5160.348338
124,18,5026.417289
124,19,4772.247120
124,20,4676.140411
124,28,4652.688614
125,13,6312.717241
125,14,6172.149628
125,15,5829.578945
125,16,5243.305949
125,17,5107.173247
125,18,4837.842621
125,19,4772.247120
125,20,4676.140411
125,28,4652.688614
126,13,6312.717241
126,14,6172.149628
126,15,5829.578945
126,16,5243.305949
126,17,5107.173247
126,18,4837.842621
126,19,4772.247120
126,20,4676.140411
126,28,4652.688614
127,13,6134.793648
127,15,5829.578945
127,16,5243.305949
127,17,5107.173247
127,18,4837.842621
127,19,4754.308411
127,20,4675.416903
127,28,4652.688614
128,13,6134.793648
128,15,5829.578945
128,16,5243.305949
128,17,5107.173247
128,18,4837.842621
128,19,4754.308411
128,20,4675.416903
128,28,4652.688614
129,13,6008.161217
129,15,5829.578945
129,16,5242.323065
129,17,5107.173247
129,18,4837.842621
129,19,4754.308411
129,20,4675.416903
129,28,4646.220232
130,13,6008.161217
130,15,5829.578945
130,16,5242.323065
130,17,5107.173247
130,18,4837.842621
130,19,4754.308411
130,20,4675.416903
130,28,4646.220232
131,13,6008.161217
131,14,5906.253044
131,15,5829.578945
131,16,5220.431484
131,17,4866.970481
131,18,4837.842621
131,19,4754.197884
131,20,4675.416903
131,28,4646.220232
132,13,6008.161217
132,14,5906.253044
132,15,5829.578945
132,16,5220.431484
132,17,4866.970481
132,18,4786.065616
132,19,4754.197884
132,20,4675.416903
132,28,4646.220232
133,13,5932.341351
133,14,5903.883668
133,15,5606.980284
133,16,5220.431484
133,17,4866.970481
133,18,4759.312923
133,19,4708.404751
133,20,4671.329718
133,28,4642.669182
134,13,5823.438448
134,15,5606.980284
134,16,5220.431484
134,17,4866.970481
134,18,4759.312923
134,19,4708.404751
134,20,4671.329718
134,28,4642.669182
135,13,5823.438448
135,14,5805.646376
135,15,5606.980284
135,16,5211.426643
135,17,4861.343310
135,18,4759.312923
135,19,4708.404751
135,20,4671.329718
135,28,4642.669182
136,13,5720.661561
136,15,5606.980284
136,16,5211.426643
136,17,4861.343310
136,18,4759.312923
136,19,4708.404751
136,20,4671.329718
136,28,4642.669182
137,13,5720.661561
137,15,5606.980284
137,16,5211.426643
137,17,4844.825212
137,18,4751.490191
137,19,4708.404751
137,20,4671.329718
137,25,4667.747772
137,28,4642.669182
138,13,5720.661561
138,15,5606.980284
138,16,5211.426643
138,17,4844.825212
138,18,4751.490191
138,19,4708.404751
138,20,4671.329718
138,25,4665.758928
138,26,4664.401845
138,28,4642.669182
139,13,5720.661561
139,14,5675.855959
139,15,5606.980284
139,16,5201.952276
139,17,4844.825212
139,18,4751.490191
139,19,4708.404751
139,20,4671.329718
139,25,4665.758928
139,26,4664.401845
139,28,4642.558285
140,13,5720.661561
140,14,5675.855959
140,15,5606.980284
140,16,5201.952276
140,17,4844.825212
140,18,4751.490191
140,19,4708.404751
140,20,4671.329718
140,23,4662.284364
140,28,4642.558285
141,13,5720.661561
141,14,5551.379499
141,16,5078.288669
141,17,4844.825212
141,18,4732.087333
141,19,4708.404751
141,20,4671.329718
141,23,4662.284364
141,28,4642.558285
142,13,5668.244466
142,14,5551.379499
142,16,5078.288669
142,17,4844.825212
142,18,4732.087333
142,19,4708.404751
142,20,4671.329718
142,23,4662.284364
142,28,4642.558285
143,13,5668.244466
143,14,5551.379499
143,16,5078.288669
143,17,4844.825212
143,18,4708.130978
143,19,4703.294209
143,20,4662.014561
143,28,4642.558285
144,13,5668.244466
144,14,5551.379499
144,16,5078.288669
144,17,4844.825212
144,18,4708.130978
144,19,4703.294209
144,20,4662.014561
144,28,4642.558285
145,13,5578.074097
145,14,5551.379499
145,16,5078.288669
145,17,4844.825212
145,18,4708.130978
145,19,4703.294209
145,20,4662.014561
145,23,4653.836254
145,28,4642.558285
146,13,5578.074097
146,14,5551.379499
146,16,5078.288669
146,17,4844.825212
146,18,4708.130978
146,19,4697.624119
146,20,4655.948767
146,23,4653.836254
146,28,4642.558285
147,13,5447.968519
147,16,5078.288669
147,17,4844.825212
147,18,4701.862166
147,19,4696.554665
147,20,4655.948767
147,23,4653.836254
147,28,4642.558285
148,13,5447.968519
148,16,5078.288669
148,17,4844.825212
148,18,4701.862166
148,19,4696.554665
148,20,4655.948767
148,23,4653.836254
148,24,4641.531870
149,13,5437.810160
149,16,5077.785808
149,17,4844.825212
149,18,4701.862166
149,19,4657.928043
149,20,4653.092079
149,24,4634.845260
150,13,5437.810160
150,16,5077.785808
150,17,4844.825212
150,18,4701.862166
150,19,4657.928043
150,20,4653.092079
150,24,4634.845260
151,13,5437.810160
151,16,5071.941522
151,17,4844.825212
151,18,4700.156963
151,19,4657.928043
151,20,4651.912018
151,24,4634.494122
152,13,5437.810160
152,16,5071.941522
152,17,4844.825212
152,18,4700.156963
152,19,4657.928043
152,20,4651.912018
152,24,4634.494122
153,13,5437.810160
153,16,5071.941522
153,17,4844.825212
153,18,4699.615042
153,19,4657.928043
153,20,4646.402282
153,24,4634.494122
154,13,5358.408632
154,16,5071.941522
154,17,4844.825212
154,18,4686.556917
154,19,4657.928043
154,20,4646.402282
154,22,4636.185355
154,24,4634.494122
155,13,5302.110752
155,15,5272.533914
155,16,5071.941522
155,17,4838.804118
155,18,4686.556917
155,19,4657.928043
155,20,4646.402282
155,22,4635.088305
155,24,4627.973299
155,25,4618.677886
156,13,5302.110752
156,15,5272.533914
156,16,5071.941522
156,17,4791.803589
156,18,4686.556917
156,19,4657.928043
156,20,4644.676041
156,22,4635.088305
156,24,4627.973299
156,25,4608.218428
157,13,5271.250583
157,16,5048.076532
157,17,4791.803589
157,18,4686.556917
157,19,4657.586598
157,20,4644.676041
157,22,4635.088305
157,24,4622.349476
157,25,4608.218428
158,13,5271.250583
158,16,4858.402054
158,17,4791.803589
158,18,4686.556917
158,19,4657.586598
158,20,4644.676041
158,22,4635.088305
158,24,4622.349476
158,25,4604.882381
159,13,5253.439593
159,15,5171.744067
159,16,4858.402054
159,17,4791.785431
159,18,4686.556917
159,19,4656.301631
159,20,4644.676041
159,22,4632.858493
159,24,4613.751811
159,25,4598.358975
160,13,5253.439593
160,15,5171.744067
160,16,4858.402054
160,17,4791.785431
160,18,4686.556917
160,19,4656.301631
160,20,4644.676041
160,22,4632.858493
160,24,4613.751811
160,25,4598.358975
161,13,5253.439593
161,15,5147.665446
161,16,4858.402054
161,17,4791.785431
161,18,4686.556917
161,19,4656.301631
161,20,4644.676041
161,22,4631.197261
161,23,4621.781681
161,24,4613.751811
161,25,4598.358975
162,13,5216.426462
162,15,5147.665446
162,16,4858.402054
162,17,4791.785431
162,18,4686.556917
162,19,4656.301631
162,20,4644.676041
162,22,4631.197261
162,23,4621.781681
162,24,4613.751811
162,25,4598.358975
163,13,5216.426462
163,15,5094.233237
163,16,4858.402054
163,17,4777.147147
163,18,4686.556917
163,19,4656.301631
163,20,4644.676041
163,22,4630.655340
163,23,4606.917525
163,25,4598.358975
164,13,5216.426462
164,15,5094.233237
164,16,4858.402054
164,17,4758.248791
164,18,4686.556917
164,19,4656.301631
164,20,4644.676041
164,22,4630.655340
164,23,4606.917525
164,25,4598.358975
165,13,5148.560443
165,15,5094.233237
165,16,4795.729167
165,17,4757.522203
165,18,4686.556917
165,19,4656.301631
165,20,4644.676041
165,21,4624.306467
165,23,4606.767265
165,25,4595.530819
166,13,5148.560443
166,15,5094.233237
166,16,4795.729167
166,17,4757.522203
166,18,4686.556917
166,19,4656.301631
166,20,4644.676041
166,21,4624.306467
166,23,4606.767265
166,25,4595.530819
167,13,5146.448409
167,15,5094.233237
167,16,4795.729167
167,17,4757.522203
167,18,4686.556917
167,19,4632.204753
167,21,4624.306467
167,23,4606.767265
167,24,4601.313501
167,25,4595.530819
168,13,5146.448409
168,15,5094.233237
168,16,4795.729167
168,17,4757.522203
168,18,4686.556917
168,19,4632.204753
168,21,4624.306467
168,23,4606.767265
168,24,4601.313501
168,25,4595.530819
169,13,5126.978746
169,15,5094.233237
169,16,4795.729167
169,17,4756.545104
169,18,4686.556917
169,19,4632.204753
169,21,4616.862730
169,23,4600.622444
169,25,4595.530819
170,13,5126.978746
170,14,5063.182089
170,16,4795.729167
170,17,4756.545104
170,18,4686.556917
170,19,4632.204753
170,21,4616.862730
170,23,4600.622444
170,25,4595.530819
171,13,5126.978746
171,14,4981.445495
171,16,4795.729167
171,17,4756.545104
171,18,4686.556917
171,19,4631.607044
171,21,4616.862730
171,23,4600.622444
171,25,4595.530819
172,13,5126.978746
172,14,4981.445495
172,16,4795.729167
172,17,4756.545104
172,18,4686.556917
172,19,4631.607044
172,21,4616.862730
172,23,4600.622444
172,24,4586.682614
173,13,5126.978746
173,14,4963.512286
173,16,4793.185561
173,17,4756.545104
173,18,4685.166250
173,19,4621.309634
173,21,4616.862730
173,23,4592.459437
173,24,4585.982902
174,13,5108.433060
174,14,4963.512286
174,16,4793.185561
174,17,4756.545104
174,18,4685.166250
174,19,4621.309634
174,21,4616.862730
174,23,4592.459437
174,24,4585.982902
175,13,5091.656468
175,14,4952.270801
175,16,4793.185561
175,17,4714.047198
175,18,4685.166250
175,19,4617.904903
175,21,4616.862730
175,23,4592.459437
175,24,4585.982902
176,13,5091.656468
176,14,4952.270801
176,16,4793.185561
176,17,4714.047198
176,18,4685.166250
176,19,4617.904903
176,21,4616.862730
176,23,4592.459437
176,24,4585.982902
177,13,5091.656468
177,14,4949.367303
177,16,4792.447686
177,17,4713.660750
177,18,4682.936438
177,19,4617.904903
177,21,4616.862730
177,22,4608.479300
177,23,4592.459437
177,24,4585.982902
178,13,5091.656468
178,14,4949.367303
178,16,4792.447686
178,17,4713.660750
178,18,4682.936438
178,19,4617.904903
178,21,4616.862730
178,22,4608.479300
178,23,4583.933201
179,13,5091.656468
179,14,4949.367303
179,16,4789.497185
179,17,4713.660750
179,18,4672.778857
179,19,4617.904903
179,21,4616.862730
179,22,4608.479300
179,23,4572.080705
180,13,5081.621128
180,14,4949.367303
180,15,4869.640888
180,16,4789.497185
180,17,4713.660750
180,18,4672.778857
180,19,4617.904903
180,21,4616.862730
180,22,4599.934143
180,23,4572.080705
181,13,5081.621128
181,14,4949.367303
181,15,4869.640888
181,16,4752.078364
181,17,4700.375425
181,18,4672.778857
181,19,4617.904903
181,21,4616.862730
181,22,4599.934143
181,23,4571.091161
182,13,4968.457457
182,14,4949.367303
182,15,4789.026661
182,16,4752.078364
182,17,4700.375425
182,18,4659.542654
182,19,4617.904903
182,21,4616.862730
182,22,4599.934143
182,23,4571.091161
183,13,4968.457457
183,14,4949.367303
183,15,4789.026661
183,16,4746.887184
183,17,4675.455702
183,18,4659.542654
183,19,4612.210238
183,22,4594.560208
183,23,4571.091161
184,13,4968.457457
184,14,4901.444266
184,15,4789.026661
184,16,4746.887184
184,17,4675.455702
184,18,4659.542654
184,19,4612.210238
184,21,4610.788381
184,22,4594.560208
184,23,4571.091161
185,13,4948.233523
185,14,4888.247103
185,15,4786.914628
185,16,4746.887184
185,17,4675.455702
185,18,4659.542654
185,19,4611.939831
185,21,4610.338203
185,22,4594.555218
185,23,4571.091161
186,13,4948.233523
186,14,4888.247103
186,15,4786.914628
186,16,4746.887184
186,17,4675.455702
186,18,4659.542654
186,19,4611.939831
186,21,4610.338203
186,22,4594.555218
186,23,4571.091161
187,13,4948.233523
187,14,4885.836248
187,15,4781.338221
187,16,4746.887184
187,17,4675.455702
187,18,4659.542654
187,19,4611.939831
187,21,4610.338203
187,22,4594.555218
187,23,4570.959151
188,13,4850.351901
188,15,4781.338221
188,16,4746.887184
188,17,4675.455702
188,18,4659.542654
188,19,4611.939831
188,21,4610.338203
188,22,4594.555218
188,23,4570.959151
189,13,4850.351901
189,15,4703.920095
189,17,4654.275158
189,19,4605.925580
189,22,4594.325289
189,23,4568.126209
190,13,4850.351901
190,14,4795.561743
190,15,4703.920095
190,17,4654.275158
190,19,4605.925580
190,22,4594.325289
190,23,4568.126209
191,13,4822.874284
191,14,4782.571547
191,15,4703.920095
191,17,4637.368507
191,19,4605.925580
191,22,4594.325289
191,23,4568.126209
192,13,4822.874284
192,14,4782.571547
192,15,4703.920095
192,17,4637.368507
192,19,4605.925580
192,22,4594.325289
192,23,4568.126209
193,13,4822.874284
193,14,4775.745799
193,15,4703.920095
193,17,4624.320547
193,19,4604.751358
193,22,4588.298832
193,23,4568.126209
194,13,4822.874284
194,14,4775.745799
194,15,4703.920095
194,17,4624.320547
194,19,4604.751358
194,21,4596.239309
194,22,4588.298832
194,23,4568.126209
195,12,5506.117126
195,13,4811.633167
195,14,4775.745799
195,15,4703.920095
195,17,4618.067467
195,19,4604.751358
195,21,4590.865375
195,22,4588.298832
195,23,4568.126209
196,12,5506.117126
196,13,4811.633167
196,14,4775.745799
196,15,4703.920095
196,16,4700.609308
196,17,4618.067467
196,19,4604.751358
196,21,4590.865375
196,22,4588.298832
196,23,4568.126209
197,12,5504.005093
197,13,4811.633167
197,14,4775.745799
197,15,4703.920095
197,16,4692.050747
197,17,4597.883058
197,21,4590.865375
197,22,4587.001989
197,23,4567.869581
198,12,5504.005093
198,13,4811.633167
198,14,4775.745799
198,15,4702.760249
198,16,4692.050747
198,17,4597.883058
198,21,4590.865375
198,22,4587.001989
198,23,4563.839019
199,12,5483.121777
199,13,4802.582142
199,14,4773.210848
199,15,4702.760249
199,16,4692.050747
199,17,4597.338143
199,21,4589.909620
199,22,4587.001989
199,23,4563.839019
200,12,5483.121777
200,13,4802.582142
200,14,4773.210848
200,15,4702.760249
200,16,4692.050747
200,17,4597.338143
200,18,4594.239351
200,21,4589.909620
200,22,4569.692498
200,23,4563.839019
200,25,4556.102956
201,12,5293.774831
201,13,4802.582142
201,14,4773.210848
201,15,4702.760249
201,16,4692.050747
201,17,4597.338143
201,18,4594.239351
201,21,4589.909620
201,22,4569.692498
201,23,4563.839019
201,25,4556.102956
202,12,5253.128740
202,13,4802.582142
202,14,4729.648621
202,15,4698.759928
202,16,4692.050747
202,17,4597.338143
202,18,4594.239351
202,21,4589.909620
202,22,4547.533928
202,23,4538.041040
203,12,5253.128740
203,13,4802.582142
203,14,4727.060218
203,15,4698.759928
203,16,4692.050747
203,17,4597.338143
203,18,4594.239351
203,21,4583.965004
203,22,4547.533928
203,23,4538.041040
204,12,5253.128740
204,13,4737.721023
204,14,4727.060218
204,15,4684.724723
204,17,4597.338143
204,18,4594.239351
204,21,4583.965004
204,22,4547.533928
204,23,4538.041040
205,12,5253.128740
205,13,4737.721023
205,14,4727.060218
205,15,4677.956795
205,16,4664.003970
205,17,4597.338143
205,18,4594.239351
205,21,4577.399111
205,22,4547.533928
205,23,4538.041040
206,12,5245.575497
206,13,4730.349607
206,14,4727.060218
206,15,4672.442154
206,16,4661.675145
206,17,4583.563354
206,21,4577.399111
206,22,4547.533928
206,23,4538.041040
207,12,5245.575497
207,13,4730.349607
207,14,4727.060218
207,15,4672.442154
207,16,4661.675145
207,17,4583.563354
207,21,4577.399111
207,22,4547.533928
207,23,4538.041040
208,12,5240.869078
208,13,4727.042446
208,15,4663.193278
208,16,4661.675145
208,17,4583.563354
208,21,4576.740988
208,22,4547.172432
208,23,4537.679543
209,12,5240.869078
209,13,4727.042446
209,15,4663.193278
209,16,4661.675145
209,17,4583.563354
209,21,4576.740988
209,22,4547.172432
209,23,4537.679543
210,12,5240.869078
210,13,4717.378775
210,15,4663.193278
210,16,4661.450052
210,17,4583.563354
210,21,4576.267167
210,22,4547.172432
210,23,4537.679543
211,12,5240.869078
211,13,4717.378775
211,15,4663.193278
211,16,4661.450052
211,17,4583.563354
211,21,4576.267167
211,22,4547.172432
211,23,4537.679543
212,12,5240.869078
212,13,4717.378775
212,14,4708.703251
212,15,4663.193278
212,16,4661.450052
212,17,4583.394710
212,20,4568.606066
212,22,4547.172432
212,23,4530.276280
213,12,5240.869078
213,13,4717.378775
213,14,4708.703251
213,15,4663.193278
213,16,4661.450052
213,17,4583.394710
213,20,4568.606066
213,21,4563.767981
213,22,4547.172432
213,23,4530.276280
214,12,5240.869078
214,13,4717.378775
214,14,4708.703251
214,15,4663.193278
214,16,4661.450052
214,17,4583.394710
214,20,4564.257623
214,21,4563.767981
214,22,4547.172432
214,23,4530.276280
215,12,5240.869078
215,13,4717.378775
215,14,4708.703251
215,15,4663.193278
215,16,4661.450052
215,17,4583.394710
215,20,4564.257623
215,21,4563.767981
215,22,4547.172432
215,23,4530.276280
216,12,5240.869078
216,13,4717.378775
216,14,4708.703251
216,15,4658.311666
216,16,4645.013623
216,17,4583.394710
216,20,4547.723270
216,22,4544.769049
216,23,4530.276280
217,12,5240.869078
217,13,4717.378775
217,14,4684.326550
217,15,4658.311666
217,16,4629.519171
217,17,4583.394710
217,20,4547.723270
217,22,4544.769049
217,23,4530.276280
218,12,5240.089187
218,13,4717.378775
218,14,4684.326550
218,15,4658.311666
218,16,4629.519171
218,17,4569.985907
218,20,4547.723270
218,22,4544.769049
218,23,4530.013096
219,12,5240.089187
219,13,4717.378775
219,14,4684.326550
219,15,4658.311666
219,16,4629.519171
219,17,4569.985907
219,20,4547.723270
219,22,4544.769049
219,23,4530.013096
220,12,5240.036849
220,13,4717.086511
220,14,4684.326550
220,15,4658.311666
220,16,4629.519171
220,17,4569.056060
220,20,4547.723270
220,21,4544.219577
220,23,4529.996740
221,12,5240.036849
221,13,4717.086511
221,14,4684.326550
221,15,4658.311666
221,16,4629.519171
221,17,4569.056060
221,20,4547.723270
221,21,4544.219577
221,23,4529.996740
222,12,5237.444353
222,13,4717.086511
222,14,4684.326550
222,15,4653.880824
222,16,4629.519171
222,17,4564.913977
222,20,4547.723270
222,21,4527.860369
223,12,5237.444353
223,13,4717.086511
223,14,4684.326550
223,15,4645.655884
223,16,4629.519171
223,17,4564.913977
223,20,4547.723270
223,21,4527.860369
224,12,5237.444353
224,13,4717.086511
224,14,4684.326550
224,15,4638.564905
224,16,4629.519171
224,17,4564.913977
224,20,4547.723270
224,21,4526.558612
225,12,5237.444353
225,13,4717.086511
225,14,4684.326550
225,15,4638.564905
225,16,4629.519171
225,17,4564.913977
225,20,4547.723270
225,21,4526.558612
226,12,5235.489277
226,13,4717.086511
226,14,4684.326550
226,15,4636.574659
226,16,4629.343417
226,17,4564.913977
226,20,4547.723270
226,21,4526.558612
227,12,5235.489277
227,13,4717.086511
227,14,4684.326550
227,15,4636.574659
227,16,4629.343417
227,17,4564.913977
227,20,4547.723270
227,21,4526.558612
228,12,5235.489277
228,13,4683.302949
228,14,4674.423858
228,15,4636.574659
228,16,4626.946538
228,17,4559.819515
228,20,4547.723270
228,21,4526.558612
229,12,5235.489277
229,13,4683.302949
229,14,4674.423858
229,15,4636.574659
229,16,4626.946538
229,17,4559.819515
229,19,4554.338324
229,20,4530.444681
229,21,4526.558612
230,12,5235.489277
230,13,4683.302949
230,14,4674.423858
230,15,4621.359534
230,17,4559.803395
230,19,4554.338324
230,20,4530.444681
230,21,4526.558612
231,12,5232.399204
231,13,4683.302949
231,14,4653.221636
231,15,4621.359534
231,17,4559.803395
231,19,4554.338324
231,20,4520.927848
232,12,5232.399204
232,13,4682.631269
232,14,4653.221636
232,15,4621.359534
232,17,4559.803395
232,19,4554.338324
232,20,4520.927848
233,12,5232.399204
233,13,4682.631269
233,14,4653.221636
233,15,4621.359534
233,17,4559.803395
233,19,4554.338324
233,20,4520.927848
234,12,5232.399204
234,13,4682.631269
234,14,4653.221636
234,15,4621.359534
234,17,4559.803395
234,18,4543.658106
234,20,4520.927848
235,12,5155.963057
235,13,4682.631269
235,14,4632.592375
235,15,4621.359534
235,17,4559.803395
235,18,4543.658106
235,20,4520.927848
236,12,5151.756473
236,13,4682.631269
236,14,4632.592375
236,15,4621.359534
236,17,4549.832535
236,18,4543.658106
236,20,4520.927848
237,12,5151.756473
237,13,4682.631269
237,14,4594.233875
237,17,4549.832535
237,18,4543.658106
237,20,4520.927848
237,21,4520.295334
238,12,5151.756473
238,13,4682.631269
238,14,4594.233875
238,15,4541.137671
238,20,4520.927848
238,21,4507.891304
239,12,5151.756473
239,13,4672.070627
239,14,4565.748789
239,15,4541.137671
239,18,4508.201109
239,21,4507.891304
240,12,5149.552935
240,13,4672.070627
240,14,4565.748789
240,15,4541.137671
240,18,4508.201109
240,21,4507.497702
241,12,5149.552935
241,13,4672.070627
241,14,4565.748789
241,15,4541.137671
241,18,4508.201109
241,21,4507.497702
242,12,5042.572514
242,13,4672.070627
242,14,4565.748789
242,15,4541.137671
242,18,4508.201109
242,21,4507.497702
243,12,5042.572514
243,13,4632.970430
243,14,4565.748789
243,15,4541.137671
243,17,4526.380517
243,18,4508.201109
243,21,4507.497702
244,12,5018.183003
244,13,4632.970430
244,14,4565.748789
244,15,4531.948662
244,17,4526.380517
244,18,4508.201109
244,21,4507.497702
245,12,5018.183003
245,13,4632.970430
245,14,4565.748789
245,15,4531.948662
245,17,4526.380517
245,18,4508.201109
245,21,4507.497702
246,12,5018.183003
246,13,4632.970430
246,14,4548.764385
246,15,4531.948662
246,17,4526.380517
246,18,4508.201109
246,21,4507.497702
247,12,5018.183003
247,13,4631.195194
247,14,4548.764385
247,15,4531.948662
247,17,4526.380517
247,18,4508.201109
247,21,4507.497702
248,12,5015.607224
248,13,4631.195194
248,14,4548.764385
248,15,4531.948662
248,17,4517.024213
248,18,4508.201109
248,21,4507.497702
249,12,5015.607224
249,13,4631.195194
249,14,4548.764385
249,15,4531.948662
249,17,4517.024213
249,18,4508.201109
249,21,4507.497702
250,12,5015.607224
250,13,4631.195194
250,14,4548.764385
250,15,4531.948662
250,16,4523.885764
250,17,4517.024213
250,18,4503.031836
251,11,5636.513988
251,12,5003.705938
251,13,4631.195194
251,14,4548.764385
251,15,4531.948662
251,16,4521.125821
251,17,4517.024213
251,18,4503.031836
252,11,5487.215052
252,12,5000.725316
252,13,4631.195194
252,14,4548.764385
252,15,4531.781366
252,16,4521.125821
252,17,4517.024213
252,18,4503.031836
252,19,4488.312829
253,11,5487.215052
253,12,5000.725316
253,13,4631.195194
253,14,4548.764385
253,15,4531.781366
253,16,4521.125821
253,17,4517.024213
253,18,4478.243949
254,11,5487.215052
254,12,4997.371461
254,13,4631.195194
254,14,4548.764385
254,15,4531.781366
254,16,4521.125821
254,17,4517.024213
254,18,4478.243949
255,11,5487.215052
255,12,4997.371461
255,13,4631.195194
255,14,4548.764385
255,15,4531.781366
255,16,4521.125821
255,17,4517.024213
255,18,4478.243949
256,11,5487.215052
256,12,4997.371461
256,13,4631.195194
256,14,4548.764385
256,15,4531.781366
256,16,4518.785112
256,17,4517.024213
256,18,4478.243949
257,11,5487.215052
257,12,4997.371461
257,13,4631.195194
257,14,4548.764385
257,15,4531.781366
257,16,4514.626097
257,17,4514.192127
257,18,4478.243949
258,11,5487.215052
258,12,4997.371461
258,13,4631.195194
258,14,4548.764385
258,15,4531.781366
258,16,4507.586397
258,18,4478.243949
258,19,4469.093997
259,11,5234.309839
259,12,4997.371461
259,13,4631.195194
259,14,4548.764385
259,15,4531.781366
259,16,4507.586397
259,18,4478.243949
259,19,4469.093997
259,20,4468.863527
260,11,5192.684246
260,12,4997.371461
260,13,4608.909772
260,14,4548.764385
260,15,4531.781366
260,16,4507.586397
260,18,4478.243949
260,19,4469.093997
260,20,4468.011609
261,11,5192.684246
261,12,4997.371461
261,13,4608.909772
261,14,4548.764385
261,15,4531.781366
261,16,4504.360285
261,18,4478.243949
261,19,4469.093997
261,20,4468.011609
262,11,5192.684246
262,12,4955.825948
262,13,4608.909772
262,14,4548.764385
262,15,4531.781366
262,16,4504.360285
262,18,4478.243949
262,19,4469.093997
262,20,4468.011609
263,11,5192.684246
263,12,4955.825948
263,13,4608.909772
263,14,4548.764385
263,15,4531.781366
263,16,4504.360285
263,18,4478.243949
263,19,4469.093997
263,20,4468.011609
264,11,5192.684246
264,12,4923.523113
264,13,4608.875031
264,14,4548.764385
264,15,4531.781366
264,16,4504.360285
264,18,4477.394105
264,19,4469.093997
264,20,4468.011609
265,11,5192.684246
265,12,4923.523113
265,13,4608.875031
265,14,4548.764385
265,15,4531.781366
265,16,4504.360285
265,18,4477.394105
265,19,4469.093997
265,20,4468.011609
266,11,5100.887685
266,12,4917.162737
266,13,4608.875031
266,14,4548.764385
266,15,4531.781366
266,16,4504.360285
266,18,4477.394105
266,19,4469.093997
266,20,4468.011609
267,11,5100.887685
267,12,4917.162737
267,13,4608.875031
267,14,4548.764385
267,15,4531.781366
267,16,4504.360285
267,18,4477.394105
267,19,4469.093997
267,20,4468.011609
268,11,5098.311729
268,12,4917.162737
268,13,4607.393716
268,14,4548.764385
268,15,4531.781366
268,16,4504.360285
268,18,4477.394105
268,19,4469.093997
268,20,4466.644210
269,11,5098.311729
269,12,4917.162737
269,13,4607.393716
269,14,4548.764385
269,15,4531.781366
269,16,4504.360285
269,18,4477.394105
269,19,4469.093997
269,20,4466.644210
270,11,5098.311729
270,12,4917.162737
270,13,4605.894396
270,14,4548.764385
270,15,4528.387410
270,16,4504.360285
270,18,4477.394105
270,19,4469.093997
270,20,4466.644210
271,11,5098.311729
271,12,4917.162737
271,13,4605.894396
271,14,4548.764385
271,15,4528.387410
271,16,4504.360285
271,18,4477.394105
271,19,4469.093997
271,20,4466.644210
272,11,5098.311729
272,12,4912.825224
272,13,4605.894396
272,14,4548.764385
272,15,4528.387410
272,16,4504.360285
272,18,4477.394105
272,19,4452.262747
273,11,5098.311729
273,12,4912.825224
273,13,4605.651277
273,14,4548.764385
273,15,4528.387410
273,16,4504.360285
273,18,4477.394105
273,19,4452.262747
274,11,5098.311729
274,12,4822.600800
274,13,4605.651277
274,14,4548.764385
274,15,4528.387410
274,16,4504.360285
274,18,4477.394105
274,19,4452.262747
275,11,5098.311729
275,12,4822.600800
275,13,4604.911015
275,14,4548.764385
275,15,4528.387410
275,16,4504.360285
275,18,4477.394105
275,19,4452.262747
276,11,5092.771471
276,12,4822.600800
276,13,4604.911015
276,14,4548.764385
276,15,4528.387410
276,16,4504.360285
276,17,4489.610134
276,18,4477.394105
276,19,4452.214989
277,11,5092.771471
277,12,4822.600800
277,13,4604.911015
277,14,4548.764385
277,15,4528.387410
277,16,4504.360285
277,17,4489.610134
277,18,4477.394105
277,19,4452.214989
278,11,5092.771471
278,12,4822.600800
278,13,4604.911015
278,14,4548.764385
278,15,4521.820365
278,16,4504.360285
278,17,4489.610134
278,18,4477.394105
278,19,4447.019526
279,11,5092.771471
279,12,4822.600800
279,13,4604.911015
279,14,4548.764385
279,15,4521.343304
279,16,4504.360285
279,17,4489.610134
279,18,4477.394105
279,19,4447.019526
280,11,5091.326213
280,12,4822.600800
280,13,4604.911015
280,14,4548.764385
280,15,4521.343304
280,16,4504.360285
280,17,4489.610134
280,18,4477.394105
280,19,4447.019526
281,11,5091.326213
281,12,4822.600800
281,13,4604.911015
281,14,4548.764385
281,15,4521.343304
281,16,4504.360285
281,17,4489.610134
281,18,4471.539372
281,19,4447.019526
282,11,5091.326213
282,12,4754.358618
282,13,4604.911015
282,14,4548.764385
282,15,4521.343304
282,16,4504.360285
282,17,4489.610134
282,18,4463.589923
282,19,4447.019526
283,11,5082.982412
283,12,4754.358618
283,13,4604.911015
283,14,4548.764385
283,15,4521.343304
283,16,4504.360285
283,17,4489.610134
283,18,4463.589923
283,19,4447.019526
284,11,5064.104010
284,12,4754.358618
284,13,4604.911015
284,14,4548.764385
284,15,4521.343304
284,16,4497.586907
284,17,4489.610134
284,18,4463.589923
284,19,4447.019526
285,11,5064.104010
285,12,4754.358618
285,13,4604.911015
285,14,4548.764385
285,15,4521.343304
285,16,4497.586907
285,17,4489.610134
285,18,4463.589923
285,19,4447.019526
286,11,5064.104010
286,12,4750.638634
286,13,4604.911015
286,14,4548.764385
286,15,4521.343304
286,16,4497.586907
286,17,4489.610134
286,18,4463.589923
286,19,4446.625013
287,11,5064.104010
287,12,4750.638634
287,13,4604.911015
287,14,4548.764385
287,15,4521.343304
287,16,4497.586907
287,17,4489.610134
287,18,4463.589923
287,19,4446.625013
288,11,5064.104010
288,12,4719.532351
288,13,4604.911015
288,14,4548.764385
288,15,4521.343304
288,16,4497.586907
288,17,4489.610134
288,18,4463.589923
288,19,4446.625013
289,11,5064.104010
289,12,4719.532351
289,13,4604.911015
289,14,4548.764385
289,15,4521.343304
289,16,4497.586907
289,17,4489.610134
289,18,4463.589923
289,19,4446.625013
290,11,5064.104010
290,12,4718.473233
290,13,4604.911015
290,14,4548.764385
290,15,4521.343304
290,16,4497.586907
290,17,4489.610134
290,18,4463.589923
290,19,4446.625013
291,11,5064.104010
291,12,4689.110133
291,13,4604.911015
291,14,4548.764385
291,15,4521.343304
291,16,4497.586907
291,17,4489.610134
291,18,4463.589923
291,19,4446.625013
292,11,5064.104010
292,12,4689.110133
292,13,4604.911015
292,14,4543.301143
292,15,4521.343304
292,16,4497.586907
292,17,4489.610134
292,18,4463.589923
292,19,4446.625013
293,11,5064.104010
293,12,4689.110133
293,13,4604.911015
293,14,4543.301143
293,15,4521.343304
293,16,4497.586907
293,17,4489.610134
293,18,4463.589923
293,19,4446.625013
294,11,5064.104010
294,12,4689.110133
294,13,4604.911015
294,14,4543.301143
294,15,4521.343304
294,16,4497.586907
294,17,4489.610134
294,18,4463.589923
294,19,4446.625013
295,11,5064.104010
295,12,4689.110133
295,13,4604.911015
295,14,4543.301143
295,15,4521.343304
295,16,4497.586907
295,17,4489.610134
295,18,4463.589923
295,19,4446.625013
296,11,5064.104010
296,12,4689.110133
296,13,4604.911015
296,14,4543.301143
296,15,4521.343304
296,16,4497.586907
296,17,4489.610134
296,18,4463.589923
296,19,4446.133807
297,11,5064.104010
297,12,4689.110133
297,13,4604.911015
297,14,4543.301143
297,15,4521.343304
297,16,4497.586907
297,17,4489.610134
297,18,4463.589923
297,19,4446.133807
298,11,5025.524555
298,12,4689.110133
298,13,4604.911015
298,14,4543.301143
298,15,4521.008348
298,16,4497.579563
298,17,4489.610134
298,18,4463.589923
298,19,4446.133807
299,11,5025.524555
299,12,4689.110133
299,13,4604.911015
299,14,4543.301143
299,15,4521.008348
299,16,4497.579563
299,17,4489.610134
299,18,4463.589923
299,19,4446.133807
300,11,5025.524555
300,12,4689.110133
300,13,4604.911015
300,14,4543.301143
300,15,4521.008348
300,16,4497.579563
300,17,4489.610134
300,18,4463.589923
300,19,4446.133807
301,11,5025.524555
301,12,4689.110133
301,13,4604.911015
301,14,4543.301143
301,15,4521.008348
301,16,4497.579563
301,17,4489.610134
301,18,4463.589923
301,19,4446.133807
302,11,5025.524555
302,12,4666.561249
302,13,4604.911015
302,14,4543.301143
302,15,4505.743111
302,16,4497.579563
302,17,4484.253048
302,18,4463.589923
302,19,4443.204243
303,11,5025.524555
303,12,4666.561249
303,13,4604.911015
303,14,4543.301143
303,15,4505.743111
303,16,4488.760093
303,17,4484.253048
303,18,4463.589923
303,19,4443.204243
303,21,4430.672120
304,11,5025.524555
304,12,4666.561249
304,13,4604.911015
304,14,4543.301143
304,15,4505.743111
304,16,4488.760093
304,17,4484.253048
304,18,4461.166918
304,19,4443.204243
304,20,4425.318677
305,11,5025.524555
305,12,4660.438202
305,13,4604.911015
305,14,4543.301143
305,15,4505.743111
305,16,4488.760093
305,17,4484.253048
305,18,4461.166918
305,19,4443.204243
305,20,4425.318677
306,11,4989.349901
306,12,4660.438202
306,13,4604.911015
306,14,4543.301143
306,15,4505.743111
306,16,4488.760093
306,17,4484.253048
306,18,4461.166918
306,19,4441.538407
306,20,4425.318677
307,11,4989.349901
307,12,4660.438202
307,13,4604.911015
307,14,4543.301143
307,15,4505.743111
307,16,4488.760093
307,17,4484.253048
307,18,4461.166918
307,19,4441.538407
307,20,4425.318677
308,11,4989.349901
308,12,4660.166200
308,13,4604.911015
308,14,4543.301143
308,15,4505.743111
308,16,4488.760093
308,17,4484.253048
308,18,4448.300450
308,19,4441.538407
308,20,4425.318677
309,11,4989.349901
309,12,4660.166200
309,13,4604.911015
309,14,4543.301143
309,15,4505.743111
309,16,4488.760093
309,17,4484.253048
309,18,4448.300450
309,19,4441.538407
309,20,4425.318677
310,11,4989.349901
310,12,4660.166200
310,13,4604.911015
310,14,4543.301143
310,15,4505.743111
310,16,4488.760093
310,17,4484.253048
310,18,4448.300450
310,19,4441.538407
310,20,4425.318677
311,11,4935.671351
311,12,4660.166200
311,13,4604.911015
311,14,4543.301143
311,15,4505.743111
311,16,4488.760093
311,17,4484.253048
311,18,4448.300450
311,19,4439.936175
311,20,4425.318677
312,11,4930.890879
312,12,4660.166200
312,13,4604.911015
312,14,4543.301143
312,15,4505.743111
312,16,4488.760093
312,17,4484.253048
312,18,4448.300450
312,19,4439.936175
312,20,4425.318677
313,11,4902.082725
313,12,4660.166200
313,13,4604.911015
313,14,4543.301143
313,15,4505.743111
313,16,4488.760093
313,17,4484.253048
313,18,4448.300450
313,19,4439.936175
313,20,4425.318677
314,11,4902.082725
314,12,4660.166200
314,13,4604.911015
314,14,4543.301143
314,15,4505.743111
314,16,4488.760093
314,17,4484.253048
314,18,4448.300450
314,19,4439.936175
314,20,4425.318677
315,11,4902.082725
315,12,4660.166200
315,13,4604.911015
315,14,4543.301143
315,15,4505.743111
315,16,4488.760093
315,17,4484.253048
315,18,4448.300450
315,19,4439.936175
315,20,4425.318677
316,11,4837.981386
316,12,4657.578653
316,13,4604.911015
316,14,4543.301143
316,15,4505.743111
316,16,4488.760093
316,17,4484.253048
316,18,4447.581343
316,19,4439.936175
316,20,4425.318677
317,11,4837.981386
317,12,4657.578653
317,13,4604.911015
317,14,4543.301143
317,15,4505.743111
317,16,4488.760093
317,17,4484.253048
317,18,4447.581343
317,19,4439.936175
317,20,4425.318677
318,11,4837.981386
318,12,4657.578653
318,13,4604.911015
318,14,4543.301143
318,15,4505.743111
318,16,4488.760093
318,17,4484.253048
318,18,4447.581343
318,19,4439.936175
318,20,4425.318677
319,11,4837.981386
319,12,4657.578653
319,13,4604.911015
319,14,4543.301143
319,15,4505.743111
319,16,4488.760093
319,17,4484.253048
319,18,4447.581343
319,19,4434.179225
319,20,4425.318677
320,11,4837.674981
320,12,4657.578653
320,13,4604.911015
320,14,4543.301143
320,15,4505.743111
320,16,4488.760093
320,17,4481.830043
320,18,4447.581343
320,19,4434.179225
320,20,4425.318677
321,11,4837.674981
321,12,4657.578653
321,13,4604.911015
321,14,4543.301143
321,15,4505.743111
321,16,4488.760093
321,17,4481.830043
321,18,4446.539746
321,19,4434.179225
321,20,4425.318677
322,11,4837.674981
322,12,4657.578653
322,13,4604.911015
322,14,4543.301143
322,15,4505.743111
322,16,4488.760093
322,17,4481.830043
322,18,4446.539746
322,19,4434.179225
322,20,4425.318677
