Generation,NV,TOC
1,57,21299.868768
1,58,21085.783160
1,62,20106.441425
1,92,19729.538682
1,99,19010.268019
1,122,16366.830776
2,57,21299.868768
2,58,21085.783160
2,62,20106.441425
2,83,18161.810527
2,84,17969.408294
2,87,17798.161293
2,99,17728.338326
2,103,17526.151286
2,106,17478.653991
2,108,17234.404802
2,117,16927.536901
2,122,16366.830776
3,57,21299.868768
3,58,21085.783160
3,60,20287.429824
3,62,20106.441425
3,81,18859.152635
3,83,18161.810527
3,84,17969.408294
3,86,17781.675617
3,90,17351.840320
3,106,17075.014697
3,111,17059.121005
3,114,16968.890472
3,117,16927.536901
3,121,16630.286898
3,122,16366.830776
3,123,16355.784890
4,57,19937.350248
4,70,19766.160194
4,72,19547.341014
4,75,19129.843238
4,77,18607.265049
4,80,17610.343031
4,90,17351.840320
4,98,16729.634500
4,114,16640.735948
4,115,16439.892117
4,117,16261.545138
4,133,16045.180458
5,56,20255.820666
5,57,19937.350248
5,62,19399.849423
5,67,18636.949053
5,70,18009.358492
5,80,17610.343031
5,87,17536.517174
5,88,17428.814503
5,90,17351.840320
5,92,17171.501263
5,98,16729.634500
5,105,16728.266120
5,112,16524.407155
5,115,16439.892117
5,117,16255.327405
5,121,16072.375844
5,133,16023.768147
6,56,20255.820666
6,57,19937.350248
6,60,19528.472278
6,62,19399.849423
6,67,18636.949053
6,70,17933.995201
6,72,17717.595865
6,79,16575.508412
6,83,16501.929546
6,93,16468.377542
6,97,16168.001918
6,107,16090.424971
6,121,16072.375844
6,128,15675.638260
7,56,20255.820666
7,57,19937.350248
7,58,19316.992925
7,60,18746.742702
7,62,18335.546007
7,70,17933.995201
7,72,17717.595865
7,75,17499.940709
7,79,16575.508412
7,83,16121.945706
7,84,16069.770823
7,107,15911.249844
7,128,15675.638260
8,56,20255.820666
8,57,18901.352043
8,60,18746.742702
8,62,18335.546007
8,63,18321.478721
8,65,17793.057021
8,72,17717.595865
8,73,17076.612783
8,77,17056.596034
8,79,16575.508412
8,83,16121.945706
8,84,16069.770823
8,107,15911.249844
8,111,15851.021987
8,115,15707.959459
8,128,15675.638260
8,138,15546.018423
9,55,20982.659432
9,56,18522.257744
9,62,18335.546007
9,63,18321.478721
9,64,17478.370130
9,65,17224.182139
9,69,16919.803533
9,76,16716.792480
9,79,16575.508412
9,83,16121.945706
9,84,16069.770823
9,107,15911.249844
9,111,15851.021987
9,115,15707.959459
9,128,15675.638260
9,137,15437.673511
10,55,18608.439101
10,56,18522.257744
10,59,18366.872060
10,62,17772.118876
10,63,17280.545547
10,65,17055.930376
10,68,16630.412938
10,71,16199.018889
10,80,15961.495438
10,107,15911.249844
10,111,15751.259840
10,112,15728.029630
10,115,15707.959459
10,119,15455.856066
10,137,15437.673511
11,55,18002.787579
11,60,17475.055575
11,63,17280.545547
11,64,16656.945537
11,68,16546.124747
11,71,16186.674159
11,77,15845.624916
11,83,15609.622792
11,118,15398.577969
11,136,15171.824536
12,55,18002.787579
12,56,17950.079163
12,59,17563.795534
12,60,17475.055575
12,63,17280.545547
12,64,16656.945537
12,68,16546.124747
12,71,16186.674159
12,77,15845.624916
12,83,15609.622792
12,113,15561.607348
12,118,15398.577969
12,136,15171.824536
13,55,18002.787579
13,56,17950.079163
13,59,17563.795534
13,60,17475.055575
13,61,17467.469731
13,62,16830.444635
13,63,16576.709475
13,67,16524.958931
13,70,16131.023514
13,76,15812.385423
13,83,15476.999078
13,93,15444.926623
13,106,15316.718968
13,133,15170.003582
14,54,18617.583268
14,55,18002.787579
14,56,17950.079163
14,57,17877.097064
14,59,17253.574117
14,62,16830.444635
14,63,16576.709475
14,65,16355.441405
14,70,16131.023514
14,72,16060.691630
14,76,15812.385423
14,83,15476.999078
14,91,15424.737243
14,98,15360.140631
14,104,15303.390686
14,105,15003.570519
15,54,18617.583268
15,55,18002.787579
15,56,17899.157744
15,57,17342.682691
15,59,17253.574117
15,62,16830.444635
15,63,16419.389378
15,64,16243.665953
15,68,16184.938702
15,70,16012.796850
15,71,15851.202923
15,72,15806.392843
15,76,15753.429187
15,83,15476.999078
15,90,15085.965145
15,102,14977.034384
16,53,17757.231263
16,57,17121.273799
16,58,16824.222585
16,63,16419.389378
16,64,16243.665953
16,68,16184.938702
16,69,15956.099700
16,71,15851.202923
16,72,15575.506481
16,83,15476.999078
16,90,15085.965145
16,99,14987.383110
16,102,14977.034384
16,119,14974.131184
17,52,18391.425908
17,53,17757.231263
17,56,17591.367215
17,57,17121.273799
17,58,16824.222585
17,62,16441.820942
17,63,16419.389378
17,64,16243.665953
17,68,16071.562695
17,69,15821.969357
17,70,15738.819488
17,72,15482.696882
17,82,15440.344785
17,88,15026.700638
17,98,14926.576303
17,109,14798.726499
17,113,14616.958898
18,52,18391.425908
18,53,17692.213203
18,55,17339.471831
18,56,17315.642573
18,57,17121.273799
18,58,16824.222585
18,61,16679.278152
18,62,16363.844731
18,64,16243.665953
18,66,15931.520212
18,69,15658.403231
18,72,15482.696882
18,76,15476.687793
18,82,15440.344785
18,87,15179.797857
18,88,15026.700638
18,97,14874.006853
18,109,14798.726499
18,113,14616.958898
19,52,18252.176212
19,53,17692.213203
19,54,17200.751303
19,56,17176.724572
19,57,17121.273799
19,58,16824.222585
19,61,16612.786077
19,62,16363.844731
19,63,16182.111365
19,66,15919.103878
19,69,15639.364112
19,70,15429.636550
19,74,15291.975793
19,84,15117.183829
19,88,14977.190495
19,97,14847.561556
19,109,14782.609313
19,112,14552.134464
20,52,18252.176212
20,53,17692.213203
20,54,17200.751303
20,56,17176.724572
20,57,17035.457507
20,58,16672.164527
20,61,16612.786077
20,62,16363.844731
20,63,16182.111365
20,66,15919.103878
20,69,15639.364112
20,70,15429.636550
20,74,15291.975793
20,79,15220.779431
20,84,15117.183829
20,88,14977.190495
20,92,14967.923664
20,97,14847.561556
20,109,14782.609313
20,112,14552.134464
21,52,18091.841696
21,53,17466.972948
21,54,17200.751303
21,56,16966.721633
21,57,16954.072292
21,58,16672.164527
21,61,16612.786077
21,62,16249.730432
21,63,16011.887363
21,66,15919.103878
21,67,15789.952883
21,68,15381.251900
21,69,15339.665286
21,73,15243.859185
21,76,14847.933663
21,97,14847.561556
21,109,14714.410449
21,111,14477.762482
22,52,18091.841696
22,53,16641.505890
22,57,16380.697673
22,62,16249.730432
22,63,16011.887363
22,66,15902.212136
22,67,15789.952883
22,68,15381.251900
22,69,15339.665286
22,73,15243.859185
22,76,14847.933663
22,97,14847.561556
22,106,14743.464953
22,109,14678.771146
22,111,14477.762482
23,50,18879.056464
23,52,18091.841696
23,53,16641.505890
23,56,16449.654480
23,57,16380.697673
23,61,16031.268636
23,63,16011.887363
23,66,15694.040428
23,68,15275.738008
23,71,15115.903766
23,76,14777.944840
23,84,14751.397123
23,86,14663.043858
23,99,14551.653166
23,111,14477.577280
24,50,18879.056464
24,52,18091.841696
24,53,16641.505890
24,54,16641.144602
24,56,16449.654480
24,57,16380.697673
24,58,15828.797060
24,59,15720.379347
24,65,15569.804014
24,68,15275.738008
24,71,15115.903766
24,76,14777.944840
24,84,14751.397123
24,86,14663.043858
24,96,14513.112242
24,104,14497.953049
24,111,14477.577280
25,50,18879.056464
25,52,18091.841696
25,53,16641.505890
25,54,16641.144602
25,56,16449.654480
25,57,16380.697673
25,58,15828.797060
25,59,15694.437942
25,62,15502.794501
25,66,15466.161698
25,67,15383.814142
25,68,15275.738008
25,69,15178.397028
25,71,15115.903766
25,72,15043.538437
25,76,14777.944840
25,84,14751.397123
25,86,14663.043858
25,93,14540.641021
25,94,14510.962014
25,98,14503.195430
25,104,14497.953049
25,111,14477.577280
26,50,18879.056464
26,52,18091.841696
26,53,16641.505890
26,54,16641.144602
26,56,16430.876138
26,57,16380.697673
26,58,15828.797060
26,59,15694.437942
26,60,15612.088069
26,62,15502.794501
26,65,15501.883788
26,66,15390.837493
26,67,15383.814142
26,68,15275.738008
26,69,15178.397028
26,71,15115.903766
26,72,15043.538437
26,75,14965.194629
26,76,14777.944840
26,84,14751.397123
26,86,14663.043858
26,92,14496.445125
26,111,14477.577280
27,50,18879.056464
27,51,16905.075643
27,53,16400.552119
27,56,16168.752865
27,58,15828.797060
27,59,15694.437942
27,60,15612.088069
27,61,15357.832529
27,67,15243.399285
27,69,15159.340178
27,71,14904.565269
27,76,14745.555650
27,82,14714.573576
27,86,14621.659564
27,91,14437.674374
27,100,14369.617453
27,104,14304.986523
28,50,18879.056464
28,51,16905.075643
28,53,16400.552119
28,55,16394.401943
28,56,16013.693047
28,58,15828.797060
28,59,15694.437942
28,60,15612.088069
28,61,15357.832529
28,66,15217.264533
28,69,15148.378208
28,71,14904.565269
28,74,14819.061281
28,76,14745.555650
28,81,14576.287199
28,91,14437.674374
28,100,14369.617453
28,103,14308.753081
28,104,14304.986523
29,50,18879.056464
29,51,16905.075643
29,52,16821.228563
29,53,16400.552119
29,55,16394.401943
29,56,16013.693047
29,58,15828.797060
29,59,15694.437942
29,60,15612.088069
29,61,15357.832529
29,64,15302.058768
29,66,15217.264533
29,68,15099.034230
29,69,14708.637567
29,73,14697.121601
29,77,14541.924534
29,80,14506.757525
29,81,14504.901520
29,83,14463.495344
29,90,14274.811340
30,49,18093.210418
30,51,16905.075643
30,52,16821.228563
30,53,16400.552119
30,54,16306.754611
30,55,15893.855969
30,58,15828.797060
30,59,15694.437942
30,60,15593.325348
30,61,15357.832529
30,64,15110.044750
30,65,14987.807096
30,69,14708.637567
30,73,14697.121601
30,77,14541.924534
30,80,14506.757525
30,81,14504.901520
30,83,14463.495344
30,89,14391.800136
30,90,14274.811340
31,49,18093.210418
31,51,16905.075643
31,52,16720.933548
31,53,16285.688965
31,54,16157.943131
31,55,15836.370902
31,56,15686.964782
31,60,15445.929973
31,61,15317.523621
31,63,15079.218713
31,64,14956.269817
31,69,14708.637567
31,72,14578.417277
31,77,14472.266257
31,78,14403.062752
31,83,14375.622490
31,89,14265.433085
32,49,18042.793874
32,51,16905.075643
32,52,16163.115696
32,53,16017.685319
32,54,15868.642244
32,55,15836.370902
32,56,15686.964782
32,60,15445.929973
32,61,15317.523621
32,63,15079.218713
32,64,14956.269817
32,69,14708.637567
32,72,14578.417277
32,77,14472.266257
32,78,14403.062752
32,83,14375.622490
32,89,14265.433085
32,96,14234.552946
33,49,18042.793874
33,51,16905.075643
33,52,16163.115696
33,53,15773.073140
33,56,15686.964782
33,60,15383.384674
33,61,15296.270497
33,62,14940.795192
33,63,14905.522819
33,67,14821.493849
33,69,14708.637567
33,71,14435.807476
33,74,14278.063820
33,87,13956.668059
34,49,18042.793874
34,51,16905.075643
34,52,16113.207553
34,53,15773.073140
34,56,15686.964782
34,60,15383.384674
34,61,15296.270497
34,62,14940.795192
34,63,14905.522819
34,67,14821.493849
34,69,14708.637567
34,71,14435.807476
34,74,14278.063820
34,87,13956.668059
35,49,18042.793874
35,51,16905.075643
35,52,16113.207553
35,53,15773.073140
35,56,15638.510931
35,57,15507.245300
35,58,15416.741409
35,60,15171.822977
35,62,14742.079128
35,69,14677.198054
35,70,14276.631755
35,73,14235.842372
35,77,13990.804539
35,87,13956.668059
36,49,18042.793874
36,50,17285.153829
36,51,16126.521580
36,52,16113.207553
36,53,15773.073140
36,56,15638.510931
36,57,15507.245300
36,58,15324.436027
36,59,15236.224515
36,60,15171.822977
36,62,14742.079128
36,69,14677.198054
36,70,14276.631755
36,73,14235.842372
36,77,13990.804539
36,87,13956.668059
37,49,18034.686877
37,50,16406.856571
37,51,15984.612203
37,52,15890.178014
37,53,15773.073140
37,54,15740.835108
37,56,15584.911473
37,57,15372.879077
37,58,15004.974040
37,62,14739.275453
37,69,14638.027863
37,70,14276.631755
37,73,14166.885799
37,75,13985.606062
37,87,13859.721465
37,90,13777.559869
38,49,18034.686877
38,50,16360.012957
38,51,15984.612203
38,52,15890.178014
38,53,15773.073140
38,54,15740.835108
38,56,15584.911473
38,57,15372.879077
38,58,15004.974040
38,60,14733.825470
38,68,14729.688893
38,69,14638.027863
38,70,14276.631755
38,73,14166.885799
38,75,13985.606062
38,87,13859.721465
38,90,13777.559869
39,49,18034.686877
39,50,16358.777286
39,51,15984.612203
39,52,15745.646687
39,53,15627.581508
39,54,15022.936349
39,58,14966.085023
39,59,14655.355082
39,66,14325.711628
39,70,14272.763263
39,72,14098.297571
39,75,13934.334363
39,80,13766.822026
40,49,18034.686877
40,50,16358.777286
40,51,15800.660143
40,52,15745.646687
40,53,15627.581508
40,54,15022.936349
40,58,14966.085023
40,59,14655.355082
40,62,14517.891387
40,66,14325.711628
40,68,14179.519446
40,72,14098.297571
40,75,13934.334363
40,80,13766.822026
40,84,13745.245989
41,49,18034.686877
41,50,16358.777286
41,51,15800.660143
41,52,15745.646687
41,53,15627.581508
41,54,15022.936349
41,57,14761.259519
41,59,14634.316828
41,62,14478.212211
41,66,14299.753914
41,68,14179.519446
41,72,14098.297571
41,75,13880.159542
41,80,13766.822026
41,82,13730.897117
41,86,13711.631039
42,49,16874.726014
42,50,16358.777286
42,51,15800.660143
42,52,15676.180370
42,53,15627.581508
42,54,15022.936349
42,57,14669.170669
42,59,14634.316828
42,62,14478.212211
42,65,14313.978312
42,66,14299.753914
42,68,14179.519446
42,72,14098.297571
42,75,13880.159542
42,80,13766.822026
42,82,13730.897117
42,86,13711.631039
43,49,16874.726014
43,50,16249.219484
43,51,15800.660143
43,52,15627.235385
43,54,15022.936349
43,57,14449.577891
43,62,14230.403054
43,67,14081.311702
43,75,13815.748378
43,79,13753.370318
43,82,13713.012508
43,86,13693.087458
44,49,16874.726014
44,50,16229.942222
44,51,15800.660143
44,52,15455.562720
44,53,15384.079177
44,54,15022.936349
44,57,14449.577891
44,62,14230.403054
44,64,14165.208991
44,67,14081.311702
44,71,14078.421255
44,75,13815.748378
44,79,13753.370318
44,82,13713.012508
44,86,13693.087458
45,49,16874.726014
45,50,16170.840271
45,51,15800.660143
45,52,15455.562720
45,53,15384.079177
45,54,15022.936349
45,56,14394.818967
45,61,14207.386177
45,63,14117.783891
45,64,14077.535462
45,71,14067.497550
45,74,13791.295460
45,79,13747.368850
45,80,13641.561948
46,49,16874.726014
46,50,16170.840271
46,51,15800.660143
46,52,15131.832693
46,53,15011.875139
46,54,14738.104781
46,56,14394.818967
46,61,14207.386177
46,63,14117.783891
46,64,14077.535462
46,71,14067.497550
46,74,13791.295460
46,79,13747.368850
46,80,13641.561948
47,48,17083.478410
47,49,16227.867143
47,50,15869.094744
47,51,15545.756575
47,52,15131.832693
47,53,14986.697640
47,54,14722.385737
47,56,14375.344687
47,61,14187.539299
47,62,14085.208652
47,64,14044.371482
47,71,14009.947194
47,73,13745.504716
47,80,13638.611259
48,48,17083.478410
48,49,16227.867143
48,50,15869.094744
48,51,15545.756575
48,52,14968.794678
48,54,14722.385737
48,56,14375.344687
48,61,14187.539299
48,62,14085.208652
48,64,14044.371482
48,71,14009.947194
48,73,13745.504716
48,79,13677.044840
48,80,13638.611259
49,48,16309.184521
49,49,16227.867143
49,50,15869.094744
49,51,15545.756575
49,52,14968.794678
49,54,14722.385737
49,56,14375.344687
49,59,14302.879294
49,60,14183.182624
49,62,14031.512280
49,63,14009.282282
49,70,13975.707532
49,72,13655.841754
49,78,13622.097698
50,48,16309.184521
50,49,16227.867143
50,50,15869.094744
50,51,15545.756575
50,52,14968.794678
50,54,14722.385737
50,56,14375.344687
50,58,14022.042462
50,63,14009.282282
50,70,13975.707532
50,72,13655.841754
50,78,13622.097698
51,48,16309.184521
51,49,16227.867143
51,50,15869.094744
51,51,15401.183874
51,52,14807.375833
51,53,14720.890099
51,55,14473.376326
51,56,14282.992813
51,58,14019.686650
51,60,13988.049561
51,70,13975.707532
51,72,13617.952923
51,75,13530.221899
52,48,16309.184521
52,49,16002.319444
52,50,15733.001214
52,51,15401.183874
52,52,14807.375833
52,53,14720.890099
52,55,14473.376326
52,56,14282.992813
52,58,14019.686650
52,60,13988.049561
52,64,13881.860297
52,68,13821.036895
52,72,13617.952923
52,75,13530.221899
53,48,16309.184521
53,49,16002.319444
53,50,15733.001214
53,51,15401.183874
53,52,14747.001076
53,53,14702.605810
53,55,14415.840792
53,56,14282.992813
53,58,14019.686650
53,60,13980.664525
53,64,13853.569575
53,65,13735.173563
53,72,13612.945617
53,73,13490.187274
54,48,16309.184521
54,49,15953.021699
54,50,15733.001214
54,51,15395.814881
54,52,14747.001076
54,53,14702.605810
54,54,14517.848621
54,55,14415.840792
54,56,14282.992813
54,58,14019.686650
54,60,13980.664525
54,63,13895.182864
54,64,13853.569575
54,65,13735.173563
54,70,13728.117402
54,72,13612.945617
54,73,13490.187274
54,79,13444.777321
55,48,16309.184521
55,49,15950.816081
55,50,15733.001214
55,51,15395.814881
55,52,14594.320387
55,54,14517.848621
55,55,14415.840792
55,56,14282.992813
55,58,13996.707563
55,59,13872.105361
55,63,13846.407217
55,64,13811.615597
55,65,13618.387677
55,71,13599.553523
55,73,13463.238898
55,79,13367.499885
56,48,16309.184521
56,49,15950.816081
56,50,15609.160720
56,51,15374.970596
56,52,14594.320387
56,53,14517.697009
56,55,14240.949396
56,58,13996.707563
56,59,13872.105361
56,63,13846.407217
56,64,13811.615597
56,65,13618.387677
56,71,13599.553523
56,73,13463.238898
56,79,13367.499885
57,48,16309.184521
57,49,15802.222416
57,50,15294.861502
57,51,15073.899733
57,52,14594.320387
57,53,14517.697009
57,55,14113.963447
57,58,13860.256556
57,63,13837.258711
57,64,13601.516204
57,71,13567.950155
57,73,13450.374639
57,78,13292.929936
58,48,16309.184521
58,49,15802.222416
58,50,15294.861502
58,51,14842.597768
58,52,14594.320387
58,53,14517.697009
58,55,14113.963447
58,58,13860.256556
58,63,13837.258711
58,64,13601.516204
58,71,13567.950155
58,73,13450.374639
58,78,13292.929936
59,48,16309.184521
59,49,15802.222416
59,50,15294.861502
59,51,14795.188737
59,52,14423.428699
59,55,14086.498748
59,58,13841.066112
59,62,13813.642710
59,64,13571.034756
59,70,13537.207818
59,73,13437.773656
59,77,13263.305357
60,48,16309.184521
60,49,15802.222416
60,50,15294.861502
60,51,14795.188737
60,52,14423.428699
60,54,14409.969309
60,55,14086.498748
60,58,13841.066112
60,59,13827.168802
60,62,13813.642710
60,64,13571.034756
60,70,13537.207818
60,73,13437.773656
60,77,13263.305357
61,48,16309.184521
61,49,15802.222416
61,50,15294.861502
61,51,14795.188737
61,52,14380.306597
61,54,14354.743441
61,55,14041.577646
61,58,13814.432369
61,59,13802.094240
61,62,13777.622419
61,63,13551.850903
61,69,13493.129078
61,73,13437.773656
61,76,13204.550425
62,48,16309.184521
62,49,15802.222416
62,50,15294.861502
62,51,14795.188737
62,52,14380.306597
62,54,14354.743441
62,55,14041.577646
62,58,13814.432369
62,59,13802.094240
62,62,13777.622419
62,63,13551.850903
62,69,13493.129078
62,73,13437.773656
62,76,13204.550425
63,48,16309.184521
63,49,15802.222416
63,50,15294.861502
63,51,14795.188737
63,52,14344.164160
63,54,14332.565863
63,55,14002.184143
63,58,13793.652550
63,62,13732.611344
63,63,13532.261594
63,69,13459.522857
63,73,13416.852197
63,76,13204.550425
64,48,16309.184521
64,49,15579.121955
64,50,15294.861502
64,51,14795.188737
64,52,14344.164160
64,54,14332.565863
64,55,14002.184143
64,58,13793.652550
64,62,13732.611344
64,63,13532.261594
64,69,13459.522857
64,73,13416.852197
64,76,13204.550425
65,48,15988.199919
65,49,15579.121955
65,50,15021.258406
65,51,14795.188737
65,52,14344.164160
65,54,14328.403601
65,55,13922.571604
65,57,13885.985856
65,58,13788.472622
65,62,13702.275017
65,63,13532.261594
65,69,13430.338745
65,71,13381.805694
65,76,13204.550425
66,48,15988.199919
66,49,15579.121955
66,50,15021.258406
66,51,14629.104976
66,52,14344.164160
66,54,14328.403601
66,55,13922.571604
66,56,13815.285269
66,58,13788.472622
66,62,13702.275017
66,63,13532.261594
66,69,13430.338745
66,71,13381.805694
66,76,13204.550425
67,48,15988.199919
67,49,15579.121955
67,50,14967.045950
67,51,14629.104976
67,52,14309.823460
67,54,14252.211162
67,55,13806.844396
67,56,13801.889839
67,58,13788.395323
67,62,13681.538752
67,63,13525.413766
67,67,13400.356688
67,71,13381.805694
67,76,13204.550425
68,47,17444.843968
68,48,15557.466169
68,50,14967.045950
68,51,14629.104976
68,52,14309.823460
68,54,14252.211162
68,55,13806.844396
68,56,13801.889839
68,58,13788.395323
68,62,13681.538752
68,63,13525.413766
68,67,13400.356688
68,71,13381.805694
68,76,13204.550425
69,47,17444.843968
69,48,15557.466169
69,50,14967.045950
69,51,14629.104976
69,52,14309.823460
69,54,14252.211162
69,55,13797.015240
69,56,13709.177684
69,62,13667.122641
69,63,13525.413766
69,64,13349.004712
69,71,13331.748607
69,74,13277.056667
69,75,13260.876201
69,76,13204.550425
70,47,17444.843968
70,48,15557.466169
70,50,14758.938267
70,51,14629.104976
70,52,14309.823460
70,53,14254.096253
70,54,14252.211162
70,55,13797.015240
70,56,13709.177684
70,62,13667.122641
70,63,13525.413766
70,64,13349.004712
70,71,13331.748607
70,74,13277.056667
70,75,13260.876201
70,76,13204.550425
71,47,17444.843968
71,48,15557.466169
71,50,14758.938267
71,51,14629.104976
71,52,14309.823460
71,53,14254.096253
71,54,14196.647281
71,55,13769.133061
71,56,13697.371206
71,62,13667.122641
71,63,13505.018510
71,64,13349.004712
71,71,13323.422931
71,74,13277.056667
71,75,13260.876201
71,76,13204.550425
72,47,17444.843968
72,48,15557.466169
72,50,14758.938267
72,51,14629.104976
72,52,14309.823460
72,53,14254.096253
72,54,14196.647281
72,55,13769.133061
72,56,13697.371206
72,62,13667.122641
72,63,13505.018510
72,64,13349.004712
72,71,13323.422931
72,74,13277.056667
72,75,13260.876201
72,76,13204.550425
73,47,17444.843968
73,48,15504.438813
73,49,14870.463770
73,50,14758.938267
73,51,14629.104976
73,52,14309.823460
73,53,14254.096253
73,54,14140.684412
73,55,13687.860854
73,56,13662.329380
73,61,13649.763942
73,63,13427.380312
73,64,13320.686251
73,71,13309.695133
73,74,13253.264585
73,76,13204.540356
74,47,17444.843968
74,48,15225.794506
74,49,14870.463770
74,50,14758.938267
74,51,14629.104976
74,52,14309.823460
74,53,14254.096253
74,54,14140.684412
74,55,13687.860854
74,56,13662.329380
74,61,13649.763942
74,63,13427.380312
74,64,13320.686251
74,71,13292.538319
74,73,13267.719340
74,74,13253.264585
74,76,13204.540356
75,47,17444.843968
75,48,14985.065521
75,49,14870.463770
75,50,14742.858080
75,51,14629.104976
75,52,14309.823460
75,53,14254.096253
75,54,14140.684412
75,55,13687.860854
75,56,13662.329380
75,61,13649.763942
75,63,13427.380312
75,64,13320.686251
75,71,13292.538319
75,73,13267.719340
75,74,13253.264585
75,76,13204.540356
76,47,17444.843968
76,48,14985.065521
76,49,14870.463770
76,50,14742.858080
76,51,14629.104976
76,52,14309.823460
76,53,14254.096253
76,54,14108.309679
76,55,13671.615382
76,56,13559.518898
76,63,13427.380312
76,64,13295.727630
76,70,13188.940514
77,47,17444.843968
77,48,14985.065521
77,49,14870.463770
77,50,14742.858080
77,51,14629.104976
77,52,14309.823460
77,53,14254.096253
77,54,14108.309679
77,55,13671.615382
77,56,13559.518898
77,62,13514.528550
77,63,13427.380312
77,64,13295.727630
77,70,13188.940514
77,71,13160.358692
78,47,15849.014052
78,48,14688.500240
78,49,14628.747254
78,50,14584.837938
78,51,14452.190453
78,52,13917.536732
78,55,13663.557995
78,56,13545.078941
78,61,13308.199015
78,64,13289.638645
78,69,13138.811473
78,70,13111.562096
79,47,14745.905948
79,48,14688.500240
79,49,14628.747254
79,50,14584.837938
79,51,14452.190453
79,52,13917.536732
79,55,13663.557995
79,56,13545.078941
79,61,13308.199015
79,64,13289.638645
79,69,13138.811473
79,70,13111.562096
80,46,14720.138072
80,48,14492.972198
80,50,14361.478640
80,52,13890.148526
80,55,13640.804702
80,56,13533.738076
80,61,13293.453609
80,64,13289.279425
80,69,13105.508205
81,46,14720.138072
81,48,14492.972198
81,50,14361.478640
81,52,13890.148526
81,55,13640.804702
81,56,13533.738076
81,61,13293.453609
81,64,13289.279425
81,69,13105.508205
82,46,14625.680123
82,48,14379.141167
82,50,14350.588584
82,52,13871.642913
82,55,13630.491950
82,56,13502.106045
82,61,13293.453609
82,64,13229.266504
82,69,13097.865458
83,46,14625.680123
83,48,14379.141167
83,50,14350.588584
83,52,13871.642913
83,55,13630.491950
83,56,13502.106045
83,61,13293.453609
83,64,13229.266504
83,69,13097.865458
84,46,14574.784392
84,48,14351.869041
84,50,13954.707237
84,52,13871.642913
84,55,13596.491317
84,56,13502.106045
84,61,13293.188067
84,62,13158.999960
84,67,13079.439696
85,46,14574.784392
85,48,14351.869041
85,50,13954.707237
85,52,13871.642913
85,55,13596.491317
85,56,13502.106045
85,61,13293.188067
85,62,13158.999960
85,67,13079.439696
86,46,14574.784392
86,47,14420.607510
86,48,14351.505124
86,49,14165.742467
86,50,13917.427540
86,52,13871.642913
86,55,13428.360858
86,61,13293.188067
86,62,13158.999960
86,66,13062.300766
87,46,14574.784392
87,47,14420.607510
87,48,14351.505124
87,49,14165.742467
87,50,13917.427540
87,52,13871.642913
87,55,13428.360858
87,61,13293.188067
87,62,13158.999960
87,66,13062.300766
88,46,14334.233032
88,48,14119.661826
88,50,13869.037652
88,52,13843.217970
88,54,13783.660417
88,55,13398.185538
88,60,13146.345664
88,66,13039.975855
89,46,14334.233032
89,48,14119.661826
89,50,13869.037652
89,52,13843.217970
89,54,13783.660417
89,55,13398.185538
89,60,13146.345664
89,66,13039.975855
90,45,15738.820037
90,46,14187.207090
90,48,13986.827601
90,50,13781.804046
90,53,13770.560707
90,55,13363.439762
90,59,13298.658161
90,60,13133.541459
90,66,13039.975855
91,45,15738.820037
91,46,14187.207090
91,48,13986.827601
91,50,13781.804046
91,53,13605.569052
91,54,13586.854322
91,55,13363.439762
91,58,13305.926914
91,59,13298.658161
91,60,13133.541459
91,66,13039.975855
92,44,15876.664803
92,45,15738.820037
92,46,14110.412118
92,48,13926.554074
92,50,13775.050526
92,53,13605.569052
92,54,13565.841815
92,55,13306.693492
92,58,13251.913306
92,60,13114.642904
92,66,13033.291076
93,44,15876.664803
93,45,15738.820037
93,46,14110.412118
93,48,13926.554074
93,50,13775.050526
93,53,13605.569052
93,54,13565.841815
93,55,13306.693492
93,57,13294.714712
93,58,13251.913306
93,60,13114.642904
93,66,13033.291076
94,44,15280.389155
94,46,14110.412118
94,48,13926.554074
94,50,13775.050526
94,53,13591.337713
94,54,13474.727411
94,55,13254.885568
94,57,13217.963886
94,60,13114.642904
94,64,13010.813794
94,67,12958.352678
95,43,16293.783020
95,44,15280.389155
95,46,14110.412118
95,48,13926.554074
95,50,13775.050526
95,52,13548.715393
95,54,13474.727411
95,55,13254.885568
95,57,13217.963886
95,60,13114.642904
95,64,13010.813794
95,67,12958.352678
96,42,16652.085368
96,43,15800.271283
96,44,15280.389155
96,46,14110.412118
96,48,13908.171358
96,50,13649.439158
96,52,13541.961873
96,53,13462.654495
96,55,13253.479824
96,57,13210.052512
96,60,13092.184495
96,64,13008.197051
96,67,12958.352678
97,42,16652.085368
97,43,15163.288940
97,44,14580.767266
97,46,14110.412118
97,48,13908.171358
97,50,13649.439158
97,52,13541.961873
97,53,13462.654495
97,55,13253.479824
97,57,13210.052512
97,60,13092.184495
97,64,13008.197051
97,67,12958.352678
98,42,16652.085368
98,43,15163.288940
98,44,14580.767266
98,45,14473.228869
98,46,13930.642969
98,48,13796.654248
98,50,13649.439158
98,52,13536.829594
98,53,13462.654495
98,55,13247.143722
98,57,13204.414746
98,60,13092.184495
98,64,12969.561254
98,67,12958.352678
99,42,16652.085368
99,43,15144.404219
99,44,14580.767266
99,45,14473.228869
99,46,13930.642969
99,48,13796.654248
99,50,13649.439158
99,52,13536.829594
99,53,13462.654495
99,55,13247.143722
99,57,13204.414746
99,58,13088.442564
99,64,12969.561254
99,67,12958.352678
100,42,16652.085368
100,43,15144.404219
100,44,14580.767266
100,45,14473.228869
100,46,13930.642969
100,48,13722.503185
100,50,13649.439158
100,52,13507.605671
100,53,13414.550145
100,55,13246.805197
100,56,13215.968116
100,57,13204.414746
100,58,13088.442564
100,64,12959.815630
100,67,12943.131355
101,42,16652.085368
101,43,14664.665041
101,44,14191.963742
101,46,13930.642969
101,48,13722.503185
101,50,13649.439158
101,52,13507.605671
101,53,13414.550145
101,55,13246.805197
101,56,13215.968116
101,57,13204.414746
101,58,13065.786946
101,64,12959.815630
101,67,12943.131355
102,42,16652.085368
102,43,14664.665041
102,44,13787.218659
102,48,13688.042548
102,50,13649.439158
102,52,13507.605671
102,53,13391.592117
102,55,13246.805197
102,56,13212.969343
102,57,13196.033327
102,58,13065.786946
102,63,12937.219141
102,65,12917.674890
103,42,16652.085368
103,43,14664.665041
103,44,13787.218659
103,48,13688.042548
103,50,13649.439158
103,51,13585.791201
103,52,13507.605671
103,53,13391.592117
103,55,13246.805197
103,56,13212.969343
103,57,13196.033327
103,58,13065.786946
103,63,12937.219141
103,65,12917.674890
104,42,16652.085368
104,43,14653.302010
104,44,13787.218659
104,45,13580.636190
104,46,13568.830410
104,48,13336.188600
104,55,13246.805197
104,56,13212.969343
104,57,13193.012277
104,58,13065.786946
104,59,13007.547224
104,63,12933.528604
104,64,12907.167064
105,42,16652.085368
105,43,14653.302010
105,44,13787.218659
105,45,13580.636190
105,46,13568.830410
105,48,13336.188600
105,55,13246.805197
105,56,13212.969343
105,57,13193.012277
105,58,13065.786946
105,59,13007.547224
105,62,12865.783512
106,42,16652.085368
106,43,14380.699193
106,44,13787.149080
106,45,13580.636190
106,46,13504.913632
106,48,13313.396637
106,55,13246.805197
106,56,13150.541334
106,58,13033.651727
106,59,13007.547224
106,62,12853.739922
107,42,14986.629681
107,43,14380.699193
107,44,13787.149080
107,45,13580.636190
107,46,13504.913632
107,47,13419.875072
107,48,13313.396637
107,55,13246.805197
107,56,13150.541334
107,58,13033.651727
107,59,13007.547224
107,60,13001.684199
107,62,12853.739922
108,41,15319.414011
108,42,14986.629681
108,43,14380.699193
108,44,13787.149080
108,45,13580.636190
108,46,13481.130403
108,47,13404.178799
108,48,13278.911354
108,55,13246.805197
108,56,13150.318262
108,58,13031.399467
108,59,13007.547224
108,60,13001.684199
108,62,12838.870881
109,41,15319.414011
109,42,14986.629681
109,43,13956.436622
109,44,13787.149080
109,45,13580.636190
109,46,13481.130403
109,47,13404.178799
109,48,13278.911354
109,55,13081.239329
109,56,13053.030186
109,58,13031.399467
109,59,13007.547224
109,60,13001.684199
109,62,12817.087607
110,41,15319.414011
110,42,14986.629681
110,43,13908.964774
110,44,13669.363797
110,45,13549.272312
110,46,13350.125795
110,47,13343.357881
110,48,13278.911354
110,55,13073.445016
110,56,13053.030186
110,58,13020.364000
110,59,13001.991627
110,60,13000.896194
110,61,12816.223529
111,41,15319.414011
111,42,14986.629681
111,43,13753.046322
111,44,13669.363797
111,45,13549.272312
111,46,13350.125795
111,47,13343.357881
111,48,13278.911354
111,55,13073.445016
111,56,13053.030186
111,58,13020.364000
111,59,13001.991627
111,60,13000.896194
111,61,12810.442193
112,41,15319.414011
112,42,14813.760999
112,43,13753.046322
112,44,13669.363797
112,45,13521.514731
112,46,13339.952144
112,47,13338.513891
112,48,13268.203503
112,55,13065.589436
112,56,13021.480574
112,58,13020.364000
112,59,12989.705629
112,61,12789.149159
113,41,15319.414011
113,42,14813.760999
113,43,13753.046322
113,44,13559.324528
113,45,13521.514731
113,46,13339.952144
113,47,13338.513891
113,48,13268.203503
113,52,13202.464426
113,53,12870.116698
113,61,12789.149159
114,41,15319.414011
114,42,14768.371453
114,43,13650.790418
114,44,13559.324528
114,45,13400.195022
114,46,13331.376806
114,47,13330.838263
114,48,13253.182712
114,52,13196.703822
114,53,12868.346909
114,61,12771.874874
115,41,15319.414011
115,42,14768.371453
115,43,13650.790418
115,44,13510.949139
115,45,13400.195022
115,46,13331.376806
115,47,13330.838263
115,48,13253.182712
115,52,13196.703822
115,53,12868.346909
115,61,12771.874874
116,41,15319.414011
116,42,14701.384921
116,43,13519.588138
116,44,13510.949139
116,45,13400.195022
116,46,13304.749882
116,47,13255.544471
116,48,13209.635405
116,52,13171.410238
116,53,12820.211579
116,61,12754.508232
117,41,15319.414011
117,42,14578.420941
117,43,13519.588138
117,44,13454.254601
117,45,13400.195022
117,46,13304.749882
117,47,13255.544471
117,48,13209.635405
117,52,13171.410238
117,53,12820.211579
117,60,12782.749109
117,61,12754.508232
118,41,15193.320615
118,42,14578.420941
118,43,13427.379106
118,44,13358.544479
118,46,13304.749882
118,47,13252.824066
118,48,13209.635405
118,52,13171.410238
118,53,12820.211579
118,57,12774.407176
118,61,12721.944615
119,41,15152.112257
119,42,14564.095876
119,43,13427.379106
119,44,13358.544479
119,46,13304.749882
119,47,13252.824066
119,48,13209.635405
119,52,13171.410238
119,53,12820.211579
119,57,12774.407176
119,58,12707.233008
120,41,14988.771582
120,42,14563.284057
120,43,13399.123628
120,44,13332.281515
120,46,13304.749882
120,47,13251.914091
120,48,13193.437395
120,51,13058.634344
120,53,12816.493736
120,57,12774.407176
120,58,12687.552766
121,41,14988.771582
121,42,14563.284057
121,43,13399.123628
121,44,13332.281515
121,46,13304.749882
121,47,13251.914091
121,48,13193.437395
121,50,13191.432144
121,51,13058.634344
121,53,12816.493736
121,57,12774.407176
121,58,12687.552766
122,41,14988.771582
122,42,14534.862164
122,43,13393.201699
122,44,13230.891040
122,48,13193.437395
122,50,13062.210726
122,51,13058.634344
122,53,12816.493736
122,57,12662.210955
123,41,14988.771582
123,42,14534.862164
123,43,13393.201699
123,44,13230.891040
123,48,13193.437395
123,50,13062.210726
123,51,13058.634344
123,53,12741.110554
123,57,12662.210955
124,41,14921.922284
124,42,13634.365396
124,43,13376.078617
124,44,13217.480206
124,48,13067.242062
124,50,13055.375015
124,51,12926.280835
124,53,12729.843128
124,56,12648.518877
125,41,14274.967882
125,42,13634.365396
125,43,13376.078617
125,44,13217.480206
125,45,13180.962581
125,48,13067.242062
125,50,13055.375015
125,51,12926.280835
125,53,12729.843128
125,56,12648.518877
126,41,13817.968896
126,42,13634.365396
126,43,13345.680234
126,44,13199.486202
126,45,13180.962581
126,48,13015.527183
126,50,12992.158833
126,51,12926.280835
126,53,12729.843128
126,56,12647.849153
127,41,13817.968896
127,42,13634.365396
127,43,13345.680234
127,44,13199.486202
127,45,13180.962581
127,48,13015.527183
127,50,12992.158833
127,51,12926.280835
127,53,12729.843128
127,56,12647.849153
128,41,13817.968896
128,42,13603.757880
128,43,13220.806197
128,44,13199.486202
128,45,13174.028255
128,47,13153.353448
128,48,13015.527183
128,50,12985.445184
128,51,12926.280835
128,53,12709.624285
128,56,12630.022797
129,41,13817.968896
129,42,13603.757880
129,43,13220.806197
129,44,13199.486202
129,45,13174.028255
129,47,13153.353448
129,48,13015.527183
129,50,12985.445184
129,51,12926.280835
129,53,12709.624285
129,56,12630.022797
130,41,13817.968896
130,42,13445.954887
130,43,13220.806197
130,44,13180.432027
130,45,13174.028255
130,47,13148.490148
130,48,13015.527183
130,50,12985.445184
130,51,12926.280835
130,53,12707.105732
130,56,12630.022797
131,41,13817.968896
131,42,13445.954887
131,43,13220.806197
131,44,13180.432027
131,45,13114.137777
131,48,13015.527183
131,50,12940.692373
131,51,12926.280835
131,53,12707.105732
131,56,12630.022797
132,41,13817.968896
132,42,13445.954887
132,43,13220.806197
132,44,13171.681576
132,45,13102.510951
132,46,13047.331568
132,48,12883.507886
132,53,12692.517936
132,56,12630.022797
133,41,13592.852614
133,42,13439.176380
133,43,13220.806197
133,44,13171.681576
133,45,13102.510951
133,46,13047.331568
133,47,13027.280833
133,48,12883.507886
133,53,12692.517936
133,56,12630.022797
134,41,13592.852614
134,42,13439.176380
134,43,13173.852646
134,44,13171.681576
134,45,13000.974217
134,47,12926.315751
134,48,12873.380915
134,50,12813.181262
134,53,12692.517936
134,56,12630.022797
135,41,13592.852614
135,42,13439.176380
135,43,13173.852646
135,44,13171.681576
135,45,13000.974217
135,47,12926.315751
135,48,12873.380915
135,50,12813.181262
135,53,12692.517936
135,56,12630.022797
136,41,13592.852614
136,42,13401.236237
136,43,13156.260300
136,45,12942.024615
136,46,12920.917444
136,47,12886.149150
136,48,12873.380915
136,50,12812.123908
136,52,12748.800964
136,53,12692.517936
136,56,12630.022797
136,59,12609.244101
137,41,13341.101404
137,43,13156.260300
137,45,12942.024615
137,46,12920.917444
137,47,12886.149150
137,48,12873.380915
137,50,12812.123908
137,52,12748.800964
137,53,12692.517936
137,56,12630.022797
137,59,12609.244101
138,41,13337.007582
138,43,13156.260300
138,45,12913.729504
138,46,12781.740313
138,51,12703.301954
138,53,12644.990693
138,56,12570.406464
139,41,13337.007582
139,43,13156.260300
139,45,12913.729504
139,46,12781.740313
139,51,12703.301954
139,53,12644.990693
139,56,12570.406464
140,41,13337.007582
140,43,13115.536460
140,45,12913.729504
140,46,12781.451123
140,50,12777.834896
140,51,12703.301954
140,53,12644.990693
140,56,12561.791976
141,41,13337.007582
141,43,13115.536460
141,45,12913.729504
141,46,12781.451123
141,50,12777.834896
141,51,12703.301954
141,53,12644.990693
141,56,12561.791976
142,39,13794.828716
142,41,13298.806229
142,43,13115.536460
142,45,12913.729504
142,46,12781.451123
142,50,12776.711064
142,51,12660.940750
142,53,12639.144654
142,55,12542.320959
143,39,13794.828716
143,41,13298.806229
143,42,13220.573796
143,43,13115.536460
143,44,13098.867783
143,45,12913.729504
143,46,12781.451123
143,50,12776.711064
143,51,12660.940750
143,53,12639.144654
143,55,12542.320959
144,39,13794.828716
144,41,13298.806229
144,42,13153.009964
144,43,13085.595179
144,45,12880.349892
144,46,12781.451123
144,50,12776.711064
144,51,12653.964211
144,53,12626.955438
144,55,12542.320959
145,39,13794.828716
145,41,13298.806229
145,42,13153.009964
145,43,13085.595179
145,44,12963.936819
145,45,12787.576312
145,46,12781.451123
145,48,12743.078401
145,51,12653.964211
145,53,12626.955438
145,55,12542.320959
146,39,13794.828716
146,40,13312.208536
146,41,13265.025514
146,42,13153.009964
146,43,13081.495325
146,44,12921.072428
146,45,12787.576312
146,46,12781.451123
146,48,12668.789870
146,51,12641.219315
146,52,12602.961362
146,54,12520.724226
147,39,13794.828716
147,40,13312.208536
147,41,13265.025514
147,42,13153.009964
147,43,13081.495325
147,44,12921.072428
147,45,12787.576312
147,46,12781.451123
147,48,12668.789870
147,51,12641.219315
147,52,12602.961362
147,54,12520.724226
148,39,13794.828716
148,40,13312.208536
148,41,13265.025514
148,42,13016.349098
148,43,12960.932337
148,44,12910.321515
148,45,12782.603561
148,46,12755.188159
148,48,12660.226016
148,51,12614.530359
148,52,12589.227465
148,54,12503.449942
149,39,13794.828716
149,40,13312.208536
149,41,13265.025514
149,42,13016.349098
149,43,12960.932337
149,44,12910.321515
149,45,12782.603561
149,46,12755.188159
149,48,12660.226016
149,51,12614.530359
149,52,12589.227465
149,54,12503.449942
150,39,13774.519273
150,40,13304.780331
150,41,13265.025514
150,42,13015.839764
150,43,12949.641383
150,44,12624.697840
150,51,12613.712473
150,52,12572.081073
150,54,12503.449942
151,39,13774.519273
151,40,13304.780331
151,41,13265.025514
151,42,12889.862496
151,44,12624.697840
151,47,12567.056469
151,54,12503.449942
152,39,13769.330945
152,40,13261.923778
152,42,12870.113056
152,44,12624.697840
152,47,12540.735093
152,54,12501.952598
153,39,13769.330945
153,40,13261.923778
153,41,13187.866754
153,42,12870.113056
153,44,12624.697840
153,47,12540.735093
153,49,12530.910342
153,50,12523.105065
153,54,12501.952598
154,39,13768.896260
154,40,13261.923778
154,41,13058.873834
154,42,12870.113056
154,44,12624.697840
154,47,12540.597753
154,49,12524.308311
154,50,12488.389023
155,39,13768.896260
155,40,13237.189028
155,41,12997.034713
155,42,12807.406871
155,44,12624.697840
155,47,12540.597753
155,49,12524.308311
155,50,12488.389023
156,39,13759.303755
156,40,13237.189028
156,41,12941.996126
156,42,12796.438038
156,44,12612.377090
156,47,12523.151410
156,49,12486.501333
157,39,13759.303755
157,40,13237.189028
157,41,12941.996126
157,42,12796.438038
157,43,12645.426355
157,44,12612.377090
157,47,12523.151410
157,49,12486.501333
158,39,13759.303755
158,40,13237.189028
158,41,12941.996126
158,42,12773.210569
158,43,12584.090848
158,47,12520.353852
158,49,12480.611309
159,39,13759.303755
159,40,13237.189028
159,41,12941.996126
159,42,12773.210569
159,43,12584.090848
159,47,12520.353852
159,49,12480.611309
159,50,12469.127826
160,39,13759.303755
160,40,13116.242569
160,41,12938.293551
160,42,12768.877076
160,43,12560.449152
160,46,12508.748944
160,49,12466.073137
161,39,13554.477038
161,40,13116.242569
161,41,12938.293551
161,42,12768.877076
161,43,12560.449152
161,46,12508.748944
161,49,12466.073137
161,50,12441.022056
162,39,13537.190041
162,40,13099.444529
162,41,12903.577509
162,42,12765.016873
162,43,12555.064207
162,46,12485.231474
162,49,12466.073137
162,50,12441.022056
163,39,13252.265947
163,40,13099.444529
163,41,12903.577509
163,42,12765.016873
163,43,12555.064207
163,46,12485.231474
163,49,12466.073137
163,50,12441.022056
164,39,13064.660681
164,41,12903.577509
164,42,12765.016873
164,43,12553.193078
164,46,12449.052900
164,50,12441.022056
165,39,13064.660681
165,41,12852.474123
165,42,12765.016873
165,43,12553.193078
165,46,12449.052900
165,50,12441.022056
166,39,13064.660681
166,41,12841.939938
166,42,12724.302670
166,43,12537.319054
166,46,12449.052900
166,50,12424.211084
167,39,13064.660681
167,40,12953.424125
167,41,12834.599296
167,42,12724.302670
167,43,12537.319054
167,45,12511.536328
167,46,12449.052900
167,50,12424.211084
168,39,13064.660681
168,40,12880.417573
168,41,12834.599296
168,42,12719.195289
168,43,12529.453384
168,45,12511.536328
168,46,12446.721341
168,49,12410.978150
169,39,13064.660681
169,40,12880.417573
169,41,12661.329620
169,43,12529.453384
169,45,12511.536328
169,46,12446.721341
169,49,12410.978150
170,39,12929.144990
170,40,12880.417573
170,41,12661.329620
170,43,12529.453384
170,45,12511.536328
170,46,12443.023936
170,49,12410.978150
171,39,12929.144990
171,40,12880.417573
171,41,12661.329620
171,43,12529.453384
171,44,12481.963165
171,46,12443.023936
171,49,12410.978150
172,39,12904.366499
172,40,12880.417573
172,41,12661.329620
172,43,12529.453384
172,44,12479.880419
172,46,12442.046832
172,49,12410.978150
173,38,13201.163307
173,39,12904.366499
173,40,12880.417573
173,41,12661.329620
173,43,12529.453384
173,44,12479.880419
173,46,12442.046832
173,49,12410.978150
174,38,13179.801022
174,39,12904.366499
174,40,12866.628929
174,41,12607.694004
174,43,12468.346757
174,46,12434.181163
174,49,12410.978150
175,38,13179.801022
175,39,12904.366499
175,40,12866.628929
175,41,12607.694004
175,43,12468.346757
175,46,12434.181163
175,49,12410.978150
176,38,13179.801022
176,39,12879.567864
176,40,12866.628929
176,41,12579.093957
176,43,12468.346757
176,46,12419.261096
176,48,12393.920992
177,38,13179.801022
177,39,12879.567864
177,40,12866.460052
177,41,12579.093957
177,43,12468.346757
177,46,12419.261096
177,48,12383.366649
178,38,13100.953175
178,39,12805.583571
178,41,12579.093957
178,43,12456.572503
178,46,12419.261096
178,48,12383.366649
179,37,13789.887043
179,38,13100.953175
179,39,12805.583571
179,40,12776.804024
179,41,12579.093957
179,43,12456.572503
179,46,12419.261096
179,48,12383.366649
180,37,13778.557049
180,38,13097.951821
180,39,12805.583571
180,40,12776.804024
180,41,12579.093957
180,43,12431.906069
180,46,12407.486841
180,48,12359.134704
181,37,13778.557049
181,38,13097.951821
181,39,12805.583571
181,40,12744.650023
181,41,12579.093957
181,43,12431.906069
181,46,12407.486841
181,48,12359.134704
182,37,13761.370131
182,38,13086.854753
182,39,12803.314866
182,40,12644.792275
182,41,12533.419818
182,43,12425.284686
182,46,12403.886149
182,47,12378.558977
182,48,12356.244309
183,37,13761.370131
183,38,13086.854753
183,39,12803.314866
183,40,12644.792275
183,41,12533.419818
183,43,12425.284686
183,46,12403.886149
183,47,12378.558977
183,48,12356.244309
184,37,13709.625339
184,38,12975.543888
184,39,12784.662655
184,40,12644.792275
184,41,12522.868282
184,43,12425.284686
184,46,12403.886149
184,47,12378.558977
184,48,12356.244309
185,37,13709.625339
185,38,12975.543888
185,39,12784.662655
185,40,12644.792275
185,41,12522.868282
185,43,12425.284686
185,46,12403.886149
185,47,12378.558977
185,48,12356.244309
186,37,13647.618834
186,38,12973.868463
186,39,12784.662655
186,40,12644.792275
186,41,12522.868282
186,43,12418.304448
186,46,12403.886149
186,47,12378.558977
186,48,12355.326852
187,37,13647.618834
187,38,12973.868463
187,39,12784.662655
187,40,12644.792275
187,41,12522.868282
187,43,12418.304448
187,45,12383.844382
187,47,12378.558977
187,48,12355.326852
188,37,13633.061584
188,38,12970.399291
188,39,12764.658253
188,40,12624.787873
188,41,12480.494904
188,43,12402.750947
188,45,12359.727467
188,48,12334.250875
189,37,13633.061584
189,38,12970.399291
189,39,12759.931771
189,40,12624.787873
189,41,12480.494904
189,43,12402.750947
189,45,12359.727467
189,48,12334.250875
190,37,13633.061584
190,38,12970.399291
190,39,12759.931771
190,40,12624.787873
190,41,12480.494904
190,43,12402.750947
190,45,12354.147412
190,48,12334.250875
191,37,13633.061584
191,38,12970.399291
191,39,12759.931771
191,40,12624.787873
191,41,12480.494904
191,43,12402.750947
191,44,12334.389466
191,48,12334.250875
192,37,13624.242166
192,38,12940.559096
192,39,12759.931771
192,40,12579.158246
192,41,12456.673597
192,43,12343.838974
192,44,12304.291281
193,37,13624.242166
193,38,12940.559096
193,39,12759.931771
193,40,12579.158246
193,41,12456.673597
193,43,12343.838974
193,44,12304.291281
194,37,13624.242166
194,38,12940.559096
194,39,12759.116877
194,40,12558.626539
194,41,12456.673597
194,43,12343.838974
194,44,12304.291281
194,46,12280.855472
195,37,13341.706027
195,38,12940.559096
195,39,12759.116877
195,40,12558.626539
195,41,12456.673597
195,43,12343.838974
195,44,12304.291281
195,45,12296.943113
195,46,12280.855472
196,37,13338.574700
196,38,12922.665508
196,39,12742.534427
196,40,12554.307327
196,41,12449.342414
196,43,12305.789983
196,44,12281.776024
196,46,12280.679654
197,37,13338.574700
197,38,12922.665508
197,39,12742.534427
197,40,12554.307327
197,41,12449.342414
197,43,12305.789983
197,44,12281.776024
197,46,12247.600910
198,37,13335.660193
198,38,12914.015895
198,39,12695.430280
198,40,12529.474242
198,41,12420.941292
198,43,12295.844863
198,44,12281.776024
198,46,12229.632795
198,47,12220.870679
199,37,13335.660193
199,38,12914.015895
199,39,12695.430280
199,40,12529.474242
199,41,12420.941292
199,43,12295.844863
199,44,12281.776024
199,46,12229.632795
199,47,12220.870679
200,37,13306.127302
200,38,12826.009238
200,39,12657.030990
200,40,12529.474242
200,41,12420.941292
200,43,12266.323910
200,46,12229.632795
200,47,12220.870679
201,37,13069.290442
201,38,12810.079945
201,39,12657.030990
201,40,12529.474242
201,41,12420.941292
201,43,12266.323910
201,46,12229.632795
201,47,12217.289184
202,37,13046.019398
202,38,12807.687662
202,39,12595.650250
202,40,12474.336339
202,41,12419.821750
202,43,12264.016184
202,46,12215.967962
202,47,12211.865668
203,36,14441.658370
203,37,13046.019398
203,38,12806.381473
203,39,12595.650250
203,40,12474.336339
203,41,12419.821750
203,43,12264.016184
203,46,12215.967962
203,47,12211.865668
204,36,14395.507965
204,37,13046.019398
204,38,12806.381473
204,39,12592.844666
204,40,12471.017105
204,41,12410.922356
204,43,12249.478011
204,45,12242.543416
204,46,12190.632769
205,36,14395.507965
205,37,13046.019398
205,38,12766.079832
205,39,12592.844666
205,40,12471.017105
205,41,12410.922356
205,43,12249.478011
205,45,12242.543416
205,46,12190.632769
206,36,14374.646439
206,37,13046.019398
206,38,12711.233617
206,39,12584.481034
206,40,12466.256847
206,41,12410.922356
206,43,12246.587617
206,45,12242.543416
206,46,12190.632769
207,36,14374.646439
207,37,13046.019398
207,38,12711.233617
207,39,12584.481034
207,40,12466.256847
207,41,12410.922356
207,43,12246.587617
207,45,12242.543416
207,46,12190.632769
208,36,13861.487106
208,37,13046.019398
208,38,12703.184846
208,39,12584.432037
208,40,12466.256847
208,41,12410.922356
208,43,12246.587617
208,45,12224.385337
208,46,12166.741039
209,36,13861.487106
209,37,13046.019398
209,38,12703.184846
209,39,12584.432037
209,40,12466.256847
209,41,12410.922356
209,43,12246.587617
209,45,12224.385337
209,46,12166.741039
210,36,13852.872633
210,37,13041.521849
210,38,12703.184846
210,39,12584.432037
210,40,12440.155609
210,41,12407.199929
210,42,12341.701406
210,43,12246.587617
210,45,12224.385337
210,46,12166.741039
211,36,13852.872633
211,37,13041.521849
211,38,12703.184846
211,39,12584.432037
211,40,12440.155609
211,41,12407.199929
211,42,12341.701406
211,43,12246.587617
211,45,12215.468983
211,46,12166.741039
212,36,13852.872633
212,37,13041.521849
212,38,12694.404441
212,39,12584.432037
212,40,12439.220150
212,41,12407.199929
212,42,12340.507995
212,43,12246.587617
212,45,12209.321367
212,46,12158.997597
213,36,13852.872633
213,37,13041.521849
213,38,12694.404441
213,39,12584.432037
213,40,12439.220150
213,41,12407.199929
213,42,12340.507995
213,43,12246.587617
213,45,12209.321367
213,46,12158.997597
214,36,13842.641121
214,37,13036.591661
214,38,12694.404441
214,39,12574.369536
214,40,12394.815780
214,42,12307.084659
214,43,12246.587617
214,45,12209.321367
214,46,12158.997597
215,36,13842.641121
215,37,13036.591661
215,38,12694.404441
215,39,12574.369536
215,40,12394.815780
215,42,12307.084659
215,43,12246.587617
215,44,12226.716041
215,45,12188.680843
215,46,12158.997597
216,36,13842.641121
216,37,13036.591661
216,38,12674.409380
216,39,12556.498127
216,40,12394.815780
216,42,12291.345194
216,43,12246.587617
216,44,12226.716041
216,45,12188.680843
216,46,12158.997597
217,36,13842.641121
217,37,13036.591661
217,38,12674.409380
217,39,12556.498127
217,40,12394.815780
217,42,12291.345194
217,43,12246.587617
217,44,12199.746056
217,45,12188.680843
217,46,12158.997597
218,36,13842.641121
218,37,13036.591661
218,38,12674.409380
218,39,12543.048806
218,40,12384.097619
218,42,12284.149754
218,43,12246.587617
218,44,12199.746056
218,45,12187.184268
218,46,12158.997597
219,36,13842.641121
219,37,13036.591661
219,38,12674.409380
219,39,12543.048806
219,40,12384.097619
219,42,12284.149754
219,43,12246.587617
219,44,12199.746056
219,45,12187.184268
219,46,12158.997597
220,36,13833.710898
220,37,13029.023524
220,38,12667.791499
220,39,12518.337309
220,40,12352.111450
220,42,12274.116911
220,43,12246.587617
220,44,12163.911480
220,46,12158.997597
221,36,13833.710898
221,37,13029.023524
221,38,12667.791499
221,39,12518.337309
221,40,12352.111450
221,42,12274.116911
221,43,12246.587617
221,44,12163.911480
221,46,12158.997597
222,36,13403.831508
222,37,13025.511378
222,38,12667.791499
222,39,12516.628733
222,40,12311.940851
222,42,12274.116911
222,43,12246.587617
222,44,12159.392854
222,46,12158.997597
223,36,13403.831508
223,37,12992.107761
223,38,12667.791499
223,39,12459.747129
223,40,12311.940851
223,42,12274.116911
223,43,12246.587617
223,44,12159.392854
223,46,12158.997597
224,36,13403.831508
224,37,12992.107761
224,38,12660.093813
224,39,12362.521486
224,40,12311.940851
224,42,12268.559975
224,43,12246.587617
224,44,12159.392854
224,46,12153.357394
225,36,13403.831508
225,37,12992.107761
225,38,12660.093813
225,39,12362.521486
225,40,12307.821119
225,41,12251.008964
225,43,12246.587617
225,44,12159.392854
225,46,12153.357394
226,36,13311.342018
226,37,12972.653009
226,38,12615.689444
226,39,12362.521486
226,40,12292.461637
226,41,12239.771659
226,44,12159.392854
226,46,12145.587927
226,47,12134.397186
227,36,13241.968495
227,37,12972.653009
227,38,12615.689444
227,39,12362.521486
227,40,12292.461637
227,41,12239.771659
227,44,12159.392854
227,46,12145.587927
227,47,12134.397186
228,36,13241.968495
228,37,12958.891605
228,38,12615.689444
228,39,12362.521486
228,40,12225.807910
228,41,12221.714041
228,44,12159.048481
228,46,12145.587927
228,47,12123.293595
229,36,13241.968495
229,37,12958.891605
229,38,12615.689444
229,39,12362.521486
229,40,12225.807910
229,41,12221.714041
229,44,12159.048481
229,46,12144.771042
229,47,12123.293595
230,36,13198.343057
230,37,12955.516150
230,38,12615.689444
230,39,12339.378790
230,40,12223.688168
230,41,12210.414209
230,44,12145.219078
230,46,12143.791606
230,47,12121.667733
231,36,13198.343057
231,37,12948.469931
231,38,12615.689444
231,39,12339.378790
231,40,12223.688168
231,41,12210.414209
231,44,12145.219078
231,46,12143.791606
231,47,12121.667733
232,36,13113.803440
232,37,12887.557510
232,38,12598.258586
232,39,12327.656569
232,40,12199.179661
232,44,12145.219078
232,46,12143.791606
232,47,12121.667733
233,36,13113.803440
233,37,12887.557510
233,38,12598.258586
233,39,12327.656569
233,40,12199.179661
233,44,12145.219078
233,46,12135.626502
233,47,12121.667733
234,36,13086.352763
234,37,12887.557510
234,38,12598.258586
234,39,12309.360312
234,40,12197.836817
234,43,12183.322130
234,44,12145.219078
234,46,12135.626502
234,47,12121.667733
235,36,13086.352763
235,37,12887.557510
235,38,12598.258586
235,39,12309.360312
235,40,12197.836817
235,43,12183.322130
235,44,12145.219078
235,46,12135.626502
235,47,12121.667733
236,36,13043.791264
236,37,12883.452242
236,38,12593.567862
236,39,12309.360312
236,40,12197.836817
236,43,12183.322130
236,44,12144.476613
236,46,12135.626502
236,47,12119.462913
237,35,13842.495701
237,36,13043.791264
237,37,12883.452242
237,38,12593.567862
237,39,12239.371922
237,40,12197.836817
237,42,12196.511533
237,43,12183.322130
237,44,12144.476613
237,46,12135.626502
237,47,12119.462913
238,35,13703.744085
238,36,13043.791264
238,37,12883.452242
238,38,12593.567862
238,39,12228.628255
238,40,12197.836817
238,42,12173.917731
238,44,12144.476613
238,46,12135.626502
238,47,12109.435426
239,35,13703.744085
239,36,13043.791264
239,37,12883.452242
239,38,12593.567862
239,39,12228.628255
239,40,12197.836817
239,42,12173.917731
239,44,12144.476613
239,46,12135.626502
239,47,12109.435426
240,35,13595.340496
240,36,12786.653884
240,38,12593.567862
240,39,12224.783759
240,40,12192.422839
240,42,12163.909598
240,44,12144.476613
240,46,12101.464481
241,35,13595.340496
241,36,12786.653884
241,38,12593.567862
241,39,12224.783759
241,40,12164.242085
241,42,12163.909598
241,44,12144.476613
241,46,12101.464481
242,35,13595.340496
242,36,12782.375169
242,37,12591.369300
242,39,12158.123888
242,44,12142.323603
242,46,12101.464481
243,35,13525.481689
243,36,12782.375169
243,37,12591.369300
243,39,12158.123888
243,44,12142.323603
243,45,12138.549757
243,46,12101.464481
244,35,13472.211115
244,36,12779.720928
244,37,12591.369300
244,39,12138.076544
244,44,12128.313262
244,46,12101.464481
245,35,13472.211115
245,36,12779.720928
245,37,12591.369300
245,39,12138.076544
245,44,12128.313262
245,46,12101.464481
246,35,13472.211115
246,36,12735.316559
246,37,12588.786719
246,39,12138.076544
246,44,12101.337151
247,35,13472.211115
247,36,12735.316559
247,37,12588.786719
247,39,12138.076544
247,43,12098.664546
247,44,12070.362255
248,35,13430.579079
248,36,12735.316559
248,37,12588.240247
248,38,12127.295088
248,40,12107.742320
248,41,12091.772803
248,44,12070.362255
249,35,13430.579079
249,36,12735.316559
249,37,12588.240247
249,38,12127.295088
249,40,12107.742320
249,41,12091.772803
249,44,12070.362255
250,35,13343.926343
250,36,12728.882070
250,37,12585.260113
250,38,12120.433669
250,40,12107.742320
250,41,12091.772803
250,43,12057.013996
251,35,13343.926343
251,36,12728.882070
251,37,12222.672979
251,38,12120.433669
251,40,12107.742320
251,41,12091.772803
251,43,12057.013996
252,35,13343.926343
252,36,12710.292780
252,37,12222.273096
252,38,12114.062834
252,39,12056.034753
252,42,12048.268043
253,35,13343.926343
253,36,12710.292780
253,37,12222.273096
253,38,12114.062834
253,39,12056.034753
253,42,12048.268043
254,35,13330.269994
254,36,12703.440882
254,37,12222.273096
254,38,12114.062834
254,39,12051.170973
254,42,12020.105549
255,35,13330.269994
255,36,12703.440882
255,37,12222.273096
255,38,12114.062834
255,39,12051.170973
255,42,12020.105549
256,35,13330.269994
256,36,12703.440882
256,37,12222.273096
256,38,12114.062834
256,39,12051.170973
256,42,12000.660394
257,35,13330.269994
257,36,12703.440882
257,37,12222.273096
257,38,12114.062834
257,39,12051.170973
257,42,12000.660394
258,35,13330.269994
258,36,12687.639742
258,37,12188.996742
258,38,12114.062834
258,39,12051.170973
258,40,12031.372684
258,42,11996.166601
259,35,13016.010933
259,36,12687.639742
259,37,12188.996742
259,38,12114.062834
259,39,12051.170973
259,40,12031.372684
259,42,11996.166601
260,35,13010.637564
260,36,12646.457120
260,37,12188.996742
260,38,12114.062834
260,39,12051.170973
260,40,12028.118965
260,42,11996.166601
261,35,13010.637564
261,36,12646.457120
261,37,12188.996742
261,38,12114.062834
261,39,12051.170973
261,40,12028.118965
261,42,11989.467433
262,35,13010.637564
262,36,12646.457120
262,37,12188.996742
262,38,12094.715650
262,39,12051.170973
262,40,12028.118965
262,42,11989.467433
263,35,13010.637564
263,36,12646.457120
263,37,12188.996742
263,38,12094.715650
263,39,12051.170973
263,40,12028.118965
263,42,11989.467433
264,35,12984.747233
264,36,12602.988626
264,37,12188.996742
264,38,12075.792552
264,39,12050.915223
264,40,12018.110832
264,42,11989.467433
265,35,12984.747233
265,36,12602.988626
265,37,12188.996742
265,38,12075.792552
265,39,12050.915223
265,40,12018.110832
265,42,11989.467433
266,35,12984.747233
266,36,12558.673628
266,37,12188.996742
266,38,12075.792552
266,39,12050.915223
266,40,12006.873527
266,42,11989.467433
267,35,12984.747233
267,36,12558.673628
267,37,12188.996742
267,38,12075.792552
267,39,12050.915223
267,40,12006.873527
267,42,11989.467433
268,35,12979.603998
268,36,12253.024289
268,37,12188.996742
268,38,12075.792552
268,39,12030.127592
268,40,11979.381249
268,45,11965.489410
269,35,12979.603998
269,36,12253.024289
269,37,12188.996742
269,38,12075.792552
269,39,12030.127592
269,40,11979.381249
269,45,11965.489410
270,35,12856.337137
270,36,12252.592579
270,37,12188.996742
270,38,12073.067933
270,39,12025.911776
270,40,11979.381249
270,45,11964.977898
271,35,12856.337137
271,36,12252.592579
271,37,12188.996742
271,38,12073.067933
271,39,12025.911776
271,40,11979.381249
271,45,11964.977898
272,35,12855.154919
272,36,12252.592579
272,37,12114.086721
272,38,12011.391609
272,39,12004.180521
272,40,11979.381249
272,44,11948.021669
273,35,12834.621606
273,36,12252.592579
273,37,12114.086721
273,38,12011.391609
273,39,12004.180521
273,40,11979.381249
273,44,11948.021669
274,35,12834.621606
274,36,12130.648984
274,37,12114.086721
274,38,11993.294584
274,40,11975.494883
274,44,11948.021669
275,35,12834.621606
275,36,12130.648984
275,37,12114.086721
275,38,11993.294584
275,40,11975.494883
275,43,11957.569252
275,44,11948.021669
276,35,12833.063559
276,36,12130.648984
276,37,12100.579423
276,38,11989.388290
276,40,11975.423804
276,41,11972.098387
276,43,11957.569252
276,44,11948.021669
277,35,12833.063559
277,36,12130.648984
277,37,12100.579423
277,38,11989.388290
277,40,11975.423804
277,41,11972.098387
277,43,11957.569252
277,44,11948.021669
278,35,12804.292111
278,36,12130.648984
278,37,12081.656325
278,38,11977.063613
278,40,11975.423804
278,41,11972.098387
278,42,11968.642240
278,43,11957.569252
278,44,11933.441768
279,35,12804.292111
279,36,12130.648984
279,37,12070.484860
279,38,11977.063613
279,40,11975.423804
279,41,11972.098387
279,42,11968.642240
279,43,11957.569252
279,44,11933.441768
280,35,12791.219011
280,36,12129.367702
280,37,12062.099757
280,38,11973.791953
280,41,11970.396640
280,42,11968.642240
280,43,11957.569252
280,44,11915.342054
281,35,12791.219011
281,36,12126.347204
281,37,12062.099757
281,38,11973.791953
281,41,11970.396640
281,42,11968.642240
281,43,11957.569252
281,44,11915.342054
282,35,12791.219011
282,36,12094.403766
282,37,12062.099757
282,38,11954.690484
282,41,11909.977849
283,35,12791.219011
283,36,12094.403766
283,37,12062.099757
283,38,11954.690484
283,41,11909.977849
284,35,12581.977318
284,36,12085.791935
284,37,12062.099757
284,38,11954.590849
284,41,11899.073903
285,35,12581.977318
285,36,12085.791935
285,37,12062.099757
285,38,11954.590849
285,41,11899.073903
286,35,12581.977318
286,36,12085.791935
286,37,12054.846863
286,38,11954.590849
286,41,11896.026580
287,35,12581.977318
287,36,12085.791935
287,37,12054.846863
287,38,11954.590849
287,41,11896.026580
288,35,12576.563339
288,36,12061.727218
288,37,12048.009158
288,38,11947.697807
288,40,11903.256699
288,41,11896.026580
289,35,12576.563339
289,36,12061.727218
289,37,12031.924837
289,38,11947.697807
289,40,11903.256699
289,41,11896.026580
290,35,12576.563339
290,36,12061.727218
290,37,12031.924837
290,38,11944.444089
290,40,11903.256699
290,41,11890.612601
291,35,12576.563339
291,36,12061.727218
291,37,12031.282319
291,38,11944.444089
291,40,11903.256699
291,41,11890.612601
292,35,12540.459351
292,36,12041.631380
292,37,12014.844679
292,38,11944.444089
292,40,11903.256699
292,41,11890.612601
293,35,12540.459351
293,36,12041.631380
293,37,12014.844679
293,38,11944.444089
293,40,11903.256699
293,41,11890.612601
294,35,12539.545245
294,36,12020.901118
294,37,11965.358798
294,38,11944.444089
294,40,11903.256699
294,41,11890.612601
295,35,12539.545245
295,36,12020.901118
295,37,11965.358798
295,38,11944.444089
295,40,11903.256699
295,41,11890.612601
296,35,12539.545245
296,36,12012.964800
296,37,11965.358798
296,38,11944.444089
296,39,11898.313236
296,41,11880.848237
297,35,12539.545245
297,36,12012.964800
297,37,11954.404963
297,38,11944.444089
297,39,11898.313236
297,40,11895.973518
297,41,11880.848237
298,35,12286.917312
298,36,12012.964800
298,37,11954.404963
298,38,11889.395819
298,41,11880.848237
299,35,12286.917312
299,36,12012.964800
299,37,11954.404963
299,38,11889.395819
299,41,11880.848237
300,35,12267.994214
300,36,12012.964800
300,37,11952.549316
300,38,11889.395819
300,41,11880.848237
301,35,12267.994214
301,36,12003.084613
301,37,11952.549316
301,38,11889.395819
301,41,11880.848237
302,35,12266.459138
302,36,12001.176189
302,37,11930.167528
302,38,11886.842234
302,41,11880.848237
303,35,12266.459138
303,36,12001.176189
303,37,11930.167528
303,38,11886.842234
303,41,11880.848237
304,35,12265.700199
304,36,12001.176189
304,37,11928.403300
304,38,11886.842234
304,41,11880.848237
305,35,12265.700199
305,36,12001.176189
305,37,11928.403300
305,38,11886.842234
305,41,11880.848237
306,35,12265.700199
306,36,12001.176189
306,37,11927.141291
306,38,11886.842234
306,41,11880.848237
307,34,12804.226181
307,35,12265.700199
307,36,12001.176189
307,37,11902.355585
307,38,11886.842234
307,41,11871.860300
308,34,12786.858879
308,35,12265.700199
308,36,11992.598646
308,37,11887.108967
308,38,11886.842234
308,41,11864.388743
309,34,12786.858879
309,35,12265.700199
309,36,11992.598646
309,37,11887.108967
309,38,11886.842234
309,40,11883.017307
309,41,11864.388743
310,34,12786.858879
310,35,12265.700199
310,36,11983.531972
310,37,11861.946864
311,34,12786.858879
311,35,12265.700199
311,36,11983.531972
311,37,11861.946864
312,34,12786.858879
312,35,12265.700199
312,36,11973.303414
312,37,11861.946864
313,34,12786.858879
313,35,12265.700199
313,36,11973.303414
313,37,11861.946864
314,34,12786.858879
314,35,12265.700199
314,36,11944.675744
314,37,11861.946864
315,34,12786.858879
315,35,12265.700199
315,36,11944.675744
315,37,11861.286063
316,34,12784.785594
316,35,12265.700199
316,36,11944.675744
316,37,11861.286063
317,34,12784.785594
317,35,12265.700199
317,36,11944.675744
317,37,11861.286063
317,38,11829.084239
318,34,12478.870816
318,35,12265.700199
318,36,11944.675744
318,37,11861.286063
318,38,11825.738827
319,34,12478.870816
319,35,12265.700199
319,36,11944.675744
319,37,11861.286063
319,38,11825.738827
320,34,12478.870816
320,35,12265.700199
320,36,11944.675744
320,37,11861.286063
320,38,11825.738827
321,34,12370.150879
321,35,12265.700199
321,36,11944.675744
321,37,11861.286063
321,38,11825.738827
322,34,12366.897161
322,35,12265.700199
322,36,11944.675744
322,37,11837.697605
322,38,11825.738827
323,34,12366.897161
323,35,12265.700199
323,36,11944.675744
323,37,11822.200912
