Generation,NV,TOC
1,52,21445.682682
1,56,20229.433924
1,67,18594.661681
1,69,18557.351333
2,52,21445.682682
2,56,20229.433924
2,57,20013.822534
2,60,18835.960898
2,67,18594.661681
2,69,18557.351333
3,52,21327.929292
3,53,20683.508383
3,55,20146.689851
3,56,19325.074603
3,57,19142.102298
3,60,18835.960898
3,67,18594.661681
3,69,18557.351333
3,71,18389.827225
4,52,21322.907888
4,53,20683.508383
4,54,19825.913707
4,56,19325.074603
4,57,19142.102298
4,60,18835.960898
4,66,18606.550851
4,67,18594.661681
4,68,18304.932173
4,70,18278.832130
5,47,20125.401063
5,53,19187.861752
5,54,18736.257542
5,56,18484.821068
5,60,17883.557665
5,67,17863.913492
6,47,19625.286645
6,50,18954.321134
6,54,18736.257542
6,56,18484.821068
6,59,17608.960849
7,46,19595.856392
7,48,18165.832957
7,55,17135.805281
7,62,17093.655178
8,46,19595.856392
8,47,18873.082009
8,48,18165.832957
8,55,17135.805281
8,60,17126.188472
8,62,17093.655178
8,64,17076.879838
8,66,16940.681675
8,68,16840.648128
9,46,19595.856392
9,47,18873.082009
9,48,18165.832957
9,55,17135.805281
9,60,17126.188472
9,61,17092.754029
9,62,17067.175912
9,64,16596.713138
10,46,19087.663477
10,47,17813.670993
10,53,17491.642164
10,54,16959.788404
10,57,16641.543502
10,62,16003.096076
11,46,19087.663477
11,47,17813.670993
11,53,17491.642164
11,54,16959.788404
11,57,16641.543502
11,59,16401.523653
11,62,16003.096076
12,45,18973.695327
12,47,17549.256872
12,51,17380.098343
12,53,16120.862483
12,61,15862.723421
13,45,18973.695327
13,47,17549.256872
13,51,17380.098343
13,53,16120.862483
13,61,15862.723421
14,45,18973.695327
14,46,18542.625925
14,47,17549.256872
14,49,17340.537505
14,50,16145.381260
14,53,16120.862483
14,61,15862.723421
15,45,18973.695327
15,46,18542.625925
15,47,17549.256872
15,49,17130.937303
15,50,16085.873143
15,55,15652.794136
16,44,18972.989041
16,45,18478.702899
16,46,17507.756299
16,48,15462.740263
16,54,15428.793475
17,44,18972.989041
17,45,18478.702899
17,46,17507.756299
17,47,16973.871605
17,48,15462.740263
17,54,15428.793475
17,60,15214.498413
18,44,18972.989041
18,45,18478.702899
18,46,17507.756299
18,47,16716.513676
18,48,15462.740263
18,54,15428.793475
18,58,15387.635596
18,59,15208.235599
18,60,15086.178376
19,42,18794.452156
19,44,18455.976727
19,45,16312.599532
19,48,15336.289720
19,58,14730.636449
20,42,18794.452156
20,44,18455.976727
20,45,16312.599532
20,48,15336.289720
20,58,14730.636449
21,42,18611.721936
21,44,18323.279216
21,45,16063.721817
21,47,15308.064547
21,48,15261.179946
21,56,14617.505220
22,42,18611.721936
22,44,17161.071308
22,45,16063.721817
22,47,15308.064547
22,48,15208.403149
22,53,14935.710697
22,55,14834.203125
22,56,14617.505220
23,41,18527.477840
23,43,16999.485442
23,45,15929.456425
23,47,15112.443395
23,48,15091.156197
23,53,14935.710697
23,55,14773.946053
23,56,14598.849677
24,41,18527.477840
24,43,16999.485442
24,45,15929.456425
24,46,15827.801521
24,47,15112.443395
24,48,15091.156197
24,53,14935.710697
24,55,14773.946053
24,56,14598.849677
25,41,18527.477840
25,42,18237.137716
25,43,16707.454265
25,44,15769.301828
25,46,14959.884366
25,47,14874.153818
25,55,14653.262069
25,56,14505.740989
26,41,18527.477840
26,42,18237.137716
26,43,16707.454265
26,44,15539.354320
26,46,14959.884366
26,47,14874.153818
26,55,14653.262069
26,56,14505.740989
27,41,18087.673475
27,42,17506.947067
27,43,16559.452411
27,44,15539.354320
27,45,14914.660161
27,46,14828.919602
27,52,14442.040033
28,41,18087.673475
28,42,17506.947067
28,43,16559.452411
28,44,15539.354320
28,45,14914.660161
28,46,14397.110173
28,47,14294.206821
29,41,17937.271610
29,42,17371.830242
29,43,16297.279060
29,44,14848.325644
29,46,14291.387734
30,41,17937.271610
30,42,17371.830242
30,43,15724.811684
30,44,14848.325644
30,45,14737.180648
30,46,14291.387734
31,41,17770.305776
31,42,17265.190460
31,43,15720.755672
31,44,14753.230850
31,45,14735.039449
31,46,14235.337866
32,41,17770.305776
32,42,17265.190460
32,43,15720.755672
32,44,14753.230850
32,45,14735.039449
32,46,14235.337866
33,41,17691.417790
33,42,16813.361756
33,43,14643.407637
33,45,14458.333138
33,46,14222.956216
34,41,17691.417790
34,42,16762.000914
34,43,14643.407637
34,45,14458.333138
34,46,14222.956216
34,54,14089.634582
35,41,15370.620806
35,43,14618.005775
35,45,14458.333138
35,46,14222.956216
35,47,14105.411736
35,54,14089.634582
36,41,15158.902779
36,42,14591.190511
36,43,14323.349537
36,44,14143.835600
36,47,14101.467607
36,54,14015.513795
37,40,18219.707257
37,41,15158.902779
37,42,14591.190511
37,43,14323.349537
37,44,14143.835600
37,45,14120.875980
37,47,14101.467607
37,50,14035.512403
37,54,13813.831107
38,40,18219.707257
38,41,15158.902779
38,42,14591.190511
38,43,14218.589883
38,44,14143.835600
38,45,14120.875980
38,47,14101.467607
38,50,14035.512403
38,54,13813.831107
39,40,18002.588095
39,41,14700.501871
39,42,14489.934625
39,43,14156.191771
39,44,14094.840316
39,45,14065.982593
39,47,14019.559544
39,50,13947.599580
39,52,13754.214938
40,40,18002.588095
40,41,14700.501871
40,42,14489.934625
40,43,14156.191771
40,44,14094.840316
40,45,14065.982593
40,47,14019.559544
40,50,13947.599580
40,52,13754.214938
41,40,17375.948418
41,41,14660.110607
41,42,14473.415759
41,43,14139.515590
41,44,14052.206544
41,45,14038.893610
41,47,14019.559544
41,49,13980.118175
41,50,13860.999338
41,52,13739.169914
42,39,15282.679406
42,40,14958.078302
42,41,14660.110607
42,42,14473.415759
42,43,14139.515590
42,44,14052.206544
42,45,14038.893610
42,47,14019.559544
42,49,13980.118175
42,50,13860.999338
42,52,13739.169914
43,39,14845.698627
43,40,14491.197758
43,41,14407.175389
43,43,13847.633529
43,52,13628.110426
44,39,14723.381010
44,40,14491.197758
44,41,13979.474403
44,43,13847.633529
44,47,13838.428959
44,50,13821.842471
44,51,13758.176337
44,52,13628.110426
45,38,14918.852049
45,39,14320.988114
45,41,13979.474403
45,43,13772.587084
45,50,13649.563986
45,52,13588.110319
46,38,14918.852049
46,39,14320.988114
46,41,13979.474403
46,43,13772.587084
46,48,13768.164184
46,50,13640.322939
46,52,13588.110319
47,38,14826.527358
47,39,14285.634187
47,41,13913.627029
47,43,13772.587084
47,48,13657.044014
47,50,13602.922919
47,52,13586.112455
48,37,14831.479438
48,38,14826.527358
48,39,14285.634187
48,41,13913.627029
48,42,13700.508931
48,48,13657.044014
48,50,13602.922919
48,52,13586.112455
49,37,14675.793949
49,38,14371.927992
49,39,14285.634187
49,40,13784.880746
49,42,13697.105318
49,48,13607.420049
49,49,13576.422106
49,50,13501.411198
50,37,14675.793949
50,38,14371.927992
50,39,14285.634187
50,40,13784.880746
50,42,13697.105318
50,43,13667.040944
50,44,13652.379093
50,47,13572.706695
50,50,13501.411198
51,37,14675.793949
51,38,14326.531760
51,39,14285.634187
51,40,13671.984442
51,43,13514.190148
51,50,13501.411198
52,37,14675.793949
52,38,14326.531760
52,39,14285.634187
52,40,13671.984442
52,42,13496.730686
52,46,13416.473051
53,37,14503.142485
53,38,14269.839585
53,39,14147.020093
53,40,13657.296612
53,41,13429.973475
53,46,13415.277417
54,36,15086.532637
54,37,14503.142485
54,38,14269.839585
54,39,14147.020093
54,40,13657.296612
54,41,13429.973475
54,46,13415.277417
55,35,15434.703322
55,36,15086.532637
55,37,14503.142485
55,38,14219.814506
55,39,14118.222859
55,40,13657.296612
55,41,13413.886594
55,46,13264.259465
56,34,14328.510192
56,37,14099.270883
56,40,13657.296612
56,41,13413.886594
56,46,13264.259465
57,34,14226.134549
57,37,14077.998330
57,39,13646.106726
57,41,13257.567591
58,34,14226.134549
58,35,14181.539828
58,37,13960.410007
58,39,13646.106726
58,40,13472.120095
58,41,13257.567591
59,34,14147.546309
59,37,13889.932413
59,39,13605.466680
59,40,13468.578473
59,41,13255.785331
59,42,13190.747696
60,34,14058.669252
60,35,14015.720101
60,37,13889.932413
60,39,13605.466680
60,40,13390.537506
60,41,13255.785331
60,42,13190.747696
61,34,14049.928565
61,35,14015.720101
61,36,13911.346222
61,37,13885.782428
61,39,13604.808287
61,40,13390.537506
61,41,13255.785331
61,42,13185.950981
62,34,14049.928565
62,35,13986.778124
62,36,13911.346222
62,37,13885.782428
62,39,13604.808287
62,40,13390.537506
62,41,13255.785331
62,42,13185.950981
63,34,13809.906600
63,38,13465.313931
63,40,13385.161294
63,41,13255.785331
63,42,13185.950981
64,34,13740.360561
64,35,13722.955086
64,38,13465.313931
64,39,13429.350133
64,40,13385.161294
64,41,13191.468540
64,42,13185.950981
65,34,13725.897640
65,35,13722.955086
65,37,13556.337829
65,38,13352.295904
65,40,13202.238416
65,41,13162.248824
65,43,13146.792087
66,33,13560.055761
66,35,13481.489253
66,38,13352.295904
66,39,13158.458509
66,43,13146.792087
67,33,13551.891388
67,35,13458.850243
67,37,13212.163738
67,39,13158.458509
67,43,13146.792087
68,33,13551.891388
68,35,13458.850243
68,37,13212.163738
68,38,13112.874654
69,32,14019.277676
69,33,13551.891388
69,35,13452.852260
69,37,13212.163738
69,38,13043.437276
70,32,13818.191707
70,33,13551.891388
70,35,13452.852260
70,36,13260.344242
70,37,13212.163738
70,38,13043.437276
71,32,13817.279251
71,33,13540.587054
71,34,13352.738931
71,35,13242.569900
71,37,13187.863559
71,38,13031.839294
72,32,13817.279251
72,33,13309.816439
72,34,13269.991150
72,35,13242.569900
72,37,13187.863559
72,38,13031.839294
73,32,13502.390655
73,33,13309.816439
73,34,13256.991846
73,35,13212.972622
73,37,12894.156838
74,31,14078.941827
74,32,13502.390655
74,33,13309.816439
74,34,13256.991846
74,35,13128.652394
74,37,12894.156838
75,31,14067.765696
75,32,13501.810948
75,33,13208.718399
75,35,13128.652394
75,37,12894.156838
76,31,14067.765696
76,32,13501.810948
76,33,13208.718399
76,35,13128.652394
76,37,12894.156838
77,31,14067.765696
77,32,13498.738820
77,33,13208.718399
77,35,13128.652394
77,36,13097.086171
77,37,12872.571921
78,31,14067.765696
78,32,13411.910296
78,33,13208.718399
78,35,13064.483289
78,37,12872.571921
79,31,14058.479329
79,32,13348.252541
79,33,13179.768816
79,35,12934.330883
79,37,12872.025965
80,31,13849.746801
80,32,13348.252541
80,33,13179.768816
80,35,12934.330883
80,37,12872.025965
81,31,13550.026817
81,32,13332.851075
81,33,13144.063255
81,35,12934.330883
81,37,12870.279482
82,31,13550.026817
82,32,13114.500696
82,35,12934.330883
82,37,12870.279482
83,31,13550.026817
83,32,13114.260794
83,34,13035.363982
83,35,12883.876140
83,37,12870.279482
84,31,13550.026817
84,32,13114.260794
84,34,13035.363982
84,35,12883.876140
84,37,12870.279482
84,40,12850.113997
85,30,13871.648730
85,31,13535.515892
85,32,13114.260794
85,34,12876.074741
85,37,12867.928778
85,38,12802.972228
86,30,13871.648730
86,31,13331.622925
86,32,13114.260794
86,34,12876.074741
86,37,12867.928778
86,38,12802.972228
87,30,13869.711637
87,31,13331.622925
87,32,13114.260794
87,34,12875.869981
87,37,12867.928778
87,38,12802.972228
88,30,13643.176336
88,31,13331.622925
88,32,13103.236871
88,33,13046.748965
88,34,12875.869981
88,36,12865.797056
88,37,12744.600204
89,30,13643.176336
89,31,13208.192351
89,32,13085.353859
89,33,13032.098132
89,34,12798.158883
89,36,12713.860403
90,30,13643.176336
90,31,13208.192351
90,32,13085.353859
90,33,13032.098132
90,34,12798.158883
90,36,12713.860403
91,30,13573.348979
91,31,13196.107796
91,32,13076.279380
91,33,12999.528483
91,34,12798.158883
91,36,12713.860403
92,30,13542.555327
92,31,13196.107796
92,32,13076.279380
92,33,12871.316439
92,34,12798.158883
92,36,12713.860403
93,30,13542.555327
93,31,13086.738623
93,32,12845.380468
93,34,12797.876161
93,36,12712.463008
94,30,13507.286089
94,31,13086.738623
94,32,12845.380468
94,34,12797.876161
94,36,12712.463008
95,29,13846.620185
95,30,13490.321828
95,31,13086.738623
95,32,12845.380468
95,33,12780.467570
95,35,12686.260747
96,29,13552.902766
96,30,13472.599543
96,31,13086.738623
96,32,12845.380468
96,33,12780.467570
96,35,12686.260747
97,29,13457.925517
97,31,13086.738623
97,32,12759.685861
97,35,12674.263068
98,29,13457.925517
98,31,13086.738623
98,32,12759.685861
98,33,12740.235411
98,35,12674.263068
99,29,13457.925517
99,30,13187.542938
99,31,13072.227698
99,32,12734.108429
99,35,12652.821202
100,29,13406.335098
100,30,13187.542938
100,31,13072.227698
100,32,12734.108429
100,35,12652.821202
101,29,13330.999390
101,30,13129.035149
101,31,13052.945270
101,32,12729.899508
101,35,12652.821202
102,29,13330.999390
102,30,13129.035149
102,31,13052.945270
102,32,12729.899508
102,35,12652.821202
102,37,12634.092082
103,29,13309.510587
103,30,13124.032678
103,31,13052.945270
103,32,12729.899508
103,35,12652.821202
103,37,12618.163584
104,29,13288.667238
104,30,13075.486995
104,31,13052.945270
104,32,12729.899508
104,34,12679.582690
104,35,12652.821202
104,37,12618.163584
105,29,13244.557407
105,30,13071.845194
105,31,13052.945270
105,32,12729.192229
105,34,12667.994907
105,35,12652.821202
105,37,12610.736400
106,29,13244.557407
106,30,13001.307997
106,32,12729.192229
106,34,12667.994907
106,35,12652.821202
106,37,12610.736400
107,29,13244.557407
107,30,13001.307997
107,32,12728.096464
107,34,12659.964409
107,35,12579.390740
108,29,13244.557407
108,30,13001.307997
108,32,12728.096464
108,34,12659.964409
108,35,12579.390740
109,29,13217.753617
109,30,12997.099076
109,32,12719.198670
109,34,12640.867981
109,35,12566.453615
110,29,13217.753617
110,30,12997.099076
110,32,12719.198670
110,34,12640.867981
110,35,12566.453615
111,29,13217.239939
111,30,12975.610273
111,32,12699.124939
111,34,12640.867981
111,35,12564.112433
112,29,13127.426090
112,30,12975.610273
112,32,12699.124939
112,34,12640.867981
112,35,12564.112433
113,29,13127.426090
113,30,12939.615532
113,32,12699.124939
113,34,12634.130846
113,35,12555.571783
114,29,13127.426090
114,30,12939.615532
114,32,12634.095966
114,35,12555.571783
115,29,13123.707683
115,30,12870.422704
115,32,12634.095966
115,35,12553.994126
116,29,13036.883300
116,30,12870.422704
116,32,12634.095966
116,35,12553.994126
117,29,12974.423668
117,30,12870.347422
117,32,12630.759349
117,35,12553.994126
118,29,12974.423668
118,30,12870.347422
118,32,12630.759349
118,35,12553.994126
119,28,13017.364272
119,29,12970.985903
119,30,12842.698289
119,31,12609.497209
119,35,12553.994126
120,28,13017.364272
120,29,12970.985903
120,30,12842.698289
120,31,12609.497209
120,35,12553.994126
121,28,12992.724793
121,29,12965.593706
121,30,12841.755763
121,31,12609.497209
121,35,12553.863738
122,28,12992.724793
122,29,12965.593706
122,30,12841.755763
122,31,12609.497209
122,35,12553.863738
123,28,12990.998920
123,29,12963.479564
123,30,12839.535632
123,31,12598.429663
123,35,12503.493450
124,28,12990.998920
124,29,12963.479564
124,30,12618.482684
124,31,12598.429663
124,32,12573.432909
124,35,12503.493450
125,28,12990.998920
125,29,12963.479564
125,30,12593.325030
125,32,12571.320427
125,35,12453.264735
126,28,12990.998920
126,29,12926.965751
126,30,12593.325030
126,32,12571.320427
126,35,12453.264735
127,28,12977.353221
127,29,12904.436976
127,30,12544.364817
127,35,12453.264735
128,28,12947.714503
128,29,12904.436976
128,30,12544.364817
128,35,12453.264735
129,28,12935.402586
129,29,12834.947572
129,30,12519.957965
129,35,12437.773683
130,28,12888.671153
130,29,12834.947572
130,30,12519.957965
130,35,12437.773683
131,28,12888.671153
131,29,12834.947572
131,30,12519.957965
131,35,12437.773683
132,28,12888.671153
132,29,12834.947572
132,30,12519.957965
132,35,12437.773683
133,27,12897.700580
133,28,12878.460620
133,29,12834.947572
133,30,12513.150174
133,35,12437.444237
134,27,12894.409298
134,28,12867.388258
134,29,12834.947572
134,30,12513.150174
134,35,12437.444237
135,27,12836.251078
135,29,12834.352941
135,30,12497.182616
135,31,12484.236340
135,35,12437.444237
136,27,12821.059379
136,30,12497.182616
136,31,12484.236340
136,35,12437.444237
137,27,12819.979897
137,30,12453.917775
137,35,12437.444237
138,27,12819.979897
138,28,12778.482973
138,30,12453.917775
138,35,12437.444237
139,27,12804.455937
139,28,12775.332834
139,30,12453.626294
139,35,12416.952926
140,27,12804.455937
140,28,12775.332834
140,30,12453.626294
140,32,12439.691903
140,35,12416.952926
141,27,12804.455937
141,28,12757.775186
141,30,12421.926625
141,35,12399.799631
142,27,12804.455937
142,28,12749.773961
142,30,12421.926625
142,35,12399.799631
143,27,12783.500146
143,28,12732.139462
143,29,12652.280446
143,30,12407.413007
143,35,12398.957134
144,27,12783.500146
144,28,12711.257746
144,29,12652.280446
144,30,12407.413007
144,35,12398.957134
145,27,12782.842210
145,28,12709.960040
145,29,12635.415714
145,30,12401.085612
145,35,12392.998782
146,27,12782.842210
146,28,12709.960040
146,29,12635.415714
146,30,12401.085612
146,35,12392.998782
147,27,12760.169558
147,28,12699.188624
147,29,12626.444947
147,30,12401.085612
147,35,12375.611961
148,27,12760.169558
148,28,12699.188624
148,29,12626.444947
148,30,12401.085612
148,35,12375.611961
149,27,12760.169558
149,28,12694.403839
149,29,12626.444947
149,30,12396.917001
149,35,12372.662980
149,37,12352.333486
150,27,12760.169558
150,28,12694.403839
150,29,12626.444947
150,30,12396.917001
150,35,12372.662980
150,37,12352.333486
151,27,12736.998670
151,28,12693.982963
151,29,12611.757794
151,30,12396.917001
151,31,12383.134438
151,35,12336.593888
152,27,12633.198448
152,29,12611.757794
152,30,12396.917001
152,31,12383.134438
152,35,12336.593888
153,27,12632.233739
153,29,12582.895273
153,30,12396.863817
153,31,12382.390715
153,35,12331.804771
154,27,12632.233739
154,29,12582.895273
154,30,12396.863817
154,31,12382.390715
154,35,12331.804771
155,27,12627.825817
155,29,12582.895273
155,30,12325.256575
156,27,12627.825817
156,28,12576.511389
156,30,12325.256575
157,27,12627.822127
157,28,12576.165155
157,29,12544.701399
157,30,12325.256575
157,31,12291.694224
158,27,12627.822127
158,28,12576.165155
158,29,12544.701399
158,30,12325.256575
158,31,12291.694224
159,27,12610.295552
159,28,12576.161464
159,29,12544.701399
159,30,12313.819587
159,31,12291.281890
160,27,12610.295552
160,28,12514.006595
160,30,12313.819587
160,31,12291.281890
161,26,12683.428821
161,27,12517.811535
161,28,12504.668006
161,30,12313.819587
161,31,12290.631171
162,26,12683.428821
162,27,12517.811535
162,28,12504.668006
162,30,12313.819587
162,31,12290.631171
162,32,12286.066094
163,26,12670.826717
163,27,12511.022648
163,28,12464.194909
163,30,12312.510307
163,31,12283.106366
163,32,12227.451614
164,26,12670.826717
164,27,12511.022648
164,28,12464.194909
164,30,12312.510307
164,31,12283.106366
164,32,12227.451614
165,26,12670.826717
165,27,12511.022648
165,28,12464.194909
165,30,12311.092569
165,31,12277.057141
165,32,12227.451614
166,26,12670.826717
166,27,12511.022648
166,28,12464.194909
166,30,12311.092569
166,31,12277.057141
166,32,12227.451614
167,26,12670.826717
167,27,12506.795172
167,28,12440.472344
167,30,12311.092569
167,31,12276.934459
167,32,12227.451614
168,26,12670.826717
168,27,12506.795172
168,28,12440.472344
168,30,12311.092569
168,31,12276.934459
168,32,12227.451614
169,26,12669.938501
169,27,12497.865583
169,28,12440.418352
169,30,12304.844005
169,31,12258.471997
169,32,12227.451614
170,26,12669.938501
170,27,12497.865583
170,28,12440.418352
170,30,12304.844005
170,31,12258.471997
170,32,12227.451614
171,26,12459.139770
171,27,12398.764646
171,30,12286.047707
171,31,12256.402749
171,32,12223.317065
172,26,12459.139770
172,27,12396.980657
172,30,12286.047707
172,31,12256.402749
172,32,12223.317065
173,26,12407.278469
173,27,12377.759340
173,30,12285.915871
173,31,12216.639261
174,26,12407.278469
174,27,12377.759340
174,30,12285.915871
174,31,12216.639261
175,26,12397.426018
175,27,12368.696158
175,30,12285.069185
175,31,12206.010279
175,33,12188.469429
176,26,12397.426018
176,27,12368.696158
176,29,12344.806467
176,30,12285.069185
176,31,12206.010279
176,33,12188.469429
177,26,12392.027878
177,27,12356.219444
177,29,12291.636995
177,30,12284.120458
177,31,12206.010279
177,33,12187.906376
178,26,12392.027878
178,27,12356.219444
178,29,12291.636995
178,30,12284.120458
178,31,12206.010279
178,33,12187.906376
179,26,12354.479383
179,29,12284.192435
179,30,12270.387010
179,31,12164.613613
180,26,12354.479383
180,29,12284.192435
180,30,12270.387010
180,31,12164.613613
181,26,12345.135160
181,29,12284.192435
181,30,12270.387010
181,31,12164.613613
182,26,12321.668298
182,29,12284.192435
182,30,12270.387010
182,31,12164.613613
183,26,12321.668298
183,29,12266.058144
183,30,12247.632562
183,31,12164.613613
184,26,12321.668298
184,29,12266.058144
184,30,12247.632562
184,31,12164.613613
185,26,12321.668298
185,29,12258.555222
185,30,12242.265999
185,31,12157.851169
186,26,12320.861685
186,27,12291.518348
186,28,12275.969627
186,29,12258.555222
186,30,12242.265999
186,31,12157.851169
187,26,12276.590256
187,27,12262.549220
187,29,12244.361123
187,30,12239.920356
187,31,12152.297962
188,26,12276.590256
188,27,12262.549220
188,29,12244.361123
188,30,12239.920356
188,31,12152.297962
189,26,12261.847298
189,29,12164.796992
189,31,12151.466933
190,26,12261.847298
190,29,12164.796992
190,31,12151.466933
190,33,12144.113277
191,26,12261.374931
191,29,12164.796992
191,31,12151.466933
191,33,12140.265520
192,26,12261.374931
192,27,12231.057578
192,29,12164.796992
192,31,12151.466933
192,33,12140.265520
193,26,12221.905543
193,29,12163.809259
193,31,12151.466933
193,33,12113.708311
194,26,12221.905543
194,29,12163.809259
194,31,12134.573799
194,33,12113.708311
195,26,12218.028859
195,29,12156.679374
195,31,12124.379689
195,33,12113.708311
196,26,12218.028859
196,29,12133.360607
196,31,12124.379689
196,32,12117.224952
196,33,12113.708311
197,26,12218.028859
197,29,12104.781020
197,33,12098.208705
198,26,12218.028859
198,28,12186.728159
198,29,12104.781020
198,33,12098.208705
199,26,12217.142931
199,28,12186.605898
199,29,12098.765224
199,33,12098.208705
200,26,12217.142931
200,28,12186.605898
200,29,12098.765224
200,33,12098.208705
201,26,12217.142931
201,28,12165.496799
201,29,12064.086043
202,26,12217.142931
202,28,12165.496799
202,29,12064.086043
203,26,12205.837421
203,28,12157.732299
203,29,12064.086043
204,26,12205.837421
204,28,12157.732299
204,29,12064.086043
205,26,12201.553684
205,28,12157.732299
205,29,12061.178847
206,26,12201.553684
206,27,12162.437083
206,28,12157.732299
206,29,12061.178847
207,26,12176.841311
207,27,12162.035969
207,28,12138.034506
207,29,12059.568973
208,26,12176.841311
208,27,12162.035969
208,28,12138.034506
208,29,12059.568973
209,26,12175.206445
209,27,12161.421655
209,28,12138.034506
209,29,12033.972524
210,25,12886.770337
210,26,12174.975520
210,27,12144.425669
210,28,12138.034506
210,29,12031.788028
211,25,12886.770337
211,26,12170.581269
211,27,12135.583563
211,29,12031.788028
212,25,12886.770337
212,26,12170.581269
212,27,12135.583563
212,29,12031.788028
213,25,12880.786513
213,26,12159.847312
213,27,12096.977674
213,29,12031.788028
214,25,12880.786513
214,26,12159.847312
214,27,12096.977674
214,28,12068.290546
214,29,12031.788028
215,25,12880.786513
215,26,12150.859013
215,27,12056.620748
215,29,12025.201606
216,25,12880.786513
216,26,12150.859013
216,27,12056.620748
216,29,12024.507618
217,25,12879.211995
217,26,12150.859013
217,27,12056.531466
217,29,12010.726333
218,25,12879.211995
218,26,12150.859013
218,27,12056.531466
218,29,12010.726333
219,25,12879.211995
219,26,12150.859013
219,27,12056.531466
219,29,12007.369537
220,25,12879.211995
220,26,12150.859013
220,27,12056.531466
220,29,12007.369537
221,25,12849.140638
221,26,12150.859013
221,27,12056.531466
221,29,12007.369537
222,25,12849.140638
222,26,12150.859013
222,27,12056.531466
222,29,12007.369537
223,25,12843.019044
223,26,12120.390163
223,27,12056.531466
223,29,12007.294384
224,25,12843.019044
224,26,12120.390163
224,27,12056.531466
224,28,12056.466736
224,29,12007.294384
225,25,12799.783497
225,26,12118.782703
225,27,12056.274857
225,28,12051.716802
225,29,11998.671698
226,25,12799.783497
226,26,12118.782703
226,27,12056.274857
226,28,12051.716802
226,29,11998.671698
227,25,12787.104536
227,26,12117.435944
227,27,12055.119266
227,28,12042.668614
227,29,11998.671698
228,25,12787.104536
228,26,12117.435944
228,27,12055.119266
228,28,12042.668614
228,29,11998.671698
228,30,11977.654249
229,25,12787.104536
229,26,12115.878335
229,27,12055.119266
229,28,12042.668614
229,29,11957.744823
230,25,12787.104536
230,26,12115.878335
230,27,12055.119266
230,28,12042.668614
230,29,11957.744823
231,25,12787.104536
231,26,12115.878335
231,27,12049.061625
231,28,11922.114793
232,25,12787.104536
232,26,12115.878335
232,27,12049.061625
232,28,11922.114793
233,25,12786.476224
233,26,12112.905664
233,27,12049.036149
233,28,11921.892977
234,25,12786.476224
234,26,12112.905664
234,27,12049.036149
234,28,11921.892977
235,25,12786.476224
235,26,12112.905664
235,27,12043.271801
235,28,11920.196144
236,25,12786.476224
236,26,12112.905664
236,27,12043.271801
236,28,11920.196144
237,25,12786.476224
237,26,12112.905664
237,27,12033.941545
237,28,11919.310215
238,25,12786.476224
238,26,12086.668521
238,27,12033.941545
238,28,11919.310215
239,25,12785.737357
239,26,12086.668521
239,27,12033.941545
239,28,11899.015550
240,25,12785.737357
240,26,12086.668521
240,27,12033.941545
240,28,11899.015550
241,25,12783.158750
241,26,12081.717081
241,27,12033.941545
241,28,11899.015550
242,25,12783.158750
242,26,12081.717081
242,27,12033.941545
242,28,11898.651944
243,25,12782.210723
243,26,12081.717081
243,27,12033.941545
243,28,11898.651944
244,25,12782.210723
244,26,12081.717081
244,27,12033.941545
244,28,11898.651944
245,25,12777.242440
245,26,12080.991956
245,27,12032.345572
245,28,11898.651944
246,25,12635.789085
246,26,12080.991956
246,27,12032.345572
246,28,11898.651944
247,25,12635.497049
247,26,12080.991956
247,27,12022.106227
247,28,11898.651944
248,25,12635.497049
248,26,12080.991956
248,27,12022.106227
248,28,11898.651944
249,25,12633.392648
249,26,12079.989514
249,27,12010.406599
249,28,11897.055972
250,25,12633.392648
250,26,12079.989514
250,27,12010.406599
250,28,11897.055972
251,25,12633.392648
251,26,12002.179525
251,28,11897.055972
252,25,12633.392648
252,26,12002.179525
252,28,11897.055972
253,25,12624.314176
253,26,12000.484474
253,28,11893.813952
254,25,12624.314176
254,26,12000.484474
254,28,11893.813952
255,25,12567.124571
255,26,12000.484474
255,28,11883.384389
256,25,12541.340338
256,26,12000.484474
256,28,11883.384389
257,25,12541.049909
257,26,11995.643715
257,28,11877.160590
258,25,12541.049909
258,26,11995.643715
258,28,11877.160590
259,25,12540.140180
259,26,11994.030904
259,28,11877.160590
260,25,12540.140180
260,26,11975.932107
260,28,11877.160590
261,25,12527.714549
261,26,11965.530167
261,28,11877.160590
262,25,12527.714549
262,26,11965.530167
262,28,11877.160590
263,25,12525.931153
263,26,11965.530167
263,28,11877.160590
264,25,12525.931153
264,26,11965.530167
264,28,11877.160590
265,25,12522.605337
265,26,11965.530167
265,28,11869.082326
266,25,12305.293492
266,26,11965.530167
266,28,11869.082326
267,25,12295.398377
267,26,11965.530167
267,28,11835.796439
268,25,12295.398377
268,26,11945.856156
268,28,11835.796439
269,25,12295.398377
269,26,11944.583530
269,28,11832.670278
270,25,12240.080758
270,26,11944.583530
270,28,11832.670278
271,25,12236.372079
271,26,11944.583530
271,28,11832.670278
272,25,12236.372079
272,26,11944.583530
272,28,11832.670278
273,25,12234.237597
273,26,11933.080988
273,28,11803.668429
274,25,12234.237597
274,26,11933.080988
274,28,11803.668429
275,25,12233.249670
275,26,11926.440872
275,27,11913.046513
275,28,11803.668429
276,25,12233.249670
276,26,11926.440872
276,27,11913.046513
276,28,11803.668429
277,25,12233.249670
277,26,11926.440872
277,27,11913.046513
277,28,11798.950085
278,25,12233.249670
278,26,11926.440872
278,27,11913.046513
278,28,11798.950085
279,25,12232.130956
279,26,11926.440872
279,27,11913.046513
279,28,11798.950085
280,25,12206.868337
280,26,11926.440872
280,27,11913.046513
280,28,11798.950085
281,25,12206.868337
281,26,11926.440872
281,27,11913.046513
281,28,11798.950085
282,25,12182.150462
282,26,11910.791145
282,27,11905.634244
282,28,11765.630953
283,25,12182.150462
283,26,11910.791145
283,27,11905.405639
283,28,11765.630953
284,25,12182.150462
284,26,11910.791145
284,27,11905.405639
284,28,11765.630953
285,25,12176.358224
285,26,11900.941302
285,28,11765.630953
286,25,12173.330771
286,26,11900.941302
286,28,11765.630953
287,25,12163.254866
287,26,11899.569085
287,28,11765.630953
288,25,12163.254866
288,26,11899.569085
288,28,11765.630953
289,25,12160.610254
289,26,11899.569085
289,28,11765.630953
290,25,12160.610254
290,26,11899.569085
290,28,11765.630953
291,25,12160.610254
291,26,11858.938405
291,28,11753.637829
292,25,12160.610254
292,26,11858.938405
292,28,11753.637829
293,25,12160.610254
293,26,11858.938405
293,28,11753.637829
294,25,12160.610254
294,26,11858.938405
294,28,11753.637829
295,25,12156.850595
295,26,11858.938405
295,28,11753.637829
296,25,12156.850595
296,26,11858.938405
296,28,11753.637829
297,25,12156.850595
297,26,11858.938405
297,28,11743.223086
298,25,12156.850595
298,26,11858.938405
298,28,11743.223086
299,25,12155.732529
299,26,11857.522826
299,27,11824.747003
299,28,11743.223086
300,25,12155.732529
300,26,11857.522826
300,27,11824.747003
300,28,11743.223086
301,25,12154.846600
301,26,11847.051619
301,27,11809.647579
301,28,11743.223086
302,25,12154.846600
302,26,11847.051619
302,27,11805.721936
302,28,11743.223086
303,25,12148.735828
303,26,11847.051619
303,27,11770.125841
303,28,11743.223086
304,25,12148.735828
304,26,11847.051619
304,27,11770.125841
304,28,11743.223086
305,25,12148.735828
305,26,11847.051619
305,27,11770.125841
305,28,11730.249881
306,25,12148.735828
306,26,11847.051619
306,27,11770.125841
306,28,11730.249881
307,25,12148.153021
307,26,11843.282542
307,27,11770.125841
307,28,11730.249881
308,25,12148.153021
308,26,11843.282542
308,27,11770.125841
308,28,11730.249881
309,25,12144.118368
309,26,11840.793610
309,27,11767.449188
309,28,11729.767538
310,25,12144.118368
310,26,11840.793610
310,27,11767.449188
310,28,11729.767538
311,25,12142.556857
311,26,11840.793610
311,27,11766.792555
311,28,11723.385161
312,25,12142.556857
312,26,11840.793610
312,27,11766.792555
312,28,11723.385161
313,25,12139.065611
313,26,11826.212600
313,27,11766.792555
313,28,11719.170965
314,25,12139.065611
314,26,11826.212600
314,27,11766.792555
314,28,11719.170965
315,25,12122.772930
315,26,11826.212600
315,27,11766.792555
315,28,11719.073668
316,25,12122.772930
316,26,11826.212600
316,27,11766.792555
316,28,11719.073668
317,25,12122.723989
317,26,11825.454963
317,27,11764.129113
317,28,11718.242293
318,25,12122.723989
318,26,11825.454963
318,27,11763.531643
318,28,11717.026419
319,25,12122.455210
319,26,11825.454963
319,27,11759.336363
319,28,11717.026419
320,25,12122.455210
320,26,11825.454963
320,27,11759.336363
320,28,11717.026419
321,25,12116.485625
321,26,11821.282227
321,27,11759.336363
321,28,11717.026419
322,25,12116.485625
322,26,11821.282227
322,27,11759.336363
322,28,11717.026419
323,25,12116.315471
323,26,11820.289708
323,27,11757.830006
323,28,11717.026419
324,25,12116.315471
324,26,11820.289708
324,27,11757.830006
324,28,11717.026419
325,25,12116.315471
325,26,11819.673769
325,27,11757.114274
325,28,11717.026419
326,25,12116.315471
326,26,11819.673769
326,27,11757.114274
326,28,11713.167386
