Generation,NV,TOC
1,11,3781.806142
1,12,3021.076845
1,13,2725.348769
1,15,2577.442041
1,18,2356.286198
2,11,3344.371729
2,12,2796.828743
2,13,2725.348769
2,14,2443.994537
2,17,2370.728796
2,18,2356.286198
3,10,3155.711470
3,12,2776.878712
3,13,2637.052840
3,14,2443.994537
3,16,2341.077611
4,10,3155.711470
4,12,2372.987309
4,16,2341.077611
5,10,3155.711470
5,11,2850.544114
5,12,2328.984253
5,14,2281.351558
6,10,2920.187406
6,11,2543.038459
6,12,2225.605380
7,10,2500.693560
7,12,2194.998086
8,10,2500.693560
8,11,2274.610970
8,12,2194.998086
9,9,3113.202988
9,10,2500.693560
9,11,2274.610970
9,12,2194.998086
10,9,3113.202988
10,10,2500.693560
10,11,2269.694111
10,12,2187.820207
11,9,2707.831125
11,10,2462.392563
11,11,2269.694111
11,12,2187.820207
12,9,2707.831125
12,10,2462.392563
12,11,2269.694111
12,12,2187.820207
13,9,2707.831125
13,10,2309.334259
13,11,2225.927212
13,12,2169.842609
14,9,2505.464687
14,10,2309.334259
14,11,2183.780080
14,12,2169.842609
15,9,2438.220939
15,10,2309.334259
15,11,2183.780080
15,12,2169.842609
16,9,2438.220939
16,10,2309.334259
16,11,2183.780080
16,12,2155.880568
17,9,2383.984469
17,10,2309.334259
17,11,2183.780080
17,12,2145.461429
18,9,2383.984469
18,10,2296.238731
18,11,2183.780080
18,12,2126.664781
19,9,2383.984469
19,10,2296.238731
19,11,2177.009350
19,12,2126.664781
20,8,2837.088951
20,9,2383.984469
20,10,2296.238731
20,11,2175.921490
20,12,2126.664781
21,8,2837.088951
21,9,2341.861319
21,10,2296.238731
21,11,2141.123395
21,12,2126.664781
22,8,2668.599706
22,9,2341.861319
22,10,2296.238731
22,11,2138.646483
22,12,2121.465760
23,8,2649.527341
23,9,2341.861319
23,10,2292.657496
23,11,2102.846628
24,8,2649.527341
24,9,2301.633331
24,10,2219.821659
24,11,2102.846628
25,8,2541.289215
25,9,2282.115972
25,10,2219.821659
25,11,2102.669758
26,8,2343.995033
26,9,2194.817851
26,11,2084.313373
27,8,2343.995033
27,9,2194.817851
27,10,2171.283175
27,11,2084.313373
28,8,2282.102165
28,9,2194.817851
28,10,2171.283175
28,11,2084.313373
29,8,2282.102165
29,9,2194.817851
29,10,2171.283175
29,11,2084.313373
30,8,2282.102165
30,9,2194.817851
30,10,2171.283175
30,11,2084.313373
31,8,2282.102165
31,9,2194.817851
31,10,2126.369345
31,11,2082.645754
32,7,2432.414993
32,8,2268.169259
32,9,2194.140927
32,10,2126.369345
32,11,2082.645754
33,7,2432.414993
33,8,2145.361552
33,10,2126.369345
33,11,2082.645754
34,7,2403.987345
34,8,2119.281602
34,11,2071.414262
35,7,2403.987345
35,8,2119.281602
35,9,2037.747691
36,7,2386.863531
36,8,2119.281602
36,9,2037.747691
37,7,2386.863531
37,8,2119.281602
37,9,2037.747691
38,7,2386.863531
38,8,2100.011497
38,9,2037.747691
39,7,2386.863531
39,8,2100.011497
39,9,2037.747691
40,7,2377.424912
40,8,2097.959349
40,9,2036.591035
41,7,2360.301099
41,8,2097.959349
41,9,2036.591035
42,7,2360.301099
42,8,2049.089007
42,9,2026.761172
43,7,2358.849076
43,8,2049.089007
43,9,2026.761172
44,7,2358.849076
44,8,2049.089007
44,9,2026.761172
45,7,2339.023629
45,8,2049.089007
45,9,2026.761172
46,7,2339.023629
46,8,2049.089007
46,9,2021.397669
47,7,2339.023629
47,8,2049.089007
47,9,2021.397669
48,7,2339.023629
48,8,2049.089007
48,9,2021.397669
49,7,2325.078155
49,8,2049.089007
49,9,2021.397669
50,7,2314.049924
50,8,2049.089007
50,9,2015.504941
51,7,2314.049924
51,8,2049.089007
51,9,2015.504941
52,7,2314.049924
52,8,2049.089007
52,9,2015.504941
53,7,2254.039851
53,8,2049.089007
53,9,2009.412896
54,7,2254.039851
54,8,2049.089007
54,9,2001.904577
55,7,2195.215039
55,8,2049.089007
55,9,1998.865013
56,7,2191.436481
56,8,2049.089007
56,9,1997.150746
57,7,2191.436481
57,8,2049.089007
57,9,1997.150746
58,7,2157.394316
58,8,2048.279407
58,9,1997.150746
59,7,2127.788245
59,8,2048.279407
59,9,1997.150746
60,7,2127.788245
60,8,2048.279407
60,9,1997.150746
61,7,2127.788245
61,8,2048.279407
61,9,1997.150746
62,7,2127.788245
62,8,2048.279407
62,9,1997.150746
63,7,2127.788245
63,8,2048.279407
63,9,1997.150746
64,7,2127.788245
64,8,2048.279407
64,9,1997.150746
65,7,2127.788245
65,8,2048.279407
65,9,1997.150746
66,7,2127.788245
66,8,2048.279407
66,9,1997.150746
67,7,2122.692919
67,8,2048.279407
67,9,1997.150746
68,7,2122.692919
68,8,2048.279407
68,9,1997.150746
69,7,2093.602902
69,8,2031.689689
69,9,1997.150746
70,7,2093.602902
70,8,2031.689689
70,9,1997.150746
71,7,2093.602902
71,8,2031.689689
71,9,1997.150746
72,7,2093.602902
72,8,2031.470272
72,9,1997.150746
73,7,2093.602902
73,8,2031.470272
73,9,1997.150746
74,7,2093.602902
74,8,2021.456136
74,9,1994.591886
75,7,2093.602902
75,8,2021.456136
75,9,1994.591886
76,7,2093.602902
76,8,2021.456136
76,9,1994.591886
77,7,2076.371967
77,8,2021.456136
77,9,1994.591886
78,7,2076.371967
78,8,2021.456136
78,9,1993.399658
79,7,2076.371967
79,8,2021.456136
79,9,1993.399658
80,7,2076.371967
80,8,2021.456136
80,9,1993.399658
81,7,2076.371967
81,8,2021.456136
81,9,1993.399658
82,7,2067.894124
82,8,2021.456136
82,9,1993.399658
83,7,2067.894124
83,8,2021.456136
83,9,1993.399658
84,7,2065.594078
84,8,2021.456136
84,9,1993.399658
85,7,2065.594078
85,8,2021.456136
85,9,1993.399658
86,7,2065.594078
86,8,2018.524612
86,9,1993.399658
87,7,2065.594078
87,8,2018.524612
87,9,1993.399658
88,7,2065.594078
88,8,2018.524612
88,9,1993.399658
89,7,2065.594078
89,8,2018.524612
89,9,1993.399658
90,7,2065.594078
90,8,2018.524612
90,9,1993.399658
91,7,2065.594078
91,8,2018.524612
91,9,1993.399658
92,7,2065.594078
92,8,2018.524612
92,9,1993.399658
93,7,2065.594078
93,8,2013.958793
93,9,1993.399658
94,7,2065.594078
94,8,2013.958793
94,9,1993.399658
95,7,2065.594078
95,8,2013.958793
95,9,1993.399658
96,7,2065.594078
96,8,2013.958793
96,9,1993.399658
97,7,2065.594078
97,8,2013.958793
97,9,1993.399658
98,7,2065.594078
98,8,2013.958793
98,9,1993.399658
99,7,2065.594078
99,8,2013.349291
99,9,1993.399658
100,7,2065.594078
100,8,2013.349291
100,9,1993.399658
101,7,2065.594078
101,8,2013.349291
101,9,1993.399658
102,7,2065.594078
102,8,2013.349291
102,9,1993.399658
103,7,2065.594078
103,8,2013.349291
103,9,1993.399658
104,7,2065.594078
104,8,2013.349291
104,9,1993.399658
105,7,2065.594078
105,8,2013.349291
105,9,1993.399658
106,7,2065.594078
106,8,2013.006100
106,9,1993.399658
107,7,2065.594078
107,8,2013.006100
107,9,1993.399658
108,7,2065.594078
108,8,2013.006100
108,9,1993.399658
109,7,2065.594078
109,8,2013.006100
109,9,1993.399658
110,7,2065.594078
110,8,2013.006100
110,9,1992.442090
111,7,2065.594078
111,8,2013.006100
111,9,1992.442090
112,7,2065.594078
112,8,2013.006100
112,9,1992.442090
113,7,2065.594078
113,8,2013.006100
113,9,1992.442090
114,7,2054.638627
114,8,2013.006100
114,9,1992.442090
115,7,2054.638627
115,8,1995.606511
115,9,1992.442090
116,7,2054.638627
116,8,1995.606511
116,9,1992.442090
117,7,2054.638627
117,8,1995.606511
117,9,1992.442090
118,7,2054.638627
118,8,1995.606511
118,9,1992.442090
119,7,2054.638627
119,8,1995.606511
119,9,1992.442090
120,7,2054.638627
120,8,1995.606511
120,9,1992.442090
121,7,2054.638627
121,8,1995.606511
121,9,1992.442090
122,7,2054.638627
122,8,1994.648944
122,9,1992.442090
123,7,2054.638627
123,8,1994.648944
123,9,1992.442090
124,7,2054.638627
124,8,1994.648944
124,9,1992.442090
125,7,2054.638627
125,8,1994.648944
125,9,1992.442090
126,7,2054.638627
126,8,1994.648944
126,9,1992.397765
127,7,2054.638627
127,8,1994.648944
127,9,1992.397765
128,7,2054.638627
128,8,1994.648944
128,9,1992.397765
129,7,2053.932785
129,8,1994.648944
129,9,1992.397765
130,7,2053.932785
130,8,1994.648944
130,9,1992.397765
131,7,2053.932785
131,8,1994.648944
131,9,1992.397765
132,7,2053.932785
132,8,1994.648944
132,9,1992.397765
133,7,2053.932785
133,8,1994.648944
133,9,1992.397765
134,7,2053.932785
134,8,1994.648944
134,9,1992.397765
135,7,2053.932785
135,8,1994.648944
135,9,1992.397765
136,7,2053.932785
136,8,1994.648944
136,9,1992.397765
137,7,2053.932785
137,8,1994.648944
137,9,1992.397765
138,7,2050.291772
138,8,1994.648944
138,9,1992.397765
139,7,2050.291772
139,8,1994.648944
139,9,1992.397765
140,7,2050.291772
140,8,1994.648944
140,9,1992.397765
141,7,2050.291772
141,8,1994.648944
141,9,1992.397765
142,7,2050.291772
142,8,1994.648944
142,9,1992.397765
143,7,2048.262022
143,8,1994.648944
143,9,1992.397765
144,7,2048.262022
144,8,1994.648944
144,9,1992.397765
145,7,2048.262022
145,8,1994.648944
145,9,1992.397765
146,7,2048.262022
146,8,1994.648944
146,9,1992.397765
147,7,2048.262022
147,8,1994.648944
147,9,1992.397765
148,7,2046.412934
148,8,1994.648944
148,9,1992.397765
149,7,2046.412934
149,8,1994.604618
149,9,1992.397765
150,7,2046.412934
150,8,1994.604618
150,9,1992.397765
151,7,2046.412934
151,8,1994.604618
151,9,1992.397765
152,7,2046.412934
152,8,1994.604618
152,9,1992.397765
153,7,2046.412934
153,8,1994.604618
153,9,1992.397765
154,7,2046.412934
154,8,1994.604618
154,9,1992.397765
155,7,2046.412934
155,8,1994.604618
155,9,1992.397765
156,7,2046.412934
156,8,1994.604618
156,9,1992.397765
157,7,2046.412934
157,8,1994.604618
157,9,1992.397765
158,7,2046.412934
158,8,1992.667693
158,9,1992.397765
159,7,2046.412934
159,8,1992.667693
159,9,1992.397765
160,7,2046.412934
160,8,1992.667693
160,9,1992.397765
161,7,2046.412934
161,8,1992.667693
161,9,1992.397765
162,7,2046.412934
162,8,1992.667693
162,9,1992.397765
163,7,2046.412934
163,8,1992.667693
163,9,1992.397765
164,7,2046.412934
164,8,1992.667693
164,9,1992.397765
165,7,2046.412934
165,8,1992.667693
165,9,1992.397765
166,7,2046.412934
166,8,1992.667693
166,9,1992.397765
167,7,2046.412934
167,8,1992.667693
167,9,1992.397765
168,7,2046.412934
168,8,1992.667693
168,9,1992.397765
169,7,2046.412934
169,8,1992.667693
169,9,1992.397765
170,7,2046.412934
170,8,1992.667693
170,9,1992.397765
171,7,2046.412934
171,8,1992.667693
171,9,1992.397765
172,7,2046.412934
172,8,1992.667693
172,9,1992.397765
173,7,2046.412934
173,8,1992.667693
173,9,1992.397765
174,7,2046.412934
174,8,1992.667693
174,9,1991.998491
175,7,2046.412934
175,8,1992.667693
175,9,1991.998491
176,7,2046.412934
176,8,1992.667693
176,9,1991.998491
177,7,2046.412934
177,8,1992.667693
177,9,1991.998491
178,7,2046.412934
178,8,1992.667693
178,9,1991.998491
179,7,2046.412934
179,8,1992.667693
179,9,1991.998491
180,7,2046.412934
180,8,1992.667693
180,9,1991.998491
181,7,2046.412934
181,8,1992.667693
181,9,1991.998491
182,7,2046.412934
182,8,1992.667693
182,9,1991.998491
183,7,2046.412934
183,8,1992.667693
183,9,1991.998491
184,7,2046.412934
184,8,1992.667693
184,9,1991.998491
185,7,2045.580858
185,8,1992.667693
185,9,1991.998491
186,7,2045.580858
186,8,1992.667693
186,9,1991.998491
187,7,2045.580858
187,8,1992.667693
187,9,1991.998491
188,7,2040.184618
188,8,1992.667693
188,9,1991.998491
189,7,2040.184618
189,8,1992.667693
189,9,1991.998491
190,7,2040.184618
190,8,1992.667693
190,9,1991.998491
191,7,2040.184618
191,8,1992.667693
191,9,1991.998491
192,7,2040.184618
192,8,1992.667693
192,9,1991.998491
193,7,2040.184618
193,8,1992.667693
193,9,1991.998491
194,7,2040.184618
194,8,1992.667693
194,9,1991.998491
195,7,2040.184618
195,8,1992.667693
195,9,1991.998491
196,7,2040.184618
196,8,1989.966780
197,7,2040.184618
197,8,1989.966780
198,7,2040.184618
198,8,1989.966780
199,7,2040.184618
199,8,1989.966780
200,7,2040.184618
200,8,1989.966780
201,7,2040.184618
201,8,1989.966780
202,7,2040.184618
202,8,1989.966780
203,7,2040.184618
203,8,1989.966780
204,7,2040.184618
204,8,1988.561139
205,7,2040.184618
205,8,1988.561139
206,7,2040.184618
206,8,1988.561139
207,7,2040.184618
207,8,1987.425761
208,7,2040.184618
208,8,1987.425761
209,7,2040.184618
209,8,1987.425761
210,7,2040.184618
210,8,1987.425761
211,7,2040.184618
211,8,1987.425761
212,7,2040.184618
212,8,1987.425761
213,7,2039.944787
213,8,1987.425761
214,7,2039.944787
214,8,1987.425761
215,7,2039.944787
215,8,1987.425761
216,7,2039.944787
216,8,1987.425761
217,7,2039.944787
217,8,1987.425761
218,7,2039.944787
218,8,1987.425761
219,7,2039.944787
219,8,1987.425761
220,7,2039.944787
220,8,1987.425761
221,7,2039.944787
221,8,1987.425761
222,7,2039.944787
222,8,1987.425761
223,7,2039.944787
223,8,1987.425761
224,7,2037.922818
224,8,1987.425761
225,7,2037.922818
225,8,1987.425761
226,7,2037.922818
226,8,1987.425761
227,7,2037.922818
227,8,1987.425761
228,7,2037.922818
228,8,1987.425761
229,7,2037.922818
229,8,1987.425761
230,7,2037.922818
230,8,1987.425761
231,7,2036.305060
231,8,1987.425761
232,7,2036.305060
232,8,1987.425761
233,7,2036.305060
233,8,1987.425761
234,7,2036.305060
234,8,1987.425761
235,7,2036.305060
235,8,1987.425761
236,7,2036.305060
236,8,1987.425761
237,7,2036.305060
237,8,1987.425761
238,7,2036.305060
238,8,1987.425761
239,7,2036.305060
239,8,1987.425761
240,7,2036.305060
240,8,1987.425761
241,7,2036.305060
241,8,1987.425761
242,7,2036.305060
242,8,1987.425761
243,7,2036.305060
243,8,1987.425761
244,7,2036.305060
244,8,1987.425761
245,7,2036.305060
245,8,1987.425761
246,7,2036.305060
246,8,1987.425761
247,7,2036.305060
247,8,1987.425761
248,7,2036.305060
248,8,1987.425761
249,7,2036.305060
249,8,1987.425761
250,7,2036.305060
250,8,1987.425761
251,7,2036.305060
251,8,1987.425761
252,7,2036.305060
252,8,1987.425761
253,7,2035.295815
253,8,1987.425761
254,7,2035.295815
254,8,1987.425761
255,7,2035.295815
255,8,1987.425761
256,7,2035.295815
256,8,1987.425761
257,7,2035.295815
257,8,1987.425761
258,7,2035.295815
258,8,1987.425761
259,7,2035.295815
259,8,1987.425761
260,7,2035.295815
260,8,1987.425761
261,7,2035.295815
261,8,1987.425761
262,7,2035.295815
262,8,1987.425761
263,7,2035.295815
263,8,1987.425761
264,7,2035.295815
264,8,1987.425761
265,7,2035.295815
265,8,1987.425761
266,7,2035.295815
266,8,1987.425761
267,7,2035.295815
267,8,1987.425761
268,7,2035.295815
268,8,1987.425761
269,7,2035.295815
269,8,1987.425761
270,7,2035.295815
270,8,1987.425761
271,7,2035.295815
271,8,1987.425761
272,7,2035.295815
272,8,1987.425761
273,7,2035.295815
273,8,1987.425761
274,7,2035.295815
274,8,1987.425761
275,7,2035.295815
275,8,1987.425761
276,7,2035.295815
276,8,1987.425761
277,7,2035.295815
277,8,1987.425761
278,7,2035.295815
278,8,1987.425761
279,7,2035.295815
279,8,1987.425761
280,7,2035.295815
280,8,1987.425761
281,7,2035.295815
281,8,1987.425761
282,7,2035.295815
282,8,1987.425761
283,7,2035.295815
283,8,1987.425761
284,7,2035.295815
284,8,1987.425761
285,7,2035.295815
285,8,1987.425761
286,7,2035.295815
286,8,1987.425761
287,7,2035.295815
287,8,1987.425761
288,7,2035.295815
288,8,1987.425761
289,7,2035.295815
289,8,1987.425761
290,7,2035.295815
290,8,1987.425761
291,7,2035.295815
291,8,1987.425761
292,7,2035.295815
292,8,1987.425761
293,7,2035.295815
293,8,1987.425761
294,7,2035.295815
294,8,1987.425761
295,7,2035.295815
295,8,1987.425761
296,7,2035.295815
296,8,1987.425761
297,7,2035.295815
297,8,1987.425761
298,7,2035.295815
298,8,1987.425761
299,7,2035.295815
299,8,1987.425761
300,7,2035.295815
300,8,1987.425761
301,7,2035.295815
301,8,1987.425761
302,7,2035.295815
302,8,1987.425761
303,7,2035.295815
303,8,1987.425761
304,7,2035.295815
304,8,1987.425761
305,7,2035.295815
305,8,1987.425761
306,7,2035.295815
306,8,1987.425761
307,7,2035.295815
307,8,1987.425761
308,7,2035.295815
308,8,1987.425761
309,7,2035.295815
309,8,1987.425761
310,7,2035.295815
310,8,1987.425761
311,7,2035.295815
311,8,1987.425761
312,7,2035.295815
312,8,1987.425761
313,7,2035.295815
313,8,1987.425761
314,7,2035.295815
314,8,1987.425761
315,7,2035.295815
315,8,1987.425761
316,7,2035.295815
316,8,1987.425761
317,7,2035.295815
317,8,1987.425761
318,7,2035.295815
318,8,1987.425761
319,7,2035.295815
319,8,1987.103077
320,7,2035.295815
320,8,1987.103077
321,7,2035.295815
321,8,1987.103077
322,7,2035.295815
322,8,1987.103077
323,7,2035.295815
323,8,1987.103077
324,7,2035.295815
324,8,1987.103077
325,7,2035.295815
325,8,1987.103077
326,7,2035.295815
326,8,1987.103077
327,7,2035.295815
327,8,1987.103077
328,7,2035.295815
328,8,1987.103077
329,7,2035.295815
329,8,1987.103077
330,7,2035.295815
330,8,1987.103077
331,7,2035.295815
331,8,1987.103077
