Generation,NV,TOC
1,17,4211.803851
1,18,2982.825741
1,19,2927.943610
1,20,2910.386283
1,21,2721.300943
2,15,3187.649310
2,18,2896.829716
2,21,2624.444270
3,15,3187.649310
3,16,2814.983727
3,17,2689.829629
3,20,2534.219849
4,15,2763.901842
4,17,2623.223348
4,19,2487.948241
5,11,3441.237939
5,13,2880.224693
5,15,2763.901842
5,17,2623.223348
5,19,2487.948241
6,11,3441.237939
6,12,2883.040346
6,13,2880.224693
6,15,2763.901842
6,16,2549.201460
6,19,2471.899952
7,11,3265.355058
7,12,2883.040346
7,13,2880.224693
7,14,2763.384848
7,16,2549.201460
7,19,2442.786997
8,11,3265.355058
8,12,2861.923024
8,13,2601.342071
8,14,2499.232154
8,15,2409.908156
8,16,2377.537728
8,17,2336.748452
9,11,2983.303721
9,12,2861.923024
9,13,2601.342071
9,14,2435.615477
9,15,2409.908156
9,16,2377.537728
9,17,2324.044620
10,10,3318.624081
10,11,2983.303721
10,12,2709.439815
10,13,2435.015683
10,15,2409.908156
10,16,2367.196012
10,17,2318.261318
10,18,2315.739217
11,10,3318.624081
11,11,2983.303721
11,12,2592.172835
11,13,2435.015683
11,14,2387.224390
11,15,2309.612553
11,16,2305.864363
11,18,2288.879133
12,10,3318.624081
12,11,2845.120661
12,12,2569.954641
12,13,2432.346192
12,14,2322.616900
12,15,2295.859369
12,16,2284.938805
13,10,3278.798830
13,11,2845.120661
13,12,2569.954641
13,13,2336.232385
13,14,2251.750164
14,10,3278.798830
14,11,2442.648285
14,13,2336.232385
14,14,2251.750164
14,15,2215.792237
15,10,3278.798830
15,11,2442.648285
15,12,2235.559890
15,15,2215.792237
16,9,2480.110693
16,11,2442.648285
16,12,2235.559890
16,15,2215.792237
17,9,2463.072267
17,11,2442.648285
17,12,2207.019731
18,9,2463.072267
18,11,2442.648285
18,12,2207.019731
18,15,2163.525381
19,9,2463.072267
19,11,2442.648285
19,12,2207.019731
19,15,2163.525381
20,9,2463.072267
20,11,2442.648285
20,12,2198.965077
20,13,2190.929202
20,15,2163.481598
21,9,2416.606955
21,12,2197.563118
21,13,2133.591855
22,9,2416.606955
22,10,2218.230997
22,12,2197.563118
22,13,2133.591855
23,9,2393.041703
23,10,2218.230997
23,12,2197.563118
23,13,2133.591855
24,9,2393.041703
24,10,2218.230997
24,12,2197.563118
24,13,2133.591855
25,9,2373.874972
25,10,2214.086097
25,12,2170.777944
25,13,2133.591855
26,9,2373.874972
26,10,2214.086097
26,12,2170.777944
26,13,2133.591855
27,9,2366.813220
27,10,2195.777774
27,11,2162.087766
27,13,2122.864640
28,9,2286.548834
28,10,2195.777774
28,11,2162.087766
28,13,2088.035712
29,9,2286.548834
29,10,2193.041397
29,11,2154.884843
29,12,2130.724016
29,13,2088.035712
30,8,2857.386490
30,9,2286.548834
30,10,2193.041397
30,11,2154.884843
30,12,2130.724016
30,13,2088.035712
31,8,2857.386490
31,9,2283.576465
31,10,2188.138399
31,11,2121.782726
31,13,2088.035712
32,8,2485.802203
32,9,2283.576465
32,10,2188.138399
32,11,2120.711838
32,13,2088.035712
33,8,2482.554677
33,9,2234.296226
33,10,2188.138399
33,11,2101.158350
33,13,2088.035712
34,8,2482.554677
34,9,2234.296226
34,10,2166.333178
34,11,2101.158350
34,13,2088.035712
35,8,2480.382316
35,9,2165.220849
35,11,2101.158350
35,13,2066.988160
36,8,2438.167983
36,9,2165.220849
36,11,2101.158350
36,13,2066.988160
37,8,2438.167983
37,9,2165.220849
37,10,2140.769432
37,11,2093.142473
37,13,2066.958860
38,8,2438.167983
38,9,2155.000611
38,10,2140.769432
38,11,2093.142473
38,13,2066.958860
39,8,2394.236260
39,9,2135.038686
39,10,2101.233257
39,11,2093.142473
39,13,2064.945220
40,8,2389.346715
40,9,2135.038686
40,10,2101.233257
40,11,2073.932506
40,13,2064.945220
41,8,2373.422974
41,9,2129.045316
41,10,2101.233257
41,11,2073.932506
41,13,2048.036623
42,8,2373.422974
42,9,2129.045316
42,10,2101.233257
42,11,2073.932506
42,13,2048.036623
43,8,2312.503973
43,9,2129.045316
43,10,2101.233257
43,11,2072.873774
43,13,2048.036623
44,8,2312.503973
44,9,2124.148077
44,10,2074.787470
44,11,2072.873774
44,13,2048.036623
45,8,2153.857526
45,9,2112.326463
45,10,2074.787470
45,11,2071.315248
45,13,2048.036623
46,7,2870.323152
46,8,2153.857526
46,9,2093.324809
46,10,2074.787470
46,11,2071.315248
46,13,2048.036623
47,7,2870.323152
47,8,2153.857526
47,9,2090.265458
47,10,2074.787470
47,11,2071.315248
47,13,2048.036623
48,7,2570.239034
48,8,2141.705742
48,9,2088.928448
48,10,2074.787470
48,11,2062.838292
48,13,2045.043638
49,7,2570.239034
49,8,2131.454658
49,9,2054.800417
49,13,2045.043638
50,7,2570.239034
50,8,2131.454658
50,9,2054.800417
50,13,2045.043638
51,7,2554.554914
51,8,2131.454658
51,9,2053.437027
51,13,2045.043638
52,7,2554.554914
52,8,2131.454658
52,9,2053.437027
52,11,2035.195934
53,7,2554.554914
53,8,2131.454658
53,9,2050.876536
53,11,2032.950451
54,7,2554.554914
54,8,2131.454658
54,9,2050.876536
54,11,2032.950451
55,7,2554.554914
55,8,2119.710094
55,9,2027.092255
56,7,2554.554914
56,8,2119.710094
56,9,2027.092255
57,7,2554.554914
57,8,2107.322390
57,9,2027.092255
57,10,2010.795183
58,7,2554.554914
58,8,2107.322390
58,9,2005.358530
59,7,2554.554914
59,8,2107.322390
59,9,2005.358530
60,7,2554.554914
60,8,2107.322390
60,9,2005.358530
61,7,2554.554914
61,8,2078.144980
61,9,2002.384524
62,7,2554.554914
62,8,2078.144980
62,9,2002.384524
63,7,2554.554914
63,8,2078.144980
63,9,2002.384524
64,7,2554.554914
64,8,2050.015591
64,9,2002.384524
65,7,2554.554914
65,8,2049.597226
65,9,2002.384524
66,7,2554.554914
66,8,2049.597226
66,9,2002.384524
67,7,2554.554914
67,8,2049.597226
67,9,2002.384524
68,7,2554.554914
68,8,2046.093232
68,9,2002.384524
69,7,2450.535432
69,8,2046.093232
69,9,2002.384524
69,10,1996.192898
70,7,2450.535432
70,8,2046.093232
70,9,2002.384524
70,10,1996.192898
71,7,2450.535432
71,8,2036.596148
71,9,2002.384524
71,10,1996.192898
72,7,2450.535432
72,8,2021.618287
72,9,2002.384524
72,10,1996.192898
73,7,2450.535432
73,8,2021.618287
73,9,2002.384524
73,10,1996.192898
74,7,2450.535432
74,8,2012.336029
74,9,2002.384524
74,10,1996.192898
75,7,2444.374917
75,8,2012.336029
75,9,1998.449433
75,10,1996.192898
75,11,1994.399791
76,7,2411.704087
76,8,2012.336029
76,9,1998.449433
76,10,1996.192898
76,11,1994.399791
77,7,2348.396672
77,8,2012.336029
77,9,1994.757548
77,10,1990.816567
78,7,2263.473793
78,8,2012.336029
78,9,1994.757548
78,10,1990.816567
79,7,2263.473793
79,8,2012.336029
79,9,1994.757548
79,10,1990.816567
80,7,2258.275286
80,8,2012.336029
80,9,1994.757548
80,10,1990.816567
81,7,2258.275286
81,8,2012.336029
81,9,1994.757548
81,10,1990.816567
82,7,2258.275286
82,8,2012.181114
82,9,1994.757548
82,10,1990.816567
83,7,2258.275286
83,8,2012.181114
83,9,1994.757548
83,10,1990.816567
84,7,2258.275286
84,8,2012.181114
84,9,1994.757548
84,10,1990.816567
85,7,2258.275286
85,8,2012.181114
85,9,1994.757548
85,10,1990.816567
86,7,2258.275286
86,8,2012.162599
86,9,1994.757548
86,10,1990.816567
87,7,2258.275286
87,8,2012.162599
87,9,1989.115759
88,7,2258.275286
88,8,2012.162599
88,9,1989.115759
89,7,2258.275286
89,8,2012.162599
89,9,1989.115759
90,7,2258.275286
90,8,2006.725749
90,9,1986.156996
91,7,2254.119765
91,8,2006.725749
91,9,1986.156996
92,7,2254.119765
92,8,2006.725749
92,9,1986.156996
93,7,2254.119765
93,8,2006.725749
93,9,1986.156996
94,7,2254.119765
94,8,2006.725749
94,9,1986.156996
94,10,1982.754997
95,7,2254.119765
95,8,2006.725749
95,9,1986.156996
95,10,1982.754997
96,7,2254.119765
96,8,2006.725749
96,9,1986.156996
96,10,1982.754997
97,7,2254.119765
97,8,2006.725749
97,9,1986.156996
97,10,1982.166155
98,7,2254.119765
98,8,2006.725749
98,9,1986.156996
98,10,1982.166155
99,7,2254.119765
99,8,2006.725749
99,9,1986.156996
99,10,1982.166155
100,7,2239.383111
100,8,2006.725749
100,9,1986.156996
100,10,1982.166155
101,7,2209.774624
101,8,2006.725749
101,9,1986.156996
101,10,1982.166155
102,7,2209.774624
102,8,2006.725749
102,9,1986.156996
102,10,1975.567856
103,7,2209.774624
103,8,2006.725749
103,9,1986.156996
103,10,1975.567856
104,7,2184.416695
104,8,2006.725749
104,9,1986.156996
104,10,1975.567856
105,7,2184.416695
105,8,2006.725749
105,9,1982.422030
105,10,1975.567856
106,7,2184.416695
106,8,2006.725749
106,9,1982.422030
106,10,1975.567856
107,7,2184.416695
107,8,2006.725749
107,9,1982.422030
107,10,1975.567856
108,7,2184.416695
108,8,2006.725749
108,9,1982.422030
108,10,1975.567856
109,7,2184.416695
109,8,2006.725749
109,9,1982.422030
109,10,1975.567856
110,7,2184.416695
110,8,2006.725749
110,9,1982.422030
110,10,1975.567856
111,7,2184.416695
111,8,2006.725749
111,9,1973.355876
112,7,2184.416695
112,8,2006.725749
112,9,1973.355876
113,7,2184.416695
113,8,2006.725749
113,9,1973.355876
114,7,2184.416695
114,8,2006.725749
114,9,1973.355876
115,7,2179.435895
115,8,2006.725749
115,9,1973.355876
116,7,2179.435895
116,8,2006.725749
116,9,1973.355876
117,7,2179.435895
117,8,2006.725749
117,9,1973.355876
118,7,2179.435895
118,8,2006.725749
118,9,1973.355876
119,7,2179.435895
119,8,2006.725749
119,9,1973.355876
120,7,2179.435895
120,8,2006.725749
120,9,1973.355876
121,7,2179.435895
121,8,2006.725749
121,9,1973.355876
122,7,2179.435895
122,8,2006.725749
122,9,1973.355876
123,7,2179.435895
123,8,2006.725749
123,9,1973.355876
124,7,2179.435895
124,8,2006.725749
124,9,1973.355876
125,7,2179.435895
125,8,2006.725749
125,9,1973.355876
126,7,2179.435895
126,8,2006.725749
126,9,1973.355876
127,7,2179.435895
127,8,2006.725749
127,9,1973.355876
128,7,2179.435895
128,8,2006.725749
128,9,1973.355876
129,7,2179.435895
129,8,2006.725749
129,9,1973.355876
130,7,2179.435895
130,8,2006.725749
130,9,1973.355876
131,7,2179.435895
131,8,2006.725749
131,9,1973.355876
132,7,2179.435895
132,8,2006.725749
132,9,1973.355876
133,7,2178.381346
133,8,2006.725749
133,9,1973.355876
134,7,2178.381346
134,8,2006.725749
134,9,1973.355876
135,7,2175.077515
135,8,2006.725749
135,9,1973.355876
136,7,2175.077515
136,8,2006.725749
136,9,1973.355876
137,7,2175.077515
137,8,2006.725749
137,9,1973.355876
138,7,2162.209969
138,8,2006.725749
138,9,1973.355876
139,7,2162.209969
139,8,2006.725749
139,9,1973.355876
140,7,2162.209969
140,8,2006.725749
140,9,1973.355876
141,7,2162.209969
141,8,2006.725749
141,9,1973.355876
142,7,2162.209969
142,8,2006.725749
142,9,1973.355876
143,7,2162.209969
143,8,2006.725749
143,9,1973.355876
144,7,2162.209969
144,8,2006.725749
144,9,1973.355876
145,7,2162.209969
145,8,2006.725749
145,9,1973.355876
146,7,2162.209969
146,8,2006.725749
146,9,1973.355876
147,7,2162.209969
147,8,2006.725749
147,9,1973.355876
148,7,2162.209969
148,8,2006.725749
148,9,1973.355876
149,7,2162.209969
149,8,2006.725749
149,9,1973.355876
150,7,2162.209969
150,8,2006.725749
150,9,1973.355876
151,7,2162.209969
151,8,2006.725749
151,9,1973.355876
152,7,2162.209969
152,8,2006.725749
152,9,1973.355876
153,7,2162.209969
153,8,2006.725749
153,9,1973.355876
154,7,2162.209969
154,8,2006.725749
154,9,1973.355876
155,7,2162.209969
155,8,2006.725749
155,9,1973.355876
156,7,2162.209969
156,8,2006.725749
156,9,1973.355876
157,7,2162.209969
157,8,2006.725749
157,9,1973.355876
158,7,2162.209969
158,8,2006.725749
158,9,1973.355876
159,7,2162.209969
159,8,2006.725749
159,9,1973.355876
160,7,2162.209969
160,8,2006.725749
160,9,1973.355876
161,7,2161.128458
161,8,2006.725749
161,9,1973.355876
162,7,2161.128458
162,8,2006.725749
162,9,1973.355876
163,7,2161.128458
163,8,2006.725749
163,9,1973.355876
164,7,2161.128458
164,8,2006.725749
164,9,1973.355876
165,7,2161.128458
165,8,2006.725749
165,9,1973.355876
166,7,2161.128458
166,8,2006.725749
166,9,1973.355876
167,7,2161.128458
167,8,2006.725749
167,9,1973.355876
168,7,2161.128458
168,8,2006.725749
168,9,1973.355876
169,7,2161.128458
169,8,2006.725749
169,9,1973.355876
170,7,2141.981701
170,8,2006.725749
170,9,1973.355876
171,7,2141.981701
171,8,2006.725749
171,9,1973.355876
172,7,2141.981701
172,8,2006.725749
172,9,1973.355876
173,7,2139.145315
173,8,2006.725749
173,9,1972.140408
174,7,2139.145315
174,8,2006.725749
174,9,1972.140408
175,7,2139.145315
175,8,2006.725749
175,9,1972.140408
176,7,2139.145315
176,8,2006.725749
176,9,1972.140408
177,7,2138.063804
177,8,2006.725749
177,9,1972.140408
178,7,2138.063804
178,8,2006.725749
178,9,1972.140408
179,7,2138.063804
179,8,2006.725749
179,9,1972.140408
180,7,2138.063804
180,8,2006.725749
180,9,1972.140408
181,7,2138.063804
181,8,2006.725749
181,9,1972.140408
182,7,2138.063804
182,8,2006.725749
182,9,1972.140408
183,7,2138.063804
183,8,2006.725749
183,9,1971.092260
184,7,2138.063804
184,8,2006.725749
184,9,1971.092260
185,7,2138.063804
185,8,2006.725749
185,9,1971.092260
186,7,2138.063804
186,8,2006.725749
186,9,1971.092260
187,7,2138.063804
187,8,2006.725749
187,9,1971.092260
188,7,2138.063804
188,8,2006.725749
188,9,1971.092260
189,7,2138.063804
189,8,2006.725749
189,9,1971.092260
190,7,2138.063804
190,8,2006.725749
190,9,1971.092260
191,7,2138.063804
191,8,2006.725749
191,9,1971.092260
192,7,2138.063804
192,8,2006.725749
192,9,1971.092260
193,7,2138.063804
193,8,2006.725749
193,9,1971.092260
194,7,2137.385856
194,8,2006.725749
194,9,1971.092260
195,7,2137.385856
195,8,2006.725749
195,9,1971.092260
196,7,2136.304346
196,8,2006.725749
196,9,1971.092260
197,7,2136.304346
197,8,2006.725749
197,9,1971.092260
198,7,2136.304346
198,8,2006.725749
198,9,1971.092260
199,7,2136.304346
199,8,2006.725749
199,9,1971.092260
200,7,2136.304346
200,8,2006.725749
200,9,1971.092260
201,7,2136.304346
201,8,2006.725749
201,9,1971.092260
202,7,2136.304346
202,8,2006.725749
202,9,1971.092260
203,7,2134.692316
203,8,2006.725749
203,9,1971.092260
204,7,2134.692316
204,8,2006.725749
204,9,1971.092260
205,7,2134.692316
205,8,2006.725749
205,9,1971.092260
206,7,2134.692316
206,8,2006.725749
206,9,1971.092260
207,7,2134.692316
207,8,2006.725749
207,9,1971.092260
208,7,2134.692316
208,8,2006.725749
208,9,1971.092260
209,7,2134.692316
209,8,2006.725749
209,9,1971.092260
210,7,2134.692316
210,8,2006.725749
210,9,1971.092260
211,7,2134.692316
211,8,2006.725749
211,9,1971.092260
212,7,2134.692316
212,8,2006.725749
212,9,1971.092260
213,7,2134.692316
213,8,2006.725749
213,9,1971.092260
214,7,2134.692316
214,8,2006.725749
214,9,1971.092260
215,7,2132.932858
215,8,2006.725749
215,9,1971.092260
216,7,2132.932858
216,8,2006.725749
216,9,1971.092260
217,7,2132.932858
217,8,2006.725749
217,9,1971.092260
218,7,2132.932858
218,8,2006.725749
218,9,1971.092260
219,7,2132.932858
219,8,2006.725749
219,9,1971.092260
220,7,2132.932858
220,8,2006.725749
220,9,1971.092260
221,7,2132.932858
221,8,2006.725749
221,9,1971.092260
222,7,2132.932858
222,8,2006.725749
222,9,1971.092260
223,7,2122.209560
223,8,2006.725749
223,9,1971.092260
224,7,2122.209560
224,8,2006.725749
224,9,1971.092260
225,7,2122.209560
225,8,2006.725749
225,9,1971.092260
226,7,2122.209560
226,8,2006.725749
226,9,1971.092260
227,7,2122.209560
227,8,2006.725749
227,9,1971.092260
228,7,2122.209560
228,8,2006.725749
228,9,1971.092260
229,7,2120.450101
229,8,2006.725749
229,9,1971.092260
230,7,2120.450101
230,8,2006.725749
230,9,1971.092260
231,7,2120.450101
231,8,2006.725749
231,9,1971.092260
232,7,2120.450101
232,8,2006.725749
232,9,1971.092260
233,7,2120.450101
233,8,2006.725749
233,9,1971.092260
234,7,2120.450101
234,8,2006.725749
234,9,1971.092260
235,7,2120.450101
235,8,2006.725749
235,9,1971.092260
236,7,2120.450101
236,8,2006.725749
236,9,1971.092260
237,7,2120.450101
237,8,2006.725749
237,9,1971.092260
238,7,2120.450101
238,8,2006.725749
238,9,1971.092260
239,7,2120.450101
239,8,2006.725749
239,9,1971.092260
240,7,2120.450101
240,8,2006.725749
240,9,1971.092260
241,7,2120.450101
241,8,2006.725749
241,9,1971.092260
242,7,2120.450101
242,8,2006.725749
242,9,1971.092260
243,7,2120.450101
243,8,2006.725749
243,9,1971.092260
244,7,2120.450101
244,8,2006.725749
244,9,1971.092260
245,7,2120.450101
245,8,2006.725749
245,9,1971.092260
246,7,2120.450101
246,8,2006.725749
246,9,1971.092260
247,7,2120.450101
247,8,2006.725749
247,9,1969.935870
248,7,2120.450101
248,8,2006.725749
248,9,1969.935870
249,7,2120.450101
249,8,2006.725749
249,9,1969.935870
250,7,2120.450101
250,8,2006.725749
250,9,1969.935870
251,7,2120.450101
251,8,2006.725749
251,9,1969.935870
252,7,2120.450101
252,8,2006.725749
252,9,1969.935870
253,7,2120.450101
253,8,2006.725749
253,9,1969.935870
254,7,2120.450101
254,8,2006.725749
254,9,1969.935870
255,7,2120.450101
255,8,2006.725749
255,9,1969.935870
256,7,2120.450101
256,8,2006.725749
256,9,1969.935870
257,7,2120.450101
257,8,2006.725749
257,9,1969.935870
258,7,2120.450101
258,8,2006.725749
258,9,1969.935870
259,7,2120.450101
259,8,2006.725749
259,9,1969.935870
260,7,2120.450101
260,8,2006.725749
260,9,1969.935870
261,7,2120.450101
261,8,2006.725749
261,9,1969.935870
262,7,2120.450101
262,8,2006.725749
262,9,1969.935870
263,7,2120.450101
263,8,2006.725749
263,9,1969.935870
264,7,2120.450101
264,8,2006.725749
264,9,1969.935870
265,7,2120.450101
265,8,2006.725749
265,9,1969.935870
266,7,2120.450101
266,8,2006.725749
266,9,1969.935870
267,7,2120.450101
267,8,2006.725749
267,9,1969.935870
268,7,2120.450101
268,8,2006.725749
268,9,1969.935870
269,7,2120.450101
269,8,2006.725749
269,9,1969.935870
270,7,2120.450101
270,8,2006.725749
270,9,1969.935870
271,7,2120.450101
271,8,2006.725749
271,9,1969.935870
272,7,2120.450101
272,8,2006.725749
272,9,1969.935870
273,7,2120.450101
273,8,2006.725749
273,9,1969.935870
274,7,2120.450101
274,8,2006.725749
274,9,1969.935870
275,7,2120.450101
275,8,2006.725749
275,9,1969.935870
276,7,2120.450101
276,8,2006.725749
276,9,1969.935870
277,7,2120.450101
277,8,2006.725749
277,9,1969.935870
278,7,2120.450101
278,8,2006.725749
278,9,1969.935870
279,7,2120.450101
279,8,2006.725749
279,9,1969.935870
280,7,2120.450101
280,8,2006.725749
280,9,1969.935870
281,7,2120.450101
281,8,2006.725749
281,9,1969.935870
282,7,2120.450101
282,8,2006.725749
282,9,1969.935870
283,7,2120.450101
283,8,2006.725749
283,9,1969.935870
284,7,2120.450101
284,8,2006.725749
284,9,1969.935870
285,7,2120.450101
285,8,2006.725749
285,9,1969.935870
286,7,2120.450101
286,8,2006.725749
286,9,1969.935870
287,7,2120.450101
287,8,2006.725749
287,9,1969.935870
288,7,2120.450101
288,8,2006.725749
288,9,1969.935870
289,7,2120.450101
289,8,2006.725749
289,9,1969.935870
290,7,2120.450101
290,8,2006.725749
290,9,1969.935870
291,7,2120.450101
291,8,2006.725749
291,9,1969.935870
292,7,2120.450101
292,8,2006.725749
292,9,1969.935870
293,7,2120.450101
293,8,2006.725749
293,9,1969.935870
294,7,2120.450101
294,8,2006.725749
294,9,1969.935870
295,7,2120.450101
295,8,2006.725749
295,9,1969.935870
296,7,2120.450101
296,8,2006.725749
296,9,1969.935870
297,7,2120.450101
297,8,2006.725749
297,9,1969.935870
298,7,2120.450101
298,8,2006.725749
298,9,1969.935870
299,7,2120.450101
299,8,2006.725749
299,9,1969.935870
300,7,2120.450101
300,8,2006.725749
300,9,1969.935870
301,7,2120.450101
301,8,2006.725749
301,9,1969.935870
302,7,2120.450101
302,8,2006.725749
302,9,1969.935870
303,7,2120.450101
303,8,2006.725749
303,9,1969.935870
304,7,2120.450101
304,8,2006.725749
304,9,1969.935870
305,7,2120.450101
305,8,2006.725749
305,9,1969.935870
306,7,2120.450101
306,8,2006.725749
306,9,1969.935870
307,7,2120.450101
307,8,2006.725749
307,9,1969.935870
308,7,2120.450101
308,8,2006.725749
308,9,1969.935870
309,7,2120.450101
309,8,2006.725749
309,9,1969.935870
310,7,2120.450101
310,8,2006.725749
310,9,1969.935870
311,7,2120.450101
311,8,2006.725749
311,9,1969.935870
312,7,2120.450101
312,8,2006.725749
312,9,1969.935870
313,7,2120.450101
313,8,2006.725749
313,9,1969.935870
314,7,2120.450101
314,8,2006.725749
314,9,1969.935870
315,7,2120.450101
315,8,2006.725749
315,9,1969.935870
316,7,2120.450101
316,8,2006.725749
316,9,1969.935870
317,7,2120.450101
317,8,2006.725749
317,9,1969.935870
318,7,2120.450101
318,8,2006.725749
318,9,1969.935870
319,7,2120.450101
319,8,2006.725749
319,9,1969.935870
320,7,2120.450101
320,8,2006.725749
320,9,1969.935870
321,7,2120.450101
321,8,2006.725749
321,9,1969.935870
322,7,2120.450101
322,8,2006.725749
322,9,1969.935870
323,7,2120.450101
323,8,2006.725749
323,9,1969.935870
324,7,2120.450101
324,8,2006.725749
324,9,1969.935870
325,7,2120.450101
325,8,2006.725749
325,9,1969.935870
326,7,2120.450101
326,8,2006.725749
326,9,1969.935870
327,7,2120.450101
327,8,2006.725749
327,9,1969.935870
328,7,2120.450101
328,8,2006.725749
328,9,1969.935870
