Generation,NV,TOC
1,21,5728.437028
1,25,5226.755834
1,26,5225.597939
1,28,5209.966416
1,29,5205.136774
1,30,5111.203517
1,31,5044.912393
1,39,5021.171318
2,21,5728.437028
2,25,5226.755834
2,26,5140.003610
2,29,5033.707093
2,38,4894.936319
2,42,4779.308336
3,21,5728.437028
3,22,5582.019180
3,25,5003.074504
3,37,4710.622532
3,42,4665.007918
4,21,5728.437028
4,22,5582.019180
4,25,5003.074504
4,27,4962.818069
4,32,4898.116290
4,34,4885.049639
4,36,4872.913304
4,37,4710.622532
4,41,4628.930410
5,20,6060.489681
5,21,5728.437028
5,22,5582.019180
5,24,5362.340503
5,25,5003.074504
5,27,4962.818069
5,29,4821.465649
5,31,4668.173971
5,33,4667.815781
5,38,4638.070887
5,41,4628.930410
6,19,5861.913912
6,20,5441.366588
6,24,5117.297005
6,25,5003.074504
6,27,4962.818069
6,29,4821.465649
6,31,4668.173971
6,33,4667.815781
6,37,4611.411905
7,19,5861.913912
7,20,5274.711995
7,24,5029.738254
7,25,4834.422350
7,27,4829.277592
7,29,4783.147070
7,30,4623.099514
7,34,4549.133906
8,19,5599.602595
8,20,5274.711995
8,24,5029.738254
8,25,4834.422350
8,27,4829.277592
8,28,4567.703434
8,34,4549.133906
9,18,5997.243958
9,19,5599.602595
9,20,5274.711995
9,22,4981.094279
9,24,4967.157728
9,25,4834.422350
9,26,4819.981728
9,28,4567.703434
9,34,4549.133906
9,38,4533.362767
10,18,5997.243958
10,19,5599.602595
10,20,5274.711995
10,22,4981.094279
10,24,4967.157728
10,25,4834.422350
10,26,4792.690535
10,27,4659.713229
10,28,4567.703434
10,34,4549.133906
10,35,4544.171376
10,37,4527.070536
11,18,5955.406822
11,19,5322.743068
11,20,5274.711995
11,21,4811.864749
11,26,4778.249536
11,27,4517.477728
11,33,4503.196749
11,37,4443.131765
12,18,5930.585877
12,19,5322.743068
12,20,5274.711995
12,21,4811.864749
12,24,4806.359919
12,25,4591.604593
12,27,4517.477728
12,31,4511.354937
12,32,4506.597307
12,33,4503.196749
12,36,4468.900162
12,37,4443.131765
13,18,5930.585877
13,19,5322.743068
13,20,5163.982100
13,21,4803.478678
13,22,4724.929208
13,24,4663.842164
13,25,4591.604593
13,27,4517.477728
13,31,4452.893974
13,37,4443.131765
14,16,6353.339490
14,18,5930.585877
14,19,5011.918789
14,20,4872.948912
14,21,4803.478678
14,22,4707.780788
14,23,4669.657209
14,24,4623.439380
14,25,4533.551451
14,27,4517.477728
14,28,4511.833471
14,30,4431.133970
15,16,6353.339490
15,17,5704.951781
15,19,4940.848141
15,20,4786.076554
15,21,4783.445831
15,22,4557.735114
15,25,4513.252667
15,26,4494.947833
15,29,4469.970959
15,30,4422.102941
16,16,6353.339490
16,17,5704.951781
16,18,5424.143266
16,19,4940.848141
16,20,4786.076554
16,21,4566.567048
16,22,4557.735114
16,24,4470.403583
16,26,4451.818044
16,30,4422.102941
17,16,6353.339490
17,17,5690.808093
17,18,5424.143266
17,19,4837.831459
17,20,4768.733166
17,21,4549.804269
17,22,4417.431245
17,28,4397.698207
18,16,6353.339490
18,17,5690.808093
18,18,5048.812623
18,19,4837.831459
18,20,4619.157716
18,21,4549.804269
18,22,4417.431245
18,28,4397.698207
18,35,4391.576956
18,36,4374.866799
19,16,6353.339490
19,17,5645.491879
19,18,5048.812623
19,19,4837.831459
19,20,4522.788554
19,22,4417.431245
19,27,4350.600085
19,33,4348.275431
20,16,5759.597761
20,17,5645.491879
20,18,5023.651824
20,19,4599.555285
20,20,4518.656940
20,22,4417.431245
20,26,4326.231264
20,33,4317.476835
21,16,5759.597761
21,17,5498.279585
21,18,4912.247157
21,19,4480.434344
21,22,4410.508178
21,25,4400.115706
21,26,4302.506288
22,16,5747.033293
22,17,5403.371724
22,18,4912.247157
22,19,4480.434344
22,21,4429.520411
22,22,4410.508178
22,24,4357.374216
22,25,4301.704094
22,29,4277.549508
23,16,4966.067543
23,17,4847.358981
23,18,4467.801049
23,19,4453.473546
23,20,4429.240040
23,22,4410.508178
23,24,4357.374216
23,25,4301.704094
23,26,4295.206040
23,29,4277.549508
24,16,4966.033504
24,17,4660.070691
24,18,4352.956786
24,25,4276.045829
24,29,4254.716756
25,16,4966.033504
25,17,4660.070691
25,18,4352.956786
25,25,4276.045829
25,29,4254.716756
26,16,4961.154452
26,17,4660.070691
26,18,4352.635177
26,25,4258.554925
26,29,4248.887632
27,16,4961.154452
27,17,4660.070691
27,18,4352.635177
27,24,4248.908863
27,29,4248.887632
28,15,5357.258959
28,16,4960.122854
28,17,4660.070691
28,18,4352.635177
28,23,4218.512263
29,15,5357.258959
29,16,4960.122854
29,17,4660.070691
29,18,4352.037949
29,19,4349.555576
29,23,4218.512263
29,25,4203.013275
30,15,5324.186065
30,16,4860.537858
30,17,4632.502960
30,18,4347.410661
30,22,4258.485378
30,23,4185.525547
31,15,5324.186065
31,16,4860.537858
31,17,4632.502960
31,18,4318.694208
31,19,4310.435012
31,22,4258.485378
31,23,4185.525547
32,15,5073.627420
32,16,4833.120919
32,17,4629.562080
32,18,4318.694208
32,19,4308.457824
32,22,4238.630713
32,23,4173.704998
33,14,5627.546977
33,15,5073.627420
33,16,4833.120919
33,17,4629.562080
33,18,4318.694208
33,19,4277.118738
33,21,4234.822646
33,22,4229.295630
33,23,4173.704998
34,14,5412.004576
34,15,5060.771051
34,16,4820.546972
34,17,4629.562080
34,18,4318.694208
34,19,4273.459647
34,21,4234.822646
34,22,4153.110397
35,14,5412.004576
35,15,5060.771051
35,16,4820.546972
35,17,4469.065687
35,18,4318.694208
35,19,4273.459647
35,20,4240.416569
35,21,4145.228925
36,14,5328.036263
36,15,5052.380301
36,16,4820.522823
36,17,4386.695082
36,18,4290.508256
36,19,4273.459647
36,20,4228.564289
36,21,4142.774471
37,14,5328.036263
37,15,5052.380301
37,16,4820.522823
37,17,4386.695082
37,18,4259.217524
37,20,4228.564289
37,21,4142.774471
38,14,4842.914155
38,16,4586.423815
38,17,4383.672378
38,18,4257.169518
38,19,4239.321317
38,20,4228.564289
38,21,4141.283088
39,14,4772.576007
39,15,4678.271710
39,16,4311.710558
39,18,4257.169518
39,19,4239.321317
39,20,4196.133459
39,21,4141.283088
39,22,4135.820977
40,14,4748.935633
40,15,4668.070937
40,16,4311.710558
40,18,4254.666429
40,19,4214.522700
40,20,4196.133459
40,21,4139.348780
40,22,4135.820977
41,14,4748.935633
41,15,4668.070937
41,16,4311.710558
41,18,4252.645963
41,19,4214.522700
41,20,4196.133459
41,21,4139.348780
41,22,4135.820977
42,14,4712.782905
42,15,4604.411025
42,16,4309.023929
42,18,4245.125187
42,19,4214.522700
42,20,4196.133459
42,21,4139.348780
42,22,4122.458448
43,14,4712.782905
43,15,4604.411025
43,16,4309.023929
43,18,4245.125187
43,19,4214.522700
43,20,4196.133459
43,21,4139.348780
43,22,4122.458448
44,14,4699.706059
44,15,4604.257635
44,16,4302.955494
44,18,4243.995719
44,19,4214.522700
44,20,4127.536113
44,22,4120.967065
45,14,4699.706059
45,15,4604.257635
45,16,4302.955494
45,18,4243.995719
45,19,4214.522700
45,20,4127.536113
45,22,4120.967065
46,14,4673.487316
46,15,4590.526152
46,16,4294.829312
46,17,4288.973056
46,18,4214.158805
46,20,4127.536113
46,22,4120.967065
47,14,4673.487316
47,15,4590.526152
47,16,4294.829312
47,17,4276.627056
47,18,4214.158805
47,20,4127.536113
47,22,4120.967065
48,14,4536.813079
48,15,4510.730665
48,16,4292.321253
48,17,4271.321073
48,18,4214.158805
48,20,4127.536113
48,21,4108.245946
49,14,4536.813079
49,15,4412.212952
49,16,4292.321253
49,17,4271.321073
49,18,4214.158805
49,19,4190.373355
49,20,4127.536113
49,21,4108.245946
50,14,4536.813079
50,15,4411.225290
50,16,4266.328181
50,18,4214.158805
50,19,4185.512841
50,20,4127.536113
50,21,4099.580559
50,23,4088.828399
51,14,4536.813079
51,15,4411.225290
51,16,4266.328181
51,18,4214.158805
51,19,4185.512841
51,20,4127.536113
51,21,4099.580559
51,23,4088.006826
52,13,4896.264454
52,14,4532.455608
52,15,4409.693323
52,16,4258.935486
52,18,4181.947754
52,20,4127.313345
52,21,4096.272563
52,23,4079.137547
53,13,4896.264454
53,14,4532.455608
53,15,4409.693323
53,16,4258.935486
53,18,4181.947754
53,20,4127.313345
53,21,4096.272563
53,23,4079.137547
54,13,4886.710623
54,14,4530.292824
54,15,4409.693323
54,16,4257.468880
54,18,4181.947754
54,20,4127.313345
54,21,4093.818109
54,23,4079.137547
55,13,4886.710623
55,14,4530.292824
55,15,4409.693323
55,16,4257.468880
55,17,4255.578276
55,18,4177.895341
55,20,4127.313345
55,21,4093.818109
55,23,4079.137547
56,13,4854.976325
56,14,4526.599690
56,15,4409.693323
56,16,4252.944118
56,17,4204.434774
56,18,4177.508244
56,20,4127.313345
56,21,4089.881779
56,23,4071.075658
57,13,4854.976325
57,14,4526.599690
57,15,4409.693323
57,16,4252.944118
57,17,4204.434774
57,18,4177.508244
57,19,4177.378529
57,20,4127.313345
57,21,4089.881779
57,23,4071.075658
58,13,4854.976325
58,14,4506.247329
58,15,4404.470926
58,16,4248.890990
58,17,4204.434774
58,18,4176.262377
58,19,4150.825932
58,20,4101.130758
58,21,4079.589820
58,22,4079.007680
58,23,4071.075658
59,13,4854.976325
59,14,4506.247329
59,15,4367.656984
59,16,4248.890990
59,17,4204.434774
59,18,4167.945322
59,19,4150.825932
59,20,4101.130758
59,21,4079.589820
59,22,4079.007680
59,23,4069.861262
60,13,4854.976325
60,14,4506.247329
60,15,4364.145264
60,16,4244.771978
60,17,4204.434774
60,18,4133.117784
60,20,4090.693430
60,21,4065.688026
61,13,4854.976325
61,14,4454.052495
61,15,4364.145264
61,16,4244.771978
61,17,4204.434774
61,18,4133.117784
61,20,4090.693430
61,21,4065.688026
62,13,4778.896751
62,14,4440.128738
62,15,4359.655553
62,16,4244.771978
62,17,4203.571219
62,18,4126.553195
62,20,4084.753294
62,21,4063.449073
63,13,4778.896751
63,14,4440.128738
63,15,4300.769322
63,16,4244.771978
63,17,4203.571219
63,18,4126.553195
63,20,4084.753294
63,21,4063.449073
64,13,4772.076204
64,14,4401.306605
64,15,4300.769322
64,16,4209.217074
64,17,4199.672331
64,18,4118.058845
64,20,4084.144084
64,21,4058.871461
65,13,4772.076204
65,14,4401.306605
65,15,4300.769322
65,16,4209.217074
65,17,4199.672331
65,18,4118.058845
65,20,4075.943158
65,21,4058.871461
66,13,4767.266185
66,14,4369.731552
66,15,4277.819551
66,16,4196.217513
66,17,4195.187039
66,18,4118.058845
66,20,4067.175266
66,21,4054.723527
67,13,4767.266185
67,14,4325.149286
67,15,4277.819551
67,16,4196.217513
67,17,4195.187039
67,18,4118.058845
67,20,4067.175266
67,21,4054.723527
68,13,4736.137969
68,14,4314.540298
68,15,4277.819551
68,16,4196.217513
68,17,4190.982728
68,18,4102.089016
68,20,4067.175266
68,21,4053.460446
69,13,4736.137969
69,14,4314.540298
69,15,4275.886926
69,16,4196.217513
69,17,4190.982728
69,18,4102.089016
69,20,4067.175266
69,21,4053.460446
69,22,4033.460130
70,13,4591.348826
70,14,4224.830552
70,16,4194.629185
70,17,4180.913946
70,18,4095.890340
70,20,4040.933964
70,22,4031.647181
71,13,4591.348826
71,14,4224.830552
71,16,4194.629185
71,17,4180.913946
71,18,4095.890340
71,20,4033.665730
71,22,4031.647181
72,13,4581.389318
72,14,4218.830560
72,15,4162.798021
72,18,4092.109789
72,20,4020.775442
73,13,4581.389318
73,14,4218.830560
73,15,4162.798021
73,17,4144.401032
73,18,4092.109789
73,20,4020.775442
74,13,4553.391830
74,14,4218.780757
74,15,4162.142927
74,17,4144.401032
74,18,4090.261296
74,19,4040.933780
74,20,4019.556407
75,13,4553.391830
75,14,4218.780757
75,15,4162.003390
75,17,4144.401032
75,18,4090.261296
75,19,4040.933780
75,20,4019.556407
76,12,5181.135528
76,13,4553.391830
76,14,4218.780757
76,15,4139.397425
76,18,4090.261296
76,19,4040.933780
76,20,4019.336954
77,12,4778.553160
77,13,4545.036715
77,14,4218.780757
77,15,4102.392624
77,18,4090.261296
77,19,4040.933780
77,20,4019.336954
78,12,4778.553160
78,13,4513.756299
78,14,4218.661676
78,15,4097.010080
78,18,4090.261296
78,19,4040.454203
78,20,4014.008363
79,12,4778.553160
79,13,4513.756299
79,14,4212.627196
79,15,4097.010080
79,18,4090.261296
79,19,4040.454203
79,20,4014.008363
80,12,4631.121489
80,13,4510.499298
80,14,4198.840441
80,15,4097.010080
80,18,4084.284558
80,19,4037.661735
80,20,4012.049402
81,12,4631.121489
81,13,4510.499298
81,14,4198.840441
81,15,4097.010080
81,18,4084.284558
81,19,4037.661735
81,20,4012.049402
82,12,4631.121489
82,13,4510.499298
82,14,4178.679987
82,15,4097.010080
82,18,4079.775725
82,19,4037.661735
82,20,4000.227490
83,12,4631.121489
83,13,4510.499298
83,14,4178.679987
83,15,4097.010080
83,18,4079.775725
83,19,4032.137252
83,20,4000.227490
84,12,4615.909451
84,13,4510.499298
84,14,4152.688114
84,15,4096.396043
84,18,4022.702444
84,20,3998.255144
85,12,4517.444230
85,13,4510.499298
85,14,4152.450102
85,15,4096.396043
85,18,4022.702444
85,20,3998.255144
86,12,4504.373016
86,14,4144.437528
86,15,4096.396043
86,18,4021.744524
86,20,3997.919849
87,12,4504.373016
87,14,4144.437528
87,15,4096.396043
87,16,4088.923786
87,18,4021.744524
87,20,3997.919849
88,12,4499.777131
88,14,4133.002340
88,15,4090.286602
88,16,4078.576274
88,18,4021.744524
88,20,3997.919849
89,12,4499.777131
89,13,4408.759225
89,14,4133.002340
89,15,4090.286602
89,16,4078.576274
89,18,4021.744524
89,20,3985.910326
90,11,4749.797649
90,12,4488.260296
90,13,4406.442324
90,14,4130.868127
90,15,4082.224078
90,16,4067.683852
90,18,4021.744524
90,20,3985.910326
91,11,4659.170249
91,12,4488.260296
91,13,4359.356410
91,14,4130.868127
91,15,4082.224078
91,16,4067.683852
91,18,4021.744524
91,19,4020.705531
91,20,3985.910326
92,11,4659.170249
92,12,4488.260296
92,13,4359.356410
92,14,4116.681277
92,15,4058.464910
92,18,4021.744524
92,19,4020.487381
92,20,3976.033392
93,11,4659.170249
93,12,4488.260296
93,13,4359.356410
93,14,4116.681277
93,15,4058.464910
93,18,4021.744524
93,19,4019.566438
93,20,3976.033392
94,11,4658.069635
94,12,4475.235476
94,13,4338.355024
94,14,4116.007837
94,15,4058.464910
94,18,4016.996351
94,20,3975.309190
95,11,4658.069635
95,12,4475.235476
95,13,4338.355024
95,14,4116.007837
95,15,4058.464910
95,18,4016.996351
95,19,4006.156173
95,20,3975.309190
96,11,4657.829961
96,12,4449.902766
96,13,4330.730671
96,14,4106.247692
96,15,4057.706490
96,16,4041.917968
96,18,4016.226802
96,19,4005.242889
96,20,3975.220031
97,11,4657.829961
97,12,4449.902766
97,13,4330.730671
97,14,4067.875095
97,15,4057.706490
97,16,4041.917968
97,18,4016.226802
97,19,3985.828085
97,20,3975.220031
98,11,4657.829961
98,12,4449.902766
98,13,4330.730671
98,14,4067.875095
98,15,4056.183594
98,16,4041.917968
98,18,4014.119458
98,19,3981.028514
98,20,3968.838899
99,11,4657.829961
99,12,4449.902766
99,13,4316.861729
99,14,4067.875095
99,15,4056.183594
99,16,4041.917968
99,18,3992.660785
99,19,3981.028514
99,20,3968.838899
100,11,4656.931797
100,12,4446.793212
100,13,4316.861729
100,14,4067.875095
100,15,4035.545767
100,17,4033.218362
100,18,3990.436780
100,19,3979.088827
100,20,3966.646637
101,11,4656.931797
101,12,4446.793212
101,13,4316.861729
101,14,4067.875095
101,15,4035.545767
101,17,4028.218627
101,18,3990.436780
101,19,3979.088827
101,20,3966.646637
102,11,4656.408497
102,12,4446.793212
102,13,4262.551353
102,14,4062.863772
102,15,4035.545767
102,17,4026.410423
102,18,3987.491438
102,19,3979.088827
102,20,3958.518785
103,11,4656.408497
103,12,4446.793212
103,13,4262.551353
103,14,4062.863772
103,15,4035.545767
103,17,4026.410423
103,18,3987.491438
103,19,3979.088827
103,20,3958.518785
104,11,4634.995741
104,12,4419.156776
104,13,4256.272876
104,14,4052.845377
104,15,4035.545767
104,17,4026.410423
104,18,3983.741255
104,19,3975.958602
104,20,3958.313838
105,11,4634.995741
105,12,4376.240676
105,13,4256.272876
105,14,4052.845377
105,15,4035.545767
105,17,4026.410423
105,18,3983.741255
105,19,3975.958602
105,20,3958.313838
106,11,4627.075776
106,12,4345.450080
106,13,4191.251145
106,14,4008.018699
106,18,3980.305361
106,19,3975.958602
106,20,3958.313838
107,11,4627.075776
107,12,4345.450080
107,13,4191.251145
107,14,4008.018699
107,18,3980.305361
107,19,3975.958602
107,20,3958.313838
107,21,3953.439093
108,11,4604.953614
108,12,4345.450080
108,13,4191.251145
108,14,4008.018699
108,18,3978.767112
108,19,3975.419905
108,20,3958.313838
108,21,3953.439093
109,11,4604.953614
109,12,4345.450080
109,13,4191.251145
109,14,4008.018699
109,18,3978.767112
109,19,3975.419905
109,20,3958.313838
109,21,3953.439093
110,11,4604.225886
110,12,4342.579235
110,13,4162.586289
110,14,4000.746130
110,18,3975.941033
110,19,3975.419905
110,20,3955.700452
110,21,3953.439093
111,11,4604.225886
111,12,4342.579235
111,13,4162.586289
111,14,4000.746130
111,18,3975.941033
111,19,3975.419905
111,20,3955.700452
111,21,3953.439093
112,11,4604.225886
112,12,4272.475661
112,13,4153.483416
112,14,4000.746130
112,18,3969.549721
112,20,3955.680792
112,21,3953.439093
113,11,4604.225886
113,12,4272.475661
113,13,4153.483416
113,14,4000.746130
113,18,3969.549721
113,20,3955.680792
113,21,3953.439093
114,11,4604.225886
114,12,4254.877412
114,13,4153.483416
114,14,3999.690836
114,18,3966.502320
114,20,3955.642325
114,21,3953.379276
115,11,4604.225886
115,12,4254.877412
115,13,4153.483416
115,14,3999.690836
115,18,3966.502320
115,20,3955.642325
115,21,3953.379276
116,11,4604.225886
116,12,4254.877412
116,13,4083.360463
116,14,3995.655304
116,18,3966.502320
116,20,3953.868277
116,21,3952.836926
117,10,5035.312719
117,11,4604.225886
117,12,4254.877412
117,13,4083.360463
117,14,3995.655304
117,18,3966.502320
117,20,3953.868277
117,21,3948.632452
118,10,5035.312719
118,11,4589.286382
118,12,4254.877412
118,13,4061.379124
118,14,3995.165719
118,18,3966.502320
118,20,3953.868277
118,21,3934.430695
119,10,5035.312719
119,11,4589.286382
119,12,4254.877412
119,13,4061.379124
119,14,3995.165719
119,18,3966.502320
119,20,3953.868277
119,21,3934.430695
120,10,4985.113013
120,11,4563.221317
120,12,4254.877412
120,13,4061.379124
120,14,3990.399204
120,18,3965.804207
120,20,3951.752078
120,21,3924.639839
121,10,4985.113013
121,11,4563.221317
121,12,4254.877412
121,13,4061.379124
121,14,3990.399204
121,18,3965.804207
121,20,3951.752078
121,21,3924.639839
122,10,4982.680419
122,11,4562.520356
122,12,4254.877412
122,13,4039.548988
122,14,3984.083482
122,18,3963.864520
122,20,3947.155927
122,21,3923.165877
123,10,4982.680419
123,11,4562.520356
123,12,4254.877412
123,13,4039.548988
123,14,3984.083482
123,18,3962.649730
123,20,3947.155927
123,21,3923.165877
124,10,4760.346010
124,11,4562.520356
124,12,4254.877412
124,13,4039.548988
124,14,3984.083482
124,18,3962.649730
124,20,3947.155927
124,21,3923.165877
125,10,4760.346010
125,11,4562.520356
125,12,4254.877412
125,13,4039.548988
125,14,3984.083482
125,18,3962.649730
125,20,3947.155927
125,21,3923.165877
126,10,4758.080543
126,11,4562.520356
126,12,4244.559939
126,13,4039.548988
126,14,3983.525188
126,18,3962.649730
126,20,3946.156043
126,21,3921.626543
127,10,4758.080543
127,11,4562.520356
127,12,4236.138105
127,13,4039.548988
127,14,3983.525188
127,18,3962.649730
127,20,3946.156043
127,21,3921.626543
128,10,4758.080543
128,11,4562.520356
128,12,4236.138105
128,13,4039.548988
128,14,3983.525188
128,18,3958.834114
128,20,3933.920770
128,21,3921.428445
129,10,4758.080543
129,11,4562.520356
129,12,4236.138105
129,13,4039.548988
129,14,3983.525188
129,18,3958.834114
129,20,3933.920770
129,21,3921.428445
130,10,4638.509990
130,11,4550.565752
130,12,4235.363642
130,13,4032.087558
130,14,3980.513285
130,18,3958.834114
130,19,3933.655158
130,21,3913.675493
131,10,4638.509990
131,11,4550.565752
131,12,4235.363642
131,13,4032.087558
131,14,3980.513285
131,18,3958.834114
131,19,3933.655158
131,21,3913.675493
132,10,4631.988828
132,11,4540.796703
132,12,4215.715240
132,13,4030.169797
132,14,3970.343661
132,18,3958.834114
132,19,3933.655158
132,21,3913.675493
133,10,4631.988828
133,11,4540.796703
133,12,4215.715240
133,13,4019.488802
133,14,3970.343661
133,18,3958.834114
133,19,3933.655158
133,21,3913.675493
134,10,4631.988828
134,11,4537.068913
134,12,4215.715240
134,13,4019.488802
134,14,3970.343661
134,17,3961.831739
134,18,3958.834114
134,19,3933.655158
134,21,3896.124525
135,10,4631.988828
135,11,4537.068913
135,12,4215.715240
135,13,4019.488802
135,14,3970.343661
135,17,3961.831739
135,18,3958.834114
135,19,3933.655158
135,21,3896.124525
136,10,4620.207396
136,11,4526.086776
136,12,4204.511185
136,13,4018.447617
136,14,3969.385995
136,16,3961.714366
136,18,3958.834114
136,19,3927.215318
136,21,3896.124525
137,10,4620.207396
137,11,4526.086776
137,12,4204.511185
137,13,4018.447617
137,14,3969.385995
137,16,3961.714366
137,18,3958.834114
137,19,3927.215318
137,21,3896.124525
138,10,4546.167779
138,11,4500.599190
138,12,4202.454967
138,13,4018.447617
138,14,3968.774862
138,16,3953.390158
138,19,3927.215318
138,21,3893.233572
139,10,4546.167779
139,11,4500.599190
139,12,4202.454967
139,13,4015.660067
139,14,3968.774862
139,16,3940.870393
139,19,3927.215318
139,21,3893.233572
140,10,4546.167779
140,11,4500.599190
140,12,4196.042739
140,13,4009.714137
140,14,3968.169311
140,16,3914.557219
140,21,3891.362032
141,10,4546.167779
141,11,4500.599190
141,12,4196.042739
141,13,3995.155575
141,14,3968.062272
141,16,3914.557219
141,21,3891.362032
142,10,4495.195472
142,12,4195.408058
142,13,3995.155575
142,14,3968.062272
142,16,3914.557219
142,21,3890.584484
143,10,4495.195472
143,12,4195.408058
143,13,3995.155575
143,14,3968.062272
143,16,3914.557219
143,19,3911.582809
143,21,3890.584484
144,10,4474.311953
144,11,4408.849878
144,12,4192.220041
144,13,3995.155575
144,14,3968.062272
144,16,3914.118684
144,19,3889.641899
145,10,4474.311953
145,11,4346.005691
145,12,4192.220041
145,13,3995.155575
145,14,3968.062272
145,16,3914.118684
145,19,3889.641899
146,10,4452.216172
146,11,4343.719652
146,12,4192.220041
146,13,3979.426771
146,14,3958.537889
146,16,3914.118684
146,19,3888.679715
147,10,4452.216172
147,11,4343.719652
147,12,4192.220041
147,13,3979.426771
147,14,3958.537889
147,16,3914.118684
147,19,3888.679715
148,10,4326.105316
148,12,4192.220041
148,13,3979.401841
148,14,3955.387814
148,16,3914.118684
148,19,3886.323603
149,10,4326.105316
149,11,4325.338642
149,12,4192.220041
149,13,3979.401841
149,14,3955.387814
149,16,3914.118684
149,19,3861.924774
150,10,4326.105316
150,11,4214.743412
150,12,4192.220041
150,13,3979.401841
150,14,3954.337082
150,15,3939.606486
150,16,3906.595441
150,19,3861.231213
151,10,4326.105316
151,11,4214.743412
151,12,4192.220041
151,13,3979.401841
151,14,3954.337082
151,15,3939.606486
151,16,3906.595441
151,19,3861.231213
152,10,4326.105316
152,11,4211.643590
152,12,4189.077784
152,13,3976.387657
152,14,3954.337082
152,15,3939.606486
152,16,3893.471948
152,19,3858.429892
153,10,4326.105316
153,11,4211.643590
153,12,4189.077784
153,13,3975.117786
153,14,3954.337082
153,15,3939.606486
153,16,3893.471948
153,19,3858.429892
154,10,4326.105316
154,11,4207.051303
154,12,4186.983241
154,13,3954.941907
154,14,3954.337082
154,15,3939.552886
154,16,3893.471948
154,19,3858.429892
155,10,4326.105316
155,11,4207.051303
155,12,4186.983241
155,13,3954.941907
155,14,3954.337082
155,15,3939.552886
155,16,3893.471948
155,19,3858.429892
156,10,4326.105316
156,11,4172.396139
156,12,4164.344424
156,13,3954.941907
156,14,3950.988347
156,15,3939.552886
156,16,3892.558663
156,19,3858.429892
157,10,4326.105316
157,11,4172.396139
157,12,4164.344424
157,13,3954.941907
157,14,3950.988347
157,15,3939.552886
157,16,3892.558663
157,19,3858.429892
158,10,4319.856165
158,11,4171.665138
158,12,4160.585821
158,13,3945.165152
158,15,3937.431257
158,16,3885.979160
158,19,3858.429892
159,10,4319.856165
159,11,4171.665138
159,12,4160.585821
159,13,3945.165152
159,15,3937.431257
159,16,3885.979160
159,19,3858.429892
160,10,4315.639996
160,11,4171.665138
160,12,4157.066152
160,13,3945.165152
160,15,3937.327741
160,16,3880.833884
160,17,3876.935422
160,19,3857.339136
161,10,4315.639996
161,11,4171.665138
161,12,4157.066152
161,13,3945.165152
161,14,3912.030346
161,16,3880.833884
161,17,3876.935422
161,19,3854.336687
162,10,4313.929413
162,11,4153.248127
162,12,4151.053037
162,13,3945.165152
162,14,3911.732612
162,16,3879.490846
162,17,3876.935422
162,19,3854.336687
163,10,4313.929413
163,11,4153.248127
163,12,4151.053037
163,13,3945.165152
163,14,3911.732612
163,16,3879.490846
163,17,3876.935422
163,19,3854.336687
164,10,4302.321283
164,11,4151.370231
164,12,4151.053037
164,13,3921.043269
164,14,3911.732612
164,16,3879.284150
164,17,3865.236822
164,19,3854.336687
165,10,4302.321283
165,11,4151.370231
165,12,4151.053037
165,13,3921.043269
165,14,3908.586525
165,16,3879.284150
165,17,3865.236822
165,19,3854.336687
166,10,4292.118743
166,11,4151.370231
166,12,4151.053037
166,13,3921.043269
166,14,3904.683387
166,16,3879.284150
166,17,3865.236822
166,18,3851.929990
167,10,4216.051691
167,11,4151.370231
167,12,4151.053037
167,13,3921.043269
167,14,3904.683387
167,16,3879.284150
167,17,3865.236822
167,18,3851.929990
168,10,4215.912780
168,11,4148.994073
168,13,3921.043269
168,14,3904.683387
168,16,3879.284150
168,17,3864.004546
168,18,3851.929990
169,10,4215.912780
169,11,4148.994073
169,13,3921.043269
169,14,3904.683387
169,16,3879.284150
169,17,3864.004546
169,18,3851.929990
170,10,4213.077691
170,11,4148.994073
170,13,3921.021708
170,14,3904.534607
170,16,3878.308965
170,17,3864.004546
170,18,3851.929990
171,10,4213.077691
171,11,4148.994073
171,13,3921.021708
171,14,3904.534607
171,16,3878.308965
171,17,3864.004546
171,18,3851.929990
172,10,4210.405882
172,11,4148.994073
172,12,4147.020431
172,13,3902.655219
172,16,3878.308965
172,17,3864.004546
172,18,3851.929990
173,10,4210.405882
173,11,4148.994073
173,12,4147.020431
173,13,3902.655219
173,16,3878.308965
173,17,3864.004546
173,18,3851.929990
174,10,4210.405882
174,11,4148.994073
174,12,4137.617109
174,13,3902.655219
174,16,3878.308965
174,17,3864.004546
174,18,3851.929990
175,10,4210.405882
175,11,4148.994073
175,12,4137.617109
175,13,3902.655219
175,16,3878.308965
175,17,3864.004546
175,18,3851.929990
176,10,4206.234979
176,11,4117.193749
176,13,3893.360474
176,16,3878.308965
176,17,3864.004546
176,18,3851.929990
176,19,3844.080585
177,10,4206.234979
177,11,4117.193749
177,13,3893.360474
177,16,3878.308965
177,17,3864.004546
177,18,3838.287923
178,10,4188.088741
178,11,4089.529165
178,13,3893.360474
178,16,3878.308965
178,17,3855.245636
178,18,3838.283322
179,10,4188.088741
179,11,4089.529165
179,13,3891.032419
179,16,3878.308965
179,17,3855.245636
179,18,3838.283322
180,10,4182.979884
180,11,4089.529165
180,13,3889.603561
180,16,3878.308965
180,17,3849.680802
180,18,3838.283322
181,10,4182.979884
181,11,4089.529165
181,12,4074.738294
181,13,3889.603561
181,16,3878.308965
181,17,3849.680802
181,18,3838.283322
182,10,4182.979884
182,11,4089.529165
182,12,4073.667653
182,13,3879.870341
182,16,3878.308965
182,17,3849.680802
182,18,3838.283322
183,10,4148.902773
183,11,4089.529165
183,12,4073.667653
183,13,3879.870341
183,16,3878.308965
183,17,3849.680802
183,18,3838.283322
184,10,4148.902773
184,11,4081.760488
184,12,4073.567479
184,13,3879.870341
184,16,3878.308965
184,17,3849.680802
184,18,3837.362455
185,10,4148.902773
185,11,4081.760488
185,12,4069.084479
185,13,3879.870341
185,16,3872.863368
185,17,3849.680802
185,18,3837.362455
186,10,4148.846652
186,11,4081.760488
186,12,4065.701745
186,13,3879.572607
186,16,3872.863368
186,17,3849.680802
186,18,3837.362455
187,10,4148.846652
187,11,4081.760488
187,12,4048.386964
187,13,3879.572607
187,16,3872.863368
187,17,3849.680802
187,18,3837.362455
188,10,4143.912997
188,11,4081.683086
188,12,4048.286790
188,13,3879.572607
188,16,3866.119552
188,17,3849.217026
188,18,3835.111461
189,10,4143.912997
189,11,4081.683086
189,12,4048.286790
189,13,3879.572607
189,16,3866.119552
189,17,3849.217026
189,18,3835.111461
190,10,4136.696737
190,11,4080.747186
190,12,4048.270493
190,13,3879.572607
190,16,3866.119552
190,17,3849.217026
190,18,3828.375686
191,10,4136.696737
191,11,4080.747186
191,12,4048.270493
191,13,3879.572607
191,16,3866.119552
191,17,3849.217026
191,18,3828.375686
192,10,4136.596563
192,11,4080.747186
192,12,4039.029843
192,13,3879.572607
192,16,3866.119552
192,17,3849.217026
192,18,3828.375686
193,10,4136.596563
193,11,4080.747186
193,12,4039.029843
193,13,3879.572607
193,16,3866.119552
193,17,3849.217026
193,18,3828.375686
194,10,4126.038443
194,11,4080.747186
194,12,4039.029843
194,13,3870.410981
194,16,3866.119552
194,17,3848.770454
194,18,3828.375686
195,10,4126.038443
195,11,4080.747186
195,12,4039.029843
195,13,3870.410981
195,16,3866.119552
195,17,3838.259916
195,18,3828.375686
196,10,4125.017897
196,11,4080.747186
196,12,4034.909257
196,13,3870.410981
196,16,3866.119552
196,17,3830.882998
196,18,3828.375686
197,10,4125.017897
197,11,4080.747186
197,12,4034.761592
197,13,3870.410981
197,16,3866.119552
197,17,3830.882998
197,18,3828.199225
198,10,4125.017897
198,11,4070.138859
198,12,4034.740249
198,13,3870.410981
198,16,3864.426750
198,17,3829.728495
198,18,3828.199225
199,10,4118.547238
199,11,4070.138859
199,12,4028.355995
199,13,3870.410981
199,16,3864.426750
199,17,3829.728495
199,18,3828.199225
200,10,4117.930115
200,11,4070.122563
200,12,4026.361775
200,13,3870.410981
200,16,3863.272247
200,17,3829.728495
200,18,3828.199225
201,10,4117.930115
201,11,4070.122563
201,12,4026.361775
201,13,3870.410981
201,16,3863.272247
201,17,3829.728495
201,18,3828.199225
202,10,4109.320340
202,11,4070.122563
202,12,4026.361775
202,13,3870.410981
202,16,3863.272247
202,17,3829.728495
202,18,3828.199225
203,10,4109.320340
203,11,4066.000579
203,12,4026.361775
203,13,3870.410981
203,16,3863.272247
203,17,3829.728495
203,18,3828.199225
204,10,4108.237267
204,11,4066.000579
204,12,4016.590127
204,13,3868.945275
204,16,3863.272247
204,17,3829.728495
204,18,3828.199225
205,10,4108.237267
205,11,4053.902766
205,12,4016.590127
205,13,3868.945275
205,16,3863.272247
205,17,3829.728495
205,18,3828.199225
206,10,4106.016893
206,11,4053.902766
206,12,3974.093184
206,13,3868.945275
206,16,3862.604377
206,17,3829.728495
206,18,3826.243348
207,10,4106.016893
207,11,4053.902766
207,12,3974.093184
207,13,3868.945275
207,16,3862.604377
207,17,3829.728495
207,18,3826.243348
208,10,4105.916719
208,11,4053.902766
208,12,3974.093184
208,13,3868.945275
208,16,3862.604377
208,17,3829.728495
208,18,3816.541310
209,10,4105.916719
209,11,4053.902766
209,12,3974.093184
209,13,3868.945275
209,16,3862.604377
209,17,3829.728495
209,18,3816.541310
210,10,4103.547236
210,11,4051.058879
210,12,3973.993009
210,13,3867.897478
210,16,3862.604377
210,17,3829.728495
210,18,3816.541310
211,10,4103.547236
211,11,4032.809631
211,12,3958.854856
211,13,3867.897478
211,16,3862.604377
211,17,3829.728495
211,18,3816.541310
212,10,4087.886206
212,11,4032.809631
212,12,3956.940972
212,13,3867.897478
212,16,3862.181138
212,17,3829.728495
212,18,3816.541310
213,10,4087.886206
213,11,4032.809631
213,12,3956.940972
213,13,3867.897478
213,16,3862.181138
213,17,3828.363040
213,18,3816.541310
214,10,4087.885257
214,11,4029.746507
214,12,3943.543063
214,13,3867.897478
214,16,3862.181138
214,17,3827.932717
214,18,3815.510500
215,10,4087.885257
215,11,4029.746507
215,12,3933.191582
215,13,3867.897478
215,16,3862.181138
215,17,3827.932717
215,18,3815.510500
216,10,4086.614788
216,11,4026.031073
216,12,3933.191582
216,13,3866.085770
216,16,3862.181138
216,17,3827.150861
216,18,3814.462714
217,10,4084.347484
217,11,4026.031073
217,12,3933.191582
217,13,3866.085770
217,16,3862.181138
217,17,3827.150861
217,18,3814.462714
218,10,4084.347484
218,11,4025.668359
218,12,3929.410797
218,13,3863.146275
218,16,3862.181138
218,17,3827.150861
218,18,3814.462714
219,10,4084.347484
219,11,4025.668359
219,12,3929.410797
219,13,3863.146275
219,16,3862.181138
219,17,3827.150861
219,18,3814.462714
220,10,4061.950126
220,11,4021.043390
220,12,3928.103618
220,13,3863.146275
220,16,3860.921668
220,17,3826.867637
220,18,3814.462714
221,10,4061.950126
221,11,4021.043390
221,12,3916.788341
221,13,3863.146275
221,16,3860.921668
221,17,3826.867637
221,18,3814.462714
222,10,4060.672975
222,11,4016.085607
222,12,3898.510818
222,13,3861.281019
222,16,3860.921668
222,17,3826.867637
222,18,3814.462714
223,10,4060.672975
223,11,4016.085607
223,12,3898.510818
223,13,3861.281019
223,16,3860.921668
223,17,3826.439159
223,18,3814.462714
224,10,4060.672975
224,11,4014.404368
224,12,3898.362505
224,13,3861.281019
224,16,3851.357268
224,17,3826.439159
224,18,3814.462714
225,10,4060.672975
225,11,4014.404368
225,12,3898.362505
225,13,3861.281019
225,16,3851.357268
225,17,3821.798955
225,18,3814.462714
226,10,4060.533879
226,11,4014.404368
226,12,3895.510377
226,13,3861.281019
226,16,3851.357268
226,17,3821.798955
226,18,3814.462714
227,10,4055.898280
227,11,4014.404368
227,12,3868.004390
227,13,3860.543296
227,16,3851.357268
227,17,3821.798955
227,18,3814.462714
228,10,4055.898280
228,11,4008.731393
228,12,3868.004390
228,13,3860.543296
228,16,3846.434896
228,17,3821.798955
228,18,3814.462714
229,10,4055.898280
229,11,3999.569015
229,12,3868.004390
229,13,3860.543296
229,16,3846.434896
229,17,3821.798955
229,18,3814.462714
230,10,4022.180380
230,11,3999.569015
230,12,3868.004390
230,13,3859.130854
230,16,3846.434896
230,17,3819.843078
230,18,3814.462714
231,10,4007.338033
231,11,3999.569015
231,12,3868.004390
231,13,3859.130854
231,14,3856.995388
231,16,3846.434896
231,17,3810.081285
232,10,3991.568520
232,12,3867.843942
232,13,3859.130854
232,14,3856.995388
232,16,3844.254058
232,17,3810.081285
233,10,3976.630974
233,12,3867.843942
233,13,3859.130854
233,14,3856.995388
233,16,3844.254058
233,17,3810.081285
234,10,3954.265921
234,12,3867.843942
234,13,3859.130854
234,14,3856.995388
234,16,3842.632345
234,17,3809.971712
235,10,3954.265921
235,12,3867.843942
235,13,3859.130854
235,14,3856.995388
235,16,3842.632345
235,17,3809.971712
236,10,3954.265921
236,11,3916.270066
236,12,3867.843942
236,13,3859.130854
236,14,3856.995388
236,16,3842.632345
236,17,3809.971712
237,10,3954.265921
237,11,3916.270066
237,12,3863.012218
237,13,3859.130854
237,14,3856.995388
237,16,3842.632345
237,17,3809.971712
238,10,3954.265921
238,11,3916.270066
238,12,3863.012218
238,13,3859.130854
238,14,3856.995388
238,16,3842.632345
238,17,3809.971712
238,18,3807.354426
239,10,3954.265921
239,11,3916.270066
239,12,3862.356769
239,13,3859.130854
239,14,3856.995388
239,16,3842.632345
239,17,3809.971712
239,18,3807.354426
240,10,3954.265921
240,11,3916.270066
240,12,3861.747248
240,13,3859.038841
240,14,3843.772183
240,16,3842.632345
240,17,3809.971712
240,18,3806.130709
241,10,3952.106477
241,11,3916.270066
241,12,3861.747248
241,13,3859.038841
241,14,3843.772183
241,16,3842.632345
241,17,3808.309473
241,18,3806.130709
242,10,3952.106477
242,11,3916.270066
242,12,3861.747248
242,13,3853.837492
242,14,3843.772183
242,16,3842.465362
242,17,3807.830794
242,18,3804.539267
243,10,3951.463396
243,11,3916.270066
243,12,3861.747248
243,13,3840.713622
243,17,3807.830794
243,18,3800.430122
244,10,3951.463396
244,11,3913.466234
244,12,3850.451377
244,13,3840.713622
244,17,3807.830794
244,18,3800.430122
245,10,3951.463396
245,11,3913.466234
245,12,3850.451377
245,13,3840.713622
245,17,3807.830794
245,18,3800.430122
246,10,3951.463396
246,11,3913.466234
246,12,3850.451377
246,13,3840.713622
246,17,3807.830794
246,18,3797.252396
247,10,3929.771526
247,11,3913.458597
247,12,3850.451377
247,13,3840.713622
247,17,3807.830794
247,18,3797.252396
248,10,3929.771526
248,11,3913.433813
248,12,3843.629562
248,13,3840.713622
248,17,3807.830794
248,18,3797.252396
249,10,3929.771526
249,11,3913.433813
249,12,3843.629562
249,13,3840.713622
249,17,3807.830794
249,18,3797.252396
250,10,3928.920711
250,11,3913.405117
250,12,3843.629562
250,13,3840.503175
250,17,3807.830794
250,18,3797.252396
251,10,3928.920711
251,11,3913.405117
251,12,3842.937107
251,13,3840.503175
251,17,3807.830794
251,18,3797.252396
252,10,3928.920711
252,11,3896.739089
252,12,3842.338459
252,13,3840.503175
252,17,3801.268334
252,18,3785.016268
253,10,3928.920711
253,11,3896.479560
253,12,3842.338459
253,13,3840.503175
253,17,3800.327600
253,18,3785.016268
254,10,3928.920711
254,11,3896.479560
254,12,3836.758104
254,17,3800.327600
254,18,3785.016268
255,10,3916.586354
255,11,3896.479560
255,12,3836.758104
255,17,3800.327600
255,18,3785.016268
256,10,3916.586354
256,11,3896.479560
256,12,3836.758104
256,17,3800.327600
256,18,3785.016268
257,10,3916.586354
257,11,3896.479560
257,12,3836.758104
257,17,3800.327600
257,18,3785.016268
258,10,3890.386240
258,12,3829.314396
258,14,3828.440660
258,17,3799.334094
258,18,3785.016268
259,10,3890.386240
259,11,3885.414167
259,12,3824.109342
259,17,3799.334094
259,18,3785.016268
260,10,3876.897078
260,12,3824.109342
260,17,3799.334094
260,18,3785.016268
261,10,3850.512849
261,12,3824.109342
261,13,3809.165401
261,17,3799.334094
261,18,3785.016268
262,10,3850.512849
262,12,3823.180383
262,13,3809.165401
262,17,3799.334094
262,18,3785.016268
263,10,3850.125477
263,12,3823.180383
263,13,3809.165401
263,17,3799.334094
263,18,3785.016268
264,10,3850.125477
264,12,3823.180383
264,13,3809.165401
264,17,3799.334094
264,18,3785.016268
265,10,3850.125477
265,12,3819.823407
265,13,3809.165401
265,17,3799.334094
265,18,3785.016268
266,10,3850.125477
266,12,3819.823407
266,13,3809.165401
266,17,3799.334094
266,18,3785.016268
267,10,3850.125477
267,12,3819.823407
267,13,3809.165401
267,17,3799.334094
267,18,3785.016268
268,10,3850.006741
268,12,3819.823407
268,13,3807.255285
268,17,3797.444597
268,18,3785.016268
269,10,3850.006741
269,12,3819.823407
269,13,3806.465901
269,17,3796.503122
269,18,3785.016268
270,10,3847.497307
270,11,3845.605749
270,12,3819.823407
270,13,3806.465901
270,17,3796.503122
270,18,3785.016268
271,10,3847.497307
271,11,3845.605749
271,12,3819.823407
271,13,3806.465901
271,17,3796.503122
271,18,3785.016268
272,10,3847.497307
272,11,3841.861238
272,12,3819.823407
272,13,3806.465901
272,17,3796.503122
272,18,3785.016268
273,10,3846.572528
273,11,3841.861238
273,12,3819.823407
273,13,3806.465901
273,17,3796.503122
273,18,3785.016268
274,10,3846.572528
274,11,3841.861238
274,12,3819.823407
274,13,3806.465901
274,17,3796.503122
274,18,3785.016268
275,10,3846.572528
275,11,3840.129039
275,12,3819.823407
275,13,3806.465901
275,17,3796.503122
275,18,3785.016268
276,10,3846.572528
276,11,3840.129039
276,12,3816.353277
276,13,3806.465901
276,17,3796.503122
276,18,3785.016268
277,10,3842.079966
277,11,3840.129039
277,12,3816.353277
277,13,3806.398616
277,17,3796.503122
277,18,3785.016268
278,10,3842.079966
278,11,3838.880920
278,12,3816.353277
278,13,3806.398616
278,17,3796.453038
278,18,3785.016268
279,10,3842.079966
279,11,3838.880920
279,12,3816.353277
279,13,3806.398616
279,17,3796.453038
279,18,3785.016268
280,10,3842.079966
280,11,3838.880920
280,12,3816.353277
280,13,3803.592245
280,17,3796.453038
280,18,3785.016268
281,10,3842.079966
281,11,3836.701451
281,12,3816.353277
281,13,3803.592245
281,17,3796.453038
281,18,3785.016268
282,10,3842.079966
282,11,3836.701451
282,12,3816.353277
282,13,3803.592245
282,17,3796.453038
282,18,3785.016268
283,10,3842.079966
283,11,3836.701451
283,12,3816.353277
283,13,3802.865198
283,17,3796.453038
283,18,3785.016268
284,10,3842.079966
284,11,3818.345689
284,12,3816.353277
284,13,3802.865198
284,17,3794.146419
284,18,3785.016268
285,10,3833.361545
285,11,3816.843433
285,12,3816.353277
285,13,3802.865198
285,17,3794.146419
285,18,3785.016268
286,10,3833.361545
286,11,3816.843433
286,12,3816.353277
286,13,3802.865198
286,17,3794.146419
286,18,3785.016268
287,10,3833.155536
287,11,3816.843433
287,12,3813.001468
287,13,3802.865198
287,17,3794.146419
287,18,3785.016268
288,10,3833.155536
288,11,3816.843433
288,12,3812.199986
288,13,3802.865198
288,17,3794.146419
288,18,3785.016268
289,10,3833.155536
289,11,3816.843433
289,12,3812.199986
289,13,3802.865198
289,17,3794.146419
289,18,3785.016268
290,10,3828.584320
290,11,3816.843433
290,12,3812.034869
290,13,3802.865198
290,17,3794.146419
290,18,3778.750351
291,10,3828.584320
291,11,3816.843433
291,12,3809.329388
291,13,3802.865198
291,17,3794.146419
291,18,3778.750351
292,10,3828.584320
292,11,3816.843433
292,12,3809.329388
292,13,3802.865198
292,17,3792.899561
292,18,3778.750351
293,10,3820.960604
293,11,3813.907879
293,12,3809.329388
293,13,3802.865198
293,17,3792.899561
293,18,3778.750351
294,10,3820.960604
294,11,3813.827163
294,12,3809.329388
294,13,3802.865198
294,17,3792.899561
294,18,3778.750351
295,10,3820.960604
295,11,3813.827163
295,12,3809.329388
295,13,3802.865198
295,17,3792.899561
295,18,3778.750351
296,10,3820.960604
296,11,3813.827163
296,12,3809.329388
296,13,3802.865198
296,17,3792.899561
296,18,3775.690507
297,10,3820.960604
297,11,3813.827163
297,12,3808.789229
297,13,3802.865198
297,17,3792.899561
297,18,3775.690507
298,10,3820.960604
298,11,3811.196793
298,12,3808.789229
298,13,3801.292278
298,14,3798.855801
298,17,3792.899561
298,18,3775.690507
299,10,3820.960604
299,11,3811.196793
299,12,3808.789229
299,13,3801.292278
299,14,3798.855801
299,17,3792.899561
299,18,3775.690507
300,10,3820.960604
300,11,3807.523377
300,13,3801.292278
300,14,3798.855801
300,17,3792.899561
300,18,3775.187580
301,10,3820.960604
301,11,3807.523377
301,13,3801.292278
301,14,3798.855801
301,17,3792.899561
301,18,3775.187580
302,10,3820.960604
302,11,3807.523377
302,12,3796.974437
302,17,3792.899561
302,18,3775.187580
303,10,3820.960604
303,11,3807.523377
303,12,3796.974437
303,17,3792.899561
303,18,3775.187580
304,10,3820.960604
304,11,3807.523377
304,12,3796.974437
304,17,3792.899561
304,18,3775.187580
305,10,3820.960604
305,11,3804.472363
305,12,3796.974437
305,17,3792.899561
305,18,3775.187580
306,10,3816.701963
306,11,3804.472363
306,12,3796.943345
306,17,3792.168882
306,18,3765.870633
307,10,3816.701963
307,11,3804.472363
307,12,3796.019504
307,17,3792.168882
307,18,3765.870633
308,10,3813.856866
308,11,3803.150162
308,12,3796.019504
308,17,3782.627303
308,18,3765.870633
309,10,3813.856866
309,11,3802.732855
309,12,3796.019504
309,17,3782.627303
309,18,3765.870633
310,10,3813.856866
310,11,3802.732855
310,12,3796.019504
310,13,3793.577094
310,17,3782.627303
310,18,3765.870633
311,10,3813.856866
311,11,3802.732855
311,12,3796.019504
311,13,3793.577094
311,17,3782.627303
311,18,3765.870633
312,10,3813.856866
312,11,3802.732855
312,12,3796.019504
312,13,3789.683615
312,17,3782.627303
312,18,3765.870633
313,10,3813.856866
313,11,3802.732855
313,12,3795.366202
313,13,3789.683615
313,17,3782.627303
313,18,3765.870633
314,10,3808.616653
314,11,3802.732855
314,12,3795.251840
314,13,3789.683615
314,17,3782.627303
314,18,3765.216434
315,10,3805.749509
315,11,3802.732855
315,12,3795.251840
315,13,3789.683615
315,17,3782.627303
315,18,3763.798653
316,10,3805.443672
316,11,3802.732855
316,12,3795.251840
316,13,3789.266848
316,17,3782.627303
316,18,3763.798653
317,10,3802.327606
317,12,3795.251840
317,13,3789.266848
317,17,3782.627303
317,18,3763.798653
318,10,3802.190018
318,12,3795.251840
318,13,3787.278068
318,17,3782.627303
318,18,3763.798653
319,10,3802.190018
319,12,3795.251840
319,13,3787.278068
319,17,3782.627303
319,18,3763.798653
320,10,3802.190018
320,12,3794.812765
320,13,3781.379593
320,17,3781.292330
320,18,3763.798653
321,10,3797.403600
321,12,3794.812765
321,13,3781.379593
321,17,3781.292330
321,18,3763.798653
322,10,3797.403600
322,12,3785.849495
322,13,3781.379593
322,17,3781.292330
322,18,3763.798653
323,10,3797.403600
323,12,3785.849495
323,13,3781.379593
323,17,3781.292330
323,18,3763.798653
324,10,3797.403600
324,12,3785.849495
324,13,3781.379593
324,17,3781.292330
324,18,3763.798653
