Generation,NV,TOC
1,18,9739.540109
1,19,9103.736365
1,20,8657.768049
1,21,7731.399693
1,24,7040.103226
1,27,7018.835199
1,29,6297.392498
1,36,5453.013256
1,48,5278.172241
1,54,5183.558767
1,57,5107.526938
1,60,5049.625803
2,18,8697.642004
2,20,8657.768049
2,21,7731.399693
2,22,7470.895373
2,24,7040.103226
2,25,6357.512458
2,26,5965.830670
2,29,5731.620292
2,32,5338.133941
2,40,5238.829431
2,43,5080.763028
2,55,5038.048772
2,60,4997.211673
3,18,8697.642004
3,20,8657.768049
3,21,7045.566109
3,24,6668.197227
3,25,6357.512458
3,26,5965.830670
3,28,5804.576128
3,29,5731.620292
3,32,5338.133941
3,38,5037.348630
3,40,4950.099286
3,45,4786.687625
4,18,8697.642004
4,20,8531.841983
4,21,7045.566109
4,24,6668.197227
4,25,6357.512458
4,26,5965.830670
4,28,5741.990427
4,29,5567.519308
4,32,5338.133941
4,34,5295.763112
4,35,5067.440895
4,38,4774.324119
4,40,4756.270121
5,18,8697.642004
5,20,8531.841983
5,21,7045.566109
5,24,6668.197227
5,25,6357.512458
5,26,5965.830670
5,28,5741.990427
5,29,5567.519308
5,30,5499.794442
5,32,5338.133941
5,33,5195.150379
5,34,5184.279428
5,35,5067.440895
5,36,5016.094004
5,38,4774.324119
5,40,4756.270121
5,52,4611.487767
6,18,8697.642004
6,20,8440.817959
6,21,7045.566109
6,24,6348.825537
6,26,5965.830670
6,28,5741.990427
6,29,5388.831840
6,32,5180.263225
6,34,4767.241937
6,40,4756.270121
6,49,4595.780583
7,18,8697.642004
7,20,8085.181021
7,21,7045.566109
7,23,6207.925224
7,26,5965.830670
7,27,5824.618070
7,28,5550.291353
7,29,5388.831840
7,32,5146.339567
7,34,4767.241937
7,35,4733.033933
7,49,4595.780583
8,18,8697.642004
8,20,6509.387087
8,23,6207.925224
8,26,5414.095600
8,27,5280.127290
8,32,5146.339567
8,33,4722.979930
8,35,4717.230348
8,47,4516.007883
9,18,8697.642004
9,20,6509.387087
9,22,6366.771950
9,23,6207.925224
9,25,6136.766758
9,26,5414.095600
9,27,5280.127290
9,30,4935.736296
9,33,4722.979930
9,35,4717.230348
9,47,4516.007883
10,18,8697.642004
10,20,6509.387087
10,22,6119.452517
10,24,6051.623742
10,26,5313.677983
10,27,5219.233031
10,30,4935.736296
10,33,4689.024760
10,35,4660.848979
10,47,4502.164910
11,18,8697.642004
11,20,6509.387087
11,22,6119.452517
11,23,6037.095154
11,25,5847.376440
11,26,5313.677983
11,27,5219.233031
11,30,4935.736296
11,32,4627.020233
11,47,4502.164910
12,18,8697.642004
12,20,6509.387087
12,22,6119.452517
12,23,5716.694129
12,25,5262.369774
12,27,5216.242890
12,29,5178.663182
12,30,4935.736296
12,32,4627.020233
12,47,4502.164910
13,18,8697.642004
13,19,8620.067769
13,20,6509.387087
13,22,6119.452517
13,23,5716.694129
13,24,5593.706359
13,25,5262.369774
13,26,5258.330352
13,27,5216.242890
13,28,5104.163484
13,30,4935.736296
13,32,4627.020233
13,45,4546.721547
13,47,4502.164910
14,18,8593.472180
14,19,7803.485477
14,20,6509.387087
14,22,6119.452517
14,23,5716.694129
14,24,5593.706359
14,25,5262.369774
14,26,5258.330352
14,27,5145.446556
14,28,5104.163484
14,29,4893.197954
14,30,4761.643660
14,31,4733.140956
14,32,4627.020233
14,42,4615.533327
14,45,4546.721547
14,47,4502.164910
15,17,8069.488774
15,19,6455.348086
15,20,6443.360101
15,21,6118.220466
15,23,5716.694129
15,24,5593.706359
15,25,5262.369774
15,26,5258.330352
15,27,5145.446556
15,28,5072.739819
15,29,4893.197954
15,30,4761.643660
15,31,4733.140956
15,32,4627.020233
15,42,4615.533327
15,45,4546.721547
15,47,4502.164910
16,17,8069.488774
16,19,6315.180679
16,21,6118.220466
16,23,5716.694129
16,24,5593.706359
16,25,5262.369774
16,26,5258.330352
16,27,5145.446556
16,28,5050.352149
16,29,4883.942051
16,30,4761.643660
16,31,4717.870083
16,32,4625.301632
16,38,4559.508022
16,43,4545.009902
16,45,4519.238930
16,47,4502.164910
17,17,8069.488774
17,19,6315.180679
17,21,6118.220466
17,23,5716.694129
17,24,5593.706359
17,25,5262.369774
17,26,5170.483641
17,27,5145.446556
17,28,5006.976260
17,29,4883.942051
17,30,4761.643660
17,31,4717.870083
17,32,4625.301632
17,34,4615.857797
17,38,4559.508022
17,43,4545.009902
17,45,4519.238930
17,47,4502.164910
18,17,7557.966423
18,19,6315.180679
18,21,6118.220466
18,22,6031.671217
18,23,5716.694129
18,24,5593.706359
18,25,5262.369774
18,26,5170.483641
18,27,5145.446556
18,28,4933.277320
18,29,4828.403387
18,30,4717.327769
18,31,4707.722856
18,32,4609.714780
18,34,4575.409698
18,37,4551.907714
18,43,4526.825040
18,44,4489.538371
19,17,7557.966423
19,19,6315.180679
19,21,5652.678327
19,24,5332.559646
19,25,5029.528602
19,28,4933.277320
19,29,4828.403387
19,30,4717.327769
19,31,4707.722856
19,32,4609.714780
19,34,4575.409698
19,37,4551.907714
19,43,4526.825040
19,44,4489.538371
20,17,7557.966423
20,18,7272.897841
20,19,6315.180679
20,21,5652.678327
20,24,5332.559646
20,25,5018.660723
20,27,4901.643727
20,28,4696.548008
20,31,4594.799212
20,34,4549.004764
20,42,4497.362099
20,44,4452.594343
21,16,7684.476159
21,17,7255.534036
21,19,6315.180679
21,20,5484.151866
21,22,5453.267204
21,24,5332.559646
21,25,5018.660723
21,27,4901.643727
21,28,4696.548008
21,31,4594.799212
21,34,4549.004764
21,42,4497.362099
21,44,4452.594343
22,16,7684.476159
22,17,7255.534036
22,19,6315.180679
22,20,5420.857497
22,22,5397.865245
22,23,5312.887309
22,25,5017.099695
22,26,4854.094040
22,28,4633.389893
22,30,4584.355382
22,34,4548.963834
22,36,4479.066249
22,44,4406.735301
23,16,7684.476159
23,17,7255.534036
23,18,7059.334892
23,19,5837.728053
23,20,5420.857497
23,22,5397.865245
23,23,5312.887309
23,25,5017.099695
23,26,4852.066998
23,28,4633.389893
23,30,4584.355382
23,34,4548.963834
23,36,4479.066249
23,44,4406.735301
24,16,7684.476159
24,17,7152.332346
24,18,7059.334892
24,19,5837.728053
24,20,5353.405348
24,22,5339.414101
24,23,5312.887309
24,25,4887.440628
24,26,4852.066998
24,28,4633.389893
24,30,4575.666194
24,32,4522.204480
24,36,4470.269523
24,44,4403.600605
25,16,7684.476159
25,17,7152.332346
25,18,7059.334892
25,19,5837.728053
25,20,5353.405348
25,22,5339.414101
25,23,5312.887309
25,24,4983.913779
25,25,4859.878806
25,26,4852.066998
25,28,4633.389893
25,30,4575.666194
25,32,4522.204480
25,36,4470.269523
25,44,4403.600605
26,16,7522.288626
26,17,7152.332346
26,18,7059.334892
26,19,5837.728053
26,20,5198.261776
26,22,4939.440467
26,25,4859.878806
26,26,4852.066998
26,27,4750.693176
26,28,4628.927986
26,30,4472.059819
26,36,4470.269523
26,44,4402.886047
27,15,7675.559711
27,16,7522.288626
27,17,7152.332346
27,18,7059.334892
27,19,5837.728053
27,20,5198.261776
27,22,4939.440467
27,24,4848.384717
27,25,4773.322668
27,27,4622.249421
27,28,4580.953833
27,30,4472.059819
27,36,4470.269523
27,44,4402.886047
28,15,7675.559711
28,16,7522.288626
28,17,7152.332346
28,18,7059.334892
28,19,5837.728053
28,20,5107.444555
28,22,4924.402994
28,24,4848.384717
28,25,4773.322668
28,27,4622.249421
28,28,4551.477537
28,30,4472.059819
28,35,4416.391370
28,43,4395.952975
29,15,7675.559711
29,16,7398.295972
29,17,6971.831925
29,18,5513.251030
29,20,5107.444555
29,22,4924.402994
29,24,4848.384717
29,25,4773.322668
29,26,4691.662638
29,27,4622.249421
29,28,4551.477537
29,30,4472.059819
29,35,4416.391370
29,43,4395.952975
30,15,7675.559711
30,16,7398.295972
30,17,6728.670299
30,18,5513.251030
30,20,5107.444555
30,22,4924.402994
30,24,4848.384717
30,25,4773.322668
30,26,4691.662638
30,27,4622.249421
30,28,4506.218645
30,30,4472.059819
30,35,4416.391370
30,43,4395.952975
31,15,7675.559711
31,16,7398.295972
31,17,6728.670299
31,18,5513.251030
31,20,5107.444555
31,22,4924.402994
31,24,4848.384717
31,25,4773.322668
31,26,4691.662638
31,27,4622.249421
31,28,4506.218645
31,29,4466.255290
31,35,4416.391370
31,43,4395.952975
32,15,7675.559711
32,16,7270.785301
32,17,6728.670299
32,18,5513.251030
32,20,5107.444555
32,22,4877.233743
32,24,4845.996832
32,25,4773.322668
32,26,4624.951651
32,27,4493.228546
32,29,4436.528433
32,35,4391.171811
32,43,4379.308332
33,15,7280.661986
33,16,7265.987585
33,17,6728.670299
33,18,5432.848395
33,20,5107.444555
33,22,4877.233743
33,24,4845.996832
33,25,4773.322668
33,26,4624.951651
33,27,4493.228546
33,28,4423.232249
33,35,4391.171811
33,43,4379.308332
34,15,7280.661986
34,16,7069.991449
34,17,6728.670299
34,18,5361.108304
34,20,4981.757415
34,21,4817.071646
34,24,4756.364039
34,25,4746.155608
34,26,4580.400813
34,27,4400.666918
34,33,4337.332886
35,15,7280.661986
35,16,6989.296160
35,17,6728.670299
35,18,5361.108304
35,20,4981.757415
35,21,4817.071646
35,24,4756.364039
35,25,4519.716088
35,27,4400.666918
35,33,4337.332886
36,15,7044.797623
36,16,6989.296160
36,17,6728.670299
36,18,5356.880147
36,20,4981.757415
36,21,4817.071646
36,24,4756.364039
36,25,4374.582836
36,33,4337.332886
37,15,7044.797623
37,16,6881.971571
37,17,6728.670299
37,18,5356.880147
37,20,4981.757415
37,21,4808.399602
37,24,4517.362626
37,25,4374.582836
37,33,4337.332886
38,15,6970.069939
38,16,6775.713969
38,17,6516.710858
38,18,5332.113716
38,20,4831.285898
38,21,4808.399602
38,24,4507.689050
38,25,4367.453465
38,33,4337.332886
39,15,6970.069939
39,16,6762.239082
39,17,6516.710858
39,18,5332.113716
39,20,4831.285898
39,21,4758.696619
39,22,4722.645696
39,23,4682.590706
39,24,4507.689050
39,25,4367.453465
39,33,4337.332886
40,15,6970.069939
40,16,6762.239082
40,17,6316.771100
40,18,5296.058743
40,19,5105.440989
40,20,4668.919352
40,24,4491.945279
40,25,4349.735455
40,33,4337.332886
41,15,6970.069939
41,16,6762.239082
41,17,6316.771100
41,18,5296.058743
41,19,5105.440989
41,20,4668.919352
41,22,4596.872021
41,24,4491.945279
41,25,4349.735455
41,33,4337.332886
42,15,6960.855629
42,16,6619.478786
42,17,6277.077660
42,18,5202.020806
42,19,4650.493713
42,22,4553.100375
42,24,4491.945279
42,25,4332.932639
43,15,6960.855629
43,16,6619.478786
43,17,6277.077660
43,18,5202.020806
43,19,4650.493713
43,21,4613.428415
43,22,4553.100375
43,24,4491.945279
43,25,4332.932639
43,31,4329.870610
44,15,6931.718239
44,16,6502.041187
44,17,6277.077660
44,18,5191.505033
44,19,4639.335639
44,21,4613.146622
44,22,4553.100375
44,24,4485.493846
44,25,4332.932639
44,31,4312.152600
45,15,6931.718239
45,16,6502.041187
45,17,6277.077660
45,18,5191.505033
45,19,4639.335639
45,21,4613.146622
45,22,4553.100375
45,24,4485.493846
45,25,4332.932639
45,29,4294.665638
46,15,6831.827411
46,16,6502.041187
46,17,6238.126169
46,18,5191.505033
46,19,4632.423489
46,21,4613.146622
46,22,4553.100375
46,24,4485.493846
46,25,4329.782147
46,27,4251.519771
47,15,6831.827411
47,16,6502.041187
47,17,6238.126169
47,18,5191.505033
47,19,4632.423489
47,21,4569.741759
47,22,4553.100375
47,24,4485.493846
47,25,4292.048194
47,26,4280.966545
47,27,4251.519771
48,15,6831.827411
48,16,6502.041187
48,17,6143.482396
48,18,5191.505033
48,19,4603.153583
48,21,4522.863990
48,24,4451.701284
48,25,4253.876728
48,27,4242.438494
49,15,6831.827411
49,16,6502.041187
49,17,6143.482396
49,18,5191.505033
49,19,4603.153583
49,21,4522.863990
49,24,4451.701284
49,25,4253.876728
49,27,4242.438494
50,15,6831.827411
50,16,6408.350971
50,17,6124.089953
50,18,5127.109082
50,19,4603.147221
50,21,4522.863990
50,23,4441.931467
50,25,4253.070620
50,27,4228.460147
51,15,6831.827411
51,16,6408.350971
51,17,6124.089953
51,18,5127.109082
51,19,4603.147221
51,21,4522.863990
51,23,4333.745115
51,25,4253.070620
51,27,4228.460147
52,15,6782.976724
52,16,6200.256934
52,17,5822.151197
52,18,5022.359218
52,19,4601.874563
52,20,4523.023908
52,21,4506.079492
52,23,4322.001340
52,25,4253.070620
52,27,4219.972788
53,14,7381.335888
53,15,6782.976724
53,16,6200.256934
53,17,4693.479619
53,19,4601.874563
53,20,4523.023908
53,21,4506.079492
53,23,4322.001340
53,25,4253.070620
53,27,4219.972788
54,14,7235.317422
54,15,6782.976724
54,16,6167.380897
54,17,4693.479619
54,19,4601.874563
54,20,4523.023908
54,21,4498.016099
54,23,4322.001340
54,25,4239.363824
54,27,4219.599363
55,14,7235.317422
55,15,6782.976724
55,16,6167.380897
55,17,4693.479619
55,19,4601.874563
55,20,4523.023908
55,21,4498.016099
55,22,4306.760580
55,25,4239.363824
55,27,4219.599363
56,14,7235.317422
56,15,6701.266642
56,16,6103.960254
56,17,4692.416188
56,19,4601.874563
56,20,4523.023908
56,21,4483.049425
56,22,4304.128106
56,23,4299.638581
56,25,4238.768017
56,27,4219.599363
57,14,7038.970907
57,15,6701.266642
57,16,6103.960254
57,17,4692.416188
57,19,4601.874563
57,20,4523.023908
57,21,4483.049425
57,22,4304.128106
57,23,4299.638581
57,25,4238.768017
57,27,4219.599363
58,14,7038.970907
58,15,6701.266642
58,16,6071.911874
58,17,4692.416188
58,19,4601.345515
58,20,4518.091438
58,21,4482.203349
58,22,4304.128106
58,23,4288.386825
58,24,4225.075820
58,27,4219.599363
59,14,7038.970907
59,15,6631.505531
59,16,4790.249296
59,17,4692.416188
59,19,4601.345515
59,20,4518.091438
59,21,4482.203349
59,22,4304.128106
59,23,4288.386825
59,24,4225.075820
59,27,4219.599363
60,14,7038.970907
60,15,6548.764463
60,16,4788.768671
60,17,4692.416188
60,19,4596.776754
60,20,4518.091438
60,21,4467.223269
60,22,4304.128106
60,23,4279.833741
60,24,4209.391866
60,27,4195.314360
61,14,7038.970907
61,15,6251.262925
61,16,4788.768671
61,17,4692.416188
61,19,4596.776754
61,20,4518.091438
61,21,4467.223269
61,22,4304.128106
61,23,4279.833741
61,24,4209.391866
61,27,4195.314360
62,14,6219.042755
62,16,4787.515966
62,17,4675.376967
62,19,4594.841678
62,20,4441.385706
62,22,4304.128106
62,23,4277.678596
62,24,4198.593653
62,26,4159.842332
63,14,6219.042755
63,15,5004.927946
63,16,4787.515966
63,17,4675.376967
63,19,4594.841678
63,20,4441.385706
63,22,4304.128106
63,23,4277.678596
63,24,4198.593653
63,26,4159.842332
64,14,6079.274517
64,15,4992.864652
64,16,4760.976984
64,17,4675.376967
64,19,4576.304278
64,20,4437.547148
64,22,4304.128106
64,23,4277.678596
64,24,4198.006156
64,26,4154.483830
65,14,5339.088047
65,15,4992.864652
65,16,4720.238710
65,17,4675.376967
65,19,4576.304278
65,20,4437.547148
65,22,4304.128106
65,23,4277.678596
65,24,4198.006156
65,26,4154.483830
66,14,5339.088047
66,15,4992.864652
66,16,4720.238710
66,17,4675.376967
66,19,4576.218270
66,20,4420.630251
66,22,4254.645975
66,24,4198.006156
66,25,4182.398355
66,26,4146.848439
67,14,5339.088047
67,15,4992.864652
67,16,4720.238710
67,17,4675.376967
67,18,4546.945063
67,20,4420.630251
67,22,4254.645975
67,24,4198.006156
67,25,4182.398355
67,26,4146.848439
68,14,5339.088047
68,15,4978.672895
68,16,4719.742900
68,17,4675.376967
68,18,4546.945063
68,20,4420.630251
68,21,4253.352333
68,24,4198.006156
68,25,4140.471009
69,14,5339.088047
69,15,4978.672895
69,16,4666.244988
69,17,4591.800055
69,18,4546.945063
69,20,4420.630251
69,21,4253.352333
69,23,4240.882311
69,24,4198.006156
69,25,4140.471009
70,12,5849.990040
70,14,5339.088047
70,15,4978.672895
70,16,4666.244988
70,17,4537.764636
70,20,4420.630251
70,21,4244.397430
70,23,4229.671765
70,24,4198.006156
70,25,4140.471009
71,12,5849.990040
71,14,5339.088047
71,15,4978.672895
71,16,4666.244988
71,17,4537.764636
71,20,4420.630251
71,21,4244.397430
71,23,4229.671765
71,24,4198.006156
71,25,4140.471009
72,12,5849.990040
72,13,5287.219708
72,15,4886.910732
72,16,4666.244988
72,17,4532.256988
72,20,4394.873391
72,21,4244.397430
72,23,4229.671765
72,24,4198.006156
72,25,4138.490590
73,12,5849.990040
73,13,5287.219708
73,15,4886.910732
73,16,4666.244988
73,17,4532.256988
73,18,4515.338529
73,19,4465.430329
73,20,4394.873391
73,21,4244.397430
73,23,4229.671765
73,24,4198.006156
73,25,4138.490590
74,12,5849.990040
74,13,5287.219708
74,14,4821.707745
74,16,4666.244988
74,17,4530.580350
74,18,4509.855866
74,19,4435.799997
74,20,4365.282436
74,21,4244.397430
74,23,4225.591795
74,24,4171.710646
74,25,4137.313613
75,12,5849.990040
75,13,5287.219708
75,14,4821.707745
75,16,4666.244988
75,17,4530.580350
75,18,4509.855866
75,19,4435.799997
75,20,4365.282436
75,21,4244.397430
75,23,4225.591795
75,24,4171.710646
75,25,4137.313613
76,12,5849.990040
76,13,5287.219708
76,14,4821.707745
76,16,4653.141615
76,17,4524.816038
76,18,4502.294110
76,19,4435.799997
76,20,4359.222762
76,21,4244.397430
76,23,4225.591795
76,24,4171.343578
76,25,4137.313613
77,12,5721.747361
77,13,5287.219708
77,14,4821.707745
77,16,4653.141615
77,17,4513.934631
77,18,4344.277531
77,21,4244.397430
77,23,4225.591795
77,24,4171.343578
77,25,4137.313613
78,12,5721.747361
78,13,5270.689856
78,14,4821.707745
78,16,4653.092746
78,17,4488.623864
78,18,4322.726911
78,21,4233.424063
78,23,4220.864576
78,24,4159.622861
78,25,4129.581888
79,12,5721.747361
79,13,5270.689856
79,14,4821.707745
79,16,4653.092746
79,17,4488.623864
79,18,4322.726911
79,21,4233.424063
79,23,4195.732353
79,24,4159.622861
79,25,4129.581888
80,12,5707.247197
80,13,5267.857343
80,14,4817.073146
80,16,4653.092746
80,17,4488.623864
80,18,4322.726911
80,21,4233.424063
80,23,4195.732353
80,24,4159.622861
80,25,4125.566936
81,12,5707.247197
81,13,5267.857343
81,14,4817.073146
81,16,4653.092746
81,17,4488.623864
81,18,4322.726911
81,21,4233.424063
81,23,4195.732353
81,24,4159.622861
81,25,4125.566936
82,12,5690.290204
82,13,5131.343129
82,14,4813.476084
82,15,4634.738296
82,17,4472.402152
82,18,4308.396632
82,21,4231.340655
82,23,4178.014343
82,24,4159.622861
82,25,4125.566936
83,12,5690.290204
83,13,5131.343129
83,14,4813.476084
83,15,4634.738296
83,17,4472.402152
83,18,4308.396632
83,21,4231.340655
83,23,4178.014343
83,24,4159.622861
83,25,4125.566936
84,12,5690.290204
84,13,5131.343129
84,14,4798.307249
84,15,4634.738296
84,16,4517.097048
84,17,4287.630001
84,20,4252.266118
84,21,4219.369207
84,23,4155.344223
84,24,4149.039500
84,25,4123.412732
85,12,5690.290204
85,13,5131.343129
85,14,4798.307249
85,15,4634.738296
85,16,4517.097048
85,17,4287.630001
85,20,4252.266118
85,21,4219.369207
85,23,4155.344223
85,24,4149.039500
85,25,4123.412732
86,12,5690.290204
86,13,5131.343129
86,14,4796.268650
86,15,4613.866980
86,16,4515.139537
86,17,4270.309045
86,20,4250.886643
86,21,4219.369207
86,23,4155.344223
86,24,4114.698158
87,12,5690.290204
87,13,5115.343940
87,14,4796.268650
87,15,4613.866980
87,16,4512.890037
87,17,4270.309045
87,20,4250.886643
87,21,4219.369207
87,23,4155.344223
87,24,4114.698158
88,11,5585.904335
88,13,5084.878345
88,14,4793.429365
88,15,4597.686445
88,16,4489.279506
88,17,4269.351111
88,20,4212.807000
88,23,4155.344223
88,24,4105.939486
89,11,5585.904335
89,12,5571.324453
89,13,5084.878345
89,14,4793.429365
89,15,4588.424477
89,16,4489.279506
89,17,4269.351111
89,20,4212.807000
89,23,4155.344223
89,24,4105.939486
90,11,5506.869321
90,13,4756.285942
90,15,4583.476765
90,16,4453.796341
90,17,4253.517168
90,20,4212.807000
90,23,4155.344223
90,24,4105.939486
91,11,5506.869321
91,13,4756.285942
91,15,4583.476765
91,16,4453.796341
91,17,4253.517168
91,20,4212.807000
91,23,4155.344223
91,24,4105.939486
92,11,5506.869321
92,13,4732.972156
92,15,4560.474095
92,16,4451.575217
92,17,4253.517168
92,20,4212.807000
92,23,4140.521484
92,24,4100.823683
93,11,5506.869321
93,13,4732.972156
93,15,4560.474095
93,16,4451.575217
93,17,4253.517168
93,20,4212.807000
93,23,4140.521484
93,24,4100.823683
94,11,5494.400380
94,13,4699.581191
94,15,4556.382685
94,16,4449.108468
94,17,4237.003466
94,19,4185.474452
94,22,4157.836612
94,23,4096.697995
95,11,5494.400380
95,13,4699.581191
95,15,4556.382685
95,16,4449.108468
95,17,4237.003466
95,19,4185.474452
95,22,4157.836612
95,23,4096.697995
96,11,5481.214424
96,13,4688.268167
96,15,4556.382685
96,16,4440.495343
96,17,4210.969083
96,19,4185.474452
96,22,4157.677567
96,23,4096.697995
97,11,5481.214424
97,13,4688.268167
97,15,4556.382685
97,16,4440.495343
97,17,4210.969083
97,19,4185.474452
97,22,4157.677567
97,23,4096.697995
98,11,5473.666585
98,13,4678.488344
98,15,4527.053779
98,16,4439.855171
98,17,4210.969083
98,19,4185.474452
98,22,4157.677567
98,23,4084.400641
99,11,5473.666585
99,13,4678.488344
99,15,4527.053779
99,16,4439.855171
99,17,4210.969083
99,19,4185.474452
99,22,4157.677567
99,23,4074.359911
100,11,5473.666585
100,13,4666.099541
100,15,4527.053779
100,16,4439.855171
100,17,4210.151529
100,19,4178.214078
100,22,4157.677567
100,23,4063.986460
101,11,5473.666585
101,13,4666.099541
101,15,4513.951486
101,16,4439.855171
101,17,4210.151529
101,19,4178.214078
101,22,4157.677567
101,23,4063.986460
102,11,5436.004145
102,13,4663.992602
102,14,4627.447088
102,15,4491.728938
102,16,4439.855171
102,17,4209.702555
102,19,4178.175468
102,22,4157.677567
102,23,4063.986460
103,11,5436.004145
103,13,4615.873646
103,15,4491.728938
103,16,4439.855171
103,17,4209.702555
103,19,4178.175468
103,21,4142.850765
103,23,4063.986460
104,11,5367.222533
104,13,4615.873646
104,15,4488.584961
104,16,4299.245582
104,17,4209.702555
104,19,4178.175468
104,21,4142.850765
104,23,4063.986460
105,11,5367.222533
105,13,4615.873646
105,15,4488.584961
105,16,4299.245582
105,17,4209.702555
105,19,4178.175468
105,21,4142.850765
105,23,4063.986460
106,11,5326.553759
106,13,4604.700489
106,15,4488.584961
106,16,4285.689602
106,17,4209.702555
106,19,4173.368255
106,21,4142.182645
106,23,4055.008639
106,25,4048.403019
107,11,5326.553759
107,13,4604.700489
107,15,4488.584961
107,16,4285.689602
107,17,4209.702555
107,19,4173.368255
107,20,4172.314136
107,21,4142.182645
107,23,4055.008639
107,25,4035.340056
108,11,5213.365919
108,13,4604.700489
108,15,4487.627153
108,16,4285.689602
108,17,4205.272151
108,19,4170.132047
108,20,4124.901819
108,23,4055.008639
108,25,4029.689489
109,11,5213.365919
109,13,4604.700489
109,15,4487.627153
109,16,4285.689602
109,17,4205.272151
109,19,4170.132047
109,20,4124.901819
109,23,4055.008639
109,25,4029.689489
110,11,5211.138764
110,13,4604.700489
110,15,4487.627153
110,16,4285.689602
110,17,4182.057011
110,19,4169.172468
110,20,4119.183657
110,23,4055.008639
110,24,4026.297095
111,11,5211.138764
111,13,4604.700489
111,15,4487.627153
111,16,4285.689602
111,17,4182.057011
111,19,4152.669090
111,20,4119.183657
111,23,4055.008639
111,24,4026.297095
112,11,5211.138764
112,13,4604.700489
112,14,4441.563814
112,16,4281.123004
112,17,4175.509575
112,19,4152.669090
112,20,4118.519094
112,22,4067.314989
112,23,4054.308434
112,24,4020.788874
113,11,5211.138764
113,13,4590.209710
113,14,4441.563814
113,16,4281.123004
113,17,4175.509575
113,19,4152.669090
113,20,4118.519094
113,22,4067.314989
113,23,4054.308434
113,24,4020.788874
114,11,5211.138764
114,12,5117.395717
114,13,4590.209710
114,14,4441.563814
114,16,4281.123004
114,17,4174.050999
114,19,4130.272576
114,20,4118.519094
114,22,4067.314989
114,23,4054.115302
114,24,4015.003918
115,11,5211.138764
115,12,5117.395717
115,13,4590.209710
115,14,4441.563814
115,16,4281.123004
115,17,4174.050999
115,19,4130.272576
115,20,4118.519094
115,22,4067.314989
115,23,4054.115302
115,24,4015.003918
116,11,5211.138764
116,12,5097.667303
116,13,4570.712718
116,14,4428.725745
116,16,4280.786292
116,17,4174.050999
116,19,4130.272576
116,20,4118.519094
116,22,4066.925187
116,23,4052.131024
116,24,3999.317292
117,11,5211.138764
117,12,5097.667303
117,13,4570.712718
117,14,4428.725745
117,16,4265.544897
117,17,4174.050999
117,19,4130.272576
117,20,4118.519094
117,22,4066.925187
117,23,4052.131024
117,24,3999.317292
118,11,5211.138764
118,12,5097.037248
118,13,4567.479263
118,14,4428.725745
118,16,4264.408040
118,17,4148.667439
118,19,4128.652531
118,20,4118.519094
118,22,4066.777305
118,23,4052.131024
118,24,3993.911699
119,11,5211.138764
119,12,5097.037248
119,13,4567.479263
119,14,4428.725745
119,16,4264.408040
119,17,4148.667439
119,19,4128.652531
119,20,4118.519094
119,22,4066.777305
119,23,4052.131024
119,24,3993.911699
120,11,5211.138764
120,12,5091.294569
120,13,4558.144961
120,14,4418.614663
120,16,4264.408040
120,17,4147.063312
120,19,4125.124658
120,20,4118.519094
120,22,4066.777305
120,23,4050.259405
120,24,3993.911699
121,11,5211.138764
121,12,5091.294569
121,13,4558.144961
121,14,4418.614663
121,15,4384.494972
121,16,4264.408040
121,17,4147.063312
121,19,4125.124658
121,20,4118.519094
121,22,4066.777305
121,23,4050.259405
121,24,3993.911699
122,11,5211.138764
122,12,5091.294569
122,13,4546.807343
122,14,4418.614663
122,15,4374.871956
122,16,4264.408040
122,17,4144.640157
122,19,4121.859463
122,20,4118.519094
122,22,4049.650508
122,23,4048.409934
122,24,3993.658894
123,11,5211.138764
123,12,5091.294569
123,13,4546.807343
123,14,4378.345861
123,15,4374.871956
123,16,4264.408040
123,17,4144.640157
123,19,4121.859463
123,20,4118.519094
123,22,4049.650508
123,23,4048.409934
123,24,3993.658894
124,11,5211.138764
124,12,5091.294569
124,13,4546.807343
124,14,4358.498676
124,16,4259.739007
124,17,4144.304671
124,19,4121.859463
124,20,4109.345866
124,22,4028.240662
124,24,3992.790945
125,11,5211.138764
125,12,5091.294569
125,13,4546.807343
125,14,4358.498676
125,16,4259.739007
125,17,4144.304671
125,19,4121.859463
125,20,4109.345866
125,22,4028.240662
125,24,3992.790945
126,11,5211.138764
126,12,5091.294569
126,13,4546.807343
126,14,4358.498676
126,16,4248.029914
126,17,4144.304671
126,19,4121.859463
126,20,4109.345866
126,21,4103.755073
126,22,4027.287827
126,24,3983.892916
127,11,5211.138764
127,12,5091.294569
127,13,4546.807343
127,14,4358.498676
127,16,4248.029914
127,17,4144.304671
127,18,4141.396350
127,19,4121.859463
127,20,4109.345866
127,21,4103.755073
127,22,4027.287827
127,24,3983.892916
128,11,5211.138764
128,12,5091.294569
128,13,4502.946147
128,14,4358.454819
128,16,4248.029914
128,17,4125.577117
128,19,4119.645698
128,20,4107.031568
128,21,4103.755073
128,22,4026.710618
128,24,3981.206182
129,11,5211.138764
129,12,5091.294569
129,13,4502.946147
129,14,4358.454819
129,16,4248.029914
129,17,4125.577117
129,18,4116.285047
129,20,4107.031568
129,21,4103.755073
129,22,4026.710618
129,24,3981.206182
130,11,5211.138764
130,12,5048.902046
130,13,4498.298727
130,14,4358.394776
130,16,4243.343714
130,17,4125.575251
130,18,4114.665002
130,20,4096.962052
130,22,4025.415093
130,23,3977.681482
131,11,5211.138764
131,12,5048.902046
131,13,4498.298727
131,14,4358.394776
131,16,4243.343714
131,17,4125.575251
131,18,4114.665002
131,20,4096.962052
131,22,4025.415093
131,23,3977.681482
132,11,4914.051515
132,13,4498.298727
132,14,4339.675760
132,16,4235.910298
132,17,4125.575251
132,18,4114.665002
132,20,4090.704188
132,22,4025.415093
132,23,3977.681482
133,11,4914.051515
133,13,4498.298727
133,14,4339.675760
133,16,4235.910298
133,17,4125.575251
133,18,4114.665002
133,20,4090.704188
133,22,4025.415093
133,23,3977.681482
134,11,4914.051515
134,12,4709.877479
134,13,4472.839604
134,14,4339.246161
134,16,4214.847665
134,17,4125.575251
134,18,4102.411137
134,20,4090.704188
134,22,4025.415093
134,23,3977.681482
135,11,4914.051515
135,12,4607.299489
135,13,4472.839604
135,14,4339.246161
135,16,4214.847665
135,17,4125.575251
135,18,4102.411137
135,20,4090.704188
135,22,4025.415093
135,23,3977.681482
136,11,4902.943077
136,12,4607.299489
136,13,4443.844852
136,14,4339.246161
136,16,4214.847665
136,17,4125.575251
136,18,4102.411137
136,20,4084.191946
136,22,4025.415093
136,23,3977.681482
137,11,4902.943077
137,12,4607.299489
137,13,4443.844852
137,14,4339.246161
137,16,4214.847665
137,17,4125.575251
137,18,4099.074785
137,20,4084.191946
137,22,4025.415093
137,23,3977.681482
138,11,4902.943077
138,12,4606.017012
138,13,4443.844852
138,14,4339.246161
138,15,4333.256974
138,16,4211.787972
138,17,4120.505076
138,18,4095.465420
138,20,4082.196629
138,22,4023.043835
138,23,3977.681482
139,11,4902.943077
139,12,4606.017012
139,13,4443.844852
139,14,4339.246161
139,15,4326.801785
139,16,4211.787972
139,17,4120.505076
139,18,4095.465420
139,20,4082.196629
139,22,4023.043835
139,23,3977.681482
140,11,4833.491408
140,12,4585.083771
140,13,4443.844852
140,14,4332.364322
140,15,4318.997563
140,16,4210.163884
140,17,4120.505076
140,18,4095.465420
140,20,4079.059510
140,22,4021.292860
140,23,3977.388945
141,11,4833.491408
141,12,4585.083771
141,13,4443.844852
141,14,4332.364322
141,15,4318.997563
141,16,4210.163884
141,17,4120.505076
141,18,4095.465420
141,20,4079.059510
141,21,4069.767440
141,22,4021.292860
141,23,3977.388945
142,11,4833.491408
142,12,4585.083771
142,13,4443.844852
142,14,4332.364322
142,15,4315.570528
142,16,4210.163884
142,17,4120.505076
142,18,4095.465420
142,20,4079.059510
142,21,4061.537835
142,22,4020.486831
142,23,3966.339022
143,11,4833.491408
143,12,4549.354593
143,13,4443.844852
143,14,4332.364322
143,15,4315.570528
143,16,4210.163884
143,17,4120.505076
143,18,4095.465420
143,20,4079.059510
143,21,4061.537835
143,22,4020.486831
143,23,3966.339022
144,11,4833.491408
144,12,4549.354593
144,13,4443.073759
144,14,4332.364322
144,15,4315.570528
144,16,4203.999062
144,17,4120.505076
144,18,4091.916790
144,20,4072.379384
144,21,4054.988090
144,22,4020.486831
144,23,3966.339022
145,11,4833.491408
145,12,4508.289508
145,13,4443.073759
145,14,4332.364322
145,15,4315.570528
145,16,4203.999062
145,17,4120.505076
145,18,4091.916790
145,20,4072.379384
145,21,4054.988090
145,22,4020.486831
145,23,3966.339022
146,11,4833.491408
146,12,4508.289508
146,13,4422.123314
146,14,4332.364322
146,15,4298.259408
146,16,4200.576822
146,17,4120.168435
146,18,4091.916790
146,20,4072.379384
146,21,4047.214797
146,22,4020.486831
146,23,3966.339022
147,11,4736.043194
147,12,4453.882600
147,13,4422.123314
147,14,4332.364322
147,15,4298.259408
147,16,4200.576822
147,17,4120.168435
147,18,4091.916790
147,20,4072.379384
147,21,4047.214797
147,22,4020.486831
147,23,3966.339022
148,11,4696.985165
148,12,4444.962772
148,13,4422.123314
148,14,4286.768402
148,16,4200.576822
148,17,4112.537092
148,18,4065.218933
148,21,4047.214797
148,22,4020.486831
148,23,3966.339022
149,11,4696.985165
149,12,4444.962772
149,13,4422.123314
149,14,4286.768402
149,16,4200.576822
149,17,4112.537092
149,18,4065.218933
149,21,4047.214797
149,22,4020.486831
149,23,3966.339022
150,11,4696.985165
150,12,4431.086996
150,13,4422.123314
150,14,4282.105942
150,16,4199.791281
150,17,4112.471132
150,18,4065.218933
150,21,4047.214797
150,22,4017.886260
150,23,3959.651176
151,11,4696.985165
151,12,4431.086996
151,13,4422.123314
151,14,4282.105942
151,16,4199.791281
151,17,4112.471132
151,18,4065.218933
151,21,4047.214797
151,22,4017.886260
151,23,3959.651176
152,11,4431.345363
152,12,4431.086996
152,13,4421.624960
152,14,4282.105942
152,16,4188.591044
152,17,4111.208762
152,18,4065.218933
152,21,4046.380912
152,22,4017.886260
152,23,3959.651176
153,11,4431.345363
153,12,4431.086996
153,13,4421.624960
153,14,4282.105942
153,16,4188.591044
153,17,4098.360968
153,18,4065.218933
153,21,4046.380912
153,22,4017.886260
153,23,3959.651176
154,11,4417.906787
154,14,4276.060022
154,16,4184.493597
154,17,4098.360968
154,18,4065.218933
154,21,4007.103498
154,23,3959.651176
155,11,4417.906787
155,14,4256.264046
155,16,4184.493597
155,17,4081.329266
155,18,4065.218933
155,21,4007.103498
155,23,3959.651176
156,11,4417.906787
156,14,4256.264046
156,16,4182.524754
156,17,4081.329266
156,18,4057.633577
156,21,4005.931248
156,22,4001.377203
156,23,3939.780041
157,11,4417.906787
157,14,4256.264046
157,16,4182.524754
157,17,4081.329266
157,18,4057.633577
157,19,4025.420345
157,21,4005.931248
157,22,4001.377203
157,23,3939.780041
158,11,4417.906787
158,14,4250.362488
158,16,4182.524754
158,17,4081.329266
158,18,4024.936215
158,21,4005.931248
158,22,4001.377203
158,23,3939.780041
159,11,4417.906787
159,13,4324.993991
159,14,4250.362488
159,16,4182.524754
159,17,4081.329266
159,18,4024.936215
159,21,4005.931248
159,22,4001.377203
159,23,3939.780041
160,11,4405.575199
160,12,4379.188841
160,13,4316.473179
160,14,4250.362488
160,16,4167.247019
160,17,4081.329266
160,18,4020.112434
160,21,4005.931248
160,22,4001.377203
160,23,3938.108747
161,11,4405.575199
161,12,4379.188841
161,13,4316.473179
161,14,4250.362488
161,16,4167.247019
161,17,4081.329266
161,18,4020.112434
161,21,4005.931248
161,22,4001.377203
161,23,3938.108747
162,11,4405.575199
162,12,4372.462571
162,13,4316.473179
162,14,4250.362488
162,16,4167.247019
162,17,4081.259892
162,18,4020.112434
162,19,4015.766367
162,21,4004.507101
162,22,3994.931736
162,23,3938.108747
163,11,4405.575199
163,12,4372.462571
163,13,4316.473179
163,14,4250.362488
163,16,4167.247019
163,17,4081.259892
163,18,4020.112434
163,19,4015.766367
163,21,4004.507101
163,22,3994.931736
163,23,3938.108747
164,11,4405.575199
164,12,4372.462571
164,13,4315.016043
164,14,4237.497372
164,16,4167.247019
164,17,4081.259892
164,18,4020.112434
164,19,4015.766367
164,21,4004.507101
164,22,3985.991368
164,23,3938.108747
165,11,4405.575199
165,12,4372.462571
165,13,4315.016043
165,14,4234.292071
165,16,4167.247019
165,17,4081.259892
165,18,4020.112434
165,19,4015.766367
165,21,4004.507101
165,22,3985.991368
165,23,3938.108747
166,11,4405.575199
166,12,4371.304044
166,13,4315.016043
166,14,4234.292071
166,16,4167.247019
166,17,4081.259892
166,18,4012.252043
166,21,4004.507101
166,22,3985.991368
166,23,3927.363942
167,11,4399.041561
167,12,4371.304044
167,13,4315.016043
167,14,4234.292071
167,16,4167.247019
167,17,4081.259892
167,18,4012.252043
167,21,4004.507101
167,22,3985.991368
167,23,3927.363942
168,11,4395.057076
168,12,4371.304044
168,13,4313.418578
168,14,4234.292071
168,16,4167.247019
168,17,4079.095435
168,18,4012.252043
168,21,4003.698901
168,22,3985.991368
168,23,3927.363942
169,11,4395.057076
169,12,4371.304044
169,13,4313.418578
169,14,4234.292071
169,16,4167.247019
169,17,4079.095435
169,18,4012.252043
169,21,4003.698901
169,22,3985.991368
169,23,3927.363942
170,11,4391.176332
170,12,4370.718605
170,13,4307.793078
170,14,4234.292071
170,16,4164.615247
170,17,4079.095435
170,18,4000.191983
170,22,3985.909965
170,23,3926.566334
171,11,4391.176332
171,12,4370.718605
171,13,4307.793078
171,14,4234.292071
171,15,4233.126651
171,16,4164.615247
171,17,4079.095435
171,18,4000.191983
171,19,3990.417677
171,22,3985.909965
171,23,3926.566334
172,11,4391.176332
172,12,4370.718605
172,13,4307.793078
172,14,4234.292071
172,15,4233.126651
172,16,4156.365831
172,17,4079.062888
172,18,3997.575891
172,19,3990.108962
172,22,3985.909965
172,23,3926.566334
173,11,4391.176332
173,12,4370.718605
173,13,4307.793078
173,14,4234.292071
173,15,4233.126651
173,16,4156.365831
173,17,4079.062888
173,18,3997.575891
173,19,3990.108962
173,22,3985.909965
173,23,3926.566334
174,11,4391.176332
174,12,4370.718605
174,13,4296.043030
174,14,4234.292071
174,15,4233.126651
174,16,4156.365831
174,17,4077.891464
174,18,3997.575891
174,19,3990.108962
174,22,3985.276220
174,23,3926.566334
175,11,4391.176332
175,12,4370.718605
175,13,4296.043030
175,14,4234.292071
175,15,4233.126651
175,16,4156.365831
175,17,4077.891464
175,18,3997.575891
175,19,3990.108962
175,22,3985.276220
175,23,3926.566334
176,11,4391.176332
176,12,4355.872952
176,13,4296.043030
176,14,4233.540532
176,15,4227.026445
176,16,4156.365831
176,17,4065.516677
176,18,3997.575891
176,19,3990.108962
176,22,3984.116052
176,23,3926.350797
177,11,4391.176332
177,12,4354.702623
177,13,4296.043030
177,14,4233.540532
177,15,4227.026445
177,16,4156.365831
177,17,4065.516677
177,18,3997.575891
177,19,3990.108962
177,22,3908.430809
178,11,4391.176332
178,12,4351.962689
178,13,4296.043030
178,14,4233.540532
178,15,4227.026445
178,16,4156.365831
178,17,4065.318581
178,18,3997.575891
178,19,3986.998900
178,22,3908.430809
179,11,4391.176332
179,12,4351.962689
179,13,4296.043030
179,14,4233.540532
179,15,4130.659494
179,17,4065.318581
179,18,3997.575891
179,19,3986.998900
179,22,3908.430809
180,11,4390.844273
180,12,4351.839204
180,13,4296.043030
180,14,4233.540532
180,15,4130.659494
180,17,4065.318581
180,18,3996.481459
180,19,3984.291873
180,22,3908.430809
181,11,4374.676616
181,12,4351.839204
181,13,4296.043030
181,14,4233.540532
181,15,4130.659494
181,17,4065.318581
181,18,3996.481459
181,19,3984.291873
181,22,3908.430809
182,11,4363.393678
182,12,4351.839204
182,13,4252.028965
182,14,4229.929231
182,15,4123.097061
182,17,4064.079722
182,18,3996.481459
182,19,3976.831042
182,20,3961.351808
182,22,3908.430809
183,11,4351.675964
183,13,4252.028965
183,14,4229.929231
183,15,4123.097061
183,17,4064.079722
183,18,3996.481459
183,19,3976.831042
183,20,3961.351808
183,22,3908.430809
184,11,4351.675964
184,13,4243.566198
184,14,4228.387536
184,15,4123.097061
184,17,4063.401749
184,18,3996.481459
184,19,3976.831042
184,20,3961.351808
184,22,3908.430809
185,11,4351.675964
185,12,4344.332426
185,13,4243.566198
185,14,4228.387536
185,15,4123.097061
185,17,4063.401749
185,18,3996.481459
185,19,3976.831042
185,20,3958.845562
185,22,3908.430809
186,11,4351.675964
186,12,4340.463792
186,13,4224.201931
186,14,4209.005924
186,15,4122.268482
186,17,4063.401749
186,18,3995.219090
186,19,3976.831042
186,20,3958.845562
186,22,3906.942498
187,11,4351.675964
187,12,4340.463792
187,13,4224.201931
187,14,4209.005924
187,15,4122.268482
187,17,4063.401749
187,18,3995.219090
187,19,3956.284472
187,22,3906.942498
188,11,4351.675964
188,12,4340.400431
188,13,4224.201931
188,14,4209.005924
188,15,4122.268482
188,17,4063.401749
188,18,3995.219090
188,19,3956.284472
188,21,3954.339846
188,22,3906.942498
189,11,4351.675964
189,12,4340.400431
189,13,4224.201931
189,14,4209.005924
189,15,4122.268482
189,17,4063.401749
189,18,3995.219090
189,19,3956.284472
189,21,3949.969116
189,22,3906.942498
190,11,4331.099894
190,13,4224.201931
190,14,4208.236282
190,15,4122.268482
190,17,4062.174601
190,18,3995.219090
190,19,3956.284472
190,21,3949.969116
190,22,3906.942498
191,11,4331.099894
191,13,4224.201931
191,14,4208.236282
191,15,4122.268482
191,17,4062.174601
191,18,3995.219090
191,19,3956.284472
191,21,3949.969116
191,22,3906.942498
192,11,4327.909652
192,13,4220.211450
192,14,4198.480468
192,15,4122.268482
192,17,4055.459364
192,18,3995.219090
192,19,3956.284472
192,21,3938.005604
192,22,3885.325737
193,11,4327.909652
193,13,4220.211450
193,14,4198.480468
193,15,4122.268482
193,16,4116.349648
193,17,4055.459364
193,18,3995.219090
193,19,3956.284472
193,21,3938.005604
193,22,3885.325737
194,11,4327.909652
194,13,4220.211450
194,14,4198.480468
194,15,4119.560565
194,16,4116.349648
194,17,4055.459364
194,18,3995.219090
194,19,3954.976887
194,21,3933.925793
194,22,3885.325737
195,11,4327.909652
195,13,4220.211450
195,14,4198.480468
195,15,4119.560565
195,16,4116.349648
195,17,4055.459364
195,18,3995.219090
195,19,3954.976887
195,21,3933.925793
195,22,3885.325737
196,11,4309.814685
196,13,4220.211450
196,14,4197.002251
196,15,4098.188798
196,17,4055.459364
196,18,3995.219090
196,19,3954.976887
196,20,3931.814675
196,22,3885.325737
197,11,4309.814685
197,13,4220.211450
197,14,4197.002251
197,15,4098.188798
197,17,4055.459364
197,18,3995.219090
197,19,3954.976887
197,20,3931.814675
197,22,3885.325737
198,11,4309.715145
198,13,4210.025192
198,14,4163.451507
198,15,4098.188798
198,17,4055.459364
198,18,3987.576666
198,19,3946.144847
198,20,3931.814675
198,22,3885.325737
198,25,3872.370280
199,11,4309.715145
199,13,4210.025192
199,14,4163.451507
199,15,4098.188798
199,17,4055.459364
199,18,3987.576666
199,19,3946.144847
199,20,3931.814675
199,22,3885.325737
199,25,3872.370280
200,10,4321.997359
200,11,4309.715145
200,13,4192.658908
200,14,4161.938734
200,15,4098.188798
200,17,4055.459364
200,18,3987.232926
200,19,3946.144847
200,20,3931.814675
200,22,3885.325737
200,25,3867.100454
201,10,4321.997359
201,11,4309.715145
201,12,4300.266744
201,13,4192.658908
201,14,4161.938734
201,15,4098.188798
201,17,4055.459364
201,18,3982.479579
201,19,3946.144847
201,20,3931.814675
201,22,3885.325737
201,25,3867.100454
202,10,4321.997359
202,11,4309.715145
202,12,4300.266744
202,13,4168.623899
202,14,4161.938734
202,15,4088.973289
202,17,4045.649945
202,18,3982.479579
202,19,3946.144847
202,20,3929.288544
202,22,3884.280150
202,25,3867.100454
203,10,4321.997359
203,11,4309.715145
203,12,4300.266744
203,13,4168.623899
203,14,4161.938734
203,15,4088.973289
203,17,4045.649945
203,18,3982.479579
203,19,3946.144847
203,20,3929.288544
203,22,3884.280150
203,25,3867.100454
203,26,3864.571311
204,10,4321.997359
204,11,4309.715145
204,12,4293.917598
204,13,4168.623899
204,14,4148.632703
204,15,4088.973289
204,17,4045.315770
204,18,3977.291487
204,19,3946.144847
204,20,3929.288544
204,21,3883.496401
204,25,3863.655364
205,10,4321.997359
205,11,4309.715145
205,12,4293.917598
205,13,4168.623899
205,14,4148.632703
205,15,4088.973289
205,17,4045.315770
205,18,3977.291487
205,19,3944.705761
205,20,3929.288544
205,21,3883.496401
205,25,3863.655364
206,10,4321.997359
206,11,4309.715145
206,12,4293.917598
206,13,4168.610593
206,14,4143.485036
206,15,4086.339611
206,17,4045.315770
206,18,3976.988962
206,19,3944.705761
206,20,3922.333702
206,21,3883.496401
206,25,3863.655364
207,10,4321.997359
207,11,4309.715145
207,12,4281.874872
207,13,4168.610593
207,14,4143.485036
207,15,4086.339611
207,17,4045.315770
207,18,3976.988962
207,19,3944.705761
207,20,3922.333702
207,21,3883.496401
207,25,3863.655364
208,10,4321.997359
208,11,4309.715145
208,12,4256.921476
208,13,4168.511052
208,14,4143.485036
208,15,4081.741444
208,17,4043.764851
208,18,3976.988962
208,19,3944.705761
208,20,3920.600986
208,21,3883.496401
208,25,3863.655364
209,10,4321.997359
209,11,4309.715145
209,12,4256.921476
209,13,4168.511052
209,14,4143.485036
209,15,4081.741444
209,17,4043.764851
209,18,3976.988962
209,19,3944.705761
209,20,3920.600986
209,21,3883.496401
209,25,3863.655364
210,10,4299.954191
210,12,4236.477996
210,13,4157.515868
210,14,4143.244665
210,15,4067.379946
210,17,4043.764851
210,18,3976.988962
210,19,3944.705761
210,20,3918.601758
210,21,3883.496401
210,25,3863.036413
211,10,4281.458916
211,12,4236.477996
211,13,4157.515868
211,14,4143.244665
211,15,4067.379946
211,17,4043.764851
211,18,3976.988962
211,19,3944.705761
211,20,3918.601758
211,21,3883.496401
211,25,3863.036413
212,10,4254.753703
212,12,4236.477996
212,13,4139.739831
212,15,4065.718552
212,17,4043.764851
212,18,3976.988962
212,19,3944.705761
212,20,3918.601758
212,21,3883.496401
212,25,3863.036413
213,10,4254.753703
213,12,4236.477996
213,13,4139.739831
213,15,4065.718552
213,17,4043.764851
213,18,3976.988962
213,19,3944.705761
213,20,3918.601758
213,21,3883.496401
213,25,3863.036413
214,10,4252.471768
214,12,4236.477996
214,13,4135.945797
214,15,4065.718552
214,17,4030.736073
214,18,3976.988962
214,19,3896.991754
214,21,3883.496401
214,24,3861.738227
215,10,4252.471768
215,12,4236.477996
215,13,4135.945797
215,15,4065.718552
215,17,4030.736073
215,18,3976.988962
215,19,3896.991754
215,21,3883.496401
215,24,3861.738227
216,10,4252.471768
216,11,4235.046125
216,13,4135.945797
216,15,4063.877912
216,16,4007.915089
216,18,3976.988962
216,19,3896.991754
216,20,3888.083181
216,21,3883.496401
216,24,3856.736178
217,10,4252.471768
217,11,4235.046125
217,13,4135.945797
217,15,4063.877912
217,16,4007.915089
217,18,3976.988962
217,19,3896.991754
217,20,3888.083181
217,21,3883.496401
217,23,3845.624306
218,10,4252.471768
218,11,4234.893770
218,13,4135.939583
218,15,4063.877912
218,16,4001.611777
218,18,3976.988962
218,19,3896.991754
218,20,3888.083181
218,21,3883.496401
218,23,3845.624306
219,10,4252.471768
219,11,4234.893770
219,13,4135.939583
219,15,4063.877912
219,16,4001.611777
219,18,3976.988962
219,19,3896.991754
219,20,3888.083181
219,21,3883.496401
219,23,3845.624306
220,10,4238.738143
220,11,4231.450397
220,13,4135.939583
220,15,4060.014741
220,16,4001.611777
220,18,3976.988962
220,19,3896.135315
220,20,3888.083181
220,21,3883.496401
220,23,3845.624306
221,10,4238.738143
221,11,4231.450397
221,13,4135.939583
221,15,4060.014741
221,16,4001.611777
221,18,3976.988962
221,19,3896.135315
221,20,3888.083181
221,21,3883.496401
221,23,3845.624306
222,10,4228.752712
222,11,4209.076863
222,13,4123.873639
222,15,4060.014741
222,16,4001.476577
222,18,3976.919306
222,19,3895.882589
222,20,3886.507705
222,21,3883.496401
222,23,3845.538787
223,10,4228.752712
223,11,4209.076863
223,13,4123.873639
223,15,4060.014741
223,16,4001.476577
223,18,3976.919306
223,19,3895.882589
223,20,3886.507705
223,21,3883.496401
223,23,3845.538787
224,10,4218.751339
224,11,4209.076863
224,13,4104.063094
224,15,4060.014741
224,16,4001.476577
224,18,3891.162480
224,20,3886.507705
224,21,3883.496401
224,23,3845.538787
225,10,4218.751339
225,11,4209.076863
225,13,4104.063094
225,15,4060.014741
225,16,4001.476577
225,18,3891.162480
225,20,3886.507705
225,21,3883.496401
225,23,3845.538787
226,10,4218.751339
226,11,4209.076863
226,13,4104.063094
226,15,4060.014741
226,16,4001.476577
226,18,3891.162480
226,20,3886.507705
226,21,3883.496401
226,23,3845.538787
227,10,4218.751339
227,11,4209.076863
227,13,4104.063094
227,15,4060.014741
227,16,4001.476577
227,18,3891.162480
227,20,3886.507705
227,21,3883.496401
227,23,3845.538787
228,10,4209.995262
228,11,4205.332813
228,13,4104.063094
228,15,4060.014741
228,16,3998.570017
228,18,3887.453876
228,20,3886.507705
228,21,3883.496401
228,22,3842.539172
229,10,4209.995262
229,11,4194.420827
229,13,4104.063094
229,15,4060.014741
229,16,3998.570017
229,18,3887.453876
229,20,3886.507705
229,21,3883.496401
229,22,3842.539172
230,10,4185.528683
230,13,4104.063094
230,15,4060.014741
230,16,3998.570017
230,18,3887.453876
230,20,3886.507705
230,21,3883.496401
230,22,3842.539172
231,10,4185.528683
231,13,4104.063094
231,15,4060.014741
231,16,3998.570017
231,18,3887.453876
231,20,3886.507705
231,21,3883.496401
231,22,3842.539172
232,10,4185.528683
232,12,4180.684339
232,13,4104.063094
232,15,4060.014741
232,16,3998.570017
232,18,3887.453876
232,20,3886.507705
232,21,3883.496401
232,22,3842.539172
233,10,4185.528683
233,12,4180.684339
233,13,4104.063094
233,15,4060.014741
233,16,3998.570017
233,18,3887.453876
233,20,3886.507705
233,21,3883.496401
233,22,3842.539172
234,10,4185.528683
234,11,4179.061760
234,13,4104.063094
234,15,4060.014741
234,16,3998.311088
234,18,3887.453876
234,20,3886.507705
234,21,3882.609229
234,22,3842.539172
235,10,4185.528683
235,11,4179.061760
235,13,4104.063094
235,14,4095.345663
235,15,4060.014741
235,16,3998.311088
235,18,3887.453876
235,20,3886.507705
235,21,3882.609229
235,22,3842.539172
236,10,4185.528683
236,11,4179.061760
236,13,4104.063094
236,14,4095.345663
236,15,4060.014741
236,16,3998.311088
236,18,3887.453876
236,20,3886.507705
236,21,3882.609229
236,22,3842.539172
237,10,4185.528683
237,11,4179.061760
237,13,4104.063094
237,14,4095.345663
237,15,4060.014741
237,16,3998.311088
237,18,3887.453876
237,19,3882.832525
237,20,3869.857425
237,22,3842.539172
238,10,4185.528683
238,11,4179.061760
238,13,4104.063094
238,14,4095.345663
238,15,4060.014741
238,16,3997.999935
238,18,3881.059222
238,20,3869.857425
238,22,3842.539172
239,10,4185.528683
239,11,4179.061760
239,12,4173.689633
239,13,4104.063094
239,14,4095.345663
239,15,4060.014741
239,16,3997.999935
239,18,3881.059222
239,20,3869.857425
239,22,3842.539172
240,10,4179.845376
240,11,4179.061760
240,12,4173.689633
240,13,4104.063094
240,14,4095.345663
240,15,4060.014741
240,16,3997.999935
240,18,3881.059222
240,20,3869.857425
240,22,3842.539172
241,10,4179.845376
241,11,4179.061760
241,12,4173.689633
241,13,4104.063094
241,14,4095.345663
241,15,4060.014741
241,16,3997.999935
241,18,3881.059222
241,20,3869.857425
241,22,3842.539172
242,10,4179.845376
242,11,4179.061760
242,12,4173.689633
242,13,4104.063094
242,14,4095.345663
242,15,4060.014741
242,16,3997.999935
242,18,3881.059222
242,20,3866.652620
242,22,3842.539172
243,10,4176.216350
243,12,4173.689633
243,13,4104.063094
243,14,4095.345663
243,15,4060.014741
243,16,3997.999935
243,18,3881.059222
243,20,3866.652620
243,22,3842.539172
244,10,4176.216350
244,12,4173.689633
244,13,4104.063094
244,14,4095.345663
244,15,4060.014741
244,16,3997.334425
244,18,3879.529791
244,20,3866.652620
244,22,3842.539172
245,10,4176.216350
245,12,4173.689633
245,13,4104.063094
245,14,4095.345663
245,15,4060.014741
245,16,3997.334425
245,18,3879.529791
245,20,3866.652620
245,22,3842.539172
246,10,4176.216350
246,11,4168.401228
246,13,4104.063094
246,14,4095.345663
246,15,4060.014741
246,16,3997.334425
246,18,3875.582134
246,20,3866.652620
246,22,3842.140670
247,10,4176.216350
247,11,4168.401228
247,13,4104.063094
247,14,4095.345663
247,15,4060.014741
247,16,3997.334425
247,17,3901.949667
247,18,3875.582134
247,20,3866.652620
247,22,3842.140670
248,10,4176.216350
248,11,4168.401228
248,13,4102.839162
248,14,4081.627198
248,15,4060.014741
248,16,3997.334425
248,17,3894.598771
248,18,3872.814338
248,19,3866.718624
248,20,3865.497777
248,22,3842.140670
249,10,4176.216350
249,11,4168.401228
249,13,4102.839162
249,14,4081.627198
249,15,4049.218841
249,16,3997.334425
249,17,3878.995763
249,18,3872.814338
249,19,3866.718624
249,20,3865.497777
249,21,3859.482655
249,22,3842.140670
250,10,4175.669962
250,11,4168.401228
250,13,4090.977319
250,14,4081.627198
250,15,4049.218841
250,16,3996.220890
250,17,3878.890843
250,18,3866.197521
250,20,3865.497777
250,21,3857.530519
250,22,3842.140670
251,10,4175.669962
251,11,4165.464831
251,13,4090.977319
251,14,4081.627198
251,15,4049.218841
251,16,3883.379605
251,17,3850.182132
251,22,3842.140670
252,10,4172.149580
252,11,4165.464831
252,13,4090.948134
252,14,4081.627198
252,15,4049.218841
252,16,3883.379605
252,17,3850.182132
252,22,3842.140670
253,10,4172.149580
253,11,4165.464831
253,13,4090.948134
253,14,4081.627198
253,15,4049.218841
253,16,3883.379605
253,17,3850.182132
253,22,3842.140670
254,10,4172.149580
254,11,4165.464831
254,13,4090.948134
254,14,4081.627198
254,15,4049.218841
254,16,3883.379605
254,17,3850.182132
254,18,3833.003028
255,10,4172.149580
255,11,4165.464831
255,12,4159.305567
255,13,4090.948134
255,14,4081.627198
255,15,4049.218841
255,16,3883.379605
255,17,3850.182132
255,18,3833.003028
256,10,4170.050123
256,11,4165.464831
256,12,4159.305567
256,13,4090.948134
256,14,4081.627198
256,15,4049.218841
256,16,3883.379605
256,17,3850.182132
256,18,3818.500242
257,10,4170.050123
257,11,4165.464831
257,12,4159.305567
257,13,4090.948134
257,14,4081.627198
257,15,4049.218841
257,16,3883.379605
257,17,3850.182132
257,18,3818.500242
258,10,4145.833648
258,13,4090.948134
258,14,4080.412013
258,15,4049.218841
258,16,3883.379605
258,17,3850.182132
258,18,3818.500242
259,10,4145.833648
259,11,4136.478880
259,13,4090.948134
259,14,4080.412013
259,15,4049.218841
259,16,3883.379605
259,17,3850.182132
259,18,3818.500242
260,10,4145.833648
260,11,4136.478880
260,13,4084.708076
260,14,4080.412013
260,15,4049.218841
260,16,3883.379605
260,17,3850.182132
260,18,3818.500242
261,10,4145.833648
261,11,4136.478880
261,13,4084.708076
261,14,4080.412013
261,15,4049.218841
261,16,3883.379605
261,17,3850.182132
261,18,3818.500242
261,20,3805.657659
262,10,4144.773138
262,11,4136.478880
262,13,4080.999798
262,14,4079.938975
262,15,4049.218841
262,16,3883.379605
262,17,3840.951872
262,18,3816.330169
262,20,3805.657659
263,10,4144.773138
263,11,4136.478880
263,13,4080.999798
263,14,4079.938975
263,15,4049.218841
263,16,3853.545377
263,17,3840.951872
263,18,3816.330169
263,20,3805.657659
264,10,4144.773138
264,11,4136.478880
264,13,4080.999798
264,14,4079.938975
264,15,4049.218841
264,16,3853.545377
264,17,3840.951872
264,18,3816.330169
264,20,3805.657659
265,10,4133.903393
265,11,4114.811732
265,13,4080.999798
265,14,4079.938975
265,15,4049.218841
265,16,3853.545377
265,17,3840.951872
265,18,3810.882118
265,20,3805.657659
266,10,4133.903393
266,11,4114.811732
266,13,4078.234680
266,15,4049.218841
266,16,3852.695204
266,17,3840.951872
266,18,3810.882118
266,20,3798.160201
267,10,4133.903393
267,11,4114.811732
267,13,4078.234680
267,14,4063.129261
267,15,3964.561281
267,16,3852.695204
267,17,3840.951872
267,18,3810.882118
267,20,3798.160201
268,10,4133.903393
268,11,4114.811732
268,13,4077.246848
268,14,4063.129261
268,15,3964.561281
268,16,3838.315389
268,18,3810.882118
268,20,3795.990129
269,10,4133.903393
269,11,4114.811732
269,13,4076.789943
269,14,4063.129261
269,15,3964.561281
269,16,3838.315389
269,18,3810.882118
269,20,3795.990129
270,10,4133.903393
270,11,4114.811732
270,13,4076.789943
270,14,4062.561000
270,15,3964.561281
270,16,3838.315389
270,18,3810.882118
270,20,3793.247811
271,10,4101.384757
271,13,4076.789943
271,14,4062.561000
271,15,3964.561281
271,16,3838.315389
271,18,3810.882118
271,20,3793.247811
272,10,4101.384757
272,13,4074.090613
272,14,4062.561000
272,15,3964.561281
272,16,3838.315389
272,17,3817.082395
272,18,3810.882118
272,20,3793.247811
273,10,4101.384757
273,13,4074.090613
273,14,4062.561000
273,15,3964.561281
273,16,3838.315389
273,17,3817.082395
273,18,3810.882118
273,20,3793.247811
274,10,4101.384757
274,13,4074.090613
274,14,4062.376997
274,15,3964.561281
274,16,3838.315389
274,17,3815.506919
274,18,3805.763862
274,20,3793.247811
275,10,4101.384757
275,12,4101.338776
275,13,4074.090613
275,14,4062.376997
275,15,3964.561281
275,16,3838.315389
275,17,3815.506919
275,18,3805.763862
275,20,3793.247811
276,10,4101.384757
276,12,4101.338776
276,13,4074.090613
276,14,4062.376997
276,15,3964.561281
276,16,3820.283822
276,17,3815.506919
276,18,3805.763862
276,20,3793.247811
277,10,4101.384757
277,12,4101.338776
277,13,4074.090613
277,14,4062.376997
277,15,3964.561281
277,16,3818.443182
277,17,3815.506919
277,18,3805.763862
277,20,3793.247811
278,10,4095.653502
278,13,4074.090613
278,14,4062.376997
278,15,3964.561281
278,16,3818.443182
278,17,3815.506919
278,18,3805.763862
278,20,3793.247811
279,10,4095.653502
279,13,4074.090613
279,14,4062.376997
279,15,3964.561281
279,16,3808.938549
279,18,3800.734028
279,20,3793.247811
280,10,4095.653502
280,13,4071.874198
280,14,4062.376997
280,15,3964.561281
280,16,3808.938549
280,18,3800.734028
280,20,3793.247811
281,10,4095.653502
281,13,4062.515948
281,14,4062.376997
281,15,3962.697995
281,16,3808.938549
281,18,3800.734028
281,20,3793.247811
282,9,4790.459515
282,10,4095.653502
282,13,4061.516210
282,15,3962.697995
282,16,3808.938549
282,17,3793.074584
283,9,4790.459515
283,10,4095.653502
283,11,4089.943409
283,13,4061.516210
283,15,3962.697995
283,16,3808.938549
283,17,3793.074584
284,9,4789.919444
284,10,4095.653502
284,11,4089.943409
284,13,4058.196874
284,15,3889.984001
284,16,3808.938549
284,17,3793.074584
285,9,4789.919444
285,10,4095.653502
285,11,4082.244598
285,13,4058.196874
285,15,3889.984001
285,16,3808.938549
285,17,3793.074584
286,9,4789.919444
286,10,4095.653502
286,11,4082.244598
286,13,4058.196874
286,15,3889.922268
286,16,3806.998872
286,17,3790.421197
287,9,4789.919444
287,10,4095.653502
287,11,4082.244598
287,13,4058.196874
287,15,3889.922268
287,16,3806.998872
287,17,3790.421197
288,9,4789.919444
288,10,4095.653502
288,11,4082.244598
288,13,4058.196874
288,14,4046.410791
288,15,3889.922268
288,16,3801.291967
288,17,3789.420995
289,9,4789.919444
289,10,4095.653502
289,11,4069.339363
289,13,4058.196874
289,14,4046.410791
289,15,3889.922268
289,16,3801.291967
289,17,3789.420995
290,9,4789.919444
290,10,4095.653502
290,11,4068.447125
290,13,4058.196874
290,14,4046.410791
290,15,3889.922268
290,16,3801.291967
290,17,3789.420995
291,9,4789.919444
291,10,4095.653502
291,11,4068.447125
291,13,4058.196874
291,14,4046.410791
291,15,3889.922268
291,16,3801.291967
291,17,3789.420995
292,9,4789.919444
292,10,4095.653502
292,11,4068.447125
292,13,4058.196874
292,14,4043.091455
292,15,3889.922268
292,16,3801.291967
292,17,3789.420995
293,9,4760.931103
293,10,4095.653502
293,11,4068.447125
293,13,4058.196874
293,14,4043.091455
293,15,3889.922268
293,16,3801.291967
293,17,3789.420995
294,9,4760.752978
294,10,4095.653502
294,11,4068.266342
294,13,4058.196874
294,14,4043.091455
294,15,3889.922268
294,16,3801.291967
294,17,3789.274746
295,9,4760.752978
295,10,4095.653502
295,11,4068.266342
295,13,4058.196874
295,14,4043.091455
295,15,3889.922268
295,16,3801.291967
295,17,3789.274746
296,9,4760.752978
296,10,4095.653502
296,11,4068.266342
296,13,4042.344095
296,15,3889.922268
296,16,3801.291967
296,17,3789.274746
297,9,4760.752978
297,10,4095.653502
297,11,4068.266342
297,13,4042.344095
297,15,3889.922268
297,16,3801.291967
297,17,3789.274746
298,9,4754.431484
298,10,4095.653502
298,11,4051.513043
298,13,4042.344095
298,15,3889.922268
298,16,3801.291967
298,17,3789.146316
299,9,4754.431484
299,10,4095.653502
299,11,4051.513043
299,13,4042.344095
299,15,3889.922268
299,16,3792.740312
299,17,3789.146316
300,9,4754.208455
300,10,4095.653502
300,11,4047.650559
300,13,4042.344095
300,15,3889.922268
300,16,3792.740312
300,17,3789.146316
301,9,4754.208455
301,10,4095.653502
301,11,4047.650559
301,13,4042.344095
301,14,4030.225703
301,15,3828.322114
301,16,3792.740312
301,17,3789.146316
302,9,4748.010311
302,10,4095.653502
302,11,4025.856581
302,15,3828.322114
302,16,3790.757824
302,17,3789.146316
303,9,4748.010311
303,10,4095.653502
303,11,4025.856581
303,15,3828.322114
303,16,3790.757824
303,17,3789.146316
303,18,3785.660390
304,9,4374.877481
304,10,4095.653502
304,11,4025.856581
304,15,3821.242043
304,16,3790.757824
304,17,3789.146316
304,18,3785.660390
305,9,4142.333019
305,10,4095.653502
305,11,4025.856581
305,15,3821.242043
305,16,3790.757824
305,17,3789.146316
305,18,3785.660390
306,9,4142.333019
306,10,4095.653502
306,11,4025.856581
306,15,3778.447824
307,9,4142.333019
307,10,4095.653502
307,11,4025.856581
307,15,3778.447824
308,9,4142.333019
308,10,4095.653502
308,11,4025.856581
308,15,3773.052971
309,9,4142.333019
309,10,4095.653502
309,11,4025.856581
309,15,3773.052971
310,9,4139.190456
310,10,4095.653502
310,11,4025.037157
310,15,3773.052971
311,9,4139.190456
311,10,4095.653502
311,11,4025.037157
311,15,3773.052971
312,9,4139.190456
312,10,4095.653502
312,11,4025.037157
312,15,3773.052971
313,9,4139.190456
313,10,4095.653502
313,11,4014.215572
313,15,3773.052971
314,9,4139.190456
314,10,4095.653502
314,11,4014.215572
314,15,3773.052971
315,9,4139.190456
315,10,4095.653502
315,11,4014.215572
315,15,3773.052971
316,9,4139.190456
316,10,4095.653502
316,11,4014.215572
316,15,3773.052971
317,9,4137.538985
317,10,4095.653502
317,11,4014.215572
317,15,3773.052971
318,9,4134.396422
318,10,4095.653502
318,11,4014.215572
318,15,3773.052971
319,9,4134.396422
319,10,4095.653502
319,11,4014.215572
319,12,4009.133771
319,13,3999.017678
319,15,3773.052971
320,9,4128.724357
320,10,4095.653502
320,11,4014.215572
320,12,4009.133771
320,13,3983.566167
320,15,3773.052971
321,9,4128.724357
321,10,4095.653502
321,11,4014.215572
321,12,4009.133771
321,13,3983.566167
321,15,3773.052971
322,9,4128.724357
322,10,4095.653502
322,11,4014.215572
322,12,3977.992713
322,15,3773.052971
