Generation,NV,TOC
1,58,25328.691997
1,60,24631.510848
1,66,22821.129306
1,68,22157.821300
1,69,22061.287637
1,80,21397.717933
1,82,20974.793925
1,91,20544.532845
1,99,20132.752048
1,102,20022.500301
1,106,19907.357521
1,109,19865.084191
1,112,19718.799142
1,113,19712.225015
1,117,19541.141985
1,142,19383.130804
1,148,19343.671747
1,166,19246.834346
1,167,18900.430088
1,169,18842.102864
2,58,25328.691997
2,60,24631.510848
2,66,22821.129306
2,68,22157.821300
2,69,22061.287637
2,74,21695.781362
2,79,20940.067511
2,88,20810.093003
2,91,20469.688633
2,92,20345.716671
2,95,20178.588195
2,99,20132.752048
2,102,20022.500301
2,106,19907.357521
2,109,19811.534325
2,112,19718.799142
2,113,19712.225015
2,117,19541.141985
2,119,19422.965948
2,129,18823.166886
3,58,25328.691997
3,59,25192.282121
3,60,24631.510848
3,66,22821.129306
3,68,22157.821300
3,69,22061.287637
3,70,21835.014183
3,71,21571.341676
3,73,21402.816565
3,77,21027.183680
3,78,20753.009739
3,82,20095.477391
3,87,19576.324713
3,94,19487.849749
3,115,19261.685599
3,119,19255.170834
3,129,18597.652588
3,141,18579.358882
4,58,25328.691997
4,59,25192.282121
4,60,24631.510848
4,65,22322.851136
4,68,22157.821300
4,69,21901.930742
4,70,21835.014183
4,71,21571.341676
4,73,21100.725576
4,75,20903.517472
4,78,20753.009739
4,80,20470.685083
4,82,20095.477391
4,87,19576.324713
4,91,19477.091572
4,106,19466.868456
4,110,19024.108670
4,117,19017.843765
4,122,18861.321661
4,123,18800.117067
4,128,18773.999116
4,129,18597.652588
4,141,18579.358882
4,154,18371.369172
5,57,24893.402926
5,58,24777.497442
5,59,23488.601763
5,61,22830.722435
5,65,22322.851136
5,68,22157.821300
5,69,21901.930742
5,70,21835.014183
5,71,20345.779975
5,82,20095.477391
5,87,19576.324713
5,91,19477.091572
5,95,19303.257722
5,96,19253.259922
5,98,19218.213159
5,102,18810.703766
5,122,18690.446951
5,129,18597.652588
5,140,18568.348359
5,141,18452.537579
5,152,18345.547222
6,57,24319.953719
6,59,23488.601763
6,61,22830.722435
6,62,22356.706545
6,65,22322.851136
6,67,21988.164613
6,68,21719.355518
6,70,21495.632008
6,71,20345.779975
6,82,20095.477391
6,87,19576.324713
6,91,19477.091572
6,93,19434.654229
6,95,19303.257722
6,96,19253.259922
6,98,19218.213159
6,99,19164.975365
6,102,18810.703766
6,116,18753.298666
6,122,18661.663235
6,125,18609.789475
6,129,18597.652588
6,131,18245.804302
6,135,17953.203825
7,55,25055.083998
7,57,23938.491684
7,59,23488.601763
7,61,22830.722435
7,62,22356.706545
7,64,22277.943057
7,67,21681.210197
7,68,21192.813035
7,71,20345.779975
7,82,20095.477391
7,86,20055.783849
7,87,19576.324713
7,91,19477.091572
7,93,19434.654229
7,95,19303.257722
7,96,19253.259922
7,97,18853.788778
7,101,18689.299697
7,112,18458.567013
7,115,18275.952726
7,121,18063.628545
7,129,17848.242363
8,53,24488.894048
8,54,24019.732700
8,57,23938.491684
8,58,22530.353259
8,61,22381.087821
8,62,22356.706545
8,63,21586.656077
8,68,20465.188936
8,71,20345.779975
8,82,19965.976861
8,86,19810.047069
8,87,19355.323449
8,95,19303.257722
8,96,19253.259922
8,97,18853.788778
8,101,18689.299697
8,112,18458.567013
8,115,18275.952726
8,121,18063.628545
8,129,17848.242363
9,53,24488.894048
9,54,24019.732700
9,55,23816.468043
9,56,23289.856114
9,58,22530.353259
9,61,22381.087821
9,62,22074.753838
9,63,21152.991984
9,68,20465.188936
9,71,20345.779975
9,73,20097.752074
9,81,19912.507140
9,84,19739.537423
9,85,19121.724042
9,93,18947.779094
9,96,18730.327996
9,99,18590.391905
9,111,18374.644237
9,112,18202.147941
9,121,17948.613714
9,129,17848.242363
10,53,23165.841915
10,56,22963.405221
10,58,22530.353259
10,61,22381.087821
10,62,22074.753838
10,63,21152.991984
10,68,20465.188936
10,71,20328.240811
10,73,20097.752074
10,75,19650.519132
10,84,19448.117052
10,85,19121.724042
10,93,18947.779094
10,96,18730.327996
10,99,18590.391905
10,109,18518.680676
10,111,18374.644237
10,112,18202.147941
10,121,17948.613714
10,129,17848.242363
10,145,17763.635221
11,53,23165.841915
11,56,22963.405221
11,58,22530.353259
11,59,22150.110019
11,62,22074.753838
11,63,21152.991984
11,68,20465.188936
11,69,20032.196333
11,75,19650.519132
11,80,19606.910435
11,84,19416.259876
11,85,19121.724042
11,93,18739.884042
11,96,18596.858040
11,98,18457.311311
11,103,18326.743055
11,108,18228.670373
11,112,18057.785736
11,120,17913.734982
11,128,17743.234751
11,145,17660.241125
12,53,23165.841915
12,56,22963.405221
12,58,22530.353259
12,59,22150.110019
12,62,22074.753838
12,63,21152.991984
12,66,20866.686196
12,67,20481.465588
12,68,20465.188936
12,69,20032.196333
12,75,19650.519132
12,78,19428.494660
12,80,19116.870379
12,93,18635.422194
12,96,18596.858040
12,98,18457.311311
12,103,18326.743055
12,108,18228.670373
12,112,18057.785736
12,115,17871.740250
12,120,17735.689088
12,135,17717.552844
12,145,17660.241125
12,146,17634.221317
13,52,24747.364031
13,53,23165.841915
13,56,22632.191480
13,57,22282.189348
13,59,22150.110019
13,61,21092.403668
13,63,20835.894797
13,66,20755.009740
13,67,20481.465588
13,68,20465.188936
13,69,20032.196333
13,72,19736.197497
13,73,19602.225443
13,77,19532.186181
13,78,19428.494660
13,80,19116.870379
13,89,19011.735030
13,93,18635.422194
13,96,18596.858040
13,97,18265.256640
13,108,18228.670373
13,111,18108.088042
13,112,18057.785736
13,114,17984.681668
13,115,17871.740250
13,120,17735.689088
13,135,17695.656793
13,145,17660.241125
13,146,17634.221317
14,52,24747.364031
14,53,23165.841915
14,54,22845.958629
14,56,22632.191480
14,57,22282.189348
14,59,22150.110019
14,61,21092.403668
14,63,20835.894797
14,65,20570.489064
14,66,20359.279345
14,67,20233.785018
14,69,19920.136695
14,70,19734.383193
14,73,19602.225443
14,77,19532.186181
14,78,19428.494660
14,79,19283.661979
14,80,19116.870379
14,86,18960.872761
14,93,18635.422194
14,96,18596.858040
14,97,18265.256640
14,108,18228.670373
14,110,18201.096390
14,111,18108.088042
14,112,18057.785736
14,114,17984.681668
14,115,17871.740250
14,120,17735.689088
14,123,17477.315086
15,52,24747.364031
15,53,23165.841915
15,54,22845.958629
15,55,22775.712098
15,56,22486.597946
15,57,22049.510761
15,58,22035.330555
15,59,21747.297014
15,61,21092.403668
15,62,20892.018859
15,63,20835.894797
15,64,20576.158927
15,65,20120.321530
15,69,19920.136695
15,70,19734.383193
15,73,19602.225443
15,77,19532.186181
15,78,19428.494660
15,79,19283.661979
15,80,19116.870379
15,86,18960.872761
15,93,18635.422194
15,94,18547.522001
15,95,18210.957801
15,107,18107.859973
15,110,17993.085801
15,111,17763.918507
15,120,17682.529512
15,123,17477.315086
15,126,17344.631942
15,127,17221.797160
16,52,24747.364031
16,53,23165.841915
16,54,22845.958629
16,55,22586.125493
16,56,21385.834333
16,61,21092.403668
16,62,20850.844590
16,63,20835.894797
16,64,20209.733174
16,65,20120.321530
16,67,20018.020955
16,69,19920.136695
16,70,19734.383193
16,73,19602.225443
16,76,19163.061060
16,77,19023.171433
16,80,18859.636056
16,90,18805.826872
16,93,18635.422194
16,94,18547.522001
16,95,18210.957801
16,107,18107.859973
16,110,17569.439260
16,112,17525.047075
16,120,17263.433413
16,127,17221.797160
17,52,24747.364031
17,53,23165.841915
17,54,22845.958629
17,55,22586.125493
17,56,20865.248590
17,62,20850.844590
17,63,20835.894797
17,64,20209.733174
17,65,19969.926228
17,69,19773.137161
17,70,19502.332347
17,76,18866.186421
17,80,18746.806389
17,87,18553.305347
17,90,18429.600871
17,95,18020.159142
17,110,17362.208342
17,120,17263.433413
17,127,17221.797160
18,52,24747.364031
18,53,22374.649440
18,56,20865.248590
18,60,20442.603906
18,64,20209.733174
18,65,19969.926228
18,69,19773.137161
18,70,19441.628339
18,71,19410.443300
18,76,18866.186421
18,80,18746.806389
18,86,18633.587722
18,87,18553.305347
18,90,18429.600871
18,91,18399.674682
18,95,18020.159142
18,101,17999.379160
18,110,17362.208342
18,120,17263.433413
18,127,17221.797160
19,52,24747.364031
19,53,22374.649440
19,55,21459.038803
19,56,20865.248590
19,60,20442.603906
19,64,20209.733174
19,65,19969.926228
19,66,19879.614671
19,69,19773.137161
19,70,19441.628339
19,71,19410.443300
19,76,18866.186421
19,80,18680.390874
19,86,18298.627846
19,89,18288.215202
19,95,17957.661680
19,101,17807.052613
19,110,17268.970548
19,120,17263.433413
19,124,17195.601827
20,52,24747.364031
20,53,22374.649440
20,55,21459.038803
20,56,20865.248590
20,59,20353.895901
20,63,20095.159768
20,65,19969.926228
20,66,19733.868923
20,70,19425.213671
20,71,19410.443300
20,75,18981.726309
20,76,18866.186421
20,80,18680.390874
20,86,18298.627846
20,89,18288.215202
20,95,17957.661680
20,101,17807.052613
20,110,17268.970548
20,120,17263.433413
20,124,17195.601827
21,52,24747.364031
21,53,22374.649440
21,54,21843.715313
21,55,21459.038803
21,56,20865.248590
21,59,20353.895901
21,61,20075.220732
21,63,19953.338206
21,66,19733.868923
21,68,19414.818269
21,71,19410.443300
21,75,18981.726309
21,76,18674.937031
21,79,18455.873767
21,85,18228.067355
21,88,18118.270184
21,94,17903.308247
21,101,17807.052613
21,109,17152.218929
21,124,17067.745243
22,52,22717.323392
22,53,21827.920365
22,54,21276.704272
22,55,21133.019242
22,56,20863.121568
22,57,20339.451458
22,58,19972.908841
22,63,19953.338206
22,64,19715.402742
22,66,19463.753998
22,68,19414.818269
22,70,19115.524561
22,75,18650.555840
22,79,18455.873767
22,83,18261.719268
22,85,18228.067355
22,88,18118.270184
22,94,17903.308247
22,101,17807.052613
22,109,17152.218929
22,124,17067.745243
23,52,21849.492783
23,53,21662.736360
23,54,21276.704272
23,55,21133.019242
23,56,20863.121568
23,57,20178.144456
23,58,19972.908841
23,61,19872.329128
23,63,19590.798523
23,66,19463.753998
23,68,19414.818269
23,70,19115.524561
23,75,18650.555840
23,79,18455.873767
23,82,18167.368605
23,84,18090.613322
23,86,18060.781363
23,94,17848.447296
23,97,17799.414539
23,100,17669.625117
23,104,17476.576168
23,107,17020.059961
24,52,21849.492783
24,53,21662.736360
24,54,21276.704272
24,55,20762.527097
24,57,20178.144456
24,58,19972.908841
24,61,19872.329128
24,62,19619.281658
24,63,19590.798523
24,66,19463.753998
24,68,19414.818269
24,70,19115.524561
24,73,18975.672441
24,75,18650.555840
24,79,18455.873767
24,82,18167.368605
24,84,18090.613322
24,86,18060.781363
24,91,17752.875183
24,100,17669.625117
24,104,17476.576168
24,107,17020.059961
25,51,22548.299781
25,52,21849.492783
25,53,21609.038162
25,54,21265.995372
25,55,20758.585543
25,56,20593.103706
25,57,20178.144456
25,58,19972.908841
25,61,19803.467654
25,62,19619.281658
25,63,19590.798523
25,65,19193.659817
25,70,19115.524561
25,73,18545.358069
25,79,18315.897110
25,80,18138.444283
25,84,18009.846290
25,86,17929.772451
25,91,17752.875183
25,100,17669.625117
25,104,17476.576168
25,107,17020.059961
26,51,22548.299781
26,52,21849.492783
26,53,21437.149217
26,54,21265.995372
26,55,20469.535039
26,56,20378.509964
26,57,20178.144456
26,58,19972.908841
26,59,19696.512434
26,61,19520.055344
26,62,19427.870177
26,63,19302.334096
26,65,19193.659817
26,68,19109.146863
26,69,18759.028603
26,72,18445.977656
26,79,18315.897110
26,80,18138.444283
26,84,18009.846290
26,86,17929.772451
26,91,17752.875183
26,92,17468.252406
26,105,17405.759937
26,107,17020.059961
26,113,16899.365285
27,51,21697.916774
27,53,21312.937176
27,54,20357.395048
27,56,19927.548763
27,59,19696.512434
27,60,19594.728216
27,61,19520.055344
27,62,19427.870177
27,63,19298.119852
27,65,19193.659817
27,68,19109.146863
27,69,18759.028603
27,72,18445.977656
27,79,18080.650721
27,83,17889.555787
27,86,17728.455714
27,89,17720.191176
27,91,17467.733108
27,105,17256.368540
27,106,16924.929372
27,113,16858.732882
28,51,21697.916774
28,53,20848.586627
28,54,20357.395048
28,55,19691.158927
28,60,19594.728216
28,61,19520.055344
28,62,19427.870177
28,63,18757.339787
28,70,18657.731054
28,71,18609.858908
28,72,18445.977656
28,77,18392.115874
28,78,18019.554019
28,83,17889.555787
28,86,17728.455714
28,89,17720.191176
28,91,17467.733108
28,105,17256.368540
28,106,16924.929372
28,113,16858.732882
29,51,21697.916774
29,52,20823.948050
29,54,20357.395048
29,55,19691.158927
29,60,19539.049259
29,61,19520.055344
29,62,19380.273072
29,63,18587.195803
29,70,18476.942155
29,71,18285.728820
29,78,17941.548132
29,83,17889.555787
29,86,17645.580699
29,91,17467.733108
29,102,17207.311231
29,105,16835.618285
30,51,21255.297916
30,52,20470.451951
30,54,20357.395048
30,55,19691.158927
30,57,19658.501963
30,58,19624.332744
30,60,19539.049259
30,61,19520.055344
30,62,19034.412641
30,63,18587.195803
30,70,18233.047344
30,78,17941.548132
30,83,17889.555787
30,85,17739.188627
30,86,17645.580699
30,91,17467.733108
30,100,17426.331982
30,102,17207.311231
30,105,16835.618285
30,115,16732.111035
31,51,21255.297916
31,52,20470.451951
31,54,20357.395048
31,55,19691.158927
31,57,19658.501963
31,58,19624.332744
31,60,19395.816927
31,61,19268.155697
31,62,19034.412641
31,63,18587.195803
31,64,18493.839433
31,68,18383.505738
31,70,18233.047344
31,75,17825.934511
31,81,17779.011172
31,82,17657.255009
31,86,17599.866114
31,91,17442.868134
31,100,17382.047288
31,102,17160.311746
31,105,16835.618285
31,113,16642.459510
32,51,21255.297916
32,52,20470.451951
32,54,20357.395048
32,55,19691.158927
32,57,19404.392363
32,60,19395.816927
32,61,18599.092217
32,62,18520.658299
32,64,18493.839433
32,67,18131.288893
32,75,17825.934511
32,81,17779.011172
32,82,17657.255009
32,86,17599.866114
32,91,17442.868134
32,100,17161.444726
32,102,17160.311746
32,105,16835.618285
32,113,16642.459510
33,51,21255.297916
33,52,20470.451951
33,54,20003.953442
33,55,19691.158927
33,57,18867.538935
33,61,18599.092217
33,62,18520.658299
33,64,18026.669493
33,67,17850.368025
33,75,17685.571946
33,81,17568.166861
33,84,17437.101480
33,99,16783.579842
33,113,16642.459510
33,122,16507.658467
34,51,21255.297916
34,52,20470.451951
34,54,20003.953442
34,55,19691.158927
34,56,19568.808238
34,57,18867.538935
34,61,18599.092217
34,62,18520.658299
34,64,18026.669493
34,67,17850.368025
34,75,17685.571946
34,81,17568.166861
34,84,17437.101480
34,99,16783.579842
34,113,16642.459510
34,118,16533.394637
34,121,16494.943103
35,51,21255.297916
35,52,20470.451951
35,53,20447.626401
35,54,19792.210139
35,55,19691.158927
35,56,19429.458905
35,57,18867.538935
35,61,18474.673218
35,62,18459.331415
35,64,18026.669493
35,67,17840.532851
35,73,17603.740866
35,76,17589.864913
35,81,17550.969184
35,82,17341.359147
35,99,16783.579842
35,113,16642.459510
35,117,16435.961417
36,50,21426.569834
36,51,21255.297916
36,52,20470.451951
36,53,20196.752111
36,54,19792.210139
36,55,19691.158927
36,56,19429.458905
36,57,18867.538935
36,60,18802.517855
36,61,18474.673218
36,62,18459.331415
36,64,18026.669493
36,67,17840.532851
36,73,17603.740866
36,76,17589.864913
36,77,17547.729318
36,80,17407.125558
36,82,17341.359147
36,87,17318.813908
36,94,17088.358613
36,98,17077.448814
36,99,16783.579842
36,113,16642.459510
36,115,16460.846694
36,117,16435.961417
37,50,21426.569834
37,51,21255.297916
37,52,20470.451951
37,53,20042.853145
37,54,19792.210139
37,55,19691.158927
37,56,19429.458905
37,57,18867.538935
37,60,18802.517855
37,61,18474.673218
37,62,18459.331415
37,64,18026.669493
37,67,17840.532851
37,73,17603.740866
37,76,17589.864913
37,77,17547.729318
37,79,17523.755237
37,80,17278.201625
37,86,17206.371975
37,91,17093.564956
37,92,17019.270079
37,95,16685.408479
37,112,16583.531971
37,114,16363.486955
38,50,21426.569834
38,51,21080.599329
38,52,20470.451951
38,53,20042.853145
38,54,19514.759328
38,56,19429.458905
38,57,18867.538935
38,60,18802.517855
38,61,18474.673218
38,62,18459.331415
38,63,18165.204525
38,64,18026.669493
38,67,17840.532851
38,70,17720.192450
38,73,17603.740866
38,76,17589.864913
38,77,17547.729318
38,79,17523.755237
38,80,17278.201625
38,86,17206.371975
38,91,17093.564956
38,92,17019.270079
38,93,16833.722913
38,95,16685.408479
38,100,16663.304792
38,108,16660.537985
38,112,16583.531971
38,114,16316.134877
39,50,21426.569834
39,51,21080.599329
39,52,20470.451951
39,53,19791.567458
39,54,19514.759328
39,56,19429.458905
39,57,18867.538935
39,59,18591.240698
39,61,18474.673218
39,62,18459.331415
39,63,18165.204525
39,64,18026.669493
39,67,17840.532851
39,70,17720.192450
39,73,17603.740866
39,76,17589.864913
39,77,17547.729318
39,78,17534.937725
39,79,17293.873145
39,80,17108.628067
39,83,16937.924423
39,92,16607.106325
39,110,16511.593127
39,113,16257.771544
40,50,21426.569834
40,51,21080.599329
40,52,20357.651942
40,53,19791.567458
40,54,19429.762776
40,56,19267.242807
40,57,18818.343922
40,58,18469.988587
40,62,18100.531953
40,63,17935.147872
40,67,17840.532851
40,68,17732.440254
40,70,17720.192450
40,73,17603.740866
40,76,17400.468271
40,79,17293.873145
40,80,17108.628067
40,83,16937.924423
40,92,16607.106325
40,96,16593.416286
40,106,16284.452418
40,113,16257.771544
41,50,21426.569834
41,51,21080.599329
41,52,19910.295781
41,53,19791.567458
41,54,19060.789885
41,57,18818.343922
41,58,18469.988587
41,62,18034.051293
41,63,17511.876589
41,72,17453.977383
41,76,17346.036750
41,77,16980.871971
41,83,16915.663172
41,92,16607.106325
41,96,16570.028834
41,105,16235.906391
42,50,21426.569834
42,51,21080.599329
42,52,19910.295781
42,53,19464.634583
42,54,18950.141986
42,56,18788.678414
42,57,18526.561861
42,58,18469.988587
42,59,18212.967594
42,62,18034.051293
42,63,17511.876589
42,71,17403.204516
42,73,17179.593028
42,77,16980.871971
42,83,16915.663172
42,92,16607.106325
42,96,16570.028834
42,105,16235.906391
43,50,21426.569834
43,51,20652.704010
43,52,19910.295781
43,53,19385.252200
43,54,18950.141986
43,56,18788.678414
43,57,18526.561861
43,58,18469.988587
43,59,18212.967594
43,62,18034.051293
43,63,17511.876589
43,66,17481.753213
43,71,17403.204516
43,73,17074.291420
43,77,16961.654318
43,83,16885.913024
43,88,16764.940908
43,92,16486.579295
43,104,16087.668635
44,50,21426.569834
44,51,20362.308558
44,52,19910.295781
44,53,19385.252200
44,54,18643.361138
44,55,18208.107327
44,60,18200.455435
44,62,17939.754083
44,63,17469.591681
44,66,17449.624958
44,70,17084.428384
44,73,17074.291420
44,77,16961.654318
44,79,16941.088575
44,83,16885.913024
44,85,16816.770803
44,87,16788.547076
44,88,16572.327818
44,92,16486.579295
44,103,16429.782182
44,104,16087.668635
45,50,21426.569834
45,51,20362.308558
45,52,19433.956215
45,53,18538.400860
45,55,18208.107327
45,60,18200.455435
45,62,17645.470119
45,63,17469.591681
45,66,17318.192420
45,70,17026.865323
45,74,16825.809894
45,80,16649.346386
45,88,16454.498293
45,101,16346.878280
45,104,16062.083668
46,50,21291.889569
46,51,20056.123559
46,52,19185.309488
46,53,18538.400860
46,55,18208.107327
46,57,17946.990722
46,62,17645.470119
46,63,17469.591681
46,64,17158.581161
46,70,17026.865323
46,74,16825.809894
46,80,16649.346386
46,86,16519.833743
46,88,16454.498293
46,92,16430.249672
46,101,16346.878280
46,104,16062.083668
47,50,21291.889569
47,51,19664.640794
47,52,19185.309488
47,53,18538.400860
47,55,18208.107327
47,57,17946.990722
47,62,17645.470119
47,63,17392.781497
47,64,17079.901434
47,70,16883.527804
47,74,16777.713930
47,80,16631.831486
47,86,16490.082005
47,88,16454.498293
47,91,16373.378605
47,100,16263.244848
47,104,16002.619788
48,50,21291.889569
48,51,19664.640794
48,52,19185.309488
48,53,18410.128577
48,54,17649.499491
48,55,17633.740694
48,63,17392.781497
48,64,17079.901434
48,70,16883.527804
48,74,16777.713930
48,80,16565.094440
48,86,16490.082005
48,88,16454.498293
48,91,16373.378605
48,100,16263.244848
48,104,16002.619788
49,49,22097.892074
49,50,21291.889569
49,51,19664.640794
49,52,18966.065322
49,53,18410.128577
49,54,17649.499491
49,55,17633.740694
49,63,17392.781497
49,64,17079.901434
49,70,16883.527804
49,74,16777.713930
49,80,16565.094440
49,86,16490.082005
49,88,16454.498293
49,91,16373.378605
49,100,16263.244848
49,102,16001.040997
50,49,21477.987854
50,50,21291.889569
50,51,19664.640794
50,52,18966.065322
50,53,18410.128577
50,54,17649.499491
50,55,17374.071357
50,56,17262.841826
50,57,17119.303450
50,59,17048.040958
50,70,16883.527804
50,74,16777.713930
50,77,16718.216633
50,78,16702.051451
50,80,16565.094440
50,86,16490.082005
50,88,16454.498293
50,91,16373.378605
50,100,16151.635375
50,102,16001.040997
50,107,15998.182066
51,49,21477.987854
51,50,21291.889569
51,51,19664.640794
51,52,18573.860470
51,53,18410.128577
51,54,17649.499491
51,55,17374.071357
51,56,17262.841826
51,57,17119.303450
51,59,17048.040958
51,70,16883.527804
51,74,16777.713930
51,75,16719.303657
51,77,16718.216633
51,78,16702.051451
51,80,16565.094440
51,86,16490.082005
51,88,16454.498293
51,91,16373.378605
51,100,16151.635375
51,102,16001.040997
51,105,15954.351691
52,49,21477.987854
52,50,21291.889569
52,51,18179.737886
52,54,17424.877807
52,55,17374.071357
52,56,17262.841826
52,57,17119.303450
52,59,17048.040958
52,70,16883.527804
52,72,16855.468186
52,74,16777.713930
52,75,16695.846747
52,79,16458.785397
52,88,16407.721178
52,91,16351.115442
52,100,15935.426568
52,105,15877.629823
53,49,21477.987854
53,50,21291.889569
53,51,18179.737886
53,53,17743.947776
53,54,17011.219495
53,70,16883.527804
53,72,16855.468186
53,74,16777.713930
53,75,16695.846747
53,79,16458.785397
53,88,16407.721178
53,91,16351.115442
53,100,15935.426568
53,105,15877.629823
54,49,21477.987854
54,50,21291.889569
54,51,17895.351606
54,53,17417.682001
54,54,17011.219495
54,60,16820.666636
54,68,16753.103624
54,73,16745.665658
54,75,16695.846747
54,78,16651.522858
54,79,16458.785397
54,82,16395.065935
54,91,16351.115442
54,100,15935.426568
54,105,15877.629823
55,49,21477.987854
55,50,19543.936851
55,51,17895.351606
55,52,17758.386068
55,53,17417.682001
55,54,17011.219495
55,60,16820.666636
55,68,16753.103624
55,71,16516.278385
55,79,16458.785397
55,82,16395.065935
55,89,16378.893417
55,91,16351.115442
55,100,15935.426568
55,105,15877.629823
56,49,21311.062518
56,50,18607.582198
56,51,17895.351606
56,52,17477.913388
56,53,17417.682001
56,54,17011.219495
56,57,16981.783794
56,58,16704.321387
56,65,16641.655903
56,71,16516.278385
56,79,16362.294083
56,91,16351.115442
56,99,16038.630668
56,100,15935.426568
56,105,15877.629823
57,49,21311.062518
57,50,18607.582198
57,51,17895.351606
57,52,17477.913388
57,53,17417.682001
57,54,17011.219495
57,57,16629.691699
57,71,16516.278385
57,76,16444.333309
57,79,16362.294083
57,84,16302.235725
57,92,16264.088706
57,99,16031.331915
57,100,15935.426568
57,105,15877.629823
58,49,19087.013552
58,50,18607.582198
58,51,17895.351606
58,52,17477.913388
58,53,17367.659339
58,54,17011.219495
58,57,16629.691699
58,60,16620.044580
58,61,16551.546368
58,63,16467.670943
58,69,16283.485782
58,76,16182.962696
58,99,16031.331915
58,100,15935.426568
58,105,15877.629823
59,49,19087.013552
59,50,18607.582198
59,51,17895.351606
59,52,17477.913388
59,53,17367.659339
59,54,16923.503094
59,56,16533.224945
59,61,16441.069237
59,62,16297.908819
59,65,16285.500419
59,68,16174.908048
59,75,16152.559140
59,99,15996.314121
59,100,15935.426568
59,105,15860.716922
60,48,19115.263949
60,49,19087.013552
60,50,18333.084729
60,51,17895.351606
60,52,17477.913388
60,53,17367.659339
60,54,16923.503094
60,56,16533.224945
60,61,16441.069237
60,62,16297.908819
60,65,16285.500419
60,68,16174.908048
60,75,16152.559140
60,86,16071.569864
60,94,16057.603126
60,99,15996.314121
60,100,15935.426568
60,105,15860.716922
61,48,19115.263949
61,49,19087.013552
61,50,17839.012682
61,52,17477.913388
61,53,17367.659339
61,54,16923.503094
61,56,16533.224945
61,61,16246.197070
61,65,16232.281503
61,67,16094.012414
61,84,15922.546932
61,99,15888.907887
61,105,15860.716922
62,48,19115.263949
62,49,18082.022928
62,50,17584.764791
62,52,17477.913388
62,53,17367.659339
62,54,16923.503094
62,55,16846.526515
62,56,16533.224945
62,60,16454.158851
62,61,16246.197070
62,65,16232.281503
62,67,16094.012414
62,80,15930.606715
62,84,15922.546932
62,99,15888.907887
62,105,15860.716922
63,48,19115.263949
63,49,18082.022928
63,50,17584.764791
63,52,17477.913388
63,53,17243.201349
63,54,16829.186412
63,56,16533.224945
63,60,16454.158851
63,61,16246.197070
63,65,16232.281503
63,67,16094.012414
63,76,15900.274226
63,99,15888.907887
63,105,15860.716922
64,48,18253.032621
64,49,18082.022928
64,50,17584.764791
64,52,17268.086724
64,53,17243.201349
64,54,16829.186412
64,56,16533.224945
64,60,16454.158851
64,61,16246.197070
64,65,16232.281503
64,67,16094.012414
64,71,15889.065785
64,99,15888.907887
64,105,15860.716922
65,48,18253.032621
65,49,17853.919353
65,50,17584.764791
65,52,17268.086724
65,53,16980.083119
65,54,16649.371688
65,56,16533.224945
65,60,16442.606945
65,61,16225.210786
65,64,16199.710802
65,67,16034.326053
65,68,15802.118369
66,48,18253.032621
66,49,17853.919353
66,50,17584.764791
66,51,17226.688174
66,53,16980.083119
66,54,16649.371688
66,56,16533.224945
66,60,16442.606945
66,61,16225.210786
66,64,16199.710802
66,67,16034.326053
66,68,15802.118369
67,48,18253.032621
67,49,17834.339757
67,50,17489.303158
67,51,17131.276697
67,52,16905.265966
67,54,16575.752977
67,56,16476.542421
67,60,16369.096015
67,61,16182.076848
67,67,16034.326053
67,68,15793.000819
68,48,18253.032621
68,49,17650.849053
68,50,17181.592267
68,51,17131.276697
68,52,16905.265966
68,53,16725.254724
68,54,16575.752977
68,56,16476.542421
68,60,16369.096015
68,61,16182.076848
68,67,16034.326053
68,68,15793.000819
68,76,15737.970971
69,48,18253.032621
69,49,17650.849053
69,50,17181.592267
69,51,17131.276697
69,52,16905.265966
69,53,16649.101617
69,54,16541.697506
69,56,16450.757597
69,60,16369.096015
69,61,16178.226355
69,67,16034.326053
69,68,15740.460647
69,75,15680.723641
69,83,15676.465135
70,48,18253.032621
70,49,17650.849053
70,50,17181.592267
70,51,17131.276697
70,52,16583.863408
70,54,16541.697506
70,56,16450.757597
70,60,16369.096015
70,61,16178.226355
70,66,16174.515032
70,67,15651.292949
71,47,19282.968181
71,48,18253.032621
71,49,17378.765643
71,50,17014.784949
71,51,16828.861529
71,52,16561.712138
71,54,16499.430871
71,55,16446.507787
71,60,16369.096015
71,61,16127.754210
71,66,15602.556734
72,47,19282.968181
72,48,18253.032621
72,49,17140.121720
72,50,17014.784949
72,51,16828.861529
72,52,16561.712138
72,54,16499.430871
72,55,16446.507787
72,60,16369.096015
72,61,16127.754210
72,66,15602.556734
73,47,19282.968181
73,48,18253.032621
73,49,17140.121720
73,50,16992.488132
73,51,16674.558772
73,52,16519.689272
73,54,16438.422747
73,55,16384.424413
73,59,16320.475940
73,61,16127.754210
73,66,15568.226063
74,47,19282.968181
74,48,17038.691431
74,50,16992.488132
74,51,16674.558772
74,52,16519.689272
74,54,16438.422747
74,55,16384.424413
74,59,16320.475940
74,61,16127.754210
74,66,15568.226063
74,75,15476.459569
75,47,17901.980611
75,48,17038.691431
75,50,16918.867803
75,51,16666.852431
75,52,16519.689272
75,54,16438.422747
75,55,16152.251653
75,57,16030.450381
75,66,15568.226063
75,75,15450.859242
76,47,17501.232376
76,48,17038.691431
76,50,16765.176918
76,51,16666.852431
76,52,16519.689272
76,54,16438.422747
76,55,16152.251653
76,57,16030.450381
76,66,15568.226063
76,75,15450.859242
77,47,17442.038781
77,48,17038.691431
77,50,16724.713825
77,51,16505.859717
77,54,16433.501619
77,55,16152.251653
77,57,16030.450381
77,66,15464.932755
77,72,15340.440369
78,47,17442.038781
78,48,17038.691431
78,50,16724.713825
78,51,16505.859717
78,54,16283.856043
78,55,16152.251653
78,57,16030.450381
78,58,15921.663193
78,66,15464.932755
78,71,15416.242655
78,72,15340.440369
79,47,17254.090126
79,48,17038.691431
79,50,16631.340173
79,51,16482.385851
79,54,16188.713260
79,55,16143.485409
79,57,15976.616177
79,58,15918.809476
79,65,15750.196907
79,66,15464.932755
79,71,15416.242655
79,72,15338.851748
80,46,17528.042138
80,47,17212.824863
80,48,17038.691431
80,49,16917.690960
80,50,16631.340173
80,51,16482.385851
80,54,16188.713260
80,55,16143.485409
80,57,15976.616177
80,58,15918.809476
80,65,15750.196907
80,66,15464.932755
80,70,15463.764677
80,71,15342.415286
80,72,15338.851748
81,45,18157.055645
81,46,17324.185062
81,47,17206.353855
81,48,17038.691431
81,49,16917.690960
81,50,16631.340173
81,51,16410.000288
81,54,16076.088553
81,57,15976.616177
81,58,15873.018979
81,65,15750.196907
81,66,15451.340884
81,70,15300.086849
81,72,15290.506315
82,45,18157.055645
82,46,17324.185062
82,47,17193.371990
82,48,16962.033265
82,49,16917.690960
82,50,16631.340173
82,51,16410.000288
82,54,16076.088553
82,57,15976.616177
82,58,15873.018979
82,65,15750.196907
82,66,15451.340884
82,70,15300.086849
82,72,15290.506315
83,45,18157.055645
83,46,17324.185062
83,47,17144.426014
83,48,16962.033265
83,49,16884.282784
83,50,16558.012669
83,51,16397.514654
83,54,16007.480613
83,57,15976.616177
83,58,15856.646436
83,64,15713.852454
83,66,15392.324584
83,69,15294.793962
83,72,15256.991379
84,45,17815.629530
84,46,17324.185062
84,47,17144.426014
84,48,16935.515168
84,49,16884.282784
84,50,16558.012669
84,51,16397.514654
84,54,16007.480613
84,57,15976.616177
84,58,15856.646436
84,61,15782.717912
84,64,15542.615003
84,66,15392.324584
84,69,15294.793962
84,72,15256.991379
85,45,17815.629530
85,46,17209.250963
85,47,17144.426014
85,48,16935.515168
85,49,16884.282784
85,50,16558.012669
85,51,16397.514654
85,54,16007.480613
85,57,15930.787960
85,58,15843.975147
85,59,15701.629990
85,64,15490.880402
85,65,15377.846648
85,69,15280.740262
85,72,15128.776038
86,45,17815.629530
86,46,17209.250963
86,47,17144.426014
86,48,16935.515168
86,49,16884.282784
86,50,16558.012669
86,51,16397.514654
86,54,16007.480613
86,57,15930.787960
86,58,15687.323313
86,64,15490.880402
86,65,15377.846648
86,67,15284.303632
86,69,15280.740262
86,72,15128.776038
87,45,17815.629530
87,46,17209.250963
87,47,17099.566377
87,48,16935.515168
87,49,16874.026554
87,50,16500.691886
87,51,16375.964154
87,54,16007.480613
87,56,15830.944292
87,57,15601.815452
87,64,15329.071979
87,67,15277.629011
87,69,15261.674641
87,72,15120.413379
88,45,17815.629530
88,46,17153.482043
88,47,17035.268367
88,48,16935.515168
88,49,16751.631661
88,50,16500.691886
88,51,16375.964154
88,54,16007.480613
88,56,15830.944292
88,57,15601.815452
88,64,15329.071979
88,66,15259.491212
88,72,15120.413379
89,45,17815.629530
89,46,17153.482043
89,47,17035.268367
89,48,16935.515168
89,49,16751.631661
89,50,16449.624069
89,51,16375.964154
89,53,16244.420011
89,54,16007.480613
89,56,15812.901089
89,57,15591.082707
89,64,15329.071979
89,66,15259.491212
89,72,15120.413379
90,45,17244.242213
90,46,17123.105411
90,47,17035.268367
90,48,16935.515168
90,49,16751.631661
90,50,16449.624069
90,51,16375.964154
90,53,16244.420011
90,54,16007.480613
90,56,15812.901089
90,57,15591.082707
90,64,15329.071979
90,66,15259.491212
90,72,15120.413379
91,44,17376.023471
91,45,17244.242213
91,46,17116.994504
91,47,17035.268367
91,48,16935.515168
91,49,16751.631661
91,50,16449.624069
91,51,16363.940910
91,53,16181.498613
91,54,16007.480613
91,56,15540.273327
91,63,15540.211387
91,64,15329.071979
91,66,15249.319768
91,72,15073.588231
92,44,17133.534139
92,46,17092.215219
92,47,17035.268367
92,48,16864.797258
92,49,16751.631661
92,50,16449.624069
92,51,16363.940910
92,53,16181.498613
92,54,16007.480613
92,56,15540.273327
92,63,15540.211387
92,64,15329.071979
92,66,15249.319768
92,72,15073.588231
93,44,17133.534139
93,45,17027.276143
93,47,16739.364147
93,50,16449.624069
93,51,16317.851083
93,53,16041.834478
93,54,16007.480613
93,56,15514.235629
93,63,15475.545817
93,64,15329.071979
93,66,15210.664911
93,72,15073.588231
94,44,17133.534139
94,45,17027.276143
94,47,16739.364147
94,50,16449.624069
94,51,16317.851083
94,53,16041.834478
94,54,16007.480613
94,56,15514.235629
94,63,15475.545817
94,64,15329.071979
94,66,15210.664911
94,67,15146.207961
94,72,15073.588231
95,43,17270.306309
95,44,17133.534139
95,45,17027.276143
95,47,16739.364147
95,49,16732.811197
95,50,16322.396587
95,51,16298.778735
95,53,15994.036336
95,55,15468.502336
95,64,15329.071979
95,65,15165.637208
95,67,15080.000339
95,72,14996.595161
96,43,17270.223721
96,44,17133.534139
96,45,17027.276143
96,47,16739.364147
96,49,16732.811197
96,50,16322.396587
96,51,16298.778735
96,53,15994.036336
96,55,15468.502336
96,64,15329.071979
96,65,15165.637208
96,67,15080.000339
96,72,14996.595161
97,43,17270.223721
97,44,17133.534139
97,45,17027.276143
97,47,16723.982747
97,48,16670.969131
97,50,16061.311597
97,53,15949.208189
97,55,15468.502336
97,58,15385.995327
97,64,15282.956780
97,65,15165.637208
97,67,15066.262080
97,71,14895.381234
98,43,17263.943897
98,44,17133.534139
98,45,17027.276143
98,47,16723.982747
98,48,16670.969131
98,49,16627.032048
98,50,16061.311597
98,53,15949.208189
98,55,15468.502336
98,58,15385.995327
98,64,15282.956780
98,65,15165.637208
98,67,15066.262080
98,71,14895.381234
99,43,17263.943897
99,44,17133.534139
99,45,16997.375025
99,47,16723.982747
99,48,16670.969131
99,49,16627.032048
99,50,16010.930377
99,53,15936.265852
99,55,15448.610000
99,58,15366.478448
99,61,15338.379930
99,63,15188.921426
99,65,15048.301793
99,69,14999.810414
99,70,14888.596134
100,43,17109.172613
100,45,16997.375025
100,47,16723.982747
100,48,16670.969131
100,49,16563.888603
100,50,16010.930377
100,52,15790.659616
100,55,15448.610000
100,58,15366.478448
100,61,15338.379930
100,63,15188.921426
100,65,15048.301793
100,69,14999.810414
100,70,14888.596134
100,71,14886.072110
101,42,17694.201170
101,43,17109.172613
101,45,16995.430793
101,46,16947.263493
101,47,16723.982747
101,48,16670.969131
101,49,16563.888603
101,50,16010.930377
101,52,15739.062879
101,55,15433.818603
101,58,15366.478448
101,60,15332.634366
101,63,15188.921426
101,64,15016.747976
101,69,14999.810414
101,70,14799.614220
102,42,17694.201170
102,43,17109.172613
102,45,16885.645254
102,47,16723.982747
102,48,16640.381842
102,49,16563.888603
102,50,16010.930377
102,52,15739.062879
102,55,15433.818603
102,58,15366.478448
102,60,15332.634366
102,63,15176.026300
102,64,15016.747976
102,69,14999.810414
102,70,14799.614220
103,42,17694.201170
103,43,17109.172613
103,45,16885.645254
103,46,16865.804134
103,47,16723.982747
103,48,16632.780290
103,49,16515.634060
103,50,15951.923774
103,52,15689.806611
103,55,15406.370791
103,58,15311.420518
103,60,15277.801311
103,63,15176.026300
103,64,15015.261910
103,69,14980.310831
103,70,14799.614220
104,42,17694.201170
104,43,17109.172613
104,44,16782.344113
104,47,16723.982747
104,48,15838.075849
104,52,15689.806611
104,55,15406.370791
104,58,15311.420518
104,60,15218.334369
104,61,15198.819961
104,63,15176.026300
104,64,15015.261910
104,69,14980.310831
104,70,14799.614220
104,72,14786.283443
105,42,17694.201170
105,43,16977.497707
105,44,16782.344113
105,47,16723.982747
105,48,15838.075849
105,52,15685.091777
105,54,15370.199436
105,56,15248.325142
105,60,15198.805229
105,61,15126.880490
105,64,15015.261910
105,68,14965.752849
105,70,14781.361267
106,42,17694.201170
106,43,16787.737734
106,44,16782.344113
106,47,16723.982747
106,48,15838.075849
106,52,15685.091777
106,54,15370.199436
106,56,15248.325142
106,60,15198.805229
106,61,15126.880490
106,64,15015.261910
106,68,14965.752849
106,70,14781.361267
107,42,16727.557641
107,47,16535.629071
107,48,15838.075849
107,52,15661.629596
107,54,15326.455129
107,56,15248.325142
107,60,15176.213747
107,61,15126.880490
107,64,15015.261910
107,67,14978.452068
107,68,14747.953588
108,42,16727.557641
108,46,16608.248621
108,47,16535.629071
108,48,15838.075849
108,52,15661.629596
108,53,15621.215146
108,54,15326.455129
108,56,15248.325142
108,60,15176.213747
108,61,15126.880490
108,63,15072.179999
108,64,15015.261910
108,67,14978.452068
108,68,14747.953588
109,42,16727.557641
109,46,16608.248621
109,47,16535.629071
109,48,15838.075849
109,52,15614.319815
109,54,15324.224904
109,56,15185.452206
109,60,15164.292467
109,61,15126.880490
109,63,15065.564466
109,64,14948.122234
109,68,14746.969708
110,42,16727.557641
110,45,16600.664613
110,47,16535.629071
110,48,15838.075849
110,52,15467.989359
110,54,15324.224904
110,56,15185.452206
110,60,15164.292467
110,61,15126.880490
110,63,15065.564466
110,64,14948.122234
110,68,14746.969708
111,42,16705.360080
111,44,16648.462253
111,45,16600.664613
111,47,16535.629071
111,48,15838.075849
111,51,15374.793814
111,54,15299.797008
111,56,15185.452206
111,60,15164.292467
111,61,15126.880490
111,62,15105.176712
111,63,15065.564466
111,64,14947.235254
111,68,14746.969708
112,42,16688.906086
112,44,16536.640848
112,47,16415.301857
112,48,15838.075849
112,51,15374.793814
112,54,15299.797008
112,56,15185.452206
112,60,15164.292467
112,61,15126.880490
112,62,15105.176712
112,63,15065.564466
112,64,14947.235254
112,68,14746.969708
113,41,17389.936689
113,42,16688.906086
113,44,16373.716626
113,47,16312.602881
113,48,15816.810942
113,50,15358.634294
113,54,15298.362701
113,56,15171.187241
113,59,15016.986489
113,64,14947.235254
113,68,14734.290387
114,41,16969.036141
114,42,16688.906086
114,44,16373.716626
114,47,16312.602881
114,48,15816.810942
114,50,15358.634294
114,54,15298.362701
114,56,15171.187241
114,59,15016.986489
114,64,14947.235254
114,68,14734.290387
115,41,16969.036141
115,42,16677.135085
115,44,16325.175907
115,47,16304.650081
115,48,15816.810942
115,50,15331.599630
115,54,15298.362701
115,56,15171.187241
115,59,15016.986489
115,64,14947.235254
115,68,14711.025206
116,41,16969.036141
116,42,16629.312847
116,44,16325.175907
116,47,16304.650081
116,48,15816.810942
116,49,15667.900443
116,50,15331.599630
116,54,15298.362701
116,56,15171.187241
116,59,15016.986489
116,63,14944.986000
116,68,14711.025206
117,41,16969.036141
117,42,16585.443850
117,44,16325.175907
117,47,16304.650081
117,48,15760.962772
117,49,15667.900443
117,50,15331.599630
117,54,15247.358739
117,56,15163.814724
117,59,15011.732001
117,63,14893.288925
117,68,14675.918746
118,41,16969.036141
118,42,16585.443850
118,44,16325.175907
118,47,16137.338612
118,48,15760.962772
118,49,15667.900443
118,50,15331.599630
118,54,15247.358739
118,56,15163.814724
118,59,15011.732001
118,61,14996.257223
118,63,14893.288925
118,68,14675.918746
119,41,16922.293187
119,42,16585.443850
119,44,16325.175907
119,47,16137.338612
119,48,15646.983885
119,50,15319.019468
119,54,15208.756950
119,56,15163.549223
119,57,15098.747870
119,59,15005.933526
119,61,14996.257223
119,62,14878.250296
119,68,14669.660946
120,41,16922.293187
120,42,16585.443850
120,43,16204.392002
120,47,16137.338612
120,48,15646.983885
120,50,15319.019468
120,53,15216.066689
120,54,15208.756950
120,55,15146.036403
120,57,15098.747870
120,59,15005.933526
120,61,14996.257223
120,62,14878.250296
120,68,14669.660946
121,41,16922.293187
121,42,16585.443850
121,43,16204.392002
121,47,16137.338612
121,48,15621.290438
121,50,15234.781386
121,53,15216.066689
121,54,15208.756950
121,55,15106.838400
121,57,15077.353265
121,59,15005.759301
121,61,14972.075020
121,62,14878.250296
121,68,14669.152392
122,40,17634.235466
122,41,16679.782359
122,42,16585.443850
122,43,16204.392002
122,47,16137.338612
122,48,15621.290438
122,50,15234.781386
122,53,15216.066689
122,54,15208.756950
122,55,15106.838400
122,57,15077.353265
122,59,15005.759301
122,61,14972.075020
122,62,14878.250296
122,68,14669.152392
123,40,17634.235466
123,41,16679.782359
123,42,16585.443850
123,43,16204.392002
123,47,16137.338612
123,48,15621.290438
123,50,15144.647889
123,55,15106.838400
123,57,15069.184338
123,58,14929.031632
123,62,14878.250296
123,64,14851.453566
123,67,14631.406580
124,40,17634.235466
124,41,16679.782359
124,42,16585.443850
124,43,16204.392002
124,47,16137.338612
124,48,15621.290438
124,50,15144.647889
124,55,15106.838400
124,57,15069.184338
124,58,14929.031632
124,62,14878.250296
124,64,14851.453566
124,67,14631.406580
125,40,17300.690536
125,41,16679.782359
125,42,16585.443850
125,43,16186.561927
125,47,16137.338612
125,48,15621.290438
125,50,15093.882788
125,55,15090.205451
125,57,15063.200178
125,58,14929.031632
125,62,14860.734073
125,63,14840.003019
125,67,14631.406580
126,40,17300.690536
126,41,16679.782359
126,42,16585.443850
126,43,16186.561927
126,47,16137.338612
126,48,15621.290438
126,50,15093.882788
126,55,15090.205451
126,57,15063.200178
126,58,14929.031632
126,62,14860.734073
126,63,14840.003019
126,67,14631.406580
127,40,17300.690536
127,41,16679.782359
127,42,16464.473793
127,43,16147.904597
127,47,16137.338612
127,48,15608.606753
127,49,15533.694038
127,50,15065.239324
127,57,15058.021111
127,58,14929.031632
127,62,14860.734073
127,63,14804.408236
127,67,14631.406580
128,40,16977.895012
128,41,16679.782359
128,42,16464.473793
128,43,16147.904597
128,47,16137.338612
128,48,15608.606753
128,49,15333.969826
128,50,15065.239324
128,57,15058.021111
128,58,14929.031632
128,62,14860.734073
128,63,14804.408236
128,67,14631.406580
129,40,16977.895012
129,41,16629.142955
129,42,16464.473793
129,43,16099.150603
129,48,15546.721958
129,49,15333.969826
129,50,15044.898962
129,57,15027.933479
129,58,14929.031632
129,62,14833.477421
129,63,14804.408236
129,67,14631.406580
130,40,16977.895012
130,41,16629.142955
130,42,16464.473793
130,43,16099.150603
130,48,15546.721958
130,49,15193.809461
130,50,15044.898962
130,57,15027.933479
130,58,14929.031632
130,61,14840.424672
130,62,14833.477421
130,63,14804.408236
130,67,14631.406580
131,40,16977.895012
131,41,16629.142955
131,42,16464.473793
131,43,16099.150603
131,48,15537.346350
131,49,15070.828698
131,50,15044.898962
131,53,14852.129891
131,61,14840.424672
131,62,14816.869312
131,63,14804.408236
131,67,14631.406580
132,40,16977.895012
132,41,16629.142955
132,42,16464.473793
132,43,16099.150603
132,47,15713.875315
132,48,15537.346350
132,49,15070.828698
132,50,15044.898962
132,51,15030.413197
132,53,14852.129891
132,61,14840.424672
132,62,14816.869312
132,63,14804.408236
132,65,14783.019585
132,67,14631.406580
133,40,16977.895012
133,41,16629.142955
133,42,16464.473793
133,43,16099.150603
133,47,15713.875315
133,48,15505.539390
133,49,15070.828698
133,50,15041.338825
133,51,15008.329055
133,53,14848.427287
133,61,14840.424672
133,62,14816.107823
133,63,14802.914894
133,65,14664.931148
133,66,14606.058299
134,40,16977.895012
134,41,16629.142955
134,42,16447.301068
134,43,16099.150603
134,47,15713.875315
134,48,15505.539390
134,49,15070.828698
134,50,15041.338825
134,51,15008.329055
134,53,14848.427287
134,61,14840.424672
134,62,14816.107823
134,63,14790.859211
134,65,14664.931148
134,66,14606.058299
135,40,16977.895012
135,41,16629.142955
135,42,16104.273199
135,43,16099.150603
135,47,15389.664869
135,49,15068.044237
135,50,15041.338825
135,51,14989.630452
135,53,14848.427287
135,60,14758.328531
135,65,14663.560545
135,66,14606.058299
136,40,16977.895012
136,41,16629.142955
136,42,16104.273199
136,43,16099.150603
136,47,15389.664869
136,49,15068.044237
136,50,15041.338825
136,51,14989.630452
136,53,14848.427287
136,60,14758.328531
136,65,14663.560545
136,66,14606.058299
137,40,16977.895012
137,41,16629.142955
137,42,16104.273199
137,43,16099.150603
137,45,15991.151790
137,47,15388.068715
137,49,15043.381810
137,50,15041.338825
137,51,14989.630452
137,53,14848.427287
137,60,14743.945708
137,63,14652.761459
137,66,14601.498086
138,40,16977.895012
138,41,16629.142955
138,42,16104.273199
138,43,16048.582907
138,45,15991.151790
138,47,15388.068715
138,49,15043.381810
138,50,15041.338825
138,51,14989.630452
138,53,14848.427287
138,57,14814.145011
138,60,14743.945708
138,63,14652.761459
138,66,14601.498086
139,40,16977.895012
139,41,16629.142955
139,42,16104.273199
139,43,16048.582907
139,45,15898.953679
139,47,15364.874825
139,49,15036.627612
139,51,14987.466809
139,53,14801.605588
139,60,14743.763934
139,62,14642.746597
139,66,14601.498086
140,40,16977.895012
140,41,16629.142955
140,42,16083.714466
140,43,16048.582907
140,45,15898.953679
140,47,15364.874825
140,49,15036.627612
140,51,14987.466809
140,53,14801.605588
140,60,14743.763934
140,62,14642.746597
140,66,14601.498086
141,40,16977.895012
141,41,16629.142955
141,42,16045.714263
141,45,15896.811179
141,47,15353.074423
141,49,15032.237613
141,51,14959.534868
141,53,14801.605588
141,60,14722.250237
141,62,14632.139006
141,66,14601.498086
142,40,16977.895012
142,41,16629.142955
142,42,16045.714263
142,44,16025.422481
142,45,15896.811179
142,47,15353.074423
142,49,15032.237613
142,51,14959.534868
142,53,14801.605588
142,60,14706.536781
142,62,14632.139006
142,66,14601.498086
143,40,16977.895012
143,41,16629.142955
143,42,16045.714263
143,43,15939.081527
143,45,15868.811219
143,47,15307.827093
143,49,15030.242413
143,51,14959.353094
143,53,14801.605588
143,60,14706.536781
143,62,14629.544855
143,65,14584.063833
144,40,16977.895012
144,41,16629.142955
144,42,16045.714263
144,43,15939.081527
144,45,15868.811219
144,47,15307.827093
144,49,15030.242413
144,51,14959.353094
144,53,14801.605588
144,60,14706.536781
144,62,14579.128509
145,40,16977.895012
145,41,16629.142955
145,42,15951.789985
145,43,15939.081527
145,45,15816.434842
145,47,15295.021227
145,49,14979.073563
145,51,14959.353094
145,53,14686.285494
145,61,14661.973689
145,62,14564.532800
146,40,16977.895012
146,41,16629.142955
146,42,15951.789985
146,43,15912.635310
146,45,15816.434842
146,47,15295.021227
146,49,14979.073563
146,51,14959.353094
146,53,14686.285494
146,61,14661.973689
146,62,14564.532800
147,40,16977.895012
147,41,16629.142955
147,42,15922.107713
147,43,15817.848385
147,45,15813.251248
147,47,15250.624669
147,49,14979.073563
147,51,14959.353094
147,53,14686.285494
147,59,14620.991111
147,62,14534.556475
148,40,16977.895012
148,41,16171.810955
148,42,15922.107713
148,43,15817.848385
148,45,15692.808507
148,47,15250.624669
148,49,14979.073563
148,51,14959.353094
148,53,14686.285494
148,59,14620.991111
148,62,14534.556475
149,40,16977.895012
149,41,16171.810955
149,42,15922.107713
149,43,15813.333207
149,44,15792.321273
149,45,15692.808507
149,47,15242.779537
149,49,14977.519067
149,51,14959.353094
149,53,14653.899757
149,59,14620.991111
149,61,14553.679559
149,62,14534.556475
150,40,16977.895012
150,41,16171.810955
150,42,15922.107713
150,43,15813.333207
150,44,15792.321273
150,45,15692.808507
150,47,15242.779537
150,49,14977.519067
150,51,14959.353094
150,53,14653.899757
150,59,14620.991111
150,61,14553.679559
150,62,14534.556475
151,40,16977.895012
151,41,16066.852277
151,42,15922.107713
151,43,15813.333207
151,44,15787.400771
151,45,15662.016492
151,47,15221.265840
151,49,14969.834214
151,51,14959.353094
151,53,14653.899757
151,59,14620.991111
151,61,14500.237803
152,39,17053.596718
152,40,16977.895012
152,41,16066.852277
152,42,15922.107713
152,43,15813.333207
152,44,15787.400771
152,45,15662.016492
152,47,15221.265840
152,49,14969.834214
152,51,14959.353094
152,53,14653.899757
152,59,14620.991111
152,61,14500.237803
153,39,17053.596718
153,40,16977.895012
153,41,16066.852277
153,42,15922.107713
153,43,15707.186697
153,45,15662.016492
153,47,15221.265840
153,49,14969.834214
153,51,14935.357108
153,53,14644.543184
153,59,14556.753603
153,61,14500.237803
154,39,17053.596718
154,40,16879.119150
154,41,16066.852277
154,42,15922.107713
154,43,15707.186697
154,45,15662.016492
154,47,15221.265840
154,49,14969.834214
154,50,14928.085253
154,51,14854.375851
154,53,14644.543184
154,59,14556.753603
154,61,14500.237803
155,39,17053.596718
155,40,16879.119150
155,41,16066.852277
155,42,15922.107713
155,43,15707.186697
155,45,15606.828892
155,46,15585.472350
155,47,15218.413942
155,49,14955.183258
155,50,14866.880516
155,51,14854.375851
155,53,14644.543184
155,56,14542.140553
155,61,14500.237803
156,39,17053.596718
156,40,16879.119150
156,41,16066.852277
156,42,15922.107713
156,43,15707.186697
156,44,15701.951571
156,45,15606.828892
156,46,15585.472350
156,47,15218.413942
156,49,14955.183258
156,50,14866.880516
156,51,14854.375851
156,53,14644.543184
156,55,14636.239565
156,56,14542.140553
156,61,14500.237803
157,39,17053.596718
157,40,16879.119150
157,41,16066.852277
157,42,15917.979731
157,43,15707.186697
157,44,15701.951571
157,45,15547.727900
157,47,15218.413942
157,49,14955.183258
157,50,14862.949047
157,51,14854.375851
157,53,14644.543184
157,55,14632.657025
157,56,14529.951415
157,61,14500.237803
157,63,14451.942720
158,39,17053.596718
158,40,16879.119150
158,41,16066.852277
158,42,15895.800790
158,43,15707.186697
158,44,15701.951571
158,45,15547.727900
158,47,15218.413942
158,49,14955.183258
158,50,14862.949047
158,51,14854.375851
158,53,14644.543184
158,55,14632.657025
158,56,14478.863650
158,63,14451.942720
159,39,17053.596718
159,40,16879.119150
159,41,16066.852277
159,42,15895.800790
159,43,15707.186697
159,44,15612.675137
159,45,15521.762079
159,47,15196.226356
159,49,14955.183258
159,50,14836.454359
159,51,14830.968219
159,53,14636.950991
159,55,14608.193915
159,56,14464.372478
159,63,14440.461918
160,39,17053.596718
160,40,16879.119150
160,41,16066.852277
160,42,15895.800790
160,43,15707.186697
160,44,15612.675137
160,45,15521.762079
160,47,15196.226356
160,49,14955.183258
160,50,14836.454359
160,51,14830.968219
160,53,14636.950991
160,55,14608.193915
160,56,14464.372478
160,63,14440.461918
161,39,17053.596718
161,40,16879.119150
161,41,15967.269077
161,42,15895.800790
161,43,15707.186697
161,44,15612.675137
161,45,15469.661287
161,47,15196.226356
161,49,14954.229564
161,50,14833.952167
161,51,14830.968219
161,53,14587.803076
161,55,14579.315900
161,56,14463.625401
161,57,14452.289421
161,63,14434.526214
162,39,17053.596718
162,40,16879.119150
162,41,15967.269077
162,42,15895.800790
162,43,15707.186697
162,44,15612.675137
162,45,15469.661287
162,47,15196.226356
162,49,14954.229564
162,50,14833.952167
162,51,14830.968219
162,53,14587.803076
162,55,14579.315900
162,56,14463.625401
162,57,14450.260974
162,63,14434.526214
163,39,17053.596718
163,40,16862.021218
163,41,15967.269077
163,42,15895.800790
163,43,15707.186697
163,44,15612.675137
163,45,15446.417444
163,47,15196.226356
163,48,14921.857438
163,50,14833.952167
163,51,14813.199543
163,53,14574.602400
163,56,14463.625401
163,57,14434.185260
163,63,14427.803795
164,39,17053.596718
164,40,16862.021218
164,41,15967.269077
164,42,15867.582499
164,43,15707.186697
164,44,15612.675137
164,45,15446.417444
164,47,15196.226356
164,48,14921.857438
164,50,14833.952167
164,51,14813.199543
164,53,14574.602400
164,55,14426.084489
165,39,17053.596718
165,40,16849.605301
165,41,15967.269077
165,42,15867.582499
165,43,15707.186697
165,44,15580.129712
165,45,15419.642750
165,47,15194.648559
165,48,14916.332187
165,49,14772.107914
165,51,14749.844867
165,53,14559.990376
165,55,14426.084489
166,39,17053.596718
166,40,16849.605301
166,41,15967.269077
166,42,15867.582499
166,43,15707.186697
166,44,15580.129712
166,45,15419.642750
166,47,15194.648559
166,48,14916.332187
166,49,14772.107914
166,51,14749.844867
166,53,14559.990376
166,55,14426.084489
167,39,17053.596718
167,40,16849.605301
167,41,15967.269077
167,42,15785.132774
167,43,15656.109891
167,44,15568.465691
167,45,15410.574745
167,47,15106.769777
167,48,14912.693628
167,49,14754.108796
167,50,14703.522956
167,53,14558.783986
167,55,14426.084489
168,39,17053.596718
168,40,16849.605301
168,41,15967.269077
168,42,15785.132774
168,43,15656.109891
168,44,15568.465691
168,45,15410.574745
168,47,15106.769777
168,48,14912.693628
168,49,14754.108796
168,50,14703.522956
168,53,14558.783986
168,55,14426.084489
169,39,17053.596718
169,40,16849.605301
169,41,15967.269077
169,42,15774.664621
169,43,15648.157566
169,44,15543.413469
169,45,15377.910248
169,47,15106.769777
169,48,14894.999058
169,49,14754.108796
169,50,14651.249858
169,53,14558.783986
169,55,14426.045539
170,39,17026.528212
170,40,16849.605301
170,41,15967.269077
170,42,15774.664621
170,43,15648.157566
170,44,15543.413469
170,45,15377.910248
170,47,15106.769777
170,48,14894.999058
170,49,14754.108796
170,50,14651.249858
170,53,14558.783986
170,55,14426.045539
171,39,17010.467591
171,40,16849.605301
171,41,15967.269077
171,42,15774.664621
171,43,15648.157566
171,44,15543.413469
171,45,15377.754410
171,47,15092.889149
171,48,14888.231791
171,49,14754.108796
171,50,14603.142198
171,53,14558.783986
171,55,14426.045539
171,56,14399.539395
172,39,17010.467591
172,40,16843.693784
172,41,15967.269077
172,42,15774.664621
172,43,15648.157566
172,44,15543.413469
172,45,15377.754410
172,47,15092.889149
172,48,14888.231791
172,49,14754.108796
172,50,14603.142198
172,53,14558.783986
172,55,14426.045539
172,56,14399.539395
173,39,17010.467591
173,40,16843.693784
173,41,15967.269077
173,42,15620.426463
173,43,15527.554884
173,45,15356.461744
173,47,15063.572011
173,48,14869.821463
173,49,14754.108796
173,50,14603.142198
173,53,14533.342040
173,55,14396.905072
174,39,17010.467591
174,40,16839.680234
174,41,15933.052974
174,42,15620.426463
174,43,15527.554884
174,45,15356.461744
174,47,15063.572011
174,48,14869.821463
174,49,14754.108796
174,50,14603.142198
174,53,14533.342040
174,55,14396.905072
175,39,16950.500242
175,40,16839.680234
175,41,15933.052974
175,42,15577.131442
175,43,15527.554884
175,45,15356.461744
175,46,15340.428464
175,47,15059.617281
175,48,14838.780729
175,49,14754.108796
175,50,14589.139238
175,53,14533.342040
175,55,14392.159097
176,39,16949.539788
176,40,16839.680234
176,41,15933.052974
176,42,15577.131442
176,43,15527.554884
176,45,15356.461744
176,46,15340.428464
176,47,15059.617281
176,48,14838.780729
176,49,14754.108796
176,50,14589.139238
176,53,14533.342040
176,55,14392.159097
176,57,14382.203802
177,39,16949.539788
177,40,16839.680234
177,41,15933.052974
177,42,15577.131442
177,43,15486.866828
177,45,15347.503230
177,46,15174.683381
177,47,15048.835897
177,48,14822.302818
177,49,14750.601117
177,50,14588.938828
177,53,14533.342040
177,54,14364.433240
178,39,16949.539788
178,40,16838.902862
178,41,15933.052974
178,42,15577.131442
178,43,15486.866828
178,45,15347.503230
178,46,15174.683381
178,47,15048.835897
178,48,14822.302818
178,49,14750.601117
178,50,14588.938828
178,53,14533.342040
178,54,14364.433240
178,57,14352.286757
179,39,16949.539788
179,40,16838.902862
179,41,15933.052974
179,42,15577.131442
179,43,15486.866828
179,44,15435.873100
179,45,15346.164744
179,46,15174.683381
179,47,15048.835897
179,48,14822.302818
179,49,14750.601117
179,50,14558.278592
179,53,14531.677304
179,54,14363.501305
179,57,14349.243363
180,39,16949.539788
180,40,16838.902862
180,41,15933.052974
180,42,15577.131442
180,43,15486.866828
180,44,15373.026236
180,45,15324.457184
180,46,15174.683381
180,47,15048.835897
180,48,14822.302818
180,49,14750.601117
180,50,14558.278592
180,53,14531.677304
180,54,14326.033154
181,39,16796.992452
181,40,16383.451190
181,41,15933.052974
181,42,15577.131442
181,43,15486.866828
181,44,15309.997734
181,46,15143.018498
181,47,15047.805546
181,48,14740.820559
181,50,14554.335540
181,53,14531.677304
181,54,14326.033154
182,39,16796.992452
182,40,16383.451190
182,41,15933.052974
182,42,15577.131442
182,43,15486.866828
182,44,15309.997734
182,46,15143.018498
182,47,15047.805546
182,48,14740.820559
182,50,14554.335540
182,53,14531.677304
182,54,14325.414473
183,39,16796.992452
183,40,16383.451190
183,41,15876.121437
183,42,15468.600858
183,44,15309.997734
183,46,15138.454072
183,47,15047.805546
183,48,14731.497836
183,50,14538.850730
183,53,14493.357554
183,54,14325.414473
184,39,16796.992452
184,40,16383.451190
184,41,15876.121437
184,42,15468.600858
184,44,15309.997734
184,46,15138.454072
184,47,15047.805546
184,48,14731.497836
184,50,14538.850730
184,53,14493.357554
184,54,14325.414473
185,39,16796.992452
185,40,16330.378676
185,41,15832.336706
185,42,15468.600858
185,44,15309.997734
185,46,15134.777887
185,47,15047.805546
185,48,14723.041051
185,50,14517.154944
185,53,14474.810449
185,54,14322.858841
186,39,16796.992452
186,40,16330.378676
186,41,15832.336706
186,42,15468.600858
186,44,15309.997734
186,46,15134.777887
186,47,15047.805546
186,48,14723.041051
186,50,14517.154944
186,53,14474.810449
186,54,14322.858841
187,39,16796.992452
187,40,16316.368703
187,41,15827.479312
187,42,15381.009310
187,44,15309.997734
187,46,15134.777887
187,47,15047.805546
187,48,14723.041051
187,50,14510.979138
187,53,14474.810449
187,54,14313.502268
188,39,16796.992452
188,40,16316.368703
188,41,15827.479312
188,42,15381.009310
188,44,15309.997734
188,46,15134.777887
188,47,15047.805546
188,48,14723.041051
188,50,14510.979138
188,53,14474.810449
188,54,14313.502268
188,55,14289.295754
189,39,16796.992452
189,40,16316.368703
189,41,15827.479312
189,42,15381.009310
189,44,15309.997734
189,45,15294.242093
189,46,15090.451626
189,47,15030.832673
189,48,14723.041051
189,50,14510.979138
189,51,14478.281588
189,53,14453.804608
189,54,14313.502268
189,55,14289.295754
189,56,14282.954086
190,38,17490.317207
190,39,16796.992452
190,40,16316.368703
190,41,15827.479312
190,42,15381.009310
190,44,15309.997734
190,45,15294.242093
190,46,15090.451626
190,47,15030.832673
190,48,14723.041051
190,50,14510.979138
190,51,14478.281588
190,53,14453.804608
190,54,14313.502268
190,55,14289.295754
190,56,14282.954086
191,38,17490.317207
191,39,16796.992452
191,40,16316.368703
191,41,15827.479312
191,42,15381.009310
191,44,15309.997734
191,45,15294.242093
191,46,15072.447774
191,47,15030.832673
191,48,14720.140664
191,50,14493.686336
191,51,14478.281588
191,53,14435.443953
191,54,14274.512620
192,38,17490.317207
192,39,16796.992452
192,40,16022.536415
192,41,15827.479312
192,42,15381.009310
192,44,15309.997734
192,45,15294.242093
192,46,15072.447774
192,47,15030.832673
192,48,14720.140664
192,50,14493.686336
192,51,14478.281588
192,53,14435.443953
192,54,14274.512620
192,55,14271.201759
193,38,17490.317207
193,39,16796.992452
193,40,16022.536415
193,41,15827.479312
193,42,15381.009310
193,44,15254.929521
193,46,15033.452858
193,47,15027.562817
193,48,14707.522563
193,50,14493.686336
193,51,14467.686214
193,53,14435.443953
193,54,14274.512620
193,55,14263.652084
194,38,17490.317207
194,39,16452.850796
194,40,16022.536415
194,41,15827.479312
194,42,15381.009310
194,44,15197.289226
194,46,15033.452858
194,47,15027.562817
194,48,14707.522563
194,50,14493.686336
194,51,14467.686214
194,53,14435.443953
194,54,14274.512620
194,55,14263.652084
195,38,16961.332449
195,39,16452.850796
195,40,16022.536415
195,41,15827.479312
195,42,15374.284625
195,44,15194.749044
195,46,15033.452858
195,47,14996.795308
195,48,14707.522563
195,50,14493.686336
195,51,14467.686214
195,53,14283.121819
195,54,14271.518043
195,55,14263.615115
196,38,16961.332449
196,39,16452.850796
196,40,15882.160883
196,41,15827.479312
196,42,15374.284625
196,44,15194.749044
196,46,15033.452858
196,47,14996.795308
196,48,14707.522563
196,50,14493.686336
196,51,14467.686214
196,53,14283.121819
196,54,14271.518043
196,55,14245.127387
196,56,14236.663548
197,38,16961.332449
197,39,16452.850796
197,40,15882.160883
197,41,15753.091763
197,42,15374.284625
197,44,15154.100067
197,45,14804.219266
197,48,14682.667232
197,50,14493.686336
197,51,14467.686214
197,53,14282.065510
197,54,14271.518043
197,55,14245.127387
197,56,14204.846656
198,38,16888.624456
198,39,16452.850796
198,40,15882.160883
198,41,15753.091763
198,42,15374.284625
198,44,15154.100067
198,45,14804.219266
198,48,14682.667232
198,50,14493.686336
198,51,14467.686214
198,53,14282.065510
198,54,14271.518043
198,55,14245.127387
198,56,14204.846656
199,38,16888.624456
199,39,16452.850796
199,40,15882.160883
199,41,15753.091763
199,42,15374.284625
199,44,15154.100067
199,45,14804.219266
199,47,14659.290176
199,50,14493.686336
199,51,14467.686214
199,52,14447.387357
199,53,14275.134953
199,54,14256.319002
199,55,14187.362412
200,38,16888.624456
200,39,16313.420927
200,40,15882.160883
200,41,15753.091763
200,42,15374.284625
200,44,15154.100067
200,45,14804.219266
200,47,14659.290176
200,49,14632.250574
200,50,14493.686336
200,51,14467.686214
200,52,14447.387357
200,53,14275.134953
200,54,14256.319002
200,55,14187.362412
201,38,16888.624456
201,39,16313.420927
201,40,15882.160883
201,41,15667.316366
201,42,15374.284625
201,44,15154.100067
201,45,14804.219266
201,47,14659.290176
201,49,14614.816432
201,50,14479.369912
201,51,14467.686214
201,52,14444.465747
201,53,14275.134953
201,54,14256.319002
201,55,14187.362412
202,38,16802.952746
202,39,16313.420927
202,40,15882.160883
202,41,15667.316366
202,42,15374.284625
202,44,15154.100067
202,45,14804.219266
202,47,14659.290176
202,49,14614.816432
202,50,14479.369912
202,51,14467.686214
202,52,14444.465747
202,53,14275.134953
202,54,14256.319002
202,55,14187.362412
203,38,16802.952746
203,39,16283.760680
203,40,15882.160883
203,41,15667.316366
203,42,15374.284625
203,43,15318.725311
203,44,15152.237340
203,45,14804.219266
203,46,14629.071633
203,49,14614.816432
203,50,14450.491898
203,51,14423.428691
203,52,14227.579243
203,55,14184.202793
204,38,16802.952746
204,39,16283.760680
204,40,15882.160883
204,41,15667.316366
204,42,15374.284625
204,43,15318.725311
204,44,15152.237340
204,45,14804.219266
204,46,14629.071633
204,49,14614.816432
204,50,14450.491898
204,51,14423.428691
204,52,14227.579243
204,55,14184.202793
205,38,16658.066950
205,39,16250.871577
205,40,15882.160883
205,41,15667.316366
205,42,15326.200220
205,43,15285.214955
205,44,15152.237340
205,45,14804.219266
205,46,14629.071633
205,49,14576.031395
205,50,14448.275175
205,51,14423.428691
205,52,14227.579243
205,55,14177.978562
206,37,17603.120547
206,38,16658.066950
206,39,16250.871577
206,40,15882.160883
206,41,15601.543890
206,42,15326.200220
206,43,15285.214955
206,44,15152.237340
206,45,14804.219266
206,46,14629.071633
206,49,14576.031395
206,50,14448.275175
206,51,14423.428691
206,52,14227.579243
206,54,14205.874182
206,55,14177.978562
207,37,17603.120547
207,38,16658.066950
207,39,16250.871577
207,40,15882.160883
207,41,15601.543890
207,42,15326.200220
207,43,15212.878134
207,44,15144.697731
207,45,14802.208609
207,46,14629.071633
207,49,14460.140264
207,50,14448.275175
207,51,14422.767595
207,52,14227.579243
207,54,14205.874182
207,55,14162.293074
208,37,17603.120547
208,38,16658.066950
208,39,16250.871577
208,40,15882.160883
208,41,15601.543890
208,42,15326.200220
208,43,15212.878134
208,44,15144.697731
208,45,14802.208609
208,46,14629.071633
208,49,14460.140264
208,50,14448.275175
208,51,14422.767595
208,52,14227.579243
208,54,14205.874182
208,55,14162.293074
209,37,17603.120547
209,38,16658.066950
209,39,16250.871577
209,40,15882.160883
209,41,15601.543890
209,42,15326.200220
209,43,15200.891013
209,44,15140.224670
209,45,14802.208609
209,46,14629.071633
209,48,14586.448454
209,49,14454.490551
209,50,14448.275175
209,51,14408.723095
209,52,14227.579243
209,54,14205.874182
209,55,14162.293074
210,37,17603.120547
210,38,16658.066950
210,39,16250.871577
210,40,15882.160883
210,41,15601.543890
210,42,15230.343560
210,43,15200.891013
210,44,15140.224670
210,45,14802.208609
210,46,14629.071633
210,48,14363.304339
210,52,14227.579243
210,54,14205.874182
210,55,14162.293074
211,37,17603.120547
211,38,16658.066950
211,39,16250.871577
211,40,15882.160883
211,41,15546.774506
211,42,15230.343560
211,43,15200.891013
211,44,15140.224670
211,45,14783.234619
211,46,14627.350249
211,48,14363.304339
211,52,14227.579243
211,53,14173.700446
211,55,14160.402528
212,37,17603.120547
212,38,16658.066950
212,39,16250.871577
212,40,15882.160883
212,41,15546.774506
212,42,15230.343560
212,43,15156.019127
212,44,15140.224670
212,45,14783.234619
212,46,14627.350249
212,48,14363.304339
212,52,14227.579243
212,53,14173.700446
212,55,14160.402528
213,37,17603.120547
213,38,16499.924658
213,39,16250.871577
213,40,15882.160883
213,41,15523.614124
213,42,15230.343560
213,43,15103.305970
213,44,15078.649558
213,45,14783.234619
213,46,14627.350249
213,48,14363.304339
213,52,14227.579243
213,53,14172.473075
213,55,14160.402528
214,37,17603.120547
214,38,16499.924658
214,39,16250.871577
214,40,15882.160883
214,41,15523.614124
214,42,15230.343560
214,43,15103.305970
214,44,15078.649558
214,45,14783.234619
214,46,14627.350249
214,48,14363.304339
214,49,14343.638919
214,52,14227.579243
214,53,14172.473075
214,54,14126.045179
215,37,17603.120547
215,38,16499.924658
215,39,16250.871577
215,40,15882.160883
215,41,15523.614124
215,42,15175.812387
215,43,15096.019101
215,44,15076.134220
215,45,14768.148337
215,46,14627.350249
215,48,14315.160192
215,52,14227.579243
215,53,14172.473075
215,54,14126.045179
216,37,17603.120547
216,38,16499.924658
216,39,16250.871577
216,40,15636.267300
216,41,15523.614124
216,42,15175.812387
216,43,15096.019101
216,44,14910.409019
216,45,14768.148337
216,46,14627.350249
216,48,14315.160192
216,52,14227.579243
216,53,14172.473075
216,54,14126.045179
217,37,17603.120547
217,38,16499.924658
217,39,16250.871577
217,40,15636.267300
217,41,15523.614124
217,42,15154.847822
217,43,15096.019101
217,44,14881.199902
217,45,14768.148337
217,46,14627.350249
217,47,14396.618557
217,48,14315.160192
217,52,14227.579243
217,53,14172.473075
217,54,14123.677276
218,37,17603.120547
218,38,16499.924658
218,39,16239.828023
218,40,15636.267300
218,41,15523.614124
218,42,15154.847822
218,43,15096.019101
218,44,14881.199902
218,45,14768.148337
218,46,14427.194990
218,47,14396.618557
218,48,14315.160192
218,52,14227.579243
218,53,14172.473075
218,54,14123.677276
219,37,17603.120547
219,38,16499.924658
219,39,16175.160604
219,40,15636.267300
219,41,15523.614124
219,42,15154.847822
219,43,15093.753548
219,44,14870.134978
219,45,14767.885229
219,46,14380.190654
219,48,14313.535632
219,52,14227.579243
219,53,14172.473075
219,54,14110.169604
220,37,17603.120547
220,38,16499.924658
220,39,16175.160604
220,40,15636.267300
220,41,15523.614124
220,42,15154.847822
220,43,15093.753548
220,44,14870.134978
220,45,14767.885229
220,46,14380.190654
220,47,14345.155052
220,48,14313.535632
220,52,14227.579243
220,53,14134.467735
220,54,14110.169604
221,37,17603.120547
221,38,16499.924658
221,39,16175.160604
221,40,15636.267300
221,41,15523.614124
221,42,15078.855654
221,43,15067.974038
221,44,14864.556016
221,45,14767.885229
221,46,14380.190654
221,47,14311.866182
221,52,14226.024981
221,53,14134.467735
221,54,14099.692019
222,36,17785.918596
222,37,17603.120547
222,38,16499.924658
222,39,16175.160604
222,40,15636.267300
222,41,15523.614124
222,42,15078.855654
222,43,15067.974038
222,44,14864.556016
222,45,14767.885229
222,46,14380.190654
222,47,14311.866182
222,52,14226.024981
222,53,14134.467735
222,54,14099.692019
223,36,17785.918596
223,37,17603.120547
223,38,16499.924658
223,39,16175.160604
223,40,15628.198845
223,41,15456.613822
223,42,15078.855654
223,43,15067.974038
223,44,14590.228237
223,46,14369.853897
223,47,14302.629627
223,52,14223.657078
223,53,14134.467735
223,54,14099.199114
224,36,17785.918596
224,37,17603.120547
224,38,16499.924658
224,39,16175.160604
224,40,15628.198845
224,41,15456.613822
224,42,15078.855654
224,43,15067.974038
224,44,14590.228237
224,46,14369.853897
224,47,14302.629627
224,49,14293.207241
224,52,14223.657078
224,53,14134.467735
224,54,14099.199114
225,36,17785.918596
225,37,17603.120547
225,38,16449.769649
225,39,16175.160604
225,40,15482.325427
225,41,15448.474059
225,42,15076.031928
225,43,15030.409616
225,44,14590.228237
225,46,14369.853897
225,47,14302.629627
225,48,14290.335521
225,52,14223.657078
225,53,14134.467735
225,54,14099.199114
226,36,17785.918596
226,37,17603.120547
226,38,16449.769649
226,39,16175.160604
226,40,15482.325427
226,41,15448.474059
226,42,15076.031928
226,43,15030.409616
226,44,14590.228237
226,46,14369.853897
226,47,14302.629627
226,48,14290.335521
226,52,14223.657078
226,53,14134.467735
226,54,14099.199114
227,36,17785.918596
227,37,17603.120547
227,38,16449.769649
227,39,16175.160604
227,40,15455.693673
227,41,15432.601967
227,42,15069.603318
227,43,15026.245107
227,44,14587.164091
227,46,14369.853897
227,47,14302.629627
227,48,14290.335521
227,52,14223.657078
227,53,14130.721013
227,54,14099.199114
228,36,17757.630930
228,37,17603.120547
228,38,16449.769649
228,39,16175.160604
228,40,15455.693673
228,41,15432.601967
228,42,15069.603318
228,43,15026.245107
228,44,14587.164091
228,46,14369.853897
228,47,14302.629627
228,48,14290.335521
228,52,14223.657078
228,53,14130.721013
228,54,14099.199114
229,36,17757.630930
229,37,17603.120547
229,38,16449.769649
229,39,16175.160604
229,40,15353.749225
229,42,15045.548705
229,43,15010.305328
229,44,14587.164091
229,46,14326.868183
229,47,14301.905687
229,48,14290.335521
229,52,14214.029138
229,53,14130.721013
229,54,14099.199114
230,36,17231.263876
230,38,16449.769649
230,39,16175.160604
230,40,15353.749225
230,42,15045.548705
230,43,15010.305328
230,44,14587.164091
230,46,14326.868183
230,47,14301.905687
230,48,14290.335521
230,52,14214.029138
230,53,14130.721013
230,54,14099.199114
231,35,18260.298335
231,36,17231.263876
231,38,16449.769649
231,39,16175.160604
231,40,15353.749225
231,42,15041.961837
231,43,15010.305328
231,44,14585.373616
231,46,14326.868183
231,47,14301.905687
231,48,14290.335521
231,50,14242.131072
231,52,14118.265255
231,54,14099.199114
232,35,18260.298335
232,36,17169.927155
232,38,16449.769649
232,39,16175.160604
232,40,15353.749225
232,42,15041.961837
232,43,15010.305328
232,44,14585.373616
232,46,14326.868183
232,47,14301.905687
232,48,14290.335521
232,50,14242.131072
232,52,14118.265255
232,54,14099.199114
233,35,18260.298335
233,36,17095.727592
233,38,16449.769649
233,39,16175.160604
233,40,15344.649051
233,42,15041.961837
233,43,14995.633210
233,44,14579.146275
233,46,14321.800948
233,47,14301.905687
233,48,14290.335521
233,50,14242.131072
233,52,14118.265255
233,54,14099.199114
234,35,18260.298335
234,36,17095.727592
234,38,16449.769649
234,39,16175.160604
234,40,15344.649051
234,42,15041.961837
234,43,14995.633210
234,44,14579.146275
234,46,14321.800948
234,47,14301.905687
234,48,14290.335521
234,50,14242.131072
234,52,14118.265255
234,53,14106.810643
234,54,14099.199114
235,35,18260.298335
235,36,17095.727592
235,38,16449.769649
235,39,16175.160604
235,40,15344.649051
235,42,15010.977852
235,43,14978.211400
235,44,14515.526542
235,46,14314.042608
235,47,14272.337583
235,48,14213.487802
235,52,14118.265255
235,53,14106.810643
235,54,14099.199114
236,35,18260.298335
236,36,17095.727592
236,38,16449.769649
236,39,16175.160604
236,40,15344.649051
236,42,15010.977852
236,43,14978.211400
236,44,14515.526542
236,46,14314.042608
236,47,14272.337583
236,48,14213.487802
236,52,14118.265255
236,53,14106.810643
236,54,14099.199114
237,35,17753.075389
237,36,17095.727592
237,38,16449.769649
237,39,16175.160604
237,40,15344.649051
237,42,14990.973869
237,43,14978.211400
237,44,14515.526542
237,46,14282.628880
237,47,14255.831130
237,48,14213.487802
237,52,14118.265255
237,53,14106.810643
237,54,14099.199114
238,35,17271.990025
238,36,17095.727592
238,38,16449.769649
238,39,16175.160604
238,40,15344.649051
238,42,14990.973869
238,43,14978.211400
238,44,14515.526542
238,46,14282.628880
238,47,14255.831130
238,48,14213.487802
238,52,14118.265255
238,53,14106.810643
238,54,14099.199114
239,35,17271.990025
239,36,17095.727592
239,38,16449.769649
239,39,16175.160604
239,40,15319.118419
239,42,14990.219591
239,43,14947.985372
239,44,14504.507209
239,46,14260.359097
239,47,14254.913455
239,48,14213.487802
239,52,14118.265255
239,53,14106.810643
239,54,14099.199114
240,35,17034.920507
240,38,16449.769649
240,39,16175.160604
240,40,15319.118419
240,42,14976.672181
240,43,14947.985372
240,44,14504.507209
240,46,14260.359097
240,47,14254.913455
240,48,14213.487802
240,52,14118.265255
240,53,14106.810643
240,54,14099.199114
241,35,17034.920507
241,36,17032.042076
241,38,16449.769649
241,39,16175.160604
241,40,15230.387891
241,42,14935.907779
241,43,14934.241412
241,44,14504.507209
241,46,14260.359097
241,47,14254.913455
241,48,14213.487802
241,52,14118.265255
241,53,14106.810643
241,54,14099.199114
242,35,17034.920507
242,36,17032.042076
242,38,16449.769649
242,39,16175.160604
242,40,15230.387891
242,42,14935.907779
242,43,14934.241412
242,44,14504.507209
242,46,14260.359097
242,47,14254.913455
242,48,14213.487802
242,50,14125.565201
242,52,14118.265255
242,53,14106.810643
242,54,14099.199114
243,35,17034.920507
243,36,17032.042076
243,37,16977.344918
243,38,16449.769649
243,39,16175.160604
243,40,15230.387891
243,42,14935.907779
243,43,14934.241412
243,44,14504.507209
243,46,14257.699361
243,47,14206.889640
243,50,14125.565201
243,52,14118.265255
243,53,14106.810643
243,54,14099.199114
244,35,17034.920507
244,36,16997.964944
244,37,16977.344918
244,38,16449.769649
244,39,16175.160604
244,40,15230.387891
244,42,14935.907779
244,43,14934.241412
244,44,14504.507209
244,46,14257.699361
244,47,14206.889640
244,49,14131.839947
244,50,14125.565201
244,52,14118.265255
244,53,14106.810643
244,54,14099.199114
245,35,17034.920507
245,36,16935.941763
245,37,16873.004899
245,38,16449.769649
245,39,16175.160604
245,40,15230.387891
245,42,14935.907779
245,43,14928.250265
245,44,14482.545358
245,46,14246.876642
245,47,14177.837406
245,49,14131.839947
245,50,14125.565201
245,52,14101.820526
245,53,14071.788915
246,35,17034.920507
246,36,16935.941763
246,37,16873.004899
246,38,16411.284598
246,39,16175.160604
246,40,15230.387891
246,42,14935.907779
246,43,14928.250265
246,44,14482.545358
246,46,14246.876642
246,47,14165.373110
246,49,14131.839947
246,50,14125.565201
246,52,14101.820526
246,53,14071.788915
247,35,17034.920507
247,36,16935.941763
247,37,16873.004899
247,38,16411.284598
247,39,16175.160604
247,40,15228.632125
247,42,14935.907779
247,43,14928.250265
247,44,14475.537127
247,46,14234.478526
247,47,14139.174664
247,49,14129.208103
247,50,14125.565201
247,52,14101.820526
247,53,14071.788915
248,35,17034.920507
248,36,16935.941763
248,37,16873.004899
248,38,16411.284598
248,39,16175.160604
248,40,15228.632125
248,42,14935.907779
248,43,14928.250265
248,44,14475.537127
248,46,14234.478526
248,47,14139.174664
248,49,14129.208103
248,50,14125.565201
248,52,14101.820526
248,53,14071.788915
249,35,17034.920507
249,36,16935.941763
249,37,16873.004899
249,38,16411.284598
249,39,16175.160604
249,40,15222.810229
249,42,14932.555405
249,43,14928.250265
249,44,14473.654622
249,46,14234.478526
249,47,14139.174664
249,49,14129.208103
249,50,14111.928772
249,52,14101.820526
249,53,14071.788915
250,35,17034.920507
250,36,16935.941763
250,37,16873.004899
250,38,16411.284598
250,39,16175.160604
250,40,15222.810229
250,42,14932.555405
250,43,14928.250265
250,44,14473.654622
250,45,14396.950753
250,46,14234.478526
250,47,14139.174664
250,49,14129.208103
250,50,14111.928772
250,52,14101.820526
250,53,14071.788915
251,35,17034.920507
251,36,16935.941763
251,37,16873.004899
251,38,16411.284598
251,39,16175.160604
251,40,15222.810229
251,42,14896.574230
251,44,14473.654622
251,45,14383.587556
251,46,14234.478526
251,47,14131.355792
251,49,14094.984375
251,52,14088.699846
251,53,14071.209534
252,35,17034.920507
252,36,16935.941763
252,37,16873.004899
252,38,16411.284598
252,39,16175.160604
252,40,15222.810229
252,42,14896.574230
252,44,14473.654622
252,45,14351.897225
252,46,14234.478526
252,47,14131.355792
252,49,14094.984375
252,52,14088.699846
252,53,14071.209534
253,35,17034.920507
253,36,16935.941763
253,37,16811.188333
253,38,16411.284598
253,39,16174.989345
253,40,15193.426334
253,42,14896.574230
253,44,14473.654622
253,45,14324.299008
253,46,14234.478526
253,47,14131.355792
253,49,14094.984375
253,52,14081.656223
253,53,14061.615447
254,35,17034.920507
254,36,16935.941763
254,37,16811.188333
254,38,16364.322935
254,39,16174.989345
254,40,15193.426334
254,41,15155.645229
254,42,14896.574230
254,44,14473.654622
254,45,14324.299008
254,46,14234.478526
254,47,14131.355792
254,49,14094.984375
254,52,14081.656223
254,53,14061.615447
255,35,17034.920507
255,36,16935.941763
255,37,16811.188333
255,38,16364.322935
255,39,16174.989345
255,40,15173.847613
255,41,15155.645229
255,42,14855.151144
255,44,14473.654622
255,45,14324.299008
255,46,14121.654138
255,47,14107.796057
255,49,14094.984375
255,52,14056.567943
256,35,17034.920507
256,36,16935.941763
256,37,16811.188333
256,38,16364.322935
256,39,16174.989345
256,40,15173.847613
256,41,15155.645229
256,42,14855.151144
256,44,14473.654622
256,45,14311.000991
256,46,14121.654138
256,47,14107.796057
256,49,14043.758640
257,35,17034.920507
257,36,16935.941763
257,37,16811.188333
257,38,16319.219412
257,39,16174.989345
257,40,15146.839124
257,41,15127.997112
257,42,14812.749471
257,44,14473.654622
257,45,14311.000991
257,46,14094.853497
257,49,14043.758640
258,35,17030.189134
258,36,16739.965707
258,38,16315.702431
258,39,16174.989345
258,40,15146.839124
258,41,15127.997112
258,42,14812.749471
258,44,14473.654622
258,45,14311.000991
258,46,14094.853497
258,48,14032.369105
259,35,17030.189134
259,36,16739.965707
259,38,16291.260422
259,39,16082.016196
259,40,15069.249275
259,42,14812.749471
259,44,14473.654622
259,45,14311.000991
259,46,14094.853497
259,47,14030.699655
260,35,17030.189134
260,36,16739.965707
260,38,16291.260422
260,39,16082.016196
260,40,15056.797911
260,41,15031.944907
260,42,14812.749471
260,43,14753.650621
260,44,14473.654622
260,45,14311.000991
260,46,14094.853497
260,47,14030.699655
261,35,16967.769611
261,36,16739.965707
261,38,16291.260422
261,39,15975.839636
261,40,15056.797911
261,41,15029.366028
261,42,14803.086980
261,43,14655.642728
261,44,14463.790179
261,45,14311.000991
261,46,14094.853497
261,47,14025.989554
262,35,16967.769611
262,36,16739.965707
262,38,16291.260422
262,39,15975.839636
262,40,15056.797911
262,41,15029.366028
262,42,14803.086980
262,43,14655.642728
262,44,14463.790179
262,45,14311.000991
262,46,14094.853497
262,47,14025.989554
263,35,16893.621582
263,36,16739.965707
263,38,16280.572007
263,39,15975.839636
263,40,15056.797911
263,41,14999.509563
263,42,14751.703588
263,43,14655.642728
263,44,14452.584140
263,45,14297.147692
263,46,14094.853497
263,47,14025.989554
264,35,16893.621582
264,36,16739.965707
264,38,16280.572007
264,39,15665.115469
264,40,14968.950799
264,42,14751.703588
264,43,14655.642728
264,44,14452.584140
264,45,14297.147692
264,46,14094.853497
264,47,14025.989554
265,35,16893.621582
265,36,16739.965707
265,37,16731.605245
265,38,16280.572007
265,39,15661.829871
265,40,14954.221923
265,42,14743.461135
265,43,14655.642728
265,44,14452.584140
265,45,14297.147692
265,46,14092.928198
265,47,14025.989554
266,35,16893.621582
266,36,16739.965707
266,37,16731.605245
266,38,16280.572007
266,39,15661.829871
266,40,14954.221923
266,42,14743.461135
266,43,14655.642728
266,44,14452.584140
266,45,14297.147692
266,46,14092.928198
266,47,14025.989554
267,35,16893.621582
267,36,16739.965707
267,37,16710.816022
267,38,16280.572007
267,39,15661.829871
267,40,14926.573805
267,42,14743.461135
267,43,14655.642728
267,44,14452.584140
267,45,14282.851680
267,46,14092.928198
267,47,14025.989554
268,35,16893.621582
268,36,16739.965707
268,37,16710.816022
268,38,16280.572007
268,39,15661.829871
268,40,14926.573805
268,42,14743.461135
268,43,14655.642728
268,44,14452.584140
268,45,14282.851680
268,46,14092.928198
268,47,14025.989554
269,35,16893.621582
269,36,16739.965707
269,37,16710.816022
269,38,16206.661878
269,39,15661.829871
269,40,14926.573805
269,42,14708.469597
269,43,14655.642728
269,44,14452.584140
269,45,14270.035197
269,46,14088.312437
269,47,14025.989554
270,35,16893.621582
270,36,16739.965707
270,37,16710.816022
270,38,16206.661878
270,39,15661.829871
270,40,14926.573805
270,42,14708.469597
270,43,14655.642728
270,44,14452.584140
270,45,14270.035197
270,46,14088.312437
270,47,14025.989554
271,35,16893.621582
271,36,16739.965707
271,37,16598.972018
271,38,16195.647172
271,39,15607.265059
271,40,14926.397405
271,42,14708.469597
271,43,14655.642728
271,44,14452.584140
271,45,14270.035197
271,46,14087.056540
271,47,14025.989554
272,35,16893.621582
272,36,16739.965707
272,37,16598.972018
272,38,16195.647172
272,39,15607.265059
272,40,14926.397405
272,42,14708.469597
272,43,14655.642728
272,44,14298.314298
272,45,14270.035197
272,46,14082.415302
272,47,14025.989554
273,35,16893.621582
273,36,16739.965707
273,37,16528.700420
273,38,16180.296534
273,39,15593.710685
273,40,14916.089684
273,42,14692.133524
273,43,14655.642728
273,44,14289.004548
273,45,14259.667412
273,46,14082.415302
273,47,14025.989554
274,35,16893.621582
274,36,16739.965707
274,37,16528.700420
274,38,16180.296534
274,39,15593.710685
274,40,14916.089684
274,42,14692.133524
274,43,14655.642728
274,44,14289.004548
274,45,14259.667412
274,46,14082.415302
274,47,14025.989554
275,35,16856.157473
275,36,16739.965707
275,37,16494.935647
275,38,16140.725264
275,39,15561.209613
275,40,14882.150490
275,42,14692.133524
275,43,14655.642728
275,44,14289.004548
275,45,14259.667412
275,46,14042.943507
275,47,14025.989554
276,35,16856.157473
276,36,16601.411259
276,37,16494.935647
276,38,16140.725264
276,39,15561.209613
276,40,14882.150490
276,42,14692.133524
276,43,14655.642728
276,44,14289.004548
276,45,14259.667412
276,46,14042.943507
276,47,14025.989554
277,35,16856.157473
277,36,16601.411259
277,37,16494.935647
277,38,16140.725264
277,39,15537.842920
277,40,14850.658587
277,42,14688.699665
277,43,14655.073924
277,44,14287.151879
277,45,14259.667412
277,46,14042.943507
277,47,14025.989554
278,35,16856.157473
278,36,16601.411259
278,37,16494.935647
278,38,16140.725264
278,39,15537.842920
278,40,14850.658587
278,42,14688.699665
278,43,14633.087587
278,44,14287.151879
278,45,14259.667412
278,46,14042.943507
278,47,14025.989554
279,35,16856.157473
279,36,16601.411259
279,37,16494.935647
279,38,16140.641670
279,39,15292.350243
279,40,14850.658587
279,41,14836.336248
279,42,14680.754616
279,43,14511.067145
279,44,14285.050195
279,45,14203.743711
279,46,14042.943507
279,47,14025.989554
280,35,16856.157473
280,36,16601.411259
280,37,16394.471611
280,38,16140.641670
280,39,15292.350243
280,40,14850.658587
280,41,14836.336248
280,42,14680.754616
280,43,14511.067145
280,44,14285.050195
280,45,14125.512369
280,46,14042.943507
280,47,14025.989554
281,35,16856.157473
281,36,16601.411259
281,37,16394.471611
281,38,16130.278057
281,39,15292.350243
281,40,14847.865940
281,41,14836.336248
281,42,14680.754616
281,43,14490.592726
281,44,14278.322242
281,45,14125.512369
281,46,14038.617300
281,47,14023.403415
282,35,16856.157473
282,36,16601.411259
282,37,16394.471611
282,38,16130.278057
282,39,15291.336337
282,40,14847.865940
282,41,14836.336248
282,42,14680.754616
282,43,14490.592726
282,44,14278.322242
282,45,14125.512369
282,46,14038.617300
282,47,14023.403415
283,35,16856.157473
283,36,16601.411259
283,37,16394.471611
283,38,16104.970280
283,39,15259.381850
283,40,14808.923734
283,42,14673.440529
283,43,14490.592726
283,44,14169.304596
283,45,14125.512369
283,46,14038.617300
283,47,14023.403415
284,35,16856.157473
284,36,16601.411259
284,37,16394.471611
284,38,16104.970280
284,39,15259.381850
284,40,14808.923734
284,42,14673.440529
284,43,14490.592726
284,44,14169.304596
284,45,14125.512369
284,46,14038.617300
284,47,14023.403415
285,35,16856.157473
285,36,16601.411259
285,37,16380.358817
285,38,16075.346213
285,39,15238.194506
285,40,14786.505723
285,42,14670.003919
285,43,14490.592726
285,44,14169.304596
285,45,14125.512369
285,46,13999.449276
286,35,16856.157473
286,36,16601.411259
286,37,16380.358817
286,38,16075.346213
286,39,15238.194506
286,40,14786.505723
286,42,14670.003919
286,43,14490.592726
286,44,14169.304596
286,45,14125.512369
286,46,13999.449276
287,35,16856.157473
287,36,16601.411259
287,37,16380.358817
287,38,16071.632572
287,39,15238.194506
287,40,14786.505723
287,42,14670.003919
287,43,14490.592726
287,44,14169.304596
287,45,14125.512369
287,46,13999.449276
288,35,16856.157473
288,36,16601.411259
288,37,16380.358817
288,38,16071.632572
288,39,15095.694462
288,40,14786.505723
288,42,14670.003919
288,43,14490.592726
288,44,14147.422328
288,45,14018.211077
288,46,13999.449276
289,35,16829.751350
289,36,16523.773735
289,37,16311.546575
289,38,16037.616848
289,39,15093.742372
289,40,14776.416068
289,42,14670.003919
289,43,14490.592726
289,44,14147.422328
289,45,14018.211077
289,46,13980.820020
290,35,16829.751350
290,36,16523.773735
290,37,16311.546575
290,38,16037.616848
290,39,15093.742372
290,40,14728.841570
290,42,14670.003919
290,43,14490.592726
290,44,14147.422328
290,45,14018.211077
290,46,13980.820020
291,35,16829.751350
291,36,16523.773735
291,37,16292.837956
291,38,16037.616848
291,39,15089.048178
291,40,14728.841570
291,42,14670.003919
291,43,14490.592726
291,44,14146.707241
291,45,14018.211077
291,46,13980.820020
292,35,16829.751350
292,36,16523.773735
292,37,16292.837956
292,38,16037.616848
292,39,15089.048178
292,40,14728.841570
292,42,14670.003919
292,43,14490.592726
292,44,14146.707241
292,45,14018.211077
292,46,13980.820020
293,35,16829.751350
293,36,16504.399989
293,37,16235.128751
293,38,16000.859814
293,39,15084.415908
293,40,14676.578025
293,42,14648.834085
293,43,14463.494485
293,44,14146.707241
293,45,14008.169339
293,46,13973.210452
294,35,16783.494712
294,36,16504.399989
294,37,16235.128751
294,38,16000.859814
294,39,15084.415908
294,40,14676.578025
294,42,14648.834085
294,43,14463.494485
294,44,14146.707241
294,45,14008.169339
294,46,13973.210452
295,35,16783.494712
295,36,16477.448725
295,37,16189.921682
295,38,16000.426753
295,39,15084.415908
295,40,14663.117236
295,42,14648.834085
295,43,14463.494485
295,44,14146.707241
295,45,14002.257630
295,46,13971.600855
296,35,16783.494712
296,36,16477.448725
296,37,16189.921682
296,38,16000.426753
296,39,15084.415908
296,40,14663.117236
296,42,14648.834085
296,43,14463.494485
296,44,14146.707241
296,45,14002.257630
296,46,13971.600855
297,35,16783.494712
297,36,16431.052904
297,37,16177.510822
297,38,16000.426753
297,39,15082.704856
297,40,14663.117236
297,42,14633.275713
297,43,14356.698136
297,44,14144.134678
297,45,13985.990913
297,46,13971.600855
298,35,16783.494712
298,36,16431.052904
298,37,16177.510822
298,38,15952.703988
298,39,15082.704856
298,40,14663.117236
298,42,14633.275713
298,43,14356.698136
298,44,14144.134678
298,45,13985.990913
298,46,13971.600855
299,35,16783.494712
299,36,16431.052904
299,37,16165.618339
299,38,15917.186379
299,39,15052.802045
299,40,14660.443552
299,42,14633.275713
299,43,14356.698136
299,44,14144.134678
299,45,13985.990913
299,46,13971.600855
300,35,16783.494712
300,36,16431.052904
300,37,16165.618339
300,38,15917.186379
300,39,15052.802045
300,40,14660.443552
300,42,14633.275713
300,43,14356.698136
300,44,14144.134678
300,45,13985.990913
300,46,13971.600855
301,35,16783.494712
301,36,16431.052904
301,37,16015.339456
301,38,15916.239109
301,39,15005.379229
301,40,14658.528598
301,41,14636.934715
301,42,14560.212585
301,43,14162.471078
301,44,14050.797400
301,45,13985.990913
301,46,13971.600855
302,35,16783.494712
302,36,16354.122715
302,37,16015.339456
302,38,15916.239109
302,39,15005.379229
302,40,14658.528598
302,41,14564.540015
302,42,14560.212585
302,43,14162.471078
302,44,14050.797400
302,45,13985.990913
302,46,13927.427080
303,35,16783.494712
303,36,16354.122715
303,37,16012.788071
303,38,15869.104657
303,39,15003.269955
303,40,14606.106609
303,41,14564.540015
303,42,14560.212585
303,43,14162.471078
303,44,14050.797400
303,45,13985.990913
303,46,13925.176681
304,35,16783.494712
304,36,16287.515697
304,37,16012.788071
304,38,15869.104657
304,39,15003.269955
304,40,14602.328327
304,41,14564.540015
304,42,14560.212585
304,43,14162.471078
304,44,14050.797400
304,45,13985.990913
304,46,13925.176681
305,35,16783.494712
305,36,16287.515697
305,37,16012.788071
305,38,15869.104657
305,39,14942.118886
305,40,14577.761813
305,41,14564.540015
305,42,14560.212585
305,43,14161.424230
305,44,14048.783033
305,45,13985.964825
305,46,13914.745143
306,35,16783.494712
306,36,16287.515697
306,37,16012.788071
306,38,15869.104657
306,39,14942.118886
306,40,14577.761813
306,41,14564.540015
306,42,14560.212585
306,43,14161.424230
306,44,14048.783033
306,45,13985.964825
306,46,13914.745143
307,35,16783.494712
307,36,16287.515697
307,37,16012.788071
307,38,15854.160994
307,39,14938.081935
307,40,14577.761813
307,41,14564.540015
307,42,14438.508710
307,43,14158.545792
307,44,14048.783033
307,45,13985.964825
307,46,13914.745143
308,35,16783.494712
308,36,16287.515697
308,37,16012.788071
308,38,15854.160994
308,39,14938.081935
308,40,14577.761813
308,41,14564.540015
308,42,14438.508710
308,43,14158.545792
308,44,14048.783033
308,45,13985.964825
308,46,13914.745143
309,35,16783.494712
309,36,16231.596643
309,37,16012.788071
309,38,15846.407860
309,39,14919.330773
309,40,14553.533154
309,42,14438.508710
309,43,14158.545792
309,44,14048.783033
309,45,13985.964825
309,46,13914.745143
310,35,16783.494712
310,36,16231.596643
310,37,16012.788071
310,38,15846.407860
310,39,14919.330773
310,40,14553.533154
310,42,14438.508710
310,43,14158.545792
310,44,14048.783033
310,45,13985.964825
310,46,13914.745143
311,35,16698.398303
311,36,16172.313614
311,37,16012.788071
311,38,15843.531719
311,39,14913.009106
311,40,14545.179099
311,42,14424.433943
311,43,14158.545792
311,44,14033.380614
311,45,13960.031640
311,46,13914.745143
312,35,16698.398303
312,36,16162.043548
312,37,16012.788071
312,38,15843.531719
312,39,14913.009106
312,40,14545.179099
312,42,14424.433943
312,43,14158.545792
312,44,14033.380614
312,45,13960.031640
312,46,13914.745143
313,35,16698.398303
313,36,16162.043548
313,37,15977.950166
313,38,15843.531719
313,39,14877.761764
313,40,14537.109268
313,41,14493.392874
313,42,14421.269886
313,43,14158.545792
313,44,14033.380614
313,45,13957.167723
313,46,13914.745143
314,35,16698.398303
314,36,16162.043548
314,37,15977.950166
314,38,15843.531719
314,39,14877.761764
314,40,14537.109268
314,41,14493.392874
314,42,14421.269886
314,43,14158.545792
314,44,14033.380614
314,45,13957.167723
314,46,13914.745143
315,35,16698.398303
315,36,16162.043548
315,37,15870.256607
315,38,15837.833413
315,39,14567.188343
315,40,14529.975308
315,41,14493.339214
315,42,14421.269886
315,43,14158.545792
315,44,14033.380614
315,45,13957.167723
315,46,13914.745143
316,35,16698.398303
316,36,16121.771353
316,37,15870.256607
316,38,15837.833413
316,39,14567.188343
316,40,14529.975308
316,41,14493.339214
316,42,14421.269886
316,43,14158.545792
316,44,14033.380614
316,45,13957.167723
316,46,13914.745143
317,35,16698.398303
317,36,16121.771353
317,37,15870.256607
317,38,15837.833413
317,39,14567.188343
317,40,14528.878418
317,41,14493.339214
317,42,14421.269886
317,43,14147.494188
317,44,14032.933540
317,45,13957.167723
317,46,13914.745143
318,35,16698.398303
318,36,16121.771353
318,37,15870.256607
318,38,15837.833413
318,39,14567.188343
318,40,14528.878418
318,41,14493.339214
318,42,14421.269886
318,43,14147.494188
318,44,14032.933540
318,45,13957.167723
318,46,13914.745143
319,35,16698.398303
319,36,16121.771353
319,37,15825.091844
319,38,15796.867479
319,39,14567.188343
319,40,14497.029847
319,41,14492.024383
319,42,14421.269886
319,43,14147.494188
319,44,14032.933540
319,45,13910.962007
320,35,16698.398303
320,36,16121.771353
320,37,15825.091844
320,38,15796.867479
320,39,14521.632283
320,40,14497.029847
320,41,14492.024383
320,42,14421.269886
320,43,14147.494188
320,44,14032.933540
320,45,13910.962007
321,35,16068.217878
321,37,15806.182099
321,38,15796.867479
321,39,14489.783712
321,42,14421.269886
321,43,14142.972770
321,44,14028.186346
321,45,13910.962007
322,35,16068.217878
322,37,15806.182099
322,38,15796.867479
322,39,14489.783712
322,42,14421.269886
322,43,14142.972770
322,44,14028.186346
322,45,13910.962007
