Generation,NV,TOC
1,25,8331.879374
1,28,7963.113689
1,29,7811.972426
1,30,7731.813758
1,31,7647.406847
1,32,7197.176208
1,34,6969.474636
1,36,6966.939359
1,42,6932.082533
1,43,6901.781244
2,24,8417.056264
2,25,8331.879374
2,26,7910.874735
2,29,7768.356579
2,30,7545.657979
2,31,6818.497941
2,39,6761.337523
2,41,6680.506945
2,49,6269.236496
3,23,9245.048068
3,24,8417.056264
3,25,7897.997744
3,29,7768.356579
3,30,6683.538439
3,38,6549.980532
3,49,6262.822447
3,50,6222.863386
3,51,6141.740833
4,23,9245.048068
4,24,8180.954647
4,25,7897.997744
4,26,7841.347646
4,27,7786.846180
4,29,7228.235916
4,30,6683.538439
4,34,6527.411337
4,39,6430.562043
4,42,6266.712245
4,43,6223.277920
4,49,6219.805755
4,51,6141.740833
5,23,9245.048068
5,24,8180.954647
5,25,7455.242445
5,29,7228.235916
5,30,6683.538439
5,32,6296.432246
5,41,6296.326667
5,42,6266.712245
5,43,6223.277920
5,44,6215.158788
5,50,6084.364360
6,23,8586.935159
6,24,7353.872618
6,25,7213.368884
6,30,6683.538439
6,32,6296.432246
6,40,6235.178160
6,42,6153.821174
6,50,6084.364360
7,22,7743.893819
7,24,7119.176528
7,25,6834.940317
7,28,6393.573502
7,30,6110.398556
7,38,6105.688359
7,45,5839.250202
8,22,7431.718881
8,24,6845.459382
8,25,6805.742526
8,27,6586.693488
8,28,6393.573502
8,30,6110.398556
8,38,6105.688359
8,41,5963.220721
8,43,5907.949048
8,45,5839.250202
9,21,8076.864837
9,22,7431.718881
9,23,7104.682432
9,24,6538.696371
9,25,6446.572508
9,28,6319.786333
9,30,6049.215602
9,38,5947.475712
9,40,5860.079132
9,42,5825.702008
10,21,8076.864837
10,22,7431.718881
10,23,6768.202991
10,24,6538.696371
10,25,6446.572508
10,28,6319.786333
10,29,6224.408035
10,30,6049.215602
10,38,5947.475712
10,40,5860.079132
10,42,5825.702008
11,21,6935.524347
11,23,6427.071366
11,24,6393.295187
11,28,5839.745156
11,39,5812.427065
11,41,5743.066315
12,20,7647.283794
12,21,6935.524347
12,22,6839.151083
12,23,6427.071366
12,24,6241.493151
12,28,5839.745156
12,39,5812.427065
12,41,5743.066315
13,20,7232.018003
13,21,6776.527610
13,22,6188.798768
13,24,6144.988930
13,26,6128.005303
13,27,5787.531578
13,32,5737.760308
14,20,7232.018003
14,21,6776.527610
14,22,6188.798768
14,24,6144.988930
14,26,6128.005303
14,27,5787.531578
14,32,5737.760308
15,19,7132.013700
15,21,6742.830643
15,22,6163.437750
15,23,6139.990878
15,26,5912.693941
15,27,5777.266161
15,32,5719.289240
16,19,7132.013700
16,21,6637.775670
16,22,6163.437750
16,23,6139.990878
16,24,6024.698669
16,25,6011.934563
16,26,5912.693941
16,27,5777.266161
16,32,5719.289240
17,19,7132.013700
17,20,6728.477673
17,21,6006.710159
17,24,5814.748312
17,27,5733.552934
17,28,5649.180687
18,19,7132.013700
18,20,6728.477673
18,21,6006.710159
18,24,5814.748312
18,26,5515.752789
18,27,5493.733542
18,33,5428.527413
19,19,6966.832348
19,20,6235.724501
19,21,5927.704914
19,24,5794.927278
19,25,5464.171617
19,30,5315.908141
20,19,6966.832348
20,20,6232.681045
20,21,5889.597224
20,23,5757.115602
20,24,5584.977687
20,25,5464.171617
20,30,5315.908141
21,19,6847.721861
21,20,6140.654635
21,21,5819.202871
21,23,5690.167414
21,24,5562.886392
21,25,5437.338142
21,30,5310.414239
22,18,7445.199400
22,19,6847.721861
22,20,6140.654635
22,21,5819.202871
22,23,5690.167414
22,24,5562.886392
22,25,5437.338142
22,26,5368.046282
22,30,5310.414239
23,18,7037.030855
23,19,6537.454828
23,20,6140.654635
23,21,5819.202871
23,22,5505.340009
23,25,5437.338142
23,26,5352.509548
23,28,5246.175181
24,18,7037.030855
24,19,6537.454828
24,20,6140.654635
24,21,5689.369650
24,22,5505.340009
24,25,5437.338142
24,26,5352.509548
24,28,5246.175181
25,18,6839.933267
25,19,6491.633196
25,20,6087.485043
25,21,5462.966531
25,24,5383.869247
25,26,5352.509548
25,28,5246.175181
26,18,6839.933267
26,19,6491.633196
26,20,6087.485043
26,21,5462.966531
26,24,5383.869247
26,26,5352.509548
26,28,5246.175181
27,18,6839.933267
27,19,6491.633196
27,20,6087.485043
27,21,5445.449946
27,23,5344.010419
27,26,5283.498724
27,27,5229.404161
27,29,5215.767666
28,18,6839.933267
28,19,5741.234813
28,21,5445.449946
28,22,5381.882311
28,23,5344.010419
28,24,5230.461795
28,27,5229.404161
28,28,5206.351749
29,17,7485.007629
29,18,6222.815544
29,19,5724.799750
29,21,5386.614292
29,22,5292.560826
29,24,5223.264117
29,28,5198.082288
30,16,7749.299859
30,17,6851.997464
30,18,6145.029209
30,19,5724.799750
30,21,5386.614292
30,22,5292.560826
30,24,5223.264117
30,25,5201.765775
30,28,5198.082288
31,16,7127.194761
31,17,6498.396532
31,18,6008.910486
31,19,5687.654984
31,21,5386.357425
31,22,5271.620736
31,24,5210.898397
31,25,5179.270911
31,27,5154.693160
32,16,6752.812365
32,17,6498.396532
32,18,6008.910486
32,19,5687.654984
32,21,5371.516509
32,22,5271.620736
32,24,5210.898397
32,25,5179.270911
32,27,5154.693160
33,15,6644.135865
33,16,6454.676898
33,18,5888.051695
33,19,5573.874549
33,20,5317.816917
33,22,5271.620736
33,23,5246.169037
33,24,5210.898397
33,25,5179.270911
33,26,5111.206854
34,15,6644.135865
34,16,6454.676898
34,17,6157.875898
34,18,5888.051695
34,19,5573.874549
34,20,5317.816917
34,21,5271.897263
34,22,5271.620736
34,23,5246.169037
34,24,5210.898397
34,25,5179.270911
34,26,5111.206854
35,15,6644.135865
35,16,6262.083662
35,17,6155.352932
35,18,5888.051695
35,19,5571.790185
35,20,5294.229695
35,21,5271.435969
35,22,5234.286960
35,24,5181.755541
35,25,5127.615813
35,26,5110.528303
36,15,6644.135865
36,16,6016.295117
36,18,5888.051695
36,19,5571.790185
36,20,5294.229695
36,21,5271.435969
36,22,5234.286960
36,24,5181.755541
36,25,5127.615813
36,26,5110.528303
37,15,6528.255467
37,16,5977.732445
37,18,5888.051695
37,19,5294.662329
37,20,5226.927532
37,22,5171.743428
37,25,5121.133873
37,26,5110.528303
38,15,6272.735018
38,16,5977.732445
38,18,5836.152484
38,19,5294.662329
38,20,5212.473693
38,22,5171.743428
38,25,5121.133873
38,26,5110.528303
39,15,5921.038119
39,16,5754.501662
39,19,5266.712710
39,20,5184.796551
39,21,5135.920285
39,24,5110.387711
40,15,5921.038119
40,16,5724.833324
40,17,5719.070303
40,18,5659.083534
40,19,5266.712710
40,20,5184.796551
40,21,5135.920285
40,24,5110.387711
41,15,5863.273765
41,16,5724.833324
41,17,5658.920420
41,18,5447.204124
41,19,5266.712710
41,20,5174.410103
41,21,5115.067708
41,24,5110.387711
42,15,5863.273765
42,16,5676.249022
42,17,5658.920420
42,18,5447.204124
42,19,5266.712710
42,20,5174.410103
42,21,5115.067708
42,24,5110.387711
43,15,5863.273765
43,16,5585.463107
43,18,5384.845637
43,19,5261.266067
43,20,5174.410103
43,21,5115.067708
43,23,5042.678724
44,15,5857.153590
44,16,5585.463107
44,17,5510.748401
44,18,5384.845637
44,19,5261.266067
44,20,5174.410103
44,21,5115.067708
44,23,5042.678724
45,15,5850.802508
45,16,5568.761170
45,17,5467.447916
45,18,5343.329713
45,19,5239.257879
45,20,5174.410103
45,21,5115.067708
45,23,5026.609849
46,15,5850.802508
46,16,5568.761170
46,17,5467.447916
46,18,5343.329713
46,19,5239.257879
46,20,5174.410103
46,21,5115.067708
46,23,5026.609849
46,26,5022.803843
47,14,6142.932767
47,15,5781.906183
47,16,5563.260256
47,17,5467.447916
47,18,5342.560792
47,19,5229.089453
47,20,5174.410103
47,21,5115.067708
47,22,4990.749010
48,14,6142.932767
48,15,5781.906183
48,16,5563.260256
48,17,5467.447916
48,18,5342.560792
48,19,5229.089453
48,20,5174.410103
48,21,5115.067708
48,22,4990.749010
49,13,6387.947351
49,14,6142.932767
49,15,5776.712098
49,16,5563.260256
49,17,5467.447916
49,18,5339.135434
49,19,5227.746944
49,20,5170.348006
49,21,5097.738610
49,22,4978.770072
50,13,6387.947351
50,14,6142.932767
50,15,5710.698401
50,16,5563.260256
50,17,5467.447916
50,18,5339.135434
50,19,5227.746944
50,20,5170.348006
50,21,5097.738610
50,22,4978.770072
51,13,6375.644481
51,14,6142.932767
51,15,5707.606120
51,16,5563.260256
51,17,5467.447916
51,18,5132.622386
51,21,5097.738610
51,22,4978.770072
52,13,6375.644481
52,14,6030.752322
52,15,5707.606120
52,16,5525.430511
52,17,5467.447916
52,18,5132.622386
52,21,5097.738610
52,22,4978.770072
53,13,6374.059909
53,14,6030.752322
53,15,5707.606120
53,16,5524.498552
53,17,5447.362951
53,18,5132.622386
53,20,5085.484116
53,22,4974.368953
54,13,6374.059909
54,14,6030.752322
54,15,5707.606120
54,16,5524.498552
54,17,5447.362951
54,18,5132.622386
54,20,5085.484116
54,22,4974.368953
55,13,6246.258695
55,14,5966.871815
55,15,5496.854897
55,17,5447.362951
55,18,5106.512982
55,20,5085.484116
55,22,4974.172969
56,13,6062.150054
56,14,5966.871815
56,15,5496.854897
56,16,5477.515677
56,17,5447.362951
56,18,5106.512982
56,20,5068.819678
56,21,4967.735707
56,27,4967.713829
57,13,6059.151704
57,14,5825.285080
57,15,5491.961934
57,16,5476.371503
57,17,5417.259977
57,18,5106.512982
57,20,5057.910738
57,21,4967.735707
57,22,4950.676879
58,13,6059.151704
58,14,5825.285080
58,15,5491.961934
58,16,5476.371503
58,17,5417.259977
58,18,5106.512982
58,20,5057.910738
58,21,4967.735707
58,22,4950.676879
59,13,5970.494540
59,14,5790.028142
59,15,5405.054421
59,17,5364.269022
59,18,5051.649470
59,19,5032.159160
59,21,4933.503168
60,13,5970.494540
60,14,5790.028142
60,15,5405.054421
60,17,5364.269022
60,18,5051.649470
60,19,5032.159160
60,21,4933.503168
61,13,5959.283171
61,14,5790.028142
61,15,5403.473921
61,17,5347.117024
61,18,5051.649470
61,19,5005.338261
61,21,4933.503168
62,13,5959.283171
62,14,5790.028142
62,15,5403.473921
62,17,5347.117024
62,18,5051.649470
62,19,5005.338261
62,21,4933.503168
62,25,4929.927011
63,13,5959.283171
63,14,5780.614703
63,15,5381.786821
63,16,5373.387968
63,17,5259.925984
63,18,4960.334159
63,21,4933.503168
63,25,4909.082825
64,13,5959.283171
64,14,5780.614703
64,15,5381.786821
64,16,5373.387968
64,17,5259.925984
64,18,4960.334159
64,21,4933.503168
64,25,4909.082825
65,13,5766.788846
65,15,5314.469332
65,16,5225.754675
65,18,4946.223807
65,21,4933.503168
65,24,4915.600228
65,25,4908.859298
66,13,5766.788846
66,15,5314.469332
66,16,5225.754675
66,18,4946.223807
66,21,4933.503168
66,24,4915.600228
66,25,4908.859298
67,13,5751.132958
67,15,5314.469332
67,16,5225.754675
67,18,4946.223807
67,21,4933.503168
67,22,4895.858947
68,13,5751.132958
68,15,5314.469332
68,16,5225.754675
68,18,4946.223807
68,21,4898.996276
68,22,4895.858947
69,13,5749.819677
69,14,5678.187090
69,15,5310.185738
69,16,5186.457902
69,18,4935.357396
69,20,4877.063262
70,13,5749.819677
70,14,5678.187090
70,15,5310.185738
70,16,5186.457902
70,17,5134.425658
70,18,4935.357396
70,20,4877.063262
71,13,5748.275905
71,14,5659.423076
71,15,5308.673315
71,16,5153.079104
71,17,5134.425658
71,18,4935.357396
71,20,4877.063262
72,13,5748.275905
72,14,5659.423076
72,15,5258.403195
72,16,5153.079104
72,17,5134.425658
72,18,4935.357396
72,20,4877.063262
72,23,4872.303187
73,13,5734.955702
73,14,5655.516268
73,15,5244.663406
73,16,5112.803161
73,18,4934.403754
73,19,4927.036765
73,20,4865.145603
74,13,5734.955702
74,14,5655.516268
74,15,5240.002287
74,16,5112.803161
74,17,4937.963753
74,18,4934.403754
74,19,4881.956749
74,20,4865.145603
75,13,5655.066273
75,15,5199.572146
75,16,5112.423699
75,17,4924.339704
75,19,4881.956749
75,20,4862.994805
76,12,6277.152076
76,13,5655.066273
76,15,5199.572146
76,16,5112.423699
76,17,4924.339704
76,18,4885.557881
76,19,4881.956749
76,20,4862.994805
77,12,6275.436635
77,13,5600.585966
77,15,5198.623133
77,16,5103.216240
77,17,4911.267719
77,18,4875.268185
77,19,4871.030289
77,20,4827.598283
78,12,6275.436635
78,13,5546.174262
78,15,5198.623133
78,16,5103.216240
78,17,4905.121890
78,18,4875.268185
78,19,4871.030289
78,20,4827.598283
79,12,6161.398860
79,13,5546.174262
79,14,5517.062919
79,15,5194.103345
79,16,5070.464685
79,17,4871.953273
79,19,4854.409191
79,20,4827.598283
80,12,6161.398860
80,13,5546.174262
80,14,5500.545622
80,15,5194.103345
80,16,5070.464685
80,17,4832.342553
80,20,4827.598283
81,12,6106.987097
81,13,5455.696986
81,14,5411.666011
81,15,5194.103345
81,16,5070.464685
81,17,4832.342553
81,20,4827.598283
82,12,6106.987097
82,13,5455.696986
82,14,5375.175997
82,15,5194.103345
82,16,5070.464685
82,17,4832.342553
82,20,4827.598283
83,12,6073.404123
83,13,5392.367541
83,14,5375.175997
83,15,5177.346512
83,16,5047.446339
83,17,4831.675156
83,20,4827.598283
84,12,6073.404123
84,13,5392.367541
84,14,5325.370622
84,15,5177.346512
84,16,5047.446339
84,17,4821.491426
85,12,6073.404123
85,13,5305.356080
85,15,5165.894136
85,16,5047.446339
85,17,4821.491426
86,12,6073.404123
86,13,5305.356080
86,15,5165.894136
86,16,5047.446339
86,17,4821.491426
87,12,6011.505364
87,13,5305.109721
87,15,5165.894136
87,16,5047.446339
87,17,4818.349526
88,12,6011.505364
88,13,5305.109721
88,14,5261.934448
88,15,5165.894136
88,16,5047.446339
88,17,4818.349526
88,18,4811.694119
89,12,6011.505364
89,13,5305.109721
89,14,5261.934448
89,15,5159.208223
89,16,4865.431215
89,17,4818.349526
89,18,4808.675243
90,12,6011.505364
90,13,5305.109721
90,14,5261.934448
90,15,5159.208223
90,16,4865.431215
90,17,4818.349526
90,18,4790.257957
91,12,5905.648827
91,13,5276.059074
91,14,5259.260227
91,15,5156.817934
91,16,4865.431215
91,17,4816.477125
91,18,4772.026188
92,12,5627.761486
92,13,5276.059074
92,14,5259.260227
92,15,5156.817934
92,16,4865.431215
92,17,4816.477125
92,18,4772.026188
93,12,5604.506629
93,13,5261.717537
93,14,5251.693807
93,15,5156.817934
93,16,4865.431215
93,17,4816.380252
93,18,4772.026188
94,12,5604.506629
94,13,5261.717537
94,14,5251.693807
94,15,5156.817934
94,16,4865.431215
94,17,4813.790068
94,18,4772.026188
95,12,5568.391782
95,13,5261.717537
95,14,5251.693807
95,15,5109.449497
95,16,4865.431215
95,17,4799.438656
95,18,4772.026188
96,12,5568.391782
96,13,5261.717537
96,14,5234.006550
96,15,5109.449497
96,16,4865.431215
96,17,4799.438656
96,18,4772.026188
97,12,5489.957347
97,13,5226.263063
97,15,5109.449497
97,16,4811.236742
97,17,4796.430707
97,18,4772.026188
98,12,5489.957347
98,13,5226.263063
98,15,4870.840111
98,16,4811.236742
98,17,4796.430707
98,18,4772.026188
98,20,4762.229958
99,12,5472.353804
99,13,5226.119976
99,14,5221.406424
99,15,4849.219500
99,16,4810.295647
99,17,4795.227333
99,18,4767.930136
99,20,4762.229958
100,12,5472.353804
100,13,5226.119976
100,14,5221.406424
100,15,4849.219500
100,16,4810.295647
100,17,4795.227333
100,18,4764.928345
100,20,4762.229958
101,12,5472.353804
101,13,5226.119976
101,14,5221.406424
101,15,4849.219500
101,16,4810.295647
101,17,4789.534018
101,18,4760.181991
101,20,4759.595642
102,12,5472.353804
102,13,5226.119976
102,14,5221.406424
102,15,4849.219500
102,16,4810.295647
102,17,4758.686406
103,12,5472.353804
103,13,5226.119976
103,14,5074.028416
103,15,4849.219500
103,16,4810.295647
103,17,4758.686406
104,12,5472.353804
104,13,5226.119976
104,14,5074.028416
104,15,4849.219500
104,16,4810.295647
104,17,4758.686406
105,12,5209.759758
105,14,5073.879050
105,15,4845.459274
105,16,4810.295647
105,17,4758.041801
106,12,5209.759758
106,14,5073.879050
106,15,4845.459274
106,16,4807.745982
106,17,4758.041801
107,12,5209.759758
107,13,5208.054174
107,14,4982.241249
107,15,4842.534555
107,16,4751.935838
108,12,5155.394701
108,14,4982.241249
108,15,4842.534555
108,16,4751.935838
108,17,4750.281714
109,12,5155.394701
109,14,4976.311522
109,15,4842.534555
109,16,4751.935838
109,17,4750.281714
109,19,4745.359743
110,12,5155.394701
110,14,4847.879646
110,15,4842.534555
110,16,4751.935838
110,17,4750.281714
110,19,4745.359743
111,12,5154.965436
111,14,4847.879646
111,15,4837.369255
111,16,4751.935838
111,17,4712.678630
112,12,5154.965436
112,14,4847.879646
112,15,4837.369255
112,16,4751.935838
112,17,4712.678630
113,12,5147.925758
113,13,5104.805581
113,14,4831.507692
113,16,4746.954397
113,17,4712.678630
114,12,5147.925758
114,13,5104.805581
114,14,4831.507692
114,15,4813.501649
114,16,4746.954397
114,17,4712.678630
115,12,5147.925758
115,13,5084.318003
115,14,4824.463070
115,15,4789.191561
115,16,4740.622983
115,17,4700.157396
116,12,5147.925758
116,13,5084.318003
116,14,4824.463070
116,15,4789.191561
116,16,4740.622983
116,17,4700.157396
117,12,5090.601264
117,13,5059.871899
117,14,4804.988912
117,15,4789.191561
117,16,4740.622983
117,17,4700.157396
118,12,5090.601264
118,13,5059.871899
118,14,4804.988912
118,15,4789.191561
118,16,4740.622983
118,17,4700.157396
118,20,4683.238033
119,12,5090.601264
119,13,5016.412793
119,14,4804.988912
119,15,4779.337355
119,16,4729.705277
119,17,4693.543274
119,20,4677.240843
120,12,5090.601264
120,13,5016.412793
120,14,4804.988912
120,15,4779.337355
120,16,4729.705277
120,17,4693.543274
120,20,4677.240843
121,12,5090.487843
121,13,4993.990620
121,14,4804.988912
121,15,4770.488273
121,16,4729.705277
121,17,4655.742014
122,12,5048.017913
122,13,4993.990620
122,14,4801.312084
122,15,4754.173395
122,16,4705.464824
122,17,4655.742014
123,12,5008.058741
123,13,4993.543193
123,14,4796.943035
123,15,4754.173395
123,16,4694.037981
123,17,4655.742014
124,12,5008.058741
124,13,4993.543193
124,14,4796.943035
124,15,4754.173395
124,16,4694.037981
124,17,4655.742014
125,12,4988.249809
125,13,4982.960378
125,14,4770.708518
125,15,4754.173395
125,16,4694.037981
125,17,4655.742014
126,12,4988.249809
126,13,4982.960378
126,14,4770.708518
126,15,4754.173395
126,16,4694.037981
126,17,4655.742014
127,12,4988.249809
127,13,4814.066468
127,14,4745.392398
127,16,4694.037981
127,17,4655.742014
128,12,4972.550356
128,13,4814.066468
128,14,4745.392398
128,16,4694.037981
128,17,4655.742014
129,12,4961.108934
129,13,4814.066468
129,14,4745.392398
129,16,4692.247548
129,17,4655.742014
130,12,4961.108934
130,13,4814.066468
130,14,4745.392398
130,16,4692.247548
130,17,4655.742014
130,18,4654.912257
131,12,4961.108934
131,13,4801.701210
131,14,4745.392398
131,16,4692.247548
131,17,4655.742014
131,18,4654.912257
132,12,4961.108934
132,13,4778.644842
132,14,4745.392398
132,16,4644.666047
133,12,4954.955675
133,13,4778.644842
133,14,4744.615455
133,16,4644.294972
133,17,4622.467711
134,12,4948.789753
134,13,4778.644842
134,14,4741.698224
134,16,4644.294972
134,17,4622.467711
135,12,4906.891598
135,13,4778.644842
135,14,4721.609206
135,16,4644.294972
135,17,4622.467711
136,12,4873.651949
136,13,4778.644842
136,14,4721.609206
136,16,4644.294972
136,17,4622.467711
137,12,4872.613930
137,13,4778.644842
137,14,4721.609206
137,16,4644.294972
137,17,4622.467711
138,12,4872.613930
138,13,4778.644842
138,14,4712.510720
138,16,4644.294972
138,17,4622.467711
139,12,4858.052082
139,13,4778.644842
139,14,4709.213777
139,16,4644.294972
139,17,4619.541107
140,12,4858.052082
140,13,4778.644842
140,14,4709.213777
140,16,4644.294972
140,17,4619.541107
141,12,4857.261254
141,13,4764.150656
141,14,4702.009017
141,16,4644.294972
141,17,4608.681912
142,12,4857.261254
142,13,4764.150656
142,14,4702.009017
142,16,4644.294972
142,17,4608.681912
143,12,4844.093996
143,13,4754.823008
143,14,4698.058709
143,16,4629.229856
143,17,4608.681912
144,12,4844.093996
144,13,4737.378092
144,14,4698.058709
144,15,4687.460337
144,16,4629.229856
144,17,4608.681912
145,12,4844.093996
145,13,4736.663533
145,14,4694.702686
145,15,4650.141775
145,16,4621.062920
145,17,4608.681912
146,12,4844.093996
146,13,4736.663533
146,14,4694.702686
146,15,4650.141775
146,16,4621.062920
146,17,4608.681912
147,12,4844.093996
147,13,4726.143783
147,14,4694.702686
147,15,4649.932257
147,16,4600.786575
148,12,4844.093996
148,13,4726.143783
148,14,4694.702686
148,15,4649.932257
148,16,4600.786575
149,12,4844.093996
149,13,4726.143783
149,14,4694.702686
149,15,4626.565454
149,16,4600.786575
150,12,4844.093996
150,13,4726.143783
150,14,4694.702686
150,15,4626.565454
150,16,4600.786575
151,12,4844.093996
151,13,4726.143783
151,14,4694.702686
151,15,4622.758328
151,16,4596.901813
152,12,4844.093996
152,13,4726.143783
152,14,4677.120128
152,15,4622.758328
152,16,4596.901813
153,12,4841.256272
153,13,4726.143783
153,14,4677.120128
153,15,4622.209929
153,16,4596.901813
154,12,4832.742955
154,13,4726.143783
154,14,4665.605627
154,15,4618.943764
154,16,4596.901813
155,12,4828.886582
155,13,4726.143783
155,14,4665.605627
155,15,4596.939494
155,16,4596.901813
156,12,4816.260933
156,13,4726.143783
156,14,4665.605627
156,15,4596.939494
156,16,4596.901813
157,12,4816.260933
157,13,4693.747344
157,14,4655.103818
157,15,4592.170082
157,16,4586.102297
158,12,4816.260933
158,13,4692.485841
158,14,4655.103818
158,15,4592.170082
158,16,4578.748176
159,12,4816.260933
159,13,4680.495777
159,14,4655.103818
159,15,4592.170082
159,16,4578.748176
160,12,4816.260933
160,13,4680.495777
160,14,4655.103818
160,15,4592.170082
160,16,4578.748176
161,12,4792.137310
161,13,4670.867182
161,14,4655.103818
161,15,4592.170082
161,16,4578.748176
162,12,4792.137310
162,13,4670.867182
162,14,4655.103818
162,15,4592.170082
162,16,4571.286226
163,12,4776.774700
163,13,4666.789369
163,14,4624.772760
163,15,4592.170082
163,16,4571.286226
164,12,4776.774700
164,13,4666.428069
164,14,4624.772760
164,15,4592.170082
164,16,4571.286226
165,12,4776.774700
165,13,4652.962450
165,14,4624.772760
165,15,4592.170082
165,16,4571.286226
166,12,4776.774700
166,13,4647.689884
166,14,4624.772760
166,15,4587.670340
166,16,4571.286226
167,12,4773.399145
167,13,4647.689884
167,14,4623.130647
167,15,4580.221359
167,16,4571.286226
168,12,4772.810876
168,13,4640.788022
168,14,4623.130647
168,15,4580.221359
168,16,4571.286226
169,12,4772.810876
169,13,4602.530933
169,15,4580.221359
169,16,4571.286226
170,12,4772.810876
170,13,4602.530933
170,15,4580.221359
170,16,4571.286226
171,12,4772.810876
171,13,4580.637339
171,15,4580.221359
171,16,4571.286226
172,12,4772.810876
172,13,4580.637339
172,15,4580.221359
172,16,4571.286226
173,12,4761.025732
173,13,4580.637339
173,15,4569.834456
174,12,4761.025732
174,13,4580.637339
174,14,4579.148273
174,15,4569.834456
175,12,4730.413729
175,13,4554.887889
176,12,4730.413729
176,13,4554.887889
177,12,4729.954180
177,13,4554.887889
178,12,4729.954180
178,13,4554.887889
179,12,4666.650996
179,13,4543.465354
180,12,4666.650996
180,13,4534.390796
181,12,4661.229954
181,13,4534.390796
182,12,4661.229954
182,13,4534.390796
183,12,4661.229954
183,13,4529.809349
184,12,4620.531227
184,13,4529.809349
185,12,4620.531227
185,13,4496.369355
186,12,4620.531227
186,13,4496.369355
187,12,4620.531227
187,13,4495.870690
188,12,4620.531227
188,13,4495.870690
188,14,4493.409411
189,12,4616.014882
189,13,4495.870690
189,14,4493.409411
190,12,4595.598665
190,13,4495.870690
190,14,4493.409411
191,12,4586.409932
191,13,4495.870690
191,14,4492.352004
192,12,4586.409932
192,13,4488.360947
193,12,4586.409932
193,13,4488.360947
193,14,4486.520413
194,12,4586.409932
194,13,4478.851258
195,12,4586.409932
195,13,4478.778145
196,12,4579.769031
196,13,4478.778145
197,12,4579.769031
197,13,4478.778145
198,12,4579.769031
198,13,4478.778145
199,12,4579.769031
199,13,4478.778145
199,14,4448.662425
200,12,4579.769031
200,13,4478.778145
200,14,4448.662425
201,12,4575.263068
201,13,4478.778145
201,14,4448.662425
202,12,4575.263068
202,13,4455.765172
202,14,4448.662425
202,15,4438.788034
203,12,4572.306909
203,13,4455.765172
203,14,4448.662425
203,15,4438.788034
204,12,4572.306909
204,13,4455.765172
204,14,4448.662425
204,15,4438.788034
205,12,4571.954295
205,13,4455.765172
205,14,4448.662425
205,15,4438.788034
206,12,4571.954295
206,13,4455.765172
206,14,4448.662425
206,15,4438.788034
207,12,4571.954295
207,13,4455.765172
207,14,4448.662425
207,15,4438.788034
208,12,4571.954295
208,13,4455.765172
208,14,4448.662425
208,15,4438.788034
209,12,4566.323654
209,13,4453.088004
209,14,4448.662425
209,15,4438.788034
210,12,4566.323654
210,13,4453.088004
210,14,4448.662425
210,15,4438.788034
211,12,4549.302737
211,13,4452.919429
211,14,4445.985256
211,15,4438.788034
212,12,4549.302737
212,13,4452.919429
212,14,4445.985256
212,15,4438.788034
213,12,4549.302737
213,13,4452.919429
213,14,4444.872496
213,15,4438.788034
214,12,4549.302737
214,13,4452.919429
214,14,4442.232386
214,15,4438.788034
215,12,4549.302737
215,13,4452.919429
215,14,4442.232386
215,15,4438.788034
216,12,4539.668083
216,13,4452.919429
216,14,4442.232386
216,15,4438.788034
217,12,4538.156096
217,13,4452.735983
217,14,4441.089773
217,15,4437.729024
218,12,4538.156096
218,13,4452.735983
218,14,4423.962537
219,12,4537.389278
219,13,4452.735983
219,14,4423.962537
220,12,4537.389278
220,13,4450.789994
220,14,4423.962537
221,12,4536.019677
221,13,4450.789994
221,14,4423.962537
222,12,4536.019677
222,13,4450.789994
222,14,4423.962537
223,12,4536.019677
223,13,4450.789994
223,14,4423.962537
224,12,4536.019677
224,13,4450.789994
224,14,4423.962537
225,12,4536.019677
225,13,4450.490633
225,14,4423.962537
226,12,4536.019677
226,13,4450.490633
226,14,4423.962537
227,12,4536.019677
227,13,4436.421899
227,14,4410.510913
228,12,4536.019677
228,13,4436.421899
228,14,4410.510913
229,12,4536.019677
229,13,4436.421899
229,14,4410.510913
230,12,4536.019677
230,13,4436.421899
230,14,4410.510913
231,12,4536.019677
231,13,4436.421899
231,14,4402.257652
232,12,4536.019677
232,13,4436.421899
232,14,4402.257652
233,12,4536.019677
233,13,4436.421899
233,14,4402.257652
234,12,4536.019677
234,13,4436.421899
234,14,4399.179596
235,12,4481.869268
235,13,4436.421899
235,14,4396.303653
236,12,4481.869268
236,13,4436.421899
236,14,4396.303653
237,12,4481.869268
237,13,4436.421899
237,14,4396.303653
238,12,4481.869268
238,13,4436.421899
238,14,4396.303653
239,12,4481.869268
239,13,4402.577381
239,14,4396.303653
240,12,4481.869268
240,13,4402.473637
240,14,4396.303653
241,12,4481.869268
241,13,4402.473637
241,14,4393.642382
242,12,4445.846260
242,13,4402.473637
242,14,4393.642382
243,12,4445.583365
243,13,4402.473637
243,14,4393.642382
244,12,4445.583365
244,13,4402.473637
244,14,4393.642382
245,12,4445.460094
245,13,4402.473637
245,14,4393.642382
246,12,4410.241973
246,13,4397.593831
246,14,4393.642382
247,12,4406.029423
247,13,4396.936424
247,14,4393.642382
248,12,4406.029423
248,13,4396.936424
248,14,4393.642382
249,12,4406.029423
249,13,4394.165771
249,14,4392.762225
250,12,4406.029423
250,13,4388.488259
251,12,4406.029423
251,13,4388.488259
252,12,4406.029423
252,13,4385.250290
253,12,4406.029423
253,13,4363.289254
254,12,4406.029423
254,13,4363.289254
255,12,4406.029423
255,13,4357.096437
256,12,4406.029423
256,13,4357.096437
257,12,4406.029423
257,13,4357.020237
258,12,4406.029423
258,13,4357.020237
259,12,4406.029423
259,13,4356.915991
260,12,4406.029423
260,13,4356.915991
261,12,4406.029423
261,13,4356.915991
262,12,4406.029423
262,13,4356.915991
263,12,4406.029423
263,13,4356.915991
264,12,4399.031662
264,13,4356.915991
265,12,4399.031662
265,13,4356.915991
266,12,4399.031662
266,13,4356.915991
267,12,4399.031662
267,13,4356.915991
268,12,4399.031662
268,13,4356.915991
269,12,4399.031662
269,13,4356.915991
270,12,4399.031662
270,13,4356.915991
271,12,4396.592938
271,13,4356.915991
272,12,4396.592938
272,13,4354.925159
273,12,4396.592938
273,13,4354.925159
274,12,4396.592938
274,13,4354.925159
275,12,4396.592938
275,13,4354.925159
276,12,4388.777980
276,13,4354.925159
277,12,4388.777980
277,13,4343.181569
278,12,4388.777980
278,13,4343.181569
279,12,4388.777980
279,13,4343.181569
280,12,4388.777980
280,13,4343.181569
281,12,4388.777980
281,13,4333.230336
282,12,4388.777980
282,13,4333.096646
283,12,4388.777980
283,13,4333.096646
284,12,4388.777980
284,13,4333.096646
285,12,4388.777980
285,13,4333.096646
286,12,4388.777980
286,13,4331.300391
287,12,4388.777980
287,13,4331.300391
288,12,4388.777980
288,13,4331.300391
289,12,4388.777980
289,13,4331.102468
290,12,4388.777980
290,13,4331.102468
291,12,4388.777980
291,13,4331.102468
292,12,4388.777980
292,13,4331.102468
293,12,4388.777980
293,13,4331.102468
294,12,4388.777980
294,13,4331.102468
295,12,4388.777980
295,13,4330.058022
295,14,4328.639126
296,12,4388.777980
296,13,4330.058022
296,14,4328.639126
297,12,4388.777980
297,13,4330.058022
297,14,4328.639126
298,12,4385.364053
298,13,4330.058022
298,14,4328.639126
299,12,4385.364053
299,13,4330.058022
299,14,4328.639126
300,12,4385.364053
300,13,4330.058022
300,14,4328.639126
301,12,4385.364053
301,13,4330.058022
301,14,4328.639126
302,12,4385.364053
302,13,4330.058022
302,14,4328.639126
303,12,4385.364053
303,13,4330.058022
303,14,4328.639126
304,12,4381.177762
304,13,4330.058022
304,14,4328.639126
305,12,4381.177762
305,13,4330.058022
305,14,4328.639126
306,12,4381.177762
306,13,4330.058022
306,14,4328.639126
307,12,4381.177762
307,13,4330.058022
307,14,4326.763981
308,12,4381.177762
308,13,4330.058022
308,14,4326.763981
309,12,4381.177762
309,13,4330.058022
309,14,4326.763981
310,12,4380.127000
310,13,4330.058022
310,14,4326.763981
311,12,4380.127000
311,13,4330.058022
311,14,4326.763981
312,12,4380.127000
312,13,4330.058022
312,14,4326.763981
313,12,4380.127000
313,13,4330.058022
313,14,4326.763981
314,12,4380.127000
314,13,4330.058022
314,14,4326.763981
315,12,4380.127000
315,13,4330.058022
315,14,4326.763981
316,12,4346.448025
316,13,4329.235341
316,14,4326.763981
317,12,4346.448025
317,13,4329.235341
317,14,4325.941299
318,12,4346.448025
318,13,4329.235341
318,14,4325.941299
319,12,4346.388805
319,13,4328.680796
319,14,4325.941299
320,11,4407.095918
320,12,4345.024055
320,13,4328.680796
320,14,4325.941299
321,11,4407.095918
321,12,4345.024055
321,13,4328.680796
321,14,4325.941299
322,11,4407.095918
322,12,4344.035670
322,13,4328.680796
322,14,4325.941299
323,11,4407.095918
323,12,4344.035670
323,13,4328.680796
323,14,4325.941299
324,11,4407.095918
324,12,4342.276869
324,13,4328.680796
324,14,4325.941299
325,11,4407.095918
325,12,4342.276869
325,13,4328.680796
325,14,4325.941299
326,11,4407.095918
326,12,4342.276869
326,13,4328.680796
326,14,4325.941299
327,11,4406.540850
327,12,4342.276869
327,13,4328.680796
327,14,4325.941299
