Generation,NV,TOC
1,65,27215.453936
1,66,25111.516288
1,67,23777.590338
1,78,20393.045157
1,81,19020.346805
1,91,18747.259469
1,93,18588.344415
1,110,17651.800984
1,120,17396.831324
1,127,17325.253657
1,132,17253.050309
1,146,17110.521240
1,153,17106.595782
1,156,17035.574035
1,158,16778.180463
1,178,16414.717827
1,193,16270.723084
2,65,27215.453936
2,66,25111.516288
2,67,22580.811098
2,78,20393.045157
2,81,19020.346805
2,89,18237.413664
2,110,17651.800984
2,115,17627.101799
2,116,17492.031721
2,118,17285.360231
2,119,17273.027205
2,120,17112.280739
2,128,16800.426423
2,148,16232.579083
2,159,16176.474200
2,174,15957.814105
3,65,27215.453936
3,66,25111.516288
3,67,22580.811098
3,78,20393.045157
3,81,19020.346805
3,87,18833.599375
3,89,18237.413664
3,91,17511.614259
3,104,17175.348350
3,110,16792.979984
3,137,16673.537455
3,139,16332.926362
3,148,16232.579083
3,149,16089.709904
3,174,15957.814105
4,59,25070.838118
4,67,22524.440540
4,74,21318.940194
4,78,20393.045157
4,81,19020.346805
4,86,18971.209867
4,87,18833.599375
4,88,17777.035241
4,89,17197.900985
4,92,16758.332422
4,99,16554.644075
4,116,16015.025696
4,174,15957.814105
5,59,25070.838118
5,63,24408.166605
5,65,23406.920583
5,67,22524.440540
5,68,22475.375327
5,70,20656.366359
5,78,20393.045157
5,81,19020.346805
5,82,17766.373801
5,89,17197.900985
5,92,16758.332422
5,96,16473.600991
5,107,16327.809156
5,113,16164.608624
5,116,16015.025696
5,123,15808.718912
6,59,24803.432064
6,62,24323.530166
6,64,23957.241293
6,65,23406.920583
6,66,22566.081130
6,67,22524.440540
6,68,22475.375327
6,70,20656.366359
6,77,20572.469062
6,78,20393.045157
6,81,17661.938228
6,88,16956.371038
6,90,16627.094597
6,95,16363.680830
6,100,15960.828412
6,115,15920.137482
6,122,15774.649525
6,164,15456.278835
7,59,24803.432064
7,62,22129.795815
7,67,21909.799717
7,70,20656.366359
7,75,19567.861898
7,81,17661.938228
7,88,16956.371038
7,90,16627.094597
7,95,16363.680830
7,100,15960.828412
7,115,15920.137482
7,122,15774.649525
7,164,15456.278835
8,59,24803.432064
8,62,22129.795815
8,67,21909.799717
8,70,20656.366359
8,73,20150.727566
8,75,19567.861898
8,80,18708.116563
8,81,17661.938228
8,85,17193.126070
8,88,16145.629485
8,96,16042.032929
8,100,15960.828412
8,104,15694.373420
8,109,15636.801268
8,164,15456.278835
9,59,24803.432064
9,61,23744.160243
9,62,22129.795815
9,67,21764.911366
9,69,20626.709343
9,73,20150.727566
9,75,19567.861898
9,76,19558.705447
9,78,19435.550095
9,80,17584.254985
9,85,17072.932810
9,86,16644.282314
9,88,16007.699820
9,95,15926.883368
9,98,15758.628288
9,104,15588.403662
9,106,15458.273120
9,163,15412.843868
10,59,24803.432064
10,60,23217.951714
10,62,21924.822646
10,64,21289.419118
10,69,20626.709343
10,73,20150.727566
10,75,19567.861898
10,76,16341.502928
10,85,16220.034576
10,88,16007.699820
10,95,15886.060641
10,96,15592.017965
10,104,15588.403662
10,106,15458.273120
10,114,15287.286045
11,59,24803.432064
11,60,23217.951714
11,61,22234.318806
11,62,21924.822646
11,64,21289.419118
11,69,20351.927826
11,72,20059.797230
11,75,19567.861898
11,76,16341.502928
11,85,16220.034576
11,88,16007.699820
11,92,15876.788034
11,95,15752.706851
11,96,15592.017965
11,104,15588.403662
11,106,15458.273120
11,113,15192.494543
11,116,15106.924448
12,59,22713.200081
12,60,20996.888574
12,63,20859.711653
12,68,20834.497892
12,69,20351.927826
12,70,18302.347103
12,73,17393.459199
12,76,16262.815229
12,83,15650.991536
12,91,15639.835916
12,96,15372.372754
12,105,15322.338422
12,112,15072.018557
12,114,14876.365534
13,56,26086.921853
13,58,22842.151285
13,59,22713.200081
13,60,20996.888574
13,61,20829.205786
13,69,20351.927826
13,70,18302.347103
13,73,17393.459199
13,76,16262.815229
13,82,16000.334696
13,83,15650.991536
13,91,15639.835916
13,92,15637.573349
13,96,15372.372754
13,97,14976.329578
13,114,14876.365534
14,56,26086.921853
14,58,22842.151285
14,59,20661.056570
14,61,19847.559180
14,64,19603.977036
14,66,19467.159166
14,68,19060.203925
14,70,18302.347103
14,73,17393.459199
14,76,16262.815229
14,82,16000.334696
14,83,15650.991536
14,86,15502.914518
14,91,15476.207823
14,96,15372.372754
14,97,14976.329578
14,114,14876.365534
15,56,19925.924417
15,61,19847.559180
15,64,18330.969555
15,70,18225.149658
15,73,17227.068887
15,76,16161.144429
15,80,15977.958715
15,82,15645.506309
15,86,15502.914518
15,87,15310.779592
15,95,14935.511634
15,113,14807.184343
16,56,19925.924417
16,61,19847.559180
16,62,19455.659039
16,64,18330.969555
16,70,18225.149658
16,73,17227.068887
16,76,16161.144429
16,80,15977.958715
16,82,15645.506309
16,84,15408.065813
16,87,15310.779592
16,89,15292.867568
16,90,15162.819759
16,95,14935.511634
16,113,14807.184343
17,56,19925.924417
17,59,19608.141820
17,61,18877.086533
17,64,18330.969555
17,70,18225.149658
17,73,17227.068887
17,76,16161.144429
17,77,16008.656588
17,80,15977.958715
17,82,15310.243628
17,88,15186.447301
17,90,15162.819759
17,92,15037.302759
17,95,14844.622598
17,113,14807.184343
18,56,19925.924417
18,59,19608.141820
18,61,18877.086533
18,64,18330.969555
18,67,17995.396130
18,73,17227.068887
18,75,16126.260822
18,76,15974.575208
18,80,15915.394823
18,82,15079.944788
18,92,14939.690900
18,94,14772.766600
18,111,14725.070199
19,55,20105.145349
19,56,19925.924417
19,59,19349.815351
19,61,18877.086533
19,62,18574.509684
19,63,17708.901559
19,66,17437.448937
19,73,17225.908221
19,74,16991.030148
19,75,16126.260822
19,76,15974.575208
19,80,15915.394823
19,82,15079.944788
19,92,14939.690900
19,94,14772.766600
19,111,14725.070199
20,55,20105.145349
20,56,19925.924417
20,58,19370.976539
20,59,19349.815351
20,61,18877.086533
20,62,18574.509684
20,63,17708.901559
20,66,17437.448937
20,68,17047.940069
20,74,16991.030148
20,75,16126.260822
20,76,15974.575208
20,80,15915.394823
20,82,15079.944788
20,90,14966.180169
20,92,14939.690900
20,94,14772.766600
20,111,14725.070199
21,54,19960.919288
21,56,19925.924417
21,57,19393.675858
21,58,19370.976539
21,59,18487.795300
21,63,17708.901559
21,66,17437.448937
21,67,17397.103824
21,68,16811.324384
21,69,16771.894817
21,73,16580.318549
21,75,16044.121192
21,76,15974.575208
21,80,15915.394823
21,82,15050.075005
21,89,14861.522270
21,94,14772.766600
21,103,14631.592196
22,54,19960.919288
22,56,19529.228885
22,57,19393.675858
22,58,19370.976539
22,59,18487.795300
22,63,17708.901559
22,64,17497.037433
22,66,17437.448937
22,67,17397.103824
22,68,16811.324384
22,69,16771.894817
22,72,15945.522880
22,80,15426.965768
22,82,15050.075005
22,89,14861.522270
22,94,14772.766600
22,96,14729.583093
22,103,14631.592196
23,52,20122.859164
23,54,19960.919288
23,55,19613.661230
23,56,18300.805705
23,63,17708.901559
23,64,17497.037433
23,66,17437.448937
23,67,17397.103824
23,68,16811.324384
23,69,16771.894817
23,70,15907.436776
23,79,15831.822635
23,80,15426.965768
23,82,15050.075005
23,87,14990.791460
23,89,14861.522270
23,91,14846.703758
23,94,14772.766600
23,96,14729.583093
23,103,14631.592196
24,52,20122.859164
24,53,19676.483147
24,55,19613.661230
24,56,18260.169295
24,62,18183.630104
24,63,17708.901559
24,64,17497.037433
24,66,17437.448937
24,67,17397.103824
24,68,16811.324384
24,69,16771.894817
24,70,15907.436776
24,74,15471.166155
24,79,15306.731861
24,82,14976.868973
24,87,14838.870288
24,89,14818.977921
24,94,14772.766600
24,96,14626.230141
24,103,14585.306481
25,52,20122.859164
25,53,19676.483147
25,55,19112.153175
25,56,18120.151055
25,57,18061.973950
25,62,16959.141344
25,68,16811.324384
25,69,16743.872670
25,70,15907.436776
25,74,15471.166155
25,79,15306.731861
25,82,14976.868973
25,87,14838.870288
25,89,14818.977921
25,90,14795.417922
25,94,14632.695238
25,96,14481.537823
26,52,20122.859164
26,53,19676.483147
26,55,18690.633284
26,56,18120.151055
26,57,18061.973950
26,62,16959.141344
26,65,16648.253051
26,70,15907.436776
26,74,15471.166155
26,79,15306.731861
26,82,14976.868973
26,87,14838.870288
26,89,14818.977921
26,90,14795.417922
26,94,14632.695238
26,96,14481.537823
27,52,20122.859164
27,53,19676.483147
27,54,19522.524043
27,55,18297.831265
27,56,18120.151055
27,57,18061.973950
27,62,16957.562069
27,65,16648.253051
27,69,16121.003981
27,70,15789.840299
27,74,15321.929681
27,79,15282.482908
27,82,14853.725058
27,87,14807.444922
27,88,14781.667819
27,90,14706.050276
27,94,14632.695238
27,96,14460.671697
28,52,20122.859164
28,53,19676.483147
28,54,18734.927112
28,55,18297.831265
28,56,18120.151055
28,57,18061.973950
28,58,17742.445936
28,61,17181.192069
28,62,16957.562069
28,64,16449.943036
28,67,16444.823589
28,69,16121.003981
28,70,15789.840299
28,71,15489.116974
28,74,15321.929681
28,77,14946.223499
28,82,14853.725058
28,87,14807.444922
28,88,14781.667819
28,90,14706.050276
28,94,14632.695238
28,96,14460.671697
29,52,20122.859164
29,53,19676.483147
29,54,18734.927112
29,55,18297.831265
29,56,18120.151055
29,57,18061.973950
29,58,17742.445936
29,61,17181.192069
29,62,16957.562069
29,63,16724.746435
29,64,16449.943036
29,65,16018.253442
29,66,15745.424279
29,71,15489.116974
29,74,15321.929681
29,76,15037.305951
29,77,14946.223499
29,82,14853.725058
29,86,14837.873612
29,87,14807.444922
29,88,14781.667819
29,90,14706.050276
29,92,14543.951413
29,96,14460.671697
29,98,14452.511599
30,52,18393.694858
30,55,18126.863052
30,56,18120.151055
30,57,18061.973950
30,58,17742.445936
30,61,17053.524341
30,62,16867.076081
30,63,16724.746435
30,64,16449.943036
30,65,15732.394932
30,71,15489.116974
30,74,15289.712801
30,76,14940.644867
30,82,14809.828588
30,84,14622.136975
30,85,14536.100664
30,92,14484.448236
30,95,14423.328289
31,52,18393.694858
31,55,18126.863052
31,56,18120.151055
31,57,18061.973950
31,58,17742.445936
31,61,17053.524341
31,62,16867.076081
31,63,16724.746435
31,64,16449.943036
31,65,15732.394932
31,70,15697.420526
31,71,15489.116974
31,74,15289.712801
31,75,14900.182736
31,81,14798.700830
31,83,14772.229514
31,84,14622.136975
31,85,14536.100664
31,92,14484.448236
31,95,14423.328289
32,52,18393.694858
32,54,18198.733847
32,55,18126.863052
32,56,18120.151055
32,57,18061.973950
32,58,17742.445936
32,60,17001.627084
32,62,16867.076081
32,63,16724.746435
32,64,16449.943036
32,65,15732.394932
32,70,15697.420526
32,71,15489.116974
32,74,15233.615688
32,75,14900.182736
32,77,14852.158601
32,79,14722.191684
32,84,14622.136975
32,85,14536.100664
32,92,14484.448236
32,95,14423.328289
32,98,14357.554417
32,100,14315.243566
33,51,19159.990155
33,52,18393.694858
33,54,18198.733847
33,55,17875.781025
33,58,17742.445936
33,60,16181.407675
33,65,15732.394932
33,70,15697.420526
33,71,15489.116974
33,74,15233.615688
33,75,14900.182736
33,77,14831.405073
33,79,14691.384484
33,84,14503.145113
33,86,14483.255623
33,92,14459.275815
33,95,14398.590529
33,97,14291.064826
33,100,14278.494134
33,101,14192.987304
34,51,19159.990155
34,52,18393.694858
34,54,18198.733847
34,55,17490.711706
34,59,17184.121669
34,60,16181.407675
34,62,16128.106418
34,65,15732.394932
34,70,15697.420526
34,71,15489.116974
34,74,15233.615688
34,75,14900.182736
34,77,14831.405073
34,79,14691.384484
34,84,14503.145113
34,86,14483.255623
34,92,14459.275815
34,95,14398.590529
34,97,14291.064826
34,100,14231.825151
34,101,14192.987304
35,51,19159.990155
35,52,18393.694858
35,54,18198.733847
35,55,17490.711706
35,59,17184.121669
35,60,16181.407675
35,62,16128.106418
35,63,16106.569901
35,64,15396.476218
35,74,15233.615688
35,75,14900.182736
35,76,14872.145128
35,77,14831.405073
35,79,14691.384484
35,84,14503.145113
35,86,14483.255623
35,89,14450.047612
35,95,14398.590529
35,97,14291.064826
35,100,14231.825151
35,101,14192.987304
36,51,19159.990155
36,52,18393.694858
36,54,18198.733847
36,55,17490.711706
36,58,17012.477639
36,60,16181.407675
36,62,16128.106418
36,63,16106.569901
36,64,15396.476218
36,71,15169.844203
36,73,14684.982082
36,79,14616.621851
36,84,14472.590247
36,86,14347.068071
36,94,14346.405754
36,97,14291.064826
36,99,14161.155070
36,100,14149.414032
37,51,18535.378007
37,52,18393.694858
37,53,18390.866847
37,54,18184.684235
37,55,17490.711706
37,57,17370.676212
37,58,17012.477639
37,60,16181.407675
37,62,16128.106418
37,63,16106.569901
37,64,15396.476218
37,70,15316.214171
37,71,15169.844203
37,73,14684.982082
37,77,14437.041534
37,86,14347.068071
37,94,14346.405754
37,97,14291.064826
37,99,14161.155070
37,100,14149.414032
38,49,18644.452174
38,51,18474.841093
38,52,18393.694858
38,53,18390.866847
38,54,18184.684235
38,55,17490.711706
38,57,17370.676212
38,58,17012.477639
38,60,16181.407675
38,62,16128.106418
38,63,15729.352219
38,64,15396.476218
38,70,15316.214171
38,71,15169.844203
38,73,14684.982082
38,77,14437.041534
38,82,14412.401597
38,86,14347.068071
38,94,14346.405754
38,97,14291.064826
38,99,14161.155070
38,100,14149.414032
39,49,18644.452174
39,51,18474.841093
39,52,18393.694858
39,53,18390.866847
39,54,18184.684235
39,55,17490.711706
39,57,17370.676212
39,58,17012.477639
39,59,16632.529888
39,60,15852.634377
39,63,15729.352219
39,64,15396.476218
39,70,15316.214171
39,71,14575.510319
39,75,14491.965860
39,76,14383.623400
39,82,14297.635449
39,93,14281.014478
39,94,14233.777824
39,96,14099.993113
40,49,18644.452174
40,51,18458.819131
40,52,18393.694858
40,53,17779.873141
40,55,17490.711706
40,56,17105.755943
40,58,17012.477639
40,59,16632.529888
40,60,15834.765971
40,61,15554.181857
40,64,15396.476218
40,66,14933.342034
40,67,14832.719477
40,71,14575.510319
40,75,14491.965860
40,76,14383.623400
40,79,14222.108790
40,88,14193.995802
40,96,14099.993113
41,49,18644.452174
41,50,18514.052189
41,51,18241.256468
41,53,17779.873141
41,55,17490.711706
41,56,17105.755943
41,58,16853.310948
41,59,16632.529888
41,60,15834.765971
41,61,15554.181857
41,64,15396.476218
41,66,14933.342034
41,67,14832.719477
41,70,14616.891588
41,71,14575.510319
41,75,14491.965860
41,76,14383.623400
41,79,14222.108790
41,88,14193.995802
41,96,14099.993113
42,49,18644.452174
42,50,18392.778965
42,51,17338.670688
42,54,16801.767392
42,57,16676.612876
42,59,16632.529888
42,60,15834.765971
42,61,15554.181857
42,64,15396.476218
42,65,14879.358526
42,67,14787.935803
42,70,14412.218858
42,76,14269.800796
42,79,14196.707102
42,80,14128.310989
42,96,14073.455304
43,49,18644.452174
43,50,17128.682995
43,53,17123.452725
43,54,16801.767392
43,56,16562.125906
43,58,15875.048854
43,60,15827.939960
43,61,15554.181857
43,64,15396.476218
43,65,14879.358526
43,67,14787.935803
43,70,14412.218858
43,72,14402.381675
43,76,14269.800796
43,79,14196.707102
43,80,14128.310989
43,96,14073.455304
43,99,13947.775475
44,49,18644.452174
44,50,17128.682995
44,52,16955.066778
44,54,16470.043835
44,55,16468.288964
44,58,15763.065599
44,61,15554.181857
44,64,15396.476218
44,65,14879.358526
44,67,14787.935803
44,70,14412.218858
44,72,14364.864258
44,76,14269.800796
44,79,14196.707102
44,80,14128.310989
44,87,14106.058919
44,88,14082.591477
44,96,14073.455304
44,99,13947.775475
45,48,18844.136395
45,49,18644.452174
45,50,17128.682995
45,52,16955.066778
45,54,16470.043835
45,55,16468.288964
45,56,15746.003512
45,59,15665.809080
45,61,15553.747708
45,64,15396.476218
45,65,14879.358526
45,67,14724.076358
45,69,14366.662301
45,71,14360.188684
45,74,14182.573943
45,78,14170.713126
45,80,14067.359822
45,87,14048.817231
45,91,14040.683521
45,99,13947.775475
46,48,18844.136395
46,49,18111.587049
46,50,16746.445429
46,54,16470.043835
46,55,16468.288964
46,56,15746.003512
46,59,15665.809080
46,61,14862.688339
46,63,14739.849029
46,66,14503.943219
46,68,14340.964997
46,74,14182.573943
46,78,14170.713126
46,80,14067.359822
46,87,14048.817231
46,91,14040.683521
46,99,13947.775475
47,48,18844.136395
47,49,18111.587049
47,50,16746.445429
47,54,16437.882200
47,56,15746.003512
47,59,15665.809080
47,61,14862.688339
47,63,14739.849029
47,66,14503.943219
47,68,14340.964997
47,74,14182.573943
47,78,14170.713126
47,80,14067.359822
47,81,13914.624385
48,48,18844.136395
48,49,17855.660487
48,50,16746.445429
48,54,16339.155832
48,55,16268.790319
48,56,15746.003512
48,59,15285.424067
48,61,14862.688339
48,62,14529.068253
48,64,14319.147184
48,74,14159.444992
48,76,14059.142481
48,81,13853.523593
49,48,18844.136395
49,49,17855.660487
49,50,16746.445429
49,54,16339.155832
49,55,16268.790319
49,56,15485.558107
49,59,15285.424067
49,61,14862.688339
49,62,14529.068253
49,63,14470.847996
49,64,14319.147184
49,71,14050.952033
49,78,14039.195897
49,81,13853.523593
49,82,13841.582095
49,83,13806.553465
49,90,13718.260892
50,48,18844.136395
50,49,17636.845730
50,50,16746.445429
50,54,16339.155832
50,55,16268.790319
50,56,15102.115411
50,60,14894.145024
50,61,14862.688339
50,62,14529.068253
50,63,14470.847996
50,64,14319.147184
50,71,14050.952033
50,78,14039.195897
50,81,13853.523593
50,82,13841.582095
50,83,13806.553465
50,90,13718.260892
51,48,18844.136395
51,49,17636.845730
51,50,16746.445429
51,51,16716.080683
51,54,16137.242966
51,55,16090.211633
51,56,15102.115411
51,60,14894.145024
51,61,14862.688339
51,62,14446.385518
51,63,14396.074839
51,64,14277.470108
51,71,14019.902338
51,78,14019.242543
51,80,13946.058215
51,81,13842.489597
51,82,13820.435186
51,83,13722.917496
51,90,13713.816979
52,47,18408.719297
52,48,18220.895139
52,49,17636.845730
52,50,16746.445429
52,51,16716.080683
52,54,16137.242966
52,55,15772.908540
52,56,15102.115411
52,60,14894.145024
52,61,14689.503890
52,62,14446.385518
52,63,14396.074839
52,64,14277.470108
52,71,14019.902338
52,76,13965.701847
52,77,13747.521532
52,79,13559.314470
53,47,18408.719297
53,48,18201.407668
53,49,17636.845730
53,50,16746.445429
53,51,16299.622070
53,53,16177.907835
53,54,15818.849181
53,55,15772.908540
53,56,15102.115411
53,60,14894.145024
53,61,14689.503890
53,62,14446.385518
53,63,14396.074839
53,64,14277.470108
53,71,14019.902338
53,76,13965.701847
53,77,13747.521532
53,79,13559.314470
53,82,13557.157249
54,47,18408.719297
54,48,18201.407668
54,49,17547.605376
54,50,16746.445429
54,51,16299.622070
54,53,16177.907835
54,54,15818.849181
54,55,15772.908540
54,56,15102.115411
54,60,14839.820821
54,61,14510.119176
54,62,14399.723573
54,63,14317.945391
54,64,14214.909392
54,70,13977.293300
54,75,13915.483187
54,77,13727.795311
54,79,13518.960632
55,47,18408.719297
55,48,18201.407668
55,49,17547.605376
55,50,16746.445429
55,51,16299.622070
55,52,16194.408922
55,53,16052.719847
55,54,15818.849181
55,55,15772.908540
55,56,15102.115411
55,59,14910.856866
55,60,14839.820821
55,61,14510.119176
55,62,14399.723573
55,63,14317.945391
55,64,14214.909392
55,68,14101.069042
55,70,13977.293300
55,75,13915.483187
55,76,13621.010854
55,79,13518.960632
55,87,13516.599938
56,47,18408.719297
56,48,18201.407668
56,49,17547.605376
56,50,16746.445429
56,51,16287.001719
56,52,16194.408922
56,53,16052.719847
56,54,15818.849181
56,55,15772.908540
56,56,15102.115411
56,59,14910.856866
56,60,14839.820821
56,61,14510.119176
56,62,14399.723573
56,63,14317.945391
56,64,14214.909392
56,68,14101.069042
56,70,13977.293300
56,75,13915.483187
56,76,13621.010854
56,79,13518.960632
56,80,13464.605664
57,47,18408.719297
57,48,18201.407668
57,49,17311.042181
57,50,16746.445429
57,51,16287.001719
57,52,16194.408922
57,53,16052.719847
57,54,15818.849181
57,55,15630.058680
57,56,15102.115411
57,59,14910.856866
57,60,14839.820821
57,61,14510.119176
57,62,14399.723573
57,63,14289.755945
57,64,14086.649737
57,70,13930.591086
57,73,13863.691514
57,75,13515.230558
57,78,13408.452628
57,83,13237.228390
58,47,18408.719297
58,48,18201.407668
58,49,17311.042181
58,50,16746.445429
58,51,16287.001719
58,52,15771.099022
58,55,15630.058680
58,56,15102.115411
58,59,14910.856866
58,60,14839.820821
58,61,14510.119176
58,62,14399.723573
58,63,14289.755945
58,64,14086.649737
58,70,13930.591086
58,73,13863.691514
58,75,13515.230558
58,78,13408.452628
58,83,13237.228390
59,47,18408.719297
59,48,18201.407668
59,49,17311.042181
59,50,16746.445429
59,51,16287.001719
59,52,15771.099022
59,55,15630.058680
59,56,15102.115411
59,59,14910.856866
59,60,14839.820821
59,61,14510.119176
59,62,14399.723573
59,63,14289.755945
59,64,14086.649737
59,68,13865.861916
59,73,13863.691514
59,74,13698.400683
59,75,13515.230558
59,78,13408.452628
59,83,13237.228390
60,47,18408.719297
60,48,18201.407668
60,49,17311.042181
60,50,16746.445429
60,51,16287.001719
60,52,15771.099022
60,55,15630.058680
60,56,15102.115411
60,59,14910.856866
60,60,14839.820821
60,61,14467.143077
60,62,14261.456779
60,64,14081.540832
60,67,13805.199820
60,73,13676.415180
60,74,13428.837444
60,78,13395.446942
60,81,13194.180939
61,47,18408.719297
61,48,18201.407668
61,49,17311.042181
61,50,16746.445429
61,51,16270.343529
61,52,15771.099022
61,55,15630.058680
61,56,15102.115411
61,59,14910.856866
61,60,14443.148297
61,62,14261.456779
61,64,14081.540832
61,67,13805.199820
61,73,13676.415180
61,74,13428.837444
61,78,13395.446942
61,81,13194.180939
62,47,18408.719297
62,48,18201.407668
62,49,17311.042181
62,50,16746.445429
62,51,16270.343529
62,52,15771.099022
62,55,15630.058680
62,56,15102.115411
62,59,14910.856866
62,60,14443.148297
62,62,14261.456779
62,64,14081.540832
62,67,13805.199820
62,73,13676.415180
62,74,13428.837444
62,78,13395.446942
62,81,13194.180939
63,47,17810.743507
63,49,17311.042181
63,50,16746.445429
63,51,16247.341288
63,52,15771.099022
63,55,15630.058680
63,56,15077.311854
63,58,14841.239974
63,60,14393.466939
63,61,14253.182837
63,64,14056.385096
63,67,13801.338292
63,71,13549.491823
63,74,13383.051803
63,77,13352.673344
63,79,13134.713473
64,47,17810.743507
64,49,17258.535473
64,50,16746.445429
64,51,16247.341288
64,52,15771.099022
64,55,15630.058680
64,56,15077.311854
64,58,14841.239974
64,60,14393.466939
64,61,14253.182837
64,64,14056.385096
64,67,13801.338292
64,71,13549.491823
64,74,13383.051803
64,76,13346.773181
64,79,13134.713473
65,47,17810.743507
65,49,17258.535473
65,50,16746.445429
65,51,16247.341288
65,52,15771.099022
65,55,15630.058680
65,56,15077.311854
65,58,14841.239974
65,60,14393.466939
65,61,14253.182837
65,64,14056.385096
65,67,13801.338292
65,71,13549.491823
65,74,13383.051803
65,76,13346.773181
65,79,13134.713473
66,47,17810.743507
66,49,17258.535473
66,50,16513.397116
66,51,16247.341288
66,52,15771.099022
66,54,15473.534042
66,56,15077.311854
66,58,14841.239974
66,60,14375.389468
66,61,14217.653188
66,64,13993.389380
66,65,13749.310850
66,66,13744.619244
66,71,13487.448057
66,74,13332.253256
66,75,13301.411657
66,77,13125.759862
67,47,17810.743507
67,49,17258.535473
67,50,16513.397116
67,51,16247.341288
67,52,15771.099022
67,54,15473.534042
67,55,14966.226086
67,58,14841.239974
67,60,14375.389468
67,61,14217.653188
67,64,13993.389380
67,65,13749.310850
67,66,13744.619244
67,71,13487.448057
67,74,13332.253256
67,75,13301.411657
67,77,13125.759862
68,47,17810.743507
68,48,17568.287502
68,49,17258.535473
68,50,16513.397116
68,51,15941.467461
68,52,15771.099022
68,54,15473.534042
68,55,14966.226086
68,58,14841.239974
68,60,14375.389468
68,61,14217.653188
68,64,13993.389380
68,65,13749.310850
68,66,13744.619244
68,71,13487.448057
68,74,13332.253256
68,75,13301.411657
68,77,13125.759862
68,81,13030.241440
69,47,17810.743507
69,48,17568.287502
69,49,17258.535473
69,50,16513.397116
69,51,15941.467461
69,52,15771.099022
69,53,15431.478125
69,55,14966.226086
69,58,14841.239974
69,59,14797.096405
69,60,14158.025695
69,63,13681.760261
69,70,13397.136867
69,74,13332.253256
69,75,13262.454727
69,77,13090.455662
69,80,12906.486164
70,47,17810.743507
70,48,17568.287502
70,49,16969.869905
70,50,16446.600469
70,51,15941.467461
70,52,15771.099022
70,53,15352.800802
70,55,14966.226086
70,58,14841.239974
70,59,14797.096405
70,60,14158.025695
70,63,13681.760261
70,70,13397.136867
70,74,13332.253256
70,75,13262.454727
70,77,13090.455662
70,80,12906.486164
71,47,17810.743507
71,48,17568.287502
71,49,16898.976388
71,50,16395.917550
71,51,15941.467461
71,52,15771.099022
71,53,15352.800802
71,55,14966.226086
71,58,14841.239974
71,59,14797.096405
71,60,14158.025695
71,63,13681.760261
71,66,13436.052987
71,68,13333.862857
71,74,13332.253256
71,75,13262.454727
71,77,13090.455662
71,80,12906.486164
72,47,17810.743507
72,48,17568.287502
72,49,16898.976388
72,50,16395.917550
72,51,15941.467461
72,52,15771.099022
72,53,15352.800802
72,55,14841.086459
72,59,14720.481628
72,60,14158.025695
72,63,13637.652621
72,65,13387.649409
72,68,13333.862857
72,70,13111.925560
72,77,13075.063436
72,79,12862.602296
73,47,17810.743507
73,48,17568.287502
73,49,16848.418122
73,50,16395.917550
73,51,15941.467461
73,52,15771.099022
73,53,15352.800802
73,55,14841.086459
73,59,14720.481628
73,60,14158.025695
73,63,13637.652621
73,65,13387.649409
73,68,13333.862857
73,70,13111.925560
73,77,13075.063436
73,79,12862.602296
74,47,17810.743507
74,48,17568.287502
74,49,16796.242151
74,50,16395.917550
74,51,15941.467461
74,52,15771.099022
74,53,15352.800802
74,55,14841.086459
74,59,14720.481628
74,60,14158.025695
74,63,13637.652621
74,65,13387.649409
74,68,13333.862857
74,70,13111.925560
74,77,13075.063436
74,79,12862.602296
75,47,17810.743507
75,48,17568.287502
75,49,16796.242151
75,50,16296.610918
75,51,15941.467461
75,52,15771.099022
75,53,15250.354752
75,55,14841.086459
75,57,14308.086152
75,60,14124.479201
75,63,13619.134238
75,64,13343.976828
75,67,13287.639269
75,70,13098.521548
75,77,12829.472115
76,45,20023.122103
76,47,17810.743507
76,48,17568.287502
76,49,16714.727523
76,50,16296.610918
76,51,15941.467461
76,52,15771.099022
76,53,15250.354752
76,55,14841.086459
76,57,14308.086152
76,60,14124.479201
76,62,14116.663503
76,63,13619.134238
76,64,13343.976828
76,66,13322.386703
76,67,13287.639269
76,70,13098.521548
76,77,12829.472115
77,45,20023.122103
77,47,17810.743507
77,48,17465.129391
77,49,16714.727523
77,50,16296.610918
77,51,15941.467461
77,52,15771.099022
77,53,15250.354752
77,55,14841.086459
77,57,14308.086152
77,60,14124.479201
77,62,14116.663503
77,63,13619.134238
77,64,13343.976828
77,66,13322.386703
77,67,13287.639269
77,70,13098.521548
77,73,12966.622632
77,77,12829.472115
78,45,20023.122103
78,47,17810.743507
78,48,17352.213174
78,49,16714.727523
78,50,16296.610918
78,51,15941.467461
78,52,15771.099022
78,53,15250.354752
78,55,14841.086459
78,57,14180.664583
78,60,14100.947472
78,62,13580.669761
78,63,13280.122263
78,69,13078.958209
78,73,12966.622632
78,77,12820.766905
79,45,20023.122103
79,47,17810.743507
79,48,17352.213174
79,49,16714.727523
79,50,16296.610918
79,51,15941.467461
79,52,15771.099022
79,53,15250.354752
79,55,14841.086459
79,57,14180.664583
79,60,14100.947472
79,62,13580.669761
79,63,13280.122263
79,66,13217.254548
79,69,13078.958209
79,73,12966.622632
79,77,12820.766905
80,45,20023.122103
80,47,17810.743507
80,48,17352.213174
80,49,16714.727523
80,50,16296.610918
80,51,15941.467461
80,52,15771.099022
80,53,15250.354752
80,55,14841.086459
80,57,14180.664583
80,59,14024.642330
80,62,13580.669761
80,63,13280.122263
80,66,13217.254548
80,68,13096.493931
80,69,13078.958209
80,73,12966.622632
80,77,12820.766905
81,45,19261.148336
81,46,18685.039769
81,47,17810.743507
81,48,17352.213174
81,49,16714.727523
81,50,16296.610918
81,51,15941.467461
81,52,15771.099022
81,53,15250.354752
81,55,14382.614777
81,57,14138.145522
81,59,13942.925300
81,62,13537.621428
81,63,13274.834408
81,66,13217.254548
81,67,12996.394227
81,70,12908.501888
81,77,12818.924403
82,45,19261.148336
82,46,18685.039769
82,47,17810.743507
82,48,17352.213174
82,49,16714.727523
82,50,16296.610918
82,51,15941.467461
82,52,15613.604415
82,53,15250.354752
82,55,14382.614777
82,57,14138.145522
82,59,13942.925300
82,62,13537.621428
82,63,13274.834408
82,66,13217.254548
82,67,12996.394227
82,70,12908.501888
82,77,12818.924403
83,45,19261.148336
83,46,18685.039769
83,47,17810.743507
83,48,16963.274081
83,49,16714.727523
83,50,16296.610918
83,51,15941.467461
83,52,15613.604415
83,53,15250.354752
83,55,14382.614777
83,57,14138.145522
83,59,13942.925300
83,62,13537.621428
83,63,13274.834408
83,66,13197.734557
83,67,12996.394227
83,70,12908.501888
83,75,12831.747005
83,77,12798.202989
84,45,19261.148336
84,46,18685.039769
84,47,17810.743507
84,48,16963.274081
84,49,16714.727523
84,50,16296.610918
84,51,15941.467461
84,52,15613.604415
84,53,15250.354752
84,55,14382.614777
84,57,14138.145522
84,59,13942.925300
84,62,13526.322118
84,63,13234.765066
84,66,13126.728049
84,67,12943.942075
84,70,12863.888538
84,75,12828.462632
84,76,12802.112905
84,77,12746.969870
85,45,19261.148336
85,46,18685.039769
85,47,17810.743507
85,48,16963.274081
85,49,15811.102471
85,52,15281.317073
85,53,15250.354752
85,54,15231.760213
85,55,14382.614777
85,57,14138.145522
85,59,13942.925300
85,61,13875.322055
85,62,13512.196095
85,63,13234.765066
85,66,13126.728049
85,67,12943.942075
85,70,12863.888538
85,75,12828.462632
85,76,12802.112905
85,77,12746.969870
86,45,19261.148336
86,46,18685.039769
86,47,17810.743507
86,48,16282.261417
86,49,15811.102471
86,50,15354.653863
86,52,15281.317073
86,53,15250.354752
86,54,15231.760213
86,55,14382.614777
86,57,14138.145522
86,59,13942.925300
86,61,13875.322055
86,62,13512.196095
86,63,13234.765066
86,66,13126.728049
86,67,12943.942075
86,70,12863.888538
86,75,12828.462632
86,76,12802.112905
86,77,12746.969870
87,45,19261.148336
87,46,18685.039769
87,47,17810.743507
87,48,16282.261417
87,49,15811.102471
87,50,15354.653863
87,52,15281.317073
87,53,15250.354752
87,54,15231.760213
87,55,14382.614777
87,57,14138.145522
87,59,13942.925300
87,61,13457.763074
87,62,13223.310232
87,66,13126.728049
87,67,12943.942075
87,70,12850.681730
87,74,12815.924269
87,76,12704.987957
88,45,19261.148336
88,46,18685.039769
88,47,17810.743507
88,48,16282.261417
88,49,15572.113286
88,50,15354.653863
88,52,15281.317073
88,53,15250.354752
88,54,15231.760213
88,55,14382.614777
88,56,14214.832650
88,57,14138.145522
88,59,13942.925300
88,61,13457.763074
88,62,13223.310232
88,66,13126.728049
88,67,12943.942075
88,70,12850.681730
88,74,12815.924269
88,76,12704.987957
89,45,18944.381543
89,46,18685.039769
89,47,17810.743507
89,48,16282.261417
89,49,15572.113286
89,50,15354.653863
89,51,15248.888570
89,52,15219.631023
89,55,14382.614777
89,56,14214.832650
89,57,14138.145522
89,59,13942.925300
89,61,13457.763074
89,62,13223.310232
89,66,13126.728049
89,67,12943.942075
89,70,12850.681730
89,71,12850.322152
89,74,12815.924269
89,76,12704.987957
90,45,18944.381543
90,46,18685.039769
90,47,17810.743507
90,48,16282.261417
90,49,15572.113286
90,50,15354.653863
90,51,15248.888570
90,52,15219.631023
90,55,14382.614777
90,56,14214.832650
90,57,14087.950765
90,59,13572.635939
90,60,13415.847029
90,61,13137.209328
90,66,13055.211138
90,67,12892.952161
90,70,12812.824873
90,74,12784.697178
90,76,12701.141332
91,45,18944.381543
91,46,18595.260337
91,47,17810.743507
91,48,16282.261417
91,49,15572.113286
91,50,15354.653863
91,51,15248.888570
91,52,15219.631023
91,54,15006.431090
91,55,14382.614777
91,56,14214.832650
91,57,14087.950765
91,58,13950.659443
91,59,13572.635939
91,60,13415.847029
91,61,13137.209328
91,65,13135.170688
91,66,13055.211138
91,67,12892.952161
91,70,12812.824873
91,74,12784.697178
91,76,12701.141332
92,45,18944.381543
92,46,18595.260337
92,47,17810.743507
92,48,16282.261417
92,49,15572.113286
92,50,15218.212702
92,54,15006.431090
92,55,14382.614777
92,56,14214.832650
92,57,14087.950765
92,58,13822.127915
92,59,13572.635939
92,60,13415.847029
92,61,13137.209328
92,65,13135.170688
92,66,13055.211138
92,67,12892.952161
92,70,12812.824873
92,74,12784.697178
92,76,12701.141332
93,45,18944.381543
93,46,16430.830125
93,48,16156.651627
93,49,15572.113286
93,50,15218.212702
93,54,14603.111872
93,55,14382.614777
93,56,14214.832650
93,57,14087.950765
93,58,13822.127915
93,59,13510.455965
93,60,13310.964880
93,61,13037.067968
93,66,13031.321580
93,67,12884.055634
93,69,12839.377620
93,70,12788.892718
93,74,12784.697178
93,76,12684.904473
94,45,18944.381543
94,46,16430.830125
94,48,16156.651627
94,49,15572.113286
94,50,15218.212702
94,54,14603.111872
94,55,14382.614777
94,56,14214.832650
94,57,14087.950765
94,58,13822.127915
94,59,13510.455965
94,60,13310.964880
94,61,13037.067968
94,66,13031.321580
94,67,12884.055634
94,69,12839.377620
94,70,12788.892718
94,74,12784.697178
94,76,12684.904473
95,45,18245.029426
95,46,16383.391797
95,47,15359.748667
95,50,15218.212702
95,51,14950.169046
95,53,14689.555181
95,54,14220.329950
95,56,14214.832650
95,57,14087.950765
95,58,13822.127915
95,59,13510.455965
95,60,13310.964880
95,61,13037.067968
95,66,13031.321580
95,67,12884.055634
95,69,12839.377620
95,70,12788.892718
95,74,12784.697178
95,76,12684.904473
96,45,18245.029426
96,46,16383.391797
96,47,15359.748667
96,49,15230.724447
96,50,15218.212702
96,51,14950.169046
96,53,14689.555181
96,54,14220.329950
96,56,13537.985635
96,59,13510.455965
96,60,12952.388525
96,67,12837.914777
96,69,12768.816837
96,74,12759.503002
96,76,12671.423224
97,45,18245.029426
97,46,16383.391797
97,47,15359.748667
97,49,15122.352358
97,51,14950.169046
97,53,14689.555181
97,54,14220.329950
97,56,13537.985635
97,59,13510.455965
97,60,12952.388525
97,67,12837.914777
97,69,12768.816837
97,71,12712.447683
97,76,12671.423224
98,45,18245.029426
98,46,15503.837608
98,47,15359.748667
98,48,15346.341543
98,49,15122.352358
98,51,14950.169046
98,53,14689.555181
98,54,14220.329950
98,56,13537.985635
98,59,13510.455965
98,60,12952.388525
98,64,12944.677826
98,67,12837.914777
98,69,12768.816837
98,71,12712.447683
98,76,12671.423224
99,45,18245.029426
99,46,15503.837608
99,47,15359.748667
99,48,15346.341543
99,49,15122.352358
99,51,14950.169046
99,53,14689.555181
99,54,14220.329950
99,56,13537.985635
99,59,13510.455965
99,60,12952.388525
99,62,12822.228786
99,65,12781.514419
99,69,12733.181418
99,71,12694.750208
99,73,12674.063108
99,75,12635.483998
100,45,18245.029426
100,46,15503.837608
100,47,15359.748667
100,48,15346.341543
100,49,15122.352358
100,50,14982.047569
100,51,14950.169046
100,53,14689.555181
100,54,13740.837291
100,55,13626.000458
100,56,13537.985635
100,59,13510.455965
100,60,12952.388525
100,62,12822.228786
100,65,12781.514419
100,69,12733.181418
100,71,12694.750208
100,73,12674.063108
100,75,12635.483998
101,45,17092.809616
101,46,15503.837608
101,47,15359.748667
101,48,15346.341543
101,49,15122.352358
101,50,14982.047569
101,51,14950.169046
101,53,14689.555181
101,54,13740.837291
101,55,13626.000458
101,56,13537.985635
101,59,13510.455965
101,60,12952.388525
101,62,12822.228786
101,65,12781.514419
101,67,12756.197398
101,69,12733.181418
101,71,12694.750208
101,73,12674.063108
101,75,12635.483998
102,45,17092.809616
102,46,15503.837608
102,47,15359.748667
102,48,15346.341543
102,49,15122.352358
102,50,14982.047569
102,51,14950.169046
102,53,14689.555181
102,54,13740.837291
102,55,13626.000458
102,56,13537.985635
102,58,13487.983862
102,60,12921.595115
102,61,12779.889895
102,66,12713.827414
102,69,12709.120158
102,71,12664.108967
102,75,12635.483998
103,45,17092.809616
103,46,15503.837608
103,47,15359.748667
103,48,15346.341543
103,49,15122.352358
103,50,14982.047569
103,51,14950.169046
103,53,14689.555181
103,54,13740.837291
103,55,13626.000458
103,56,13537.985635
103,58,13487.983862
103,60,12921.595115
103,61,12779.889895
103,66,12713.827414
103,69,12709.120158
103,71,12664.108967
103,75,12635.483998
104,45,16302.848719
104,46,15503.837608
104,47,15359.748667
104,48,15346.341543
104,49,15122.352358
104,50,14982.047569
104,51,14950.169046
104,52,14764.555111
104,53,14689.555181
104,54,13740.837291
104,55,13626.000458
104,56,13537.985635
104,58,13487.983862
104,60,12921.595115
104,61,12779.889895
104,66,12713.827414
104,69,12709.120158
104,71,12664.108967
104,75,12635.483998
105,45,16302.848719
105,46,15290.598412
105,49,15122.352358
105,50,14982.047569
105,51,14950.169046
105,52,14764.555111
105,53,14689.555181
105,54,13740.837291
105,55,13626.000458
105,56,13502.961458
105,58,13487.983862
105,60,12921.595115
105,61,12760.436622
105,66,12713.827414
105,69,12709.120158
105,71,12664.108967
105,75,12635.483998
106,45,16302.848719
106,46,15290.598412
106,49,15122.352358
106,50,14982.047569
106,51,14950.169046
106,52,14764.555111
106,53,14689.555181
106,54,13740.837291
106,55,13592.082314
106,56,13502.961458
106,58,13487.983862
106,59,13458.456498
106,60,12921.595115
106,61,12760.436622
106,66,12713.827414
106,69,12709.120158
106,71,12664.108967
106,75,12635.483998
107,45,16102.549460
107,46,15290.598412
107,48,14823.602278
107,50,14702.934981
107,52,13708.116607
107,55,13592.082314
107,56,13502.961458
107,58,13487.983862
107,59,13458.456498
107,60,12921.595115
107,61,12760.436622
107,63,12742.508616
107,66,12610.664878
108,45,16090.616505
108,46,15290.598412
108,47,14612.782452
108,50,14469.630443
108,52,13653.112052
108,55,13592.082314
108,56,13340.019681
108,58,13183.890826
108,60,12840.182656
108,61,12660.124128
108,66,12610.664878
109,45,16090.616505
109,46,15290.598412
109,47,14612.782452
109,50,14469.630443
109,52,13653.112052
109,55,13493.662773
109,56,13340.019681
109,58,13183.890826
109,60,12840.182656
109,61,12660.124128
109,66,12610.664878
109,70,12608.032083
110,45,16090.616505
110,46,15290.598412
110,47,14612.782452
110,50,14469.630443
110,52,13653.112052
110,55,13493.662773
110,56,13340.019681
110,58,13183.890826
110,60,12840.182656
110,61,12660.124128
110,65,12554.511411
111,45,16090.616505
111,46,15041.466050
111,47,14460.560638
111,52,13653.112052
111,54,13485.330940
111,56,13334.169452
111,58,13168.773381
111,59,12832.378585
111,61,12635.804309
111,65,12528.038577
112,45,15489.111491
112,46,15041.466050
112,47,14460.560638
112,49,14407.079993
112,51,14358.547940
112,52,13623.214037
112,54,13485.330940
112,56,13334.169452
112,58,13168.773381
112,59,12832.378585
112,61,12635.804309
112,65,12528.038577
112,66,12482.836141
113,44,16625.770680
113,45,15489.111491
113,46,15041.466050
113,47,14460.560638
113,49,14407.079993
113,51,13987.856979
113,52,13623.214037
113,54,13485.330940
113,56,13333.482498
113,57,13294.471248
113,58,13168.773381
113,59,12832.378585
113,61,12635.804309
113,62,12598.503957
113,64,12552.901142
113,65,12528.038577
113,66,12482.836141
114,44,16625.770680
114,45,15489.111491
114,46,15041.466050
114,47,14460.560638
114,49,14407.079993
114,51,13987.856979
114,52,13623.214037
114,53,13480.434390
114,56,13333.482498
114,57,13209.752444
114,58,13168.773381
114,59,12820.841171
114,61,12617.892991
114,62,12569.267794
114,64,12511.468268
114,66,12482.836141
115,44,16328.762531
115,45,15489.111491
115,46,15041.466050
115,47,14460.560638
115,49,14407.079993
115,50,13948.924721
115,51,13899.887272
115,52,13623.214037
115,53,13480.434390
115,56,13333.482498
115,57,13209.752444
115,58,13168.773381
115,59,12820.841171
115,61,12617.892991
115,62,12569.267794
115,64,12511.468268
115,66,12482.836141
116,44,16328.762531
116,45,15489.111491
116,46,15041.466050
116,47,14460.560638
116,49,14407.079993
116,50,13948.924721
116,51,13899.887272
116,52,13623.214037
116,53,13480.434390
116,56,13333.482498
116,57,13209.752444
116,58,13168.773381
116,59,12820.841171
116,61,12617.892991
116,62,12569.267794
116,64,12511.468268
116,66,12482.836141
117,44,16328.762531
117,45,15489.111491
117,46,15041.466050
117,47,14460.560638
117,49,14407.079993
117,50,13948.924721
117,51,13899.887272
117,52,13623.214037
117,53,13476.555775
117,56,13333.482498
117,57,13182.056985
117,58,12801.702772
117,61,12577.260096
117,62,12557.796174
117,63,12460.631527
118,44,16328.762531
118,45,15489.111491
118,46,14845.790704
118,47,14460.560638
118,49,14407.079993
118,50,13948.924721
118,51,13899.887272
118,52,13623.214037
118,53,13476.555775
118,56,13333.482498
118,57,13182.056985
118,58,12801.702772
118,61,12577.260096
118,62,12557.796174
118,63,12460.631527
118,65,12405.468357
119,44,16328.762531
119,45,15489.111491
119,46,14748.713992
119,47,14460.560638
119,49,14407.079993
119,50,13948.924721
119,51,13899.887272
119,52,13623.214037
119,53,13476.555775
119,56,13333.482498
119,57,13182.056985
119,58,12801.702772
119,61,12577.260096
119,62,12557.796174
119,63,12460.631527
119,65,12405.468357
120,44,16328.762531
120,45,15489.111491
120,46,14748.713992
120,47,14460.560638
120,49,14407.079993
120,50,13948.924721
120,51,13899.887272
120,52,13623.214037
120,53,13476.555775
120,56,13322.814749
120,57,13182.056985
120,58,12801.702772
120,61,12577.260096
120,62,12557.796174
120,63,12440.339631
120,65,12387.705397
121,44,16328.762531
121,45,14686.435694
121,47,14460.560638
121,49,14407.079993
121,50,13948.924721
121,51,13899.887272
121,52,13623.214037
121,53,13476.555775
121,55,13361.403370
121,56,13322.814749
121,57,13182.056985
121,58,12801.702772
121,61,12577.260096
121,62,12557.796174
121,63,12440.339631
121,65,12387.705397
121,66,12384.563523
122,44,16328.762531
122,45,14686.435694
122,47,14460.560638
122,49,14407.079993
122,50,13948.924721
122,51,13899.887272
122,52,13623.214037
122,53,13476.555775
122,55,13361.403370
122,56,13322.814749
122,57,13182.056985
122,58,12801.702772
122,61,12577.260096
122,62,12557.796174
122,63,12440.339631
122,65,12387.705397
122,66,12384.563523
123,44,16328.762531
123,45,14686.435694
123,47,14460.560638
123,49,14265.671491
123,50,13864.638060
123,52,13623.214037
123,53,13476.555775
123,55,12961.553484
123,58,12711.854938
123,61,12569.571899
123,62,12557.796174
123,63,12436.516036
123,65,12354.973112
124,44,16328.762531
124,45,14686.435694
124,47,14460.560638
124,49,14265.671491
124,50,13864.638060
124,52,13623.214037
124,53,13476.555775
124,55,12961.553484
124,58,12711.854938
124,61,12569.571899
124,62,12557.796174
124,63,12436.516036
124,65,12354.973112
125,44,16328.762531
125,45,14686.435694
125,47,14460.560638
125,49,14265.671491
125,50,13864.638060
125,52,13623.214037
125,53,13476.555775
125,55,12961.553484
125,57,12947.350153
125,58,12711.854938
125,60,12562.808565
125,62,12557.796174
125,63,12282.523131
126,44,15419.298216
126,45,14621.857731
126,47,14460.560638
126,49,14265.671491
126,50,13804.809999
126,51,13651.503572
126,52,13513.631526
126,53,13476.555775
126,55,12953.072486
126,57,12924.978457
126,58,12694.621053
126,60,12548.997015
126,62,12220.267449
127,43,15558.328698
127,44,15419.298216
127,45,14373.688837
127,49,14034.577420
127,50,13804.809999
127,51,13651.503572
127,52,13513.631526
127,53,13476.555775
127,55,12953.072486
127,57,12924.978457
127,58,12694.621053
127,60,12548.997015
127,62,12220.267449
128,43,15558.328698
128,44,15161.882578
128,45,14373.688837
128,47,14186.791889
128,49,14034.577420
128,50,13804.809999
128,51,13651.503572
128,52,13513.631526
128,53,13476.555775
128,55,12953.072486
128,57,12924.978457
128,58,12694.621053
128,59,12583.489331
128,60,12548.997015
128,62,12220.267449
129,43,15558.328698
129,44,15161.882578
129,45,14373.688837
129,47,14186.791889
129,49,14034.577420
129,50,13698.301601
129,51,13651.503572
129,52,13429.090597
129,53,13262.546997
129,55,12921.112520
129,57,12672.584895
129,59,12572.993068
129,60,12522.639228
129,62,12220.267449
130,43,15558.328698
130,44,15153.549268
130,45,14373.688837
130,47,14186.791889
130,48,14024.749781
130,50,13698.301601
130,51,13523.915513
130,52,13429.090597
130,53,13262.546997
130,55,12921.112520
130,57,12672.584895
130,59,12572.993068
130,60,12522.639228
130,61,12474.773669
130,62,12220.267449
131,43,15558.328698
131,44,15153.549268
131,45,14373.688837
131,47,14186.791889
131,48,14024.749781
131,50,13696.225253
131,51,13523.915513
131,52,13429.090597
131,53,13262.546997
131,55,12921.112520
131,57,12672.584895
131,59,12572.993068
131,60,12522.639228
131,61,12474.773669
131,62,12220.267449
132,43,15558.328698
132,44,14464.427545
132,45,14373.688837
132,47,14186.791889
132,48,14024.749781
132,50,13626.273333
132,51,13522.011424
132,52,13338.783513
132,53,13262.546997
132,55,12915.790790
132,57,12636.439653
132,59,12572.993068
132,60,12522.480311
132,61,12459.622939
132,62,12200.332725
133,43,15558.328698
133,44,14464.427545
133,45,14373.688837
133,47,14186.791889
133,48,14024.749781
133,50,13626.273333
133,51,13522.011424
133,52,13338.783513
133,53,13262.546997
133,55,12915.790790
133,57,12636.439653
133,59,12572.993068
133,60,12522.480311
133,61,12459.622939
133,62,12200.332725
134,43,15558.328698
134,44,14464.427545
134,45,14373.688837
134,47,14186.791889
134,48,14024.749781
134,50,13594.292938
134,51,13522.011424
134,52,13338.783513
134,53,13262.546997
134,55,12915.790790
134,57,12636.439653
134,59,12572.993068
134,60,12522.480311
134,61,12442.484626
134,62,12200.332725
135,43,15558.328698
135,44,14464.427545
135,45,14373.688837
135,47,14186.791889
135,48,14024.749781
135,50,13419.142948
135,52,13327.179626
135,53,13193.790414
135,55,12915.790790
135,57,12636.439653
135,59,12550.094356
135,60,12460.962828
135,61,12200.128998
136,43,14846.144606
136,44,14315.708637
136,47,14186.791889
136,48,14024.749781
136,50,13419.142948
136,51,13391.352847
136,52,13327.179626
136,53,13193.790414
136,55,12578.743938
136,59,12550.094356
136,60,12460.962828
136,61,12200.128998
137,43,14846.144606
137,44,14214.132269
137,47,14186.791889
137,48,14024.749781
137,49,13572.304774
137,50,13419.142948
137,51,13391.352847
137,52,13327.179626
137,53,13193.790414
137,55,12578.743938
137,59,12550.094356
137,60,12460.962828
137,61,12200.128998
138,42,17941.776032
138,43,14846.144606
138,44,14214.132269
138,47,14186.791889
138,48,13921.284624
138,49,13343.601232
138,52,13308.725554
138,53,13177.895822
138,55,12574.369456
138,59,12512.522208
138,60,12460.962828
138,61,12183.067738
139,42,17357.231016
139,43,14668.008495
139,44,14214.132269
139,47,14109.565359
139,48,13921.284624
139,49,13343.601232
139,52,13308.725554
139,53,13177.895822
139,55,12574.369456
139,59,12512.522208
139,60,12460.962828
139,61,12183.067738
140,42,16028.831308
140,43,14668.008495
140,44,14214.132269
140,46,13962.525632
140,48,13921.284624
140,49,13343.601232
140,52,13308.725554
140,53,13177.895822
140,55,12574.369456
140,59,12512.522208
140,60,12460.962828
140,61,12183.067738
141,42,16028.831308
141,43,14520.362656
141,44,14162.247013
141,46,13812.008180
141,49,13308.134756
141,52,13293.255291
141,53,13153.837637
141,55,12517.117448
141,59,12512.522208
141,60,12459.048425
141,61,12162.898892
142,42,15358.294873
142,43,14520.362656
142,44,14162.247013
142,46,13812.008180
142,49,13308.134756
142,52,13293.255291
142,53,13153.837637
142,55,12517.117448
142,58,12379.852090
142,61,12162.898892
143,42,15358.294873
143,43,14520.362656
143,44,14162.247013
143,46,13812.008180
143,48,13618.876119
143,49,13308.134756
143,51,13283.226618
143,53,13118.436915
143,55,12517.117448
143,58,12379.852090
143,61,12162.898892
144,42,15358.294873
144,43,14520.362656
144,44,14113.514453
144,46,13801.197921
144,48,13618.876119
144,49,13265.616389
144,53,13004.526878
144,55,12517.117448
144,58,12379.852090
144,61,12162.898892
145,42,15358.294873
145,43,14520.362656
145,44,14113.514453
145,46,13801.197921
145,48,13618.876119
145,49,13265.616389
145,53,13004.526878
145,55,12517.117448
145,57,12410.107907
145,58,12358.895720
145,61,12162.898892
146,42,15358.294873
146,43,14520.362656
146,44,14113.514453
146,46,13801.197921
146,47,13661.087512
146,48,13618.876119
146,49,13265.616389
146,53,13004.526878
146,55,12517.117448
146,57,12410.107907
146,58,12358.895720
146,61,12162.898892
147,42,15358.294873
147,43,14520.362656
147,44,14039.725816
147,46,13609.684046
147,49,13265.616389
147,53,13004.526878
147,55,12379.836308
147,58,12358.895720
147,61,12158.849454
148,41,16567.791510
148,42,15358.294873
148,43,14520.362656
148,44,14039.725816
148,46,13609.684046
148,49,13265.616389
148,53,13004.526878
148,55,12379.836308
148,57,12347.609533
148,61,12158.849454
149,41,16567.791510
149,42,14732.528854
149,43,14520.362656
149,44,14039.725816
149,46,13609.684046
149,49,13265.616389
149,53,13004.526878
149,55,12379.836308
149,57,12328.413456
149,58,12289.892692
149,61,12158.849454
150,41,16567.791510
150,42,14732.528854
150,43,14363.724842
150,44,13966.805075
150,46,13609.684046
150,48,13577.010251
150,49,13263.662360
150,53,13004.526878
150,55,12373.771466
150,57,12328.413456
150,58,12273.089190
150,61,12141.056383
151,41,16567.791510
151,42,14732.528854
151,43,14363.724842
151,44,13966.805075
151,45,13859.061604
151,46,13609.684046
151,48,13424.935373
151,49,13263.662360
151,53,13004.526878
151,54,12435.068714
151,55,12373.771466
151,57,12328.413456
151,58,12273.089190
151,61,12141.056383
151,62,12135.282249
152,41,16567.791510
152,42,14732.528854
152,43,14363.724842
152,44,13966.805075
152,45,13859.061604
152,46,13609.684046
152,48,13424.935373
152,49,13263.662360
152,53,13004.526878
152,54,12435.068714
152,55,12373.771466
152,57,12328.413456
152,58,12273.089190
152,61,12141.056383
152,62,12135.282249
153,41,16567.791510
153,42,14732.528854
153,43,14363.724842
153,44,13966.805075
153,45,13859.061604
153,46,13609.684046
153,47,13512.449426
153,48,13402.104249
153,49,13263.662360
153,52,12946.426154
153,54,12435.068714
153,55,12348.954387
153,56,12306.400643
153,58,12267.024348
153,61,12097.688412
154,41,15484.392416
154,42,14732.528854
154,43,14363.724842
154,44,13966.805075
154,45,13859.061604
154,46,13609.684046
154,47,13512.449426
154,48,13402.104249
154,49,13263.662360
154,52,12946.426154
154,54,12435.068714
154,55,12348.954387
154,56,12306.400643
154,57,12251.988512
154,58,12246.889972
154,59,12243.644869
154,61,12097.688412
155,41,15484.392416
155,42,14732.528854
155,43,14363.724842
155,44,13966.805075
155,45,13859.061604
155,46,13609.684046
155,47,13512.449426
155,48,13402.104249
155,49,13263.662360
155,51,13248.241508
155,52,12946.426154
155,54,12435.068714
155,55,12348.954387
155,56,12306.400643
155,57,12251.988512
155,58,12246.889972
155,59,12243.644869
155,61,12097.688412
156,41,15484.392416
156,42,14271.230912
156,44,13966.805075
156,45,13859.061604
156,46,13609.684046
156,47,13512.449426
156,48,13402.104249
156,49,13263.662360
156,51,13215.947352
156,52,12946.426154
156,54,12435.068714
156,55,12344.568101
156,56,12306.400643
156,57,12238.932165
156,58,12228.690669
156,61,12097.688412
157,41,15484.392416
157,42,14271.230912
157,44,13966.805075
157,45,13859.061604
157,46,13609.684046
157,47,13512.449426
157,48,13402.104249
157,49,13263.662360
157,51,13215.947352
157,52,12946.426154
157,54,12435.068714
157,55,12344.568101
157,56,12306.400643
157,57,12234.513633
157,58,12228.690669
157,61,12097.688412
158,41,15484.392416
158,42,14271.230912
158,44,13966.805075
158,45,13859.061604
158,46,13609.684046
158,47,13512.449426
158,48,13341.264019
158,49,13263.662360
158,51,13158.566706
158,52,12946.426154
158,54,12435.068714
158,55,12344.568101
158,56,12306.400643
158,57,12234.513633
158,58,12228.690669
158,61,12097.688412
159,41,15484.392416
159,42,14117.295392
159,43,14006.145977
159,44,13966.805075
159,45,13859.061604
159,46,13609.684046
159,47,13512.449426
159,48,13341.264019
159,49,13219.738398
159,51,13158.566706
159,52,12927.842312
159,54,12431.395923
159,55,12326.464775
159,56,12306.400643
159,57,12213.763184
159,61,12097.688412
160,41,15484.392416
160,42,14117.295392
160,43,14006.145977
160,44,13966.805075
160,45,13859.061604
160,46,13609.684046
160,47,13512.449426
160,48,13341.264019
160,49,13219.738398
160,51,13158.566706
160,52,12927.842312
160,54,12431.395923
160,55,12326.464775
160,56,12306.400643
160,57,12213.763184
160,58,12189.453222
160,61,12097.688412
161,41,14977.741096
161,42,14117.295392
161,43,14006.145977
161,44,13966.805075
161,45,13859.061604
161,46,13609.684046
161,47,13512.449426
161,48,13341.264019
161,49,13219.738398
161,51,13158.566706
161,52,12927.842312
161,54,12431.395923
161,55,12326.464775
161,56,12306.400643
161,57,12213.763184
161,58,12189.453222
161,61,12097.688412
162,41,14977.741096
162,42,14117.295392
162,43,14006.145977
162,44,13966.805075
162,45,13859.061604
162,46,13609.684046
162,47,13512.449426
162,48,13215.897009
162,51,13119.096707
162,52,12925.733759
162,54,12350.578332
162,55,12306.716982
162,56,12195.828266
162,58,12189.453222
162,61,12059.125463
163,41,14977.741096
163,42,14117.295392
163,43,14006.145977
163,44,13966.805075
163,45,13769.380399
163,46,13609.684046
163,47,13512.449426
163,48,13215.897009
163,51,13119.096707
163,52,12925.733759
163,53,12404.673184
163,54,12350.578332
163,55,12306.716982
163,56,12195.828266
163,58,12189.453222
163,61,12059.125463
164,41,14977.741096
164,42,14117.295392
164,43,14006.145977
164,44,13966.805075
164,45,13769.380399
164,46,13609.684046
164,47,13512.449426
164,48,13215.897009
164,51,13119.096707
164,52,12925.733759
164,53,12404.673184
164,54,12267.008938
164,56,12195.828266
164,58,12189.453222
164,61,12059.125463
165,41,14977.741096
165,42,14117.295392
165,43,14006.145977
165,44,13966.805075
165,45,13769.380399
165,46,13603.925915
165,47,13512.449426
165,48,13061.407800
165,52,12886.006590
165,53,12404.673184
165,54,12259.478733
165,56,12195.828266
165,58,12189.453222
165,61,12029.613681
166,41,14977.741096
166,42,14117.295392
166,43,13880.809634
166,45,13769.380399
166,46,13408.587971
166,48,13061.407800
166,52,12886.006590
166,53,12404.673184
166,54,12259.478733
166,56,12195.828266
166,58,12189.453222
166,60,12189.453185
166,61,12029.613681
167,41,14977.741096
167,42,14100.098323
167,43,13880.809634
167,45,13769.380399
167,46,13408.587971
167,48,13061.407800
167,52,12886.006590
167,53,12404.673184
167,54,12259.478733
167,55,12246.017930
167,56,12195.828266
167,58,12189.453222
167,60,12189.453185
167,61,12029.613681
168,41,14977.741096
168,42,14100.098323
168,43,13863.696158
168,44,13818.739609
168,45,13769.380399
168,46,13368.676140
168,48,13061.407800
168,52,12792.160908
168,53,12404.673184
168,54,12255.976518
168,55,12190.789320
168,56,12182.557160
168,57,12168.100793
168,61,12008.646824
169,40,16444.256528
169,41,14533.136912
169,42,14100.098323
169,43,13863.696158
169,44,13818.739609
169,45,13769.380399
169,46,13368.676140
169,47,13145.047685
169,48,13061.407800
169,52,12792.160908
169,53,12404.673184
169,54,12255.976518
169,55,12190.789320
169,56,12182.557160
169,57,12168.100793
169,61,12008.646824
170,40,16444.256528
170,41,14533.136912
170,42,14100.098323
170,43,13695.134959
170,46,13368.676140
170,47,13145.047685
170,48,13061.407800
170,52,12792.160908
170,53,12404.673184
170,54,12255.976518
170,55,12139.941918
170,56,12131.157141
170,61,12008.646824
171,40,16444.256528
171,41,14533.136912
171,42,14100.098323
171,43,13576.616443
171,46,13360.412793
171,47,13056.081340
171,51,12785.421807
171,53,12374.798887
171,54,12255.976518
171,55,12129.641122
171,61,12008.646824
172,40,15422.431804
172,41,14533.136912
172,42,14100.098323
172,43,13576.616443
172,46,13360.412793
172,47,13056.081340
172,51,12785.421807
172,53,12374.798887
172,54,12255.976518
172,55,12129.641122
172,61,12008.646824
173,40,15049.233708
173,41,14533.136912
173,42,14100.098323
173,43,13576.616443
173,46,13360.412793
173,47,13056.081340
173,51,12785.421807
173,53,12374.798887
173,54,12151.730352
173,55,12129.641122
173,61,12008.646824
174,40,15049.233708
174,41,14533.136912
174,42,14071.578734
174,43,13506.795919
174,46,13356.159584
174,47,12977.529018
174,51,12750.076130
174,53,12340.292906
174,54,12151.730352
174,55,12106.075590
174,61,11973.709951
175,40,15049.233708
175,41,14533.136912
175,42,14071.578734
175,43,13506.795919
175,46,13356.159584
175,47,12977.529018
175,51,12750.076130
175,53,12340.292906
175,54,12151.730352
175,55,12106.075590
175,61,11973.709951
176,40,15049.233708
176,41,14533.136912
176,42,14071.578734
176,43,13506.795919
176,46,13356.159584
176,47,12977.529018
176,51,12750.076130
176,52,12236.524642
176,54,12151.730352
176,55,12106.075590
176,61,11973.709951
177,40,15049.233708
177,41,14533.136912
177,42,14018.953026
177,43,13488.396545
177,46,13356.159584
177,47,12977.529018
177,49,12939.296131
177,51,12750.076130
177,52,12236.524642
177,54,12148.228137
177,55,12105.972964
177,61,11966.764999
178,40,15049.233708
178,41,14533.136912
178,42,14018.953026
178,43,13488.396545
178,46,13356.159584
178,47,12977.529018
178,48,12600.266053
178,52,12236.524642
178,54,12143.485613
178,55,12105.972964
178,61,11966.764999
179,40,14544.018509
179,41,14533.136912
179,42,14018.953026
179,43,13488.396545
179,46,13356.159584
179,47,12977.529018
179,48,12600.266053
179,52,12236.524642
179,54,12143.485613
179,55,12105.972964
179,57,12092.192273
179,61,11966.764999
180,40,14544.018509
180,41,14375.400116
180,42,13948.580282
180,43,13451.361690
180,46,13230.882454
180,47,12920.134452
180,48,12550.105636
180,52,12221.901944
180,54,12097.996409
180,55,12065.966555
180,61,11965.656370
181,40,14544.018509
181,41,14375.400116
181,42,13948.580282
181,43,13451.361690
181,46,13230.882454
181,47,12920.134452
181,48,12550.105636
181,52,12221.901944
181,54,12097.996409
181,55,12065.966555
181,61,11965.656370
182,40,14544.018509
182,41,14375.400116
182,42,13948.580282
182,43,13451.361690
182,46,13230.882454
182,47,12920.134452
182,48,12550.105636
182,52,12221.901944
182,54,12097.996409
182,55,12065.966555
182,61,11965.656370
183,40,14544.018509
183,41,14314.588075
183,42,13920.499165
183,43,13435.602346
183,46,12885.126154
183,48,12550.105636
183,52,12182.699672
183,54,12079.722818
183,55,12046.552033
183,59,11853.811213
184,40,14510.318213
184,41,14314.588075
184,42,13920.499165
184,43,13435.602346
184,46,12885.126154
184,48,12550.105636
184,52,12182.699672
184,54,12079.722818
184,55,12046.552033
184,59,11853.811213
185,40,14510.318213
185,41,14314.588075
185,42,13920.499165
185,43,13435.602346
185,46,12885.126154
185,48,12550.105636
185,52,12182.699672
185,54,12079.722818
185,55,12046.552033
185,59,11853.811213
186,40,14510.318213
186,41,14314.588075
186,42,13906.018647
186,43,13435.602346
186,44,13411.920912
186,46,12885.126154
186,48,12550.105636
186,52,12182.699672
186,54,12018.849312
186,57,11804.463655
187,40,14500.883841
187,41,14314.588075
187,42,13906.018647
187,43,13435.602346
187,44,13411.920912
187,46,12885.126154
187,48,12550.105636
187,51,12218.291141
187,52,12182.699672
187,54,12018.849312
187,57,11804.463655
188,40,14492.694207
188,41,14172.124777
188,42,13906.018647
188,43,13435.602346
188,44,13214.060600
188,46,12885.126154
188,48,12550.105636
188,50,12316.016230
188,51,12218.291141
188,52,12182.699672
188,54,12018.849312
188,57,11804.463655
189,40,14492.694207
189,41,14172.124777
189,42,13906.018647
189,43,13435.602346
189,44,12932.584235
189,46,12872.197306
189,47,12840.592933
189,48,12550.105636
189,50,12293.619583
189,51,12157.712442
189,54,12009.362837
189,57,11802.717750
190,40,14492.694207
190,41,14172.124777
190,42,13906.018647
190,43,13435.602346
190,44,12932.584235
190,46,12872.197306
190,47,12840.592933
190,48,12550.105636
190,50,12293.619583
190,51,12157.712442
190,54,12009.362837
190,57,11802.717750
191,40,14492.694207
191,41,14172.124777
191,42,13906.018647
191,43,13435.602346
191,44,12932.584235
191,46,12872.197306
191,47,12840.592933
191,48,12550.105636
191,50,12293.619583
191,51,12157.712442
191,54,12009.362837
191,57,11802.717750
192,40,14492.694207
192,41,14172.124777
192,42,13789.018337
192,43,13413.018731
192,44,12932.584235
192,46,12872.197306
192,47,12548.869072
192,50,12117.422885
192,54,11991.414041
192,57,11795.073105
193,40,14492.694207
193,41,14021.581074
193,42,13789.018337
193,43,13413.018731
193,44,12932.584235
193,46,12872.197306
193,47,12548.869072
193,50,12117.422885
193,54,11991.414041
193,57,11795.073105
194,40,14492.694207
194,41,14021.581074
194,42,13789.018337
194,43,13413.018731
194,44,12932.584235
194,46,12872.197306
194,47,12548.869072
194,50,12117.422885
194,54,11991.414041
194,57,11795.073105
194,66,11769.047281
195,39,15239.964215
195,40,14338.272586
195,41,13771.849157
195,43,13413.018731
195,44,12932.584235
195,46,12872.197306
195,47,12548.869072
195,50,12083.017016
195,54,11991.414041
195,57,11780.480251
195,66,11749.945164
196,39,15239.964215
196,40,14338.272586
196,41,13771.849157
196,43,13413.018731
196,44,12932.584235
196,46,12872.197306
196,47,12548.869072
196,50,12083.017016
196,54,11991.414041
196,57,11780.480251
196,66,11749.945164
197,39,15239.964215
197,40,14338.272586
197,41,13771.849157
197,42,13330.911396
197,44,12932.584235
197,46,12872.197306
197,47,12548.869072
197,50,12083.017016
197,53,12075.105725
197,54,11991.414041
197,57,11780.480251
197,66,11749.945164
198,39,15239.964215
198,40,14338.272586
198,41,13738.710012
198,42,13242.895687
198,44,12910.648762
198,46,12872.197306
198,47,12285.153892
198,50,12083.017016
198,51,12009.164664
198,53,11946.583788
198,57,11774.015044
198,65,11723.511946
199,39,15239.964215
199,40,14338.272586
199,41,13738.710012
199,42,13218.751653
199,43,13173.247523
199,44,12910.648762
199,46,12872.197306
199,47,12285.153892
199,50,12083.017016
199,51,12009.164664
199,53,11946.583788
199,57,11774.015044
199,65,11723.511946
200,39,15239.964215
200,40,14338.272586
200,41,13738.710012
200,42,13218.751653
200,43,13173.247523
200,44,12910.648762
200,46,12872.197306
200,47,12285.153892
200,50,12083.017016
200,51,12009.164664
200,53,11946.583788
200,57,11774.015044
200,65,11723.511946
201,39,15112.095780
201,40,14338.272586
201,41,13738.710012
201,42,13218.751653
201,43,13090.621096
201,44,12832.986412
201,47,12285.153892
201,49,12110.908950
201,50,11980.152335
201,53,11923.222645
201,56,11768.288792
201,63,11637.314879
202,39,15073.029939
202,40,14338.272586
202,41,13738.710012
202,42,13218.751653
202,43,13090.621096
202,44,12832.986412
202,47,12285.153892
202,49,12110.908950
202,50,11980.152335
202,53,11923.222645
202,56,11768.288792
202,63,11637.314879
203,39,15051.551131
203,40,13884.531925
203,41,13738.710012
203,42,13218.751653
203,43,13090.621096
203,44,12832.986412
203,47,12285.153892
203,49,12110.908950
203,50,11980.152335
203,53,11923.222645
203,56,11768.288792
203,63,11637.314879
204,39,15051.551131
204,40,13884.531925
204,41,13738.710012
204,42,13156.918494
204,43,13036.333318
204,44,12832.986412
204,47,12285.153892
204,48,12153.929970
204,49,12085.717238
204,50,11962.389126
204,53,11922.926462
204,56,11695.140714
204,62,11618.530478
205,39,15051.551131
205,40,13884.531925
205,41,13738.710012
205,42,13156.918494
205,43,13036.333318
205,44,12832.986412
205,47,12285.153892
205,48,12153.929970
205,49,12085.717238
205,50,11962.389126
205,53,11922.926462
205,56,11695.140714
205,62,11618.530478
206,39,15051.551131
206,40,13884.531925
206,41,13738.710012
206,42,13156.918494
206,43,13036.333318
206,44,12832.986412
206,47,12285.153892
206,48,12153.929970
206,49,12085.717238
206,50,11962.389126
206,53,11922.926462
206,56,11695.140714
206,62,11618.530478
207,39,15051.551131
207,40,13884.531925
207,41,13738.710012
207,42,13156.918494
207,43,13036.333318
207,44,12797.201247
207,45,12710.784352
207,47,12285.153892
207,48,12108.326765
207,49,12077.735918
207,50,11901.119535
207,53,11891.540532
207,55,11669.506780
207,62,11618.530478
208,39,15051.551131
208,40,13884.531925
208,41,13738.710012
208,42,13156.918494
208,43,13036.333318
208,44,12797.201247
208,45,12710.784352
208,47,12285.153892
208,48,12085.734504
208,49,12077.735918
208,50,11901.119535
208,53,11891.540532
208,55,11669.506780
208,62,11618.530478
209,39,15051.551131
209,40,13884.531925
209,41,13738.710012
209,42,13156.918494
209,43,13036.333318
209,44,12797.201247
209,45,12710.784352
209,47,12285.153892
209,48,12085.734504
209,49,12077.735918
209,50,11901.119535
209,53,11891.540532
209,55,11669.506780
209,62,11618.530478
210,39,15051.551131
210,40,13884.531925
210,41,13687.202688
210,42,13156.918494
210,43,13036.333318
210,44,12797.201247
210,45,12649.084565
210,47,12285.153892
210,48,12085.734504
210,49,12016.842891
210,50,11901.119535
210,53,11864.897610
210,55,11669.506780
210,62,11618.530478
211,39,15051.551131
211,40,13884.531925
211,41,13687.202688
211,42,13156.918494
211,43,13036.333318
211,44,12797.201247
211,45,12649.084565
211,47,12285.153892
211,48,12085.734504
211,49,12016.842891
211,50,11901.119535
211,53,11864.897610
211,55,11669.506780
211,62,11618.530478
212,39,15051.551131
212,40,13884.531925
212,41,13687.202688
212,42,13156.918494
212,43,13036.333318
212,44,12797.201247
212,45,12649.084565
212,47,12285.153892
212,48,12085.734504
212,49,12016.842891
212,50,11901.119535
212,53,11864.897610
212,55,11669.506780
212,62,11618.530478
213,39,15051.551131
213,40,13658.741524
213,42,13156.918494
213,43,13031.456948
213,44,12642.157919
213,47,12285.153892
213,48,12085.734504
213,49,12002.676713
213,50,11901.119535
213,53,11864.897610
213,55,11669.506780
213,62,11616.702759
214,39,15051.551131
214,40,13658.741524
214,42,13156.918494
214,43,13031.456948
214,44,12642.157919
214,47,12285.153892
214,48,12085.734504
214,49,12002.676713
214,50,11901.119535
214,53,11864.897610
214,55,11669.506780
214,62,11616.702759
215,39,15051.551131
215,40,13658.741524
215,42,13156.918494
215,43,13031.456948
215,44,12642.157919
215,47,12059.240380
215,49,12002.676713
215,50,11901.119535
215,53,11864.897610
215,55,11669.506780
215,62,11616.702759
216,39,15051.551131
216,40,13658.741524
216,41,13546.206478
216,42,13148.846161
216,43,12950.672142
216,44,12642.157919
216,47,12059.240380
216,48,11981.708823
216,50,11894.480883
216,53,11854.145200
216,55,11662.846483
216,62,11608.921233
217,39,15051.551131
217,40,13658.741524
217,41,13546.206478
217,42,13148.846161
217,43,12950.672142
217,44,12642.157919
217,46,12022.965801
217,48,11981.708823
217,49,11969.936253
217,50,11894.480883
217,53,11854.145200
217,54,11849.683285
217,55,11662.846483
217,62,11608.921233
218,39,15051.551131
218,40,13658.741524
218,41,13546.206478
218,42,13148.846161
218,43,12950.672142
218,44,12642.157919
218,46,12022.965801
218,48,11981.708823
218,49,11969.936253
218,50,11894.480883
218,53,11854.145200
218,54,11849.683285
218,55,11662.846483
218,62,11608.921233
218,64,11606.626242
219,39,13916.852966
219,40,13658.741524
219,41,13546.206478
219,42,13148.846161
219,43,12950.672142
219,44,12642.157919
219,46,12022.965801
219,48,11979.106859
219,49,11969.936253
219,50,11894.480883
219,53,11854.069802
219,54,11827.337056
219,55,11662.454807
219,58,11646.022427
219,59,11643.973211
219,61,11579.205537
219,63,11559.031887
220,39,13916.852966
220,40,13658.741524
220,41,13546.206478
220,42,13148.846161
220,43,12831.096657
220,44,12642.157919
220,46,12022.965801
220,48,11979.106859
220,49,11969.936253
220,50,11894.480883
220,53,11854.069802
220,54,11676.344711
220,55,11662.454807
220,58,11646.022427
220,59,11643.973211
220,61,11579.205537
220,63,11559.031887
221,39,13916.852966
221,40,13658.741524
221,41,13546.206478
221,42,13148.846161
221,43,12831.096657
221,44,12642.157919
221,46,12022.965801
221,48,11979.106859
221,49,11969.936253
221,50,11894.480883
221,53,11831.798972
221,54,11676.344711
221,55,11662.454807
221,58,11646.022427
221,59,11643.973211
221,61,11579.205537
221,63,11559.031887
222,38,13971.630323
222,39,13916.852966
222,40,13658.741524
222,41,13546.206478
222,42,13148.846161
222,43,12831.096657
222,44,12642.157919
222,46,12010.608705
222,48,11950.678987
222,50,11894.480883
222,53,11825.609815
222,54,11648.430726
222,58,11646.022427
222,59,11643.972253
222,61,11579.205537
222,63,11549.422641
223,38,13645.008964
223,41,13546.206478
223,42,13148.846161
223,43,12831.096657
223,44,12642.157919
223,46,12010.608705
223,48,11950.678987
223,50,11894.480883
223,53,11825.609815
223,54,11648.430726
223,58,11646.022427
223,59,11643.972253
223,61,11579.205537
223,63,11549.422641
224,38,13645.008964
224,41,13546.206478
224,42,13148.846161
224,43,12831.096657
224,44,12642.157919
224,46,12010.608705
224,48,11950.678987
224,50,11894.480883
224,53,11825.609815
224,54,11648.430726
224,58,11646.022427
224,59,11643.972253
224,61,11579.205537
224,63,11549.422641
225,38,13645.008964
225,41,13546.206478
225,42,13148.846161
225,43,12831.096657
225,44,12636.993626
225,46,11969.507028
225,48,11941.474309
225,50,11892.058194
225,53,11825.609815
225,54,11648.430726
225,58,11646.022427
225,59,11643.972253
225,61,11579.205537
225,62,11480.284737
226,38,13645.008964
226,41,13546.206478
226,42,13135.164653
226,43,12831.096657
226,44,12636.993626
226,46,11969.507028
226,48,11941.474309
226,50,11892.058194
226,53,11825.609815
226,54,11648.430726
226,58,11646.022427
226,59,11643.972253
226,61,11440.629804
227,38,13645.008964
227,41,13546.206478
227,42,13135.164653
227,43,12831.096657
227,44,12636.993626
227,46,11969.507028
227,48,11941.474309
227,50,11892.058194
227,53,11825.609815
227,54,11648.430726
227,57,11614.295076
227,61,11440.629804
228,38,13645.008964
228,41,13546.206478
228,42,13135.164653
228,43,12831.096657
228,44,12468.905093
228,46,11956.381954
228,48,11933.182914
228,50,11890.715679
228,53,11825.609815
228,54,11648.430726
228,56,11571.026465
228,60,11412.930002
229,38,13645.008964
229,41,13364.544614
229,42,13135.164653
229,43,12831.096657
229,44,12468.905093
229,46,11956.381954
229,47,11952.036062
229,48,11933.182914
229,49,11881.279025
229,53,11825.609815
229,54,11648.430726
229,56,11571.026465
229,60,11412.930002
230,38,13645.008964
230,39,13557.320084
230,40,13492.033089
230,41,13364.544614
230,42,12879.568417
230,43,12831.096657
230,44,12468.905093
230,46,11956.381954
230,47,11952.036062
230,48,11933.182914
230,49,11881.279025
230,51,11855.940723
230,53,11825.609815
230,54,11648.430726
230,56,11571.026465
230,60,11412.930002
231,38,13645.008964
231,39,13557.320084
231,40,13492.033089
231,41,13364.544614
231,42,12879.568417
231,43,12831.096657
231,44,12468.905093
231,46,11932.304921
231,49,11863.696005
231,51,11855.940723
231,53,11455.275763
231,59,11347.991604
232,38,13645.008964
232,39,13557.320084
232,40,13356.323166
232,41,13070.430028
232,42,12879.568417
232,43,12754.281047
232,44,12468.905093
232,46,11932.304921
232,48,11931.989203
232,49,11863.696005
232,51,11800.648716
232,53,11455.275763
232,59,11347.991604
233,38,13645.008964
233,39,13557.320084
233,40,13356.323166
233,41,13070.430028
233,42,12879.568417
233,43,12754.281047
233,44,12468.905093
233,46,11932.304921
233,47,11909.085302
233,49,11858.283660
233,51,11800.648716
233,53,11455.275763
233,59,11347.991604
234,38,13645.008964
234,39,13557.320084
234,40,13356.323166
234,41,13070.430028
234,42,12879.568417
234,43,12754.281047
234,44,12430.741467
234,46,11925.669788
234,47,11909.085302
234,49,11839.042476
234,51,11800.648716
234,52,11638.808804
234,53,11444.311895
234,59,11347.580332
235,38,13643.613420
235,39,13557.320084
235,40,13356.323166
235,41,13070.430028
235,42,12879.568417
235,43,12754.281047
235,44,12430.741467
235,46,11925.669788
235,47,11909.085302
235,49,11839.042476
235,51,11800.648716
235,52,11638.808804
235,53,11444.311895
235,59,11347.580332
236,38,13643.613420
236,39,13557.320084
236,40,13356.323166
236,41,13070.430028
236,42,12689.023990
236,43,12646.795744
236,44,12430.741467
236,46,11925.669788
236,47,11909.085302
236,49,11839.042476
236,51,11800.648716
236,52,11638.808804
236,53,11444.311895
236,56,11412.641957
236,59,11347.580332
237,38,13585.966827
237,39,13557.320084
237,40,13356.323166
237,41,13070.430028
237,42,12689.023990
237,43,12390.766582
237,46,11911.265628
237,47,11909.085302
237,49,11839.042476
237,51,11800.648716
237,52,11630.287431
237,53,11442.390555
237,56,11412.375958
237,58,11390.060412
237,59,11347.580332
238,38,13585.966827
238,39,13557.320084
238,40,13356.323166
238,41,13070.430028
238,42,12689.023990
238,43,12390.766582
238,46,11911.265628
238,47,11909.085302
238,49,11839.042476
238,51,11800.648716
238,52,11630.287431
238,53,11442.390555
238,56,11412.375958
238,58,11390.060412
238,59,11347.580332
239,38,13572.429756
239,39,13557.320084
239,40,13356.323166
239,41,13070.430028
239,42,12689.023990
239,43,12390.766582
239,45,12204.591400
239,46,11911.265628
239,47,11909.085302
239,49,11839.042476
239,51,11800.648716
239,52,11630.287431
239,53,11442.390555
239,56,11412.375958
239,58,11390.060412
239,59,11347.580332
240,38,13572.429756
240,39,13557.320084
240,40,13356.323166
240,41,13070.430028
240,42,12689.023990
240,43,12390.766582
240,45,12165.657118
240,46,11889.963476
240,47,11878.913287
240,49,11826.986598
240,51,11800.648716
240,52,11630.287431
240,53,11440.544870
240,56,11372.361083
240,57,11363.138920
240,59,11336.583440
241,38,13572.429756
241,39,13557.320084
241,40,13356.323166
241,41,13070.430028
241,42,12689.023990
241,43,12390.766582
241,45,12165.657118
241,46,11889.963476
241,47,11878.373342
241,48,11770.000533
241,52,11630.287431
241,53,11440.544870
241,56,11372.361083
241,57,11363.138920
241,59,11336.583440
242,38,13572.429756
242,39,13557.320084
242,40,13356.323166
242,41,13070.430028
242,42,12689.023990
242,43,12390.766582
242,45,12165.657118
242,46,11889.963476
242,47,11878.373342
242,48,11770.000533
242,50,11756.068704
242,52,11630.287431
242,53,11440.544870
242,56,11372.361083
242,57,11363.138920
242,59,11336.583440
243,38,13553.043861
243,40,13330.122676
243,41,13070.430028
243,42,12689.023990
243,43,12390.766582
243,45,12165.657118
243,46,11860.655054
243,48,11770.000533
243,50,11756.068704
243,52,11623.735708
243,53,11437.445682
243,56,11324.663799
244,38,13552.653608
244,40,13330.122676
244,41,13070.430028
244,42,12681.091453
244,43,12390.766582
244,45,12023.807110
244,46,11860.655054
244,48,11770.000533
244,50,11756.068704
244,52,11623.735708
244,53,11437.445682
244,56,11324.663799
245,38,13545.790343
245,40,13330.122676
245,41,13070.430028
245,42,12681.091453
245,43,12390.766582
245,45,12023.807110
245,46,11860.655054
245,48,11770.000533
245,50,11756.068704
245,52,11623.735708
245,53,11437.445682
245,56,11324.663799
246,38,13545.790343
246,40,13126.779178
246,41,13002.733230
246,42,12681.091453
246,43,12337.044766
246,45,12023.807110
246,46,11858.315289
246,48,11770.000533
246,50,11756.068704
246,52,11619.141490
246,53,11437.445682
246,56,11322.844698
247,37,13539.452407
247,40,13126.779178
247,41,13002.733230
247,42,12645.239021
247,43,12337.044766
247,45,12023.807110
247,46,11858.315289
247,48,11770.000533
247,50,11756.068704
247,52,11619.141490
247,53,11437.445682
247,55,11426.400185
247,56,11322.844698
248,37,13539.452407
248,40,13070.586690
248,41,13002.733230
248,42,12645.239021
248,43,12337.044766
248,45,12023.807110
248,46,11858.315289
248,48,11770.000533
248,50,11756.068704
248,52,11619.141490
248,53,11437.445682
248,55,11426.400185
248,56,11322.844698
249,37,13539.452407
249,40,13070.586690
249,41,13002.733230
249,42,12622.811694
249,43,12251.376311
249,45,11959.056094
249,46,11844.995867
249,48,11699.187382
249,52,11608.064838
249,53,11428.719053
249,54,11354.845958
249,56,11314.907751
250,37,13539.452407
250,40,13070.586690
250,41,13002.733230
250,42,12589.346137
250,43,12251.376311
250,44,12049.127484
250,45,11959.056094
250,46,11844.995867
250,48,11699.187382
250,52,11608.064838
250,53,11428.719053
250,54,11354.845958
250,56,11314.907751
251,37,13539.452407
251,39,13408.953202
251,40,13015.755183
251,41,13002.733230
251,42,12589.346137
251,43,12251.376311
251,44,12049.127484
251,45,11959.056094
251,46,11844.995867
251,47,11776.580391
251,48,11699.187382
251,52,11608.064838
251,53,11428.719053
251,54,11354.845958
251,55,11334.863410
251,56,11314.907751
252,37,13539.452407
252,39,13385.918598
252,40,13015.755183
252,41,13002.733230
252,42,12589.346137
252,43,12251.376311
252,44,12049.127484
252,45,11825.680761
252,47,11740.647956
252,48,11699.187382
252,52,11608.064838
252,53,11428.719053
252,54,11316.126141
252,56,11314.907751
253,37,13539.452407
253,39,13385.918598
253,40,13015.755183
253,41,13002.733230
253,42,12589.346137
253,43,12251.376311
253,44,12049.127484
253,45,11825.680761
253,47,11740.647956
253,48,11699.187382
253,52,11591.161350
253,53,11428.719053
253,54,11316.126141
253,56,11314.907751
254,37,13539.452407
254,39,13385.918598
254,40,13015.755183
254,41,13002.733230
254,42,12589.346137
254,43,12251.376311
254,44,12049.127484
254,45,11825.680761
254,47,11740.647956
254,48,11699.187382
254,52,11591.161350
254,53,11428.719053
254,54,11316.126141
254,56,11314.907751
255,37,13470.695750
255,39,13385.918598
255,40,13015.755183
255,41,13002.733230
255,42,12587.611426
255,43,12251.376311
255,44,12049.127484
255,45,11816.047555
255,47,11740.647956
255,48,11687.061365
255,52,11581.331142
255,53,11422.928463
255,54,11310.360201
255,56,11306.412075
256,37,13470.695750
256,39,13385.918598
256,40,13015.755183
256,41,13002.733230
256,42,12587.611426
256,43,12251.376311
256,44,12049.127484
256,45,11816.047555
256,47,11740.647956
256,48,11687.061365
256,52,11581.331142
256,53,11317.996207
256,54,11310.360201
256,56,11306.412075
257,37,13470.695750
257,39,13120.327012
257,40,13015.755183
257,41,12956.838711
257,42,12587.611426
257,43,12251.376311
257,44,12049.127484
257,45,11816.047555
257,47,11740.647956
257,48,11687.061365
257,52,11581.331142
257,53,11317.996207
257,54,11310.360201
257,56,11306.412075
258,37,13470.695750
258,39,13120.327012
258,40,13015.755183
258,41,12860.701657
258,42,12587.611426
258,43,12251.376311
258,44,12049.127484
258,45,11805.276491
258,47,11736.836909
258,48,11670.313930
258,51,11479.534084
258,53,11317.996207
258,54,11310.360201
258,56,11303.036917
259,37,13470.695750
259,38,13465.332901
259,39,13120.327012
259,40,12947.343964
259,41,12860.701657
259,42,12380.123866
259,43,12251.376311
259,44,12049.127484
259,45,11805.276491
259,47,11736.836909
259,48,11670.313930
259,51,11479.534084
259,53,11317.996207
259,54,11310.360201
259,56,11303.036917
260,37,13470.695750
260,38,13465.332901
260,39,12811.572347
260,42,12380.123866
260,43,12158.620289
260,44,12049.127484
260,45,11805.276491
260,47,11736.836909
260,48,11670.313930
260,51,11479.534084
260,53,11317.996207
260,54,11310.360201
260,56,11303.036917
261,37,13470.695750
261,38,13465.332901
261,39,12811.572347
261,42,12365.349142
261,43,12148.705925
261,44,12018.703044
261,45,11795.413026
261,47,11720.498048
261,48,11670.313930
261,51,11479.534084
261,53,11317.996207
261,54,11310.360201
261,56,11282.101369
262,37,13470.695750
262,38,13465.332901
262,39,12811.572347
262,41,12692.075576
262,42,12365.349142
262,43,12148.705925
262,44,12018.703044
262,45,11795.413026
262,47,11720.498048
262,48,11670.313930
262,51,11479.534084
262,53,11317.996207
262,54,11310.360201
262,56,11282.101369
263,37,13470.695750
263,38,13465.332901
263,39,12811.572347
263,41,12692.075576
263,42,12365.349142
263,43,12148.705925
263,44,12018.703044
263,45,11795.413026
263,47,11720.498048
263,48,11670.313930
263,51,11479.534084
263,53,11317.996207
263,54,11310.360201
263,55,11304.752792
263,56,11282.101369
264,37,13470.695750
264,38,13465.332901
264,39,12811.572347
264,41,12692.075576
264,42,12365.349142
264,43,12148.705925
264,44,12010.490423
264,45,11795.413026
264,47,11703.957217
264,48,11670.313930
264,51,11431.198325
264,52,11307.717353
264,55,11277.518154
265,37,13470.695750
265,38,13465.332901
265,39,12811.572347
265,41,12692.075576
265,42,12365.349142
265,43,12148.705925
265,44,12010.490423
265,45,11795.413026
265,47,11703.957217
265,48,11670.313930
265,51,11431.198325
265,52,11307.717353
265,55,11277.518154
266,37,13470.695750
266,38,13465.332901
266,39,12811.572347
266,41,12692.075576
266,42,12365.349142
266,43,12148.705925
266,44,12010.490423
266,45,11795.413026
266,47,11703.957217
266,48,11670.313930
266,51,11431.198325
266,52,11307.717353
266,55,11277.518154
267,37,13470.695750
267,38,13465.332901
267,39,12811.572347
267,41,12667.344287
267,42,12362.426190
267,43,12148.705925
267,44,12010.490423
267,45,11792.318939
267,47,11681.185933
267,48,11670.313930
267,51,11428.009034
267,52,11283.939822
267,55,11276.766442
268,37,13470.695750
268,38,13390.492784
268,39,12811.572347
268,41,12667.344287
268,42,12194.432127
268,43,12148.705925
268,44,12010.490423
268,45,11792.318939
268,47,11681.185933
268,48,11670.313930
268,50,11656.486708
268,51,11428.009034
268,52,11283.939822
268,54,11260.445864
269,37,13470.695750
269,38,13390.492784
269,39,12811.572347
269,41,12667.344287
269,42,12194.432127
269,43,12148.705925
269,44,12010.490423
269,45,11792.318939
269,47,11681.185933
269,48,11670.313930
269,50,11656.486708
269,51,11428.009034
269,52,11283.939822
269,54,11260.445864
270,37,13470.695750
270,38,13390.492784
270,39,12811.572347
270,41,12651.149055
270,42,12143.210101
270,43,12115.506223
270,44,11991.477979
270,45,11730.183130
270,47,11677.025829
270,48,11639.005711
270,51,11428.009034
270,52,11272.758013
270,54,11260.445864
271,37,13470.695750
271,38,13390.492784
271,39,12811.572347
271,41,12651.149055
271,42,12143.210101
271,43,12115.506223
271,44,11991.477979
271,45,11730.183130
271,47,11677.025829
271,48,11639.005711
271,51,11428.009034
271,52,11272.758013
271,54,11260.445864
272,37,13446.433892
272,38,13390.492784
272,39,12811.572347
272,41,12651.149055
272,42,12143.210101
272,43,12115.506223
272,44,11991.477979
272,45,11730.183130
272,47,11677.025829
272,48,11639.005711
272,51,11371.088166
272,52,11272.758013
272,54,11260.445864
273,37,13446.433892
273,38,13390.492784
273,39,12811.572347
273,41,12600.663602
273,42,12143.210101
273,43,12115.506223
273,44,11991.477979
273,45,11701.828043
273,47,11677.025829
273,48,11639.005711
273,51,11335.188520
273,52,11252.766441
274,37,13446.433892
274,38,13390.492784
274,39,12811.572347
274,41,12600.663602
274,42,12143.210101
274,43,12115.506223
274,44,11991.477979
274,45,11701.828043
274,47,11677.025829
274,48,11639.005711
274,50,11564.876904
274,51,11335.188520
274,52,11252.766441
275,37,13446.433892
275,38,13390.492784
275,39,12811.572347
275,41,12600.663602
275,42,12143.210101
275,43,12115.506223
275,44,11991.477979
275,45,11701.828043
275,47,11677.025829
275,48,11639.005711
275,50,11564.876904
275,51,11335.188520
275,52,11252.766441
276,37,13446.433892
276,38,13390.492784
276,39,12811.572347
276,41,12585.779003
276,42,12143.210101
276,43,12115.506223
276,44,11991.477979
276,45,11701.828043
276,46,11654.642838
276,48,11639.005711
276,50,11564.876904
276,51,11327.178847
276,52,11252.766441
277,37,13446.433892
277,38,13390.492784
277,39,12811.572347
277,41,12585.779003
277,42,12143.210101
277,43,12115.506223
277,44,11991.477979
277,45,11701.828043
277,46,11654.642838
277,48,11639.005711
277,50,11427.998692
277,51,11327.178847
277,52,11252.766441
278,37,13446.433892
278,38,13390.492784
278,39,12811.572347
278,41,12585.779003
278,42,12143.210101
278,43,12115.506223
278,44,11991.477979
278,45,11701.828043
278,46,11654.642838
278,48,11639.005711
278,49,11589.066165
278,50,11427.998692
278,51,11327.178847
278,52,11252.766441
279,37,13446.433892
279,38,13390.492784
279,39,12811.572347
279,41,12585.779003
279,42,12143.210101
279,43,12110.875606
279,44,11934.973325
279,45,11701.828043
279,46,11654.642838
279,48,11635.970684
279,49,11588.546351
279,50,11427.998692
279,51,11218.563879
280,37,13446.433892
280,38,13390.492784
280,39,12811.572347
280,41,12585.779003
280,42,12143.210101
280,43,12110.875606
280,44,11934.973325
280,45,11701.828043
280,46,11654.642838
280,48,11635.970684
280,49,11588.546351
280,50,11427.998692
280,51,11218.563879
281,37,13446.433892
281,38,13390.492784
281,39,12811.572347
281,41,12585.779003
281,42,12143.210101
281,43,12110.875606
281,44,11934.973325
281,45,11701.828043
281,46,11654.642838
281,48,11635.970684
281,49,11588.546351
281,50,11427.998692
281,51,11218.563879
282,37,13446.433892
282,38,13390.492784
282,39,12811.572347
282,41,12585.779003
282,42,12127.636056
282,43,12069.555400
282,44,11934.973325
282,45,11690.935124
282,46,11654.642838
282,48,11606.639134
282,49,11578.696043
282,50,11427.998692
282,51,11218.563879
283,37,13446.433892
283,38,13390.492784
283,39,12811.572347
283,40,12713.432904
283,41,12585.779003
283,42,12127.636056
283,43,12069.555400
283,44,11934.973325
283,45,11690.935124
283,46,11654.642838
283,48,11606.639134
283,49,11578.696043
283,50,11427.998692
283,51,11218.563879
284,37,13446.433892
284,38,13390.492784
284,39,12811.572347
284,40,12713.432904
284,41,12585.779003
284,42,12127.636056
284,43,12069.555400
284,44,11934.973325
284,45,11690.935124
284,46,11654.642838
284,48,11606.639134
284,49,11578.696043
284,50,11427.998692
284,51,11218.563879
285,37,13446.433892
285,38,13390.492784
285,39,12811.572347
285,40,12713.432904
285,41,12564.881004
285,42,12127.636056
285,43,12062.745870
285,44,11932.031727
285,45,11690.935124
285,46,11648.609464
285,48,11591.902210
285,49,11574.945591
285,50,11427.998692
285,51,11201.119043
286,37,13446.433892
286,38,13319.981564
286,39,12811.572347
286,40,12713.432904
286,41,12564.881004
286,42,12127.636056
286,43,12062.745870
286,44,11932.031727
286,45,11690.935124
286,46,11648.609464
286,48,11591.902210
286,49,11574.945591
286,50,11427.998692
286,51,11201.119043
287,37,13446.433892
287,38,13319.981564
287,39,12811.572347
287,40,12713.432904
287,41,12564.881004
287,42,12127.636056
287,43,12062.745870
287,44,11932.031727
287,45,11690.935124
287,46,11648.609464
287,48,11591.902210
287,49,11574.945591
287,50,11427.998692
287,51,11201.119043
288,37,13446.433892
288,38,13319.981564
288,39,12811.572347
288,40,12713.432904
288,41,12564.881004
288,42,12124.389434
288,43,12062.745870
288,44,11932.031727
288,45,11689.915079
288,46,11638.421788
288,48,11591.902210
288,49,11529.995539
288,50,11393.533891
288,51,11201.119043
289,37,13446.433892
289,38,13319.981564
289,39,12811.572347
289,40,12713.432904
289,41,12564.881004
289,42,12124.389434
289,43,12062.745870
289,44,11932.031727
289,45,11689.915079
289,46,11638.421788
289,48,11591.902210
289,49,11529.995539
289,50,11393.533891
289,51,11201.119043
290,37,13375.633028
290,38,13319.981564
290,39,12811.572347
290,40,12713.432904
290,41,12564.881004
290,42,12124.389434
290,43,12062.745870
290,44,11932.031727
290,45,11689.915079
290,46,11638.421788
290,48,11591.902210
290,49,11529.995539
290,50,11393.533891
290,51,11201.119043
291,37,13375.633028
291,38,13319.981564
291,39,12811.572347
291,40,12676.526044
291,41,12564.881004
291,42,12097.718367
291,43,12010.249633
291,44,11930.794349
291,45,11689.915079
291,46,11587.542227
291,49,11529.995539
291,50,11373.859835
291,51,11198.249499
292,37,13375.633028
292,38,13319.981564
292,39,12811.572347
292,40,12676.526044
292,41,12558.535240
292,42,12097.718367
292,43,12010.249633
292,44,11930.794349
292,45,11689.915079
292,46,11587.542227
292,49,11529.995539
292,50,11373.859835
292,51,11198.249499
293,37,13375.633028
293,38,13319.981564
293,39,12811.572347
293,40,12676.526044
293,41,12558.535240
293,42,12097.718367
293,43,12010.249633
293,44,11930.794349
293,45,11689.915079
293,46,11587.542227
293,49,11529.995539
293,50,11373.859835
293,51,11198.249499
294,37,13375.633028
294,38,13319.981564
294,39,12811.572347
294,40,12630.477223
294,41,12558.535240
294,42,12045.755498
294,43,11969.044700
294,44,11930.794349
294,45,11667.116861
294,46,11586.239853
294,48,11488.500932
294,50,11373.859835
294,51,11198.239797
295,37,13375.633028
295,38,13297.745345
295,39,12811.572347
295,40,12630.477223
295,41,12558.535240
295,42,12045.755498
295,43,11969.044700
295,44,11930.794349
295,45,11667.116861
295,46,11586.239853
295,48,11488.500932
295,50,11373.859835
295,51,11198.239797
296,36,13367.824050
296,38,13297.745345
296,39,12811.572347
296,40,12630.477223
296,41,12558.535240
296,42,12045.755498
296,43,11969.044700
296,44,11930.794349
296,45,11667.116861
296,46,11586.239853
296,48,11488.500932
296,50,11373.859835
296,51,11198.239797
297,36,13367.824050
297,38,13297.745345
297,39,12811.572347
297,40,12630.347979
297,41,12522.836595
297,42,12045.755498
297,43,11961.419848
297,44,11921.918295
297,45,11667.116861
297,46,11560.727238
297,48,11488.500932
297,50,11169.691214
298,36,13367.824050
298,38,13045.762610
298,39,12811.572347
298,40,12630.347979
298,41,12066.071663
298,42,12045.755498
298,43,11961.419848
298,44,11921.918295
298,45,11667.116861
298,46,11560.727238
298,47,11477.874755
298,50,11169.691214
299,36,13367.824050
299,38,13045.762610
299,39,12811.572347
299,40,12630.347979
299,41,12066.071663
299,42,12045.755498
299,43,11961.419848
299,44,11908.107115
299,45,11667.116861
299,46,11560.727238
299,47,11477.874755
299,50,11169.691214
300,36,13367.824050
300,38,13045.762610
300,39,12642.128385
300,40,12621.362685
300,41,12053.537029
300,42,12038.314710
300,43,11957.423563
300,44,11905.222800
300,45,11652.688755
300,46,11560.727238
300,47,11477.874755
300,50,11169.691214
301,36,13367.824050
301,38,13045.762610
301,39,12642.128385
301,40,12621.362685
301,41,12053.537029
301,42,12038.314710
301,43,11957.423563
301,44,11905.222800
301,45,11652.688755
301,46,11560.727238
301,47,11477.874755
301,50,11169.691214
302,36,13367.824050
302,37,13160.614501
302,38,13045.762610
302,39,12642.128385
302,40,12621.362685
302,41,12053.537029
302,42,12038.314710
302,43,11957.423563
302,44,11905.222800
302,45,11652.688755
302,46,11560.727238
302,47,11477.874755
302,50,11169.691214
303,36,13367.824050
303,37,13160.614501
303,38,13040.821102
303,39,12642.128385
303,40,12568.705861
303,41,12053.478920
303,42,11760.273263
303,45,11652.688755
303,46,11560.727238
303,47,11477.874755
303,50,11161.932541
304,36,13367.824050
304,37,13160.614501
304,38,13040.821102
304,39,12642.128385
304,40,12479.120992
304,41,12053.478920
304,42,11760.273263
304,45,11652.688755
304,46,11560.727238
304,47,11477.874755
304,50,11161.932541
305,36,13367.824050
305,37,13160.614501
305,38,13040.821102
305,39,12642.128385
305,40,12479.120992
305,41,12053.478920
305,42,11760.273263
305,44,11657.325833
305,45,11637.121689
305,46,11560.727238
305,47,11477.874755
305,50,11161.932541
306,36,13367.824050
306,37,13160.614501
306,38,13040.821102
306,39,12642.128385
306,40,12471.640047
306,41,12043.915633
306,42,11751.276468
306,44,11657.325833
306,45,11637.121689
306,46,11549.035671
306,47,11477.874755
306,50,11132.519014
307,36,13367.824050
307,37,13160.614501
307,38,13040.821102
307,39,12642.128385
307,40,12471.640047
307,41,12043.915633
307,42,11751.276468
307,44,11657.325833
307,45,11637.121689
307,46,11549.035671
307,47,11477.874755
307,50,11132.519014
308,36,13367.824050
308,37,13160.614501
308,38,13040.821102
308,39,12642.128385
308,40,12471.640047
308,41,12043.915633
308,42,11751.276468
308,44,11657.325833
308,45,11637.121689
308,46,11549.035671
308,47,11477.874755
308,50,11132.519014
309,36,13367.824050
309,37,13160.614501
309,38,13040.821102
309,39,12641.672239
309,40,12432.135185
309,41,12043.915633
309,42,11751.276468
309,44,11657.325833
309,45,11636.790601
309,46,11549.035671
309,47,11447.751645
309,50,11132.519014
310,36,13367.824050
310,37,13160.614501
310,38,13040.821102
310,39,12641.672239
310,40,12432.135185
310,41,12043.915633
310,42,11751.276468
310,44,11598.439575
310,46,11549.035671
310,47,11447.751645
310,49,11257.525507
310,50,11132.519014
311,36,13367.824050
311,37,13160.614501
311,38,13040.821102
311,39,12641.672239
311,40,12432.135185
311,41,12043.915633
311,42,11751.276468
311,44,11598.439575
311,46,11549.035671
311,47,11447.751645
311,49,11257.525507
311,50,11132.519014
312,36,13367.824050
312,37,13160.614501
312,38,13027.994414
312,39,12641.672239
312,40,12341.021577
312,41,12039.097228
312,42,11751.276468
312,44,11598.439575
312,46,11549.035671
312,47,11425.176757
312,49,11257.525507
312,50,11132.519014
313,36,13367.824050
313,37,13160.614501
313,38,13027.994414
313,39,12641.672239
313,40,12341.021577
313,41,12039.097228
313,42,11751.276468
313,44,11598.439575
313,46,11549.035671
313,47,11425.176757
313,49,11257.525507
313,50,11132.519014
314,36,13367.824050
314,37,13160.614501
314,38,13027.994414
314,39,12641.672239
314,40,12341.021577
314,41,12039.097228
314,42,11751.276468
314,44,11598.439575
314,45,11596.339134
314,46,11549.035671
314,47,11425.176757
314,49,11257.525507
314,50,11132.519014
315,36,13367.824050
315,37,13160.614501
315,38,13027.994414
315,39,12630.848538
315,40,12252.964931
315,41,12039.097228
315,42,11751.276468
315,44,11598.439575
315,45,11588.899871
315,46,11517.949560
315,47,11425.176757
315,49,11257.525507
315,50,11132.519014
316,36,13367.824050
316,37,13145.362088
316,38,13027.994414
316,39,12630.848538
316,40,12252.964931
316,41,12039.097228
316,42,11751.276468
316,44,11598.439575
316,45,11588.899871
316,46,11517.949560
316,47,11425.176757
316,49,11257.525507
316,50,11132.519014
316,51,11126.744880
317,36,13367.824050
317,37,13145.362088
317,38,13027.994414
317,39,12630.848538
317,40,12252.964931
317,41,12039.097228
317,42,11751.276468
317,44,11598.439575
317,45,11548.452673
317,46,11517.949560
317,47,11425.176757
317,49,11257.525507
317,50,11132.519014
317,51,11126.744880
317,53,11114.551085
318,36,13100.471050
318,38,13027.994414
318,39,12630.848538
318,40,12252.964931
318,41,12038.456469
318,42,11751.276468
318,44,11589.855744
318,45,11548.228958
318,46,11512.090134
318,47,11425.176757
318,49,11257.525507
318,50,11094.696835
319,36,13100.471050
319,38,13027.994414
319,39,12630.848538
319,40,12252.964931
319,41,12038.456469
319,42,11751.276468
319,44,11589.855744
319,45,11548.228958
319,46,11512.090134
319,47,11425.176757
319,49,11257.525507
319,50,11094.696835
320,36,13100.471050
320,38,13027.994414
320,39,12630.848538
320,40,12252.964931
320,41,12038.456469
320,42,11751.276468
320,44,11589.855744
320,45,11509.173088
320,47,11425.176757
320,49,11257.525507
320,50,11094.696835
321,36,13100.471050
321,38,13004.117004
321,39,12603.434789
321,40,12252.964931
321,41,12038.456469
321,42,11743.735393
321,44,11589.855744
321,45,11483.698636
321,47,11409.340229
321,49,11257.525507
321,50,11094.696835
322,36,13065.760991
322,38,13004.117004
322,39,12603.434789
322,40,12252.964931
322,41,12038.456469
322,42,11743.735393
322,44,11589.855744
322,45,11483.698636
322,47,11409.340229
322,49,11257.525507
322,50,11094.696835
323,36,13065.760991
323,38,13004.117004
323,39,12603.434789
323,40,12252.964931
323,41,12038.456469
323,42,11743.735393
323,44,11589.855744
323,45,11483.698636
323,47,11409.340229
323,49,11257.525507
323,50,11094.696835
324,35,17049.695772
324,36,13065.760991
324,38,12991.323222
324,39,12556.999889
324,40,12252.964931
324,41,12038.456469
324,42,11743.735393
324,44,11589.855744
324,45,11455.555831
324,47,11409.340229
324,49,11253.295816
324,50,11094.696835
325,35,17049.233436
325,36,13065.760991
325,38,12991.323222
325,39,12556.999889
325,40,12252.964931
325,41,12038.456469
325,42,11743.735393
325,43,11573.095994
325,45,11455.555831
325,47,11409.340229
325,49,11253.295816
325,50,11094.696835
