Generation,NV,TOC
1,8,2266.585586
1,9,1677.714813
1,10,1435.099679
2,8,1533.732492
2,10,1403.006650
3,7,1595.118925
3,8,1532.256717
3,9,1334.957645
4,7,1464.257477
4,9,1322.451550
5,7,1464.257477
5,9,1322.451550
6,7,1464.257477
6,8,1280.676177
7,6,2193.779634
7,7,1464.257477
7,8,1280.676177
8,6,1572.892751
8,7,1464.257477
8,8,1280.676177
9,6,1572.892751
9,7,1418.662304
9,8,1280.676177
10,6,1572.892751
10,7,1418.662304
10,8,1241.616293
11,6,1478.322911
11,7,1320.210888
11,8,1241.616293
12,6,1478.322911
12,7,1240.985075
12,8,1229.534083
13,6,1478.322911
13,7,1240.985075
13,8,1229.534083
14,6,1478.322911
14,7,1240.760640
14,8,1224.658960
15,6,1478.322911
15,7,1240.760640
15,8,1224.658960
16,5,1700.276709
16,6,1380.760067
16,7,1240.760640
16,8,1224.658960
17,5,1674.090913
17,6,1380.760067
17,7,1240.208627
17,8,1224.658960
18,5,1674.090913
18,6,1329.289278
18,7,1240.208627
18,8,1224.658960
19,5,1674.090913
19,6,1329.289278
19,7,1240.208627
19,8,1224.658960
20,5,1656.745589
20,6,1305.324317
20,7,1240.208627
20,8,1224.658960
21,5,1656.745589
21,6,1284.344068
21,7,1240.208627
21,8,1224.658960
22,5,1656.745589
22,6,1284.344068
22,7,1240.208627
22,8,1224.658960
22,9,1219.253503
23,5,1597.378131
23,6,1284.344068
23,7,1227.871859
23,8,1224.658960
23,9,1219.253503
24,5,1597.378131
24,6,1249.567075
24,7,1227.871859
24,8,1224.658960
24,9,1216.154714
25,5,1597.378131
25,6,1249.567075
25,7,1214.267844
26,5,1542.691929
26,6,1249.567075
26,7,1214.267844
27,5,1542.691929
27,6,1249.567075
27,7,1214.267844
28,5,1542.691929
28,6,1249.567075
28,7,1214.267844
29,5,1542.691929
29,6,1249.567075
29,7,1214.267844
29,9,1211.907674
30,5,1449.189462
30,6,1248.370496
30,7,1210.407350
31,5,1449.189462
31,6,1248.370496
31,7,1210.407350
32,5,1449.189462
32,6,1248.370496
32,7,1210.407350
33,5,1449.189462
33,6,1236.054700
33,7,1210.407350
34,5,1449.189462
34,6,1236.054700
34,7,1210.407350
35,5,1440.194544
35,6,1236.054700
35,7,1210.407350
35,8,1205.924261
36,5,1414.133076
36,6,1226.460664
36,7,1210.407350
36,8,1205.924261
37,4,1758.687351
37,5,1414.133076
37,6,1226.460664
37,7,1210.407350
37,8,1205.924261
38,4,1758.687351
38,5,1414.133076
38,6,1226.460664
38,7,1210.407350
38,8,1205.924261
39,4,1593.048747
39,5,1368.922796
39,6,1226.460664
39,7,1210.407350
39,8,1205.924261
40,4,1593.048747
40,5,1368.922796
40,6,1226.460664
40,7,1210.407350
40,8,1205.924261
41,4,1593.048747
41,5,1368.922796
41,6,1220.830261
41,7,1210.407350
41,8,1205.924261
42,4,1593.048747
42,5,1368.922796
42,6,1220.830261
42,7,1210.407350
42,8,1205.924261
43,4,1593.048747
43,5,1368.922796
43,6,1220.830261
43,7,1210.407350
43,8,1205.736742
44,4,1593.048747
44,5,1368.922796
44,6,1220.830261
44,7,1210.407350
44,8,1201.881128
45,4,1593.048747
45,5,1368.922796
45,6,1220.830261
45,7,1191.009129
46,4,1593.048747
46,5,1368.922796
46,6,1220.830261
46,7,1191.009129
47,4,1593.048747
47,5,1366.959581
47,6,1220.830261
47,7,1191.009129
48,4,1593.048747
48,5,1364.910551
48,6,1220.830261
48,7,1191.009129
49,4,1549.295954
49,5,1364.518473
49,6,1220.830261
49,7,1191.009129
50,4,1549.295954
50,5,1364.518473
50,6,1209.596413
50,7,1191.009129
51,4,1549.295954
51,5,1359.437911
51,6,1209.596413
51,7,1191.009129
52,4,1549.295954
52,5,1359.437911
52,6,1209.596413
52,7,1191.009129
53,4,1549.295954
53,5,1354.810184
53,6,1209.596413
53,7,1191.009129
54,4,1549.295954
54,5,1351.166240
54,6,1209.596413
54,7,1191.009129
55,4,1545.392500
55,5,1315.216867
55,6,1209.596413
55,7,1191.009129
56,4,1545.392500
56,5,1304.352813
56,6,1209.596413
56,7,1191.009129
57,4,1545.392500
57,5,1304.352813
57,6,1209.596413
57,7,1191.009129
58,4,1545.392500
58,5,1304.352813
58,6,1192.225837
58,7,1191.009129
59,4,1545.392500
59,5,1304.352813
59,6,1192.225837
59,7,1184.468885
60,4,1522.272908
60,5,1279.417599
60,6,1192.225837
60,7,1184.468885
61,4,1522.272908
61,5,1279.417599
61,6,1192.066101
61,7,1184.468885
62,4,1522.272908
62,5,1279.417599
62,6,1192.066101
62,7,1184.468885
63,4,1504.967403
63,5,1279.417599
63,6,1192.066101
63,7,1184.468885
64,4,1481.336080
64,5,1279.417599
64,6,1192.066101
64,7,1184.468885
65,4,1481.336080
65,5,1279.417599
65,6,1192.066101
65,7,1183.121484
66,4,1481.336080
66,5,1279.417599
66,6,1192.066101
66,7,1183.121484
67,4,1477.965175
67,5,1279.417599
67,6,1192.066101
67,7,1183.121484
68,4,1477.965175
68,5,1279.417599
68,6,1192.066101
68,7,1183.121484
69,4,1477.965175
69,5,1279.417599
69,6,1192.066101
69,7,1183.121484
70,4,1477.965175
70,5,1279.417599
70,6,1192.066101
70,7,1183.121484
71,4,1477.965175
71,5,1279.417599
71,6,1192.066101
71,7,1183.121484
72,4,1477.965175
72,5,1279.417599
72,6,1192.066101
72,7,1183.121484
73,4,1477.965175
73,5,1279.417599
73,6,1192.066101
73,7,1183.121484
74,4,1469.992316
74,5,1279.417599
74,6,1192.066101
74,7,1183.121484
75,4,1469.992316
75,5,1279.417599
75,6,1192.066101
75,7,1183.121484
76,4,1469.992316
76,5,1279.417599
76,6,1192.066101
76,7,1183.121484
77,4,1469.992316
77,5,1279.417599
77,6,1192.066101
77,7,1183.121484
78,4,1469.992316
78,5,1279.417599
78,6,1192.066101
78,7,1183.121484
79,4,1469.992316
79,5,1279.417599
79,6,1192.066101
79,7,1183.121484
80,4,1469.992316
80,5,1279.417599
80,6,1192.066101
80,7,1183.121484
81,4,1469.992316
81,5,1279.417599
81,6,1192.066101
81,7,1183.121484
82,4,1469.992316
82,5,1279.417599
82,6,1192.066101
82,7,1183.121484
83,4,1469.992316
83,5,1279.417599
83,6,1192.066101
83,7,1183.121484
84,4,1469.992316
84,5,1279.417599
84,6,1192.066101
84,7,1183.121484
85,4,1469.992316
85,5,1279.417599
85,6,1192.066101
85,7,1183.121484
86,4,1469.992316
86,5,1279.417599
86,6,1192.066101
86,7,1183.121484
87,4,1469.992316
87,5,1279.417599
87,6,1192.066101
87,7,1183.121484
88,4,1469.992316
88,5,1279.417599
88,6,1192.066101
88,7,1183.121484
89,4,1469.992316
89,5,1279.417599
89,6,1192.066101
89,7,1183.121484
90,4,1469.992316
90,5,1279.417599
90,6,1192.066101
90,7,1183.121484
91,4,1469.992316
91,5,1279.417599
91,6,1192.066101
91,7,1183.121484
92,4,1469.992316
92,5,1279.417599
92,6,1192.066101
92,7,1183.121484
93,4,1469.992316
93,5,1279.417599
93,6,1192.066101
93,7,1183.121484
94,4,1469.992316
94,5,1279.417599
94,6,1187.184979
94,7,1183.121484
95,4,1469.992316
95,5,1279.417599
95,6,1187.184979
95,7,1183.121484
96,4,1469.992316
96,5,1279.417599
96,6,1187.184979
96,7,1183.121484
97,4,1469.992316
97,5,1279.417599
97,6,1187.184979
97,7,1183.121484
98,4,1469.992316
98,5,1279.417599
98,6,1187.184979
98,7,1183.121484
99,4,1469.992316
99,5,1279.417599
99,6,1187.184979
99,7,1183.121484
100,4,1469.992316
100,5,1279.417599
100,6,1187.184979
100,7,1183.121484
101,4,1469.992316
101,5,1279.417599
101,6,1182.603435
102,4,1469.992316
102,5,1279.417599
102,6,1182.603435
103,4,1469.992316
103,5,1279.417599
103,6,1182.603435
104,4,1469.992316
104,5,1279.417599
104,6,1182.603435
105,4,1469.992316
105,5,1279.417599
105,6,1182.603435
106,4,1469.992316
106,5,1279.417599
106,6,1182.603435
107,4,1469.992316
107,5,1279.417599
107,6,1182.603435
108,4,1469.992316
108,5,1279.417599
108,6,1182.603435
109,4,1469.992316
109,5,1279.417599
109,6,1182.443700
110,4,1469.992316
110,5,1279.417599
110,6,1182.443700
111,4,1469.992316
111,5,1279.417599
111,6,1182.443700
112,4,1469.992316
112,5,1279.417599
112,6,1182.443700
113,4,1469.992316
113,5,1279.417599
113,6,1182.443700
114,4,1469.992316
114,5,1279.417599
114,6,1182.443700
115,4,1469.992316
115,5,1279.417599
115,6,1182.443700
116,4,1469.992316
116,5,1279.417599
116,6,1182.443700
117,4,1469.992316
117,5,1279.417599
117,6,1182.443700
118,4,1469.992316
118,5,1279.417599
118,6,1182.443700
119,4,1469.992316
119,5,1279.417599
119,6,1182.443700
120,4,1469.992316
120,5,1279.417599
120,6,1182.443700
121,4,1469.992316
121,5,1279.417599
121,6,1182.443700
122,4,1469.992316
122,5,1279.417599
122,6,1182.443700
123,4,1469.992316
123,5,1279.417599
123,6,1182.443700
124,4,1469.992316
124,5,1279.417599
124,6,1182.443700
125,4,1469.992316
125,5,1279.417599
125,6,1182.443700
126,4,1469.992316
126,5,1279.417599
126,6,1182.443700
127,4,1469.992316
127,5,1279.417599
127,6,1182.443700
128,4,1469.992316
128,5,1279.417599
128,6,1182.443700
129,4,1469.992316
129,5,1279.417599
129,6,1182.443700
130,4,1469.992316
130,5,1279.417599
130,6,1182.443700
131,4,1469.992316
131,5,1279.417599
131,6,1182.443700
132,4,1469.992316
132,5,1279.417599
132,6,1182.443700
133,4,1469.992316
133,5,1279.417599
133,6,1182.443700
134,4,1469.992316
134,5,1279.417599
134,6,1182.443700
135,4,1469.992316
135,5,1279.417599
135,6,1182.443700
136,4,1469.992316
136,5,1279.417599
136,6,1182.443700
137,4,1469.992316
137,5,1279.417599
137,6,1182.443700
138,4,1469.992316
138,5,1270.366991
138,6,1182.443700
139,4,1469.992316
139,5,1270.366991
139,6,1182.443700
140,4,1469.992316
140,5,1270.366991
140,6,1182.443700
141,4,1469.992316
141,5,1270.366991
141,6,1182.443700
142,4,1469.992316
142,5,1270.366991
142,6,1182.443700
143,4,1469.992316
143,5,1270.366991
143,6,1182.443700
144,4,1469.992316
144,5,1270.366991
144,6,1182.443700
145,4,1469.992316
145,5,1270.366991
145,6,1182.443700
146,4,1469.992316
146,5,1270.366991
146,6,1182.443700
147,4,1469.992316
147,5,1270.366991
147,6,1182.443700
148,4,1469.992316
148,5,1270.366991
148,6,1182.443700
149,4,1469.992316
149,5,1270.366991
149,6,1182.443700
150,4,1469.992316
150,5,1270.366991
150,6,1182.443700
151,4,1469.992316
151,5,1270.366991
151,6,1182.443700
152,4,1469.992316
152,5,1270.366991
152,6,1182.443700
153,4,1469.992316
153,5,1270.366991
153,6,1182.443700
154,4,1469.992316
154,5,1270.366991
154,6,1182.443700
155,4,1469.992316
155,5,1270.366991
155,6,1182.443700
156,4,1469.992316
156,5,1270.366991
156,6,1182.443700
157,4,1469.992316
157,5,1270.366991
157,6,1182.443700
158,4,1469.992316
158,5,1270.366991
158,6,1182.443700
159,4,1469.992316
159,5,1270.366991
159,6,1182.443700
160,4,1469.992316
160,5,1270.366991
160,6,1182.443700
161,4,1469.992316
161,5,1270.366991
161,6,1182.443700
162,4,1469.992316
162,5,1270.366991
162,6,1182.443700
163,4,1469.992316
163,5,1270.366991
163,6,1182.443700
164,4,1469.992316
164,5,1270.366991
164,6,1182.443700
165,4,1469.992316
165,5,1270.366991
165,6,1182.443700
166,4,1469.992316
166,5,1270.366991
166,6,1182.443700
167,4,1469.992316
167,5,1270.366991
167,6,1182.443700
168,4,1469.992316
168,5,1270.366991
168,6,1182.443700
169,4,1469.992316
169,5,1270.366991
169,6,1182.443700
170,4,1469.992316
170,5,1270.366991
170,6,1182.443700
171,4,1469.992316
171,5,1270.366991
171,6,1182.443700
172,4,1469.992316
172,5,1270.366991
172,6,1182.443700
173,4,1469.992316
173,5,1270.366991
173,6,1182.443700
174,4,1469.992316
174,5,1270.366991
174,6,1182.443700
175,4,1469.992316
175,5,1270.366991
175,6,1182.443700
176,4,1469.992316
176,5,1270.366991
176,6,1182.443700
177,4,1469.992316
177,5,1270.366991
177,6,1182.443700
178,4,1469.992316
178,5,1270.366991
178,6,1182.443700
179,4,1469.992316
179,5,1270.366991
179,6,1182.443700
180,4,1469.992316
180,5,1270.366991
180,6,1182.443700
181,4,1469.992316
181,5,1270.366991
181,6,1182.443700
182,4,1469.992316
182,5,1270.366991
182,6,1182.443700
183,4,1469.992316
183,5,1270.366991
183,6,1182.443700
184,4,1469.992316
184,5,1270.366991
184,6,1182.443700
185,4,1469.992316
185,5,1270.366991
185,6,1182.443700
186,4,1469.992316
186,5,1270.366991
186,6,1182.443700
187,4,1469.992316
187,5,1270.366991
187,6,1182.443700
188,4,1469.992316
188,5,1270.366991
188,6,1182.443700
189,4,1469.992316
189,5,1270.366991
189,6,1182.443700
190,4,1469.992316
190,5,1270.366991
190,6,1182.443700
191,4,1469.992316
191,5,1270.366991
191,6,1182.443700
192,4,1469.992316
192,5,1270.366991
192,6,1182.443700
193,4,1469.992316
193,5,1270.366991
193,6,1182.443700
194,4,1469.992316
194,5,1270.366991
194,6,1182.443700
195,4,1469.992316
195,5,1270.366991
195,6,1182.443700
196,4,1469.992316
196,5,1270.366991
196,6,1182.443700
197,4,1469.992316
197,5,1269.958324
197,6,1182.443700
198,4,1469.992316
198,5,1269.958324
198,6,1182.443700
199,4,1469.992316
199,5,1269.958324
199,6,1182.443700
200,4,1469.992316
200,5,1269.958324
200,6,1182.443700
201,4,1469.992316
201,5,1262.090617
201,6,1182.443700
202,4,1469.992316
202,5,1262.090617
202,6,1182.443700
203,4,1469.992316
203,5,1262.090617
203,6,1182.443700
204,4,1469.992316
204,5,1262.090617
204,6,1182.443700
205,4,1469.992316
205,5,1262.090617
205,6,1182.443700
206,4,1469.992316
206,5,1262.090617
206,6,1182.443700
207,4,1469.992316
207,5,1262.090617
207,6,1182.443700
208,4,1469.992316
208,5,1262.090617
208,6,1182.443700
209,4,1469.992316
209,5,1262.090617
209,6,1182.443700
210,4,1469.992316
210,5,1262.090617
210,6,1182.443700
211,4,1469.992316
211,5,1262.090617
211,6,1182.443700
212,4,1469.992316
212,5,1262.090617
212,6,1182.443700
213,4,1469.992316
213,5,1262.090617
213,6,1182.443700
214,4,1469.992316
214,5,1262.090617
214,6,1182.443700
215,4,1469.992316
215,5,1262.090617
215,6,1182.443700
216,4,1469.992316
216,5,1262.090617
216,6,1182.443700
217,4,1469.992316
217,5,1262.090617
217,6,1182.443700
218,4,1469.992316
218,5,1262.090617
218,6,1182.443700
219,4,1469.992316
219,5,1262.090617
219,6,1182.443700
220,4,1469.992316
220,5,1262.090617
220,6,1182.443700
221,4,1469.992316
221,5,1262.090617
221,6,1182.443700
222,4,1469.992316
222,5,1262.090617
222,6,1182.443700
223,4,1469.992316
223,5,1262.090617
223,6,1182.443700
224,4,1469.992316
224,5,1262.090617
224,6,1182.443700
225,4,1469.992316
225,5,1261.005164
225,6,1182.443700
226,4,1469.992316
226,5,1261.005164
226,6,1182.443700
227,4,1469.992316
227,5,1261.005164
227,6,1182.443700
228,4,1469.992316
228,5,1261.005164
228,6,1182.443700
229,4,1469.992316
229,5,1261.005164
229,6,1182.443700
230,4,1469.992316
230,5,1261.005164
230,6,1182.443700
231,4,1469.992316
231,5,1261.005164
231,6,1182.443700
232,4,1469.992316
232,5,1261.005164
232,6,1182.443700
233,4,1469.992316
233,5,1261.005164
233,6,1182.443700
234,4,1469.992316
234,5,1261.005164
234,6,1182.443700
235,4,1469.992316
235,5,1261.005164
235,6,1182.443700
236,4,1469.992316
236,5,1261.005164
236,6,1182.443700
237,4,1469.992316
237,5,1261.005164
237,6,1182.443700
238,4,1469.992316
238,5,1261.005164
238,6,1182.443700
239,4,1469.992316
239,5,1261.005164
239,6,1182.443700
240,4,1469.992316
240,5,1261.005164
240,6,1182.443700
241,4,1469.992316
241,5,1255.511118
241,6,1182.443700
242,4,1469.992316
242,5,1255.511118
242,6,1182.443700
243,4,1469.992316
243,5,1255.511118
243,6,1182.443700
244,4,1469.992316
244,5,1255.511118
244,6,1182.443700
245,4,1469.992316
245,5,1255.511118
245,6,1182.443700
246,4,1469.992316
246,5,1255.511118
246,6,1182.443700
247,4,1469.992316
247,5,1255.511118
247,6,1182.443700
248,4,1469.992316
248,5,1255.511118
248,6,1182.443700
249,4,1469.992316
249,5,1255.511118
249,6,1182.443700
250,4,1469.992316
250,5,1255.511118
250,6,1182.443700
251,4,1469.992316
251,5,1255.511118
251,6,1182.443700
252,4,1469.992316
252,5,1255.511118
252,6,1182.443700
253,4,1469.992316
253,5,1255.511118
253,6,1182.443700
254,4,1469.992316
254,5,1255.511118
254,6,1182.443700
255,4,1469.992316
255,5,1255.511118
255,6,1182.443700
256,4,1469.992316
256,5,1255.511118
256,6,1182.443700
257,4,1469.992316
257,5,1255.511118
257,6,1182.443700
258,4,1469.992316
258,5,1255.511118
258,6,1182.443700
259,4,1469.992316
259,5,1255.511118
259,6,1182.443700
260,4,1469.992316
260,5,1255.511118
260,6,1182.443700
261,4,1469.992316
261,5,1255.511118
261,6,1182.443700
262,4,1469.992316
262,5,1255.511118
262,6,1182.443700
263,4,1469.992316
263,5,1255.511118
263,6,1182.443700
264,4,1469.992316
264,5,1255.511118
264,6,1182.443700
265,4,1469.992316
265,5,1255.511118
265,6,1182.443700
266,4,1469.992316
266,5,1254.774059
266,6,1182.443700
267,4,1469.992316
267,5,1254.774059
267,6,1182.443700
268,4,1469.992316
268,5,1254.774059
268,6,1182.443700
269,4,1469.992316
269,5,1254.774059
269,6,1182.443700
270,4,1469.992316
270,5,1254.774059
270,6,1182.443700
271,4,1469.992316
271,5,1254.664880
271,6,1182.443700
272,4,1469.992316
272,5,1254.664880
272,6,1182.443700
273,4,1469.992316
273,5,1254.664880
273,6,1182.443700
274,4,1469.992316
274,5,1254.664880
274,6,1182.443700
275,4,1469.992316
275,5,1254.664880
275,6,1182.443700
276,4,1469.992316
276,5,1254.664880
276,6,1182.443700
277,4,1469.992316
277,5,1254.664880
277,6,1182.443700
278,4,1469.992316
278,5,1254.664880
278,6,1182.443700
279,4,1469.992316
279,5,1254.664880
279,6,1182.443700
280,4,1469.992316
280,5,1254.664880
280,6,1182.443700
281,4,1469.992316
281,5,1254.664880
281,6,1182.443700
282,4,1469.992316
282,5,1254.664880
282,6,1182.443700
283,4,1469.992316
283,5,1254.664880
283,6,1182.443700
284,4,1469.992316
284,5,1254.664880
284,6,1182.443700
285,4,1469.992316
285,5,1254.664880
285,6,1182.443700
286,4,1469.992316
286,5,1254.664880
286,6,1182.443700
287,4,1469.992316
287,5,1254.664880
287,6,1182.443700
288,4,1469.992316
288,5,1254.664880
288,6,1182.443700
289,4,1469.992316
289,5,1254.664880
289,6,1182.443700
290,4,1469.992316
290,5,1254.664880
290,6,1182.443700
291,4,1469.992316
291,5,1254.664880
291,6,1182.443700
292,4,1469.992316
292,5,1254.664880
292,6,1182.443700
293,4,1469.992316
293,5,1254.664880
293,6,1182.443700
294,4,1469.992316
294,5,1254.664880
294,6,1182.443700
295,4,1469.992316
295,5,1254.664880
295,6,1182.443700
296,4,1469.992316
296,5,1254.664880
296,6,1182.443700
297,4,1469.992316
297,5,1254.664880
297,6,1182.443700
298,4,1469.992316
298,5,1254.664880
298,6,1182.443700
299,4,1469.992316
299,5,1254.664880
299,6,1182.443700
300,4,1469.992316
300,5,1254.664880
300,6,1182.443700
301,4,1469.992316
301,5,1254.664880
301,6,1182.443700
302,4,1469.992316
302,5,1247.043780
302,6,1182.443700
303,4,1469.992316
303,5,1247.043780
303,6,1182.443700
304,4,1469.992316
304,5,1247.043780
304,6,1182.443700
305,4,1469.992316
305,5,1247.043780
305,6,1182.443700
306,4,1469.992316
306,5,1247.043780
306,6,1182.443700
307,4,1469.992316
307,5,1247.043780
307,6,1182.443700
308,4,1469.992316
308,5,1247.043780
308,6,1182.443700
309,4,1469.992316
309,5,1247.043780
309,6,1182.443700
310,4,1469.992316
310,5,1247.043780
310,6,1182.443700
311,4,1469.992316
311,5,1247.043780
311,6,1182.443700
312,4,1469.992316
312,5,1247.043780
312,6,1182.443700
313,4,1469.992316
313,5,1247.043780
313,6,1182.443700
314,4,1469.992316
314,5,1247.043780
314,6,1182.443700
315,4,1469.992316
315,5,1247.043780
315,6,1182.443700
316,4,1469.992316
316,5,1247.043780
316,6,1182.443700
317,4,1469.992316
317,5,1247.043780
317,6,1182.443700
318,4,1469.992316
318,5,1247.043780
318,6,1182.443700
319,4,1469.992316
319,5,1247.043780
319,6,1182.443700
320,4,1469.992316
320,5,1247.043780
320,6,1182.443700
321,4,1469.992316
321,5,1247.043780
321,6,1182.443700
322,4,1469.992316
322,5,1247.043780
322,6,1182.443700
323,4,1469.992316
323,5,1247.043780
323,6,1182.443700
324,4,1469.992316
324,5,1247.043780
324,6,1182.443700
325,4,1469.992316
325,5,1247.043780
325,6,1182.443700
326,4,1469.992316
326,5,1247.043780
326,6,1182.443700
327,4,1469.992316
327,5,1247.043780
327,6,1182.443700
328,4,1469.992316
328,5,1247.043780
328,6,1182.443700
329,4,1469.992316
329,5,1247.043780
329,6,1182.443700
330,4,1469.992316
330,5,1247.043780
330,6,1182.443700
331,4,1469.992316
331,5,1247.043780
331,6,1182.443700
