Generation,NV,TOC
1,19,7421.411349
1,20,7065.077658
1,26,6902.962510
1,28,6656.330294
1,30,6369.485665
1,33,6167.506671
1,35,6064.106155
1,36,5927.976233
1,38,5902.920270
1,39,5655.400000
1,44,5576.291805
1,45,5489.030371
1,48,5458.223846
2,19,7421.411349
2,20,7065.077658
2,22,7035.293835
2,25,6799.721869
2,28,6656.330294
2,29,6576.212636
2,30,6369.485665
2,33,6167.506671
2,34,5761.073043
2,38,5670.541963
2,39,5655.400000
2,43,5515.252858
2,45,5489.030371
2,48,5458.223846
3,18,7775.089791
3,19,7412.505800
3,20,7065.077658
3,22,7035.293835
3,23,6812.474212
3,25,6799.721869
3,26,6486.386580
3,30,6369.485665
3,33,6167.506671
3,34,5761.073043
3,38,5670.541963
3,39,5655.400000
3,43,5515.252858
3,44,5460.508279
3,47,5351.297197
4,17,7652.537413
4,19,7070.283485
4,20,7065.077658
4,21,7013.396477
4,23,6583.780134
4,26,6486.386580
4,28,6484.515214
4,29,6229.811262
4,33,6129.903729
4,34,5761.073043
4,38,5496.824939
4,40,5461.571030
4,44,5430.811061
4,45,5391.338456
4,47,5341.713130
4,51,5191.183101
5,17,7398.221581
5,19,7070.283485
5,20,7065.077658
5,21,7013.396477
5,23,6583.780134
5,26,6486.386580
5,28,6484.515214
5,29,6229.811262
5,32,6010.764372
5,34,5732.517985
5,38,5496.824939
5,40,5419.894292
5,45,5391.338456
5,47,5341.713130
5,49,5120.075135
6,16,8331.325884
6,17,7398.221581
6,19,7070.283485
6,20,7065.077658
6,21,7013.396477
6,23,6583.780134
6,26,6436.921081
6,28,6296.818091
6,29,6073.278570
6,32,6010.764372
6,34,5732.517985
6,38,5496.824939
6,40,5419.894292
6,45,5391.338456
6,46,5317.916956
6,49,5120.075135
7,16,8331.325884
7,17,7079.795251
7,19,7070.283485
7,20,7065.077658
7,21,7013.396477
7,22,6627.334926
7,23,6366.082175
7,24,6162.018528
7,29,6073.278570
7,31,5688.851816
7,38,5482.934983
7,39,5446.729874
7,40,5419.894292
7,43,5177.845932
7,47,5115.762455
8,16,8331.325884
8,17,7079.795251
8,18,7035.731059
8,21,7013.396477
8,22,6340.870039
8,24,6162.018528
8,29,6073.278570
8,30,5852.106847
8,31,5688.851816
8,32,5562.111061
8,33,5525.163544
8,38,5363.401904
8,41,5348.419735
8,42,5255.197515
8,43,5152.169029
8,47,5115.762455
9,16,7776.437804
9,17,7079.795251
9,18,7035.731059
9,19,6787.350968
9,20,6763.470608
9,22,6340.870039
9,23,6196.063634
9,24,6162.018528
9,26,6105.492293
9,27,5946.937088
9,30,5852.106847
9,31,5688.851816
9,32,5562.111061
9,33,5525.163544
9,38,5363.401904
9,40,5313.486500
9,42,5255.197515
9,43,5152.169029
9,47,5115.762455
9,55,5109.565621
10,16,7776.437804
10,17,7079.795251
10,18,7035.731059
10,19,6704.866611
10,21,6387.036130
10,22,6340.870039
10,23,6196.063634
10,24,6162.018528
10,26,6010.195865
10,27,5946.937088
10,28,5803.140699
10,29,5789.020671
10,31,5688.851816
10,32,5562.111061
10,33,5525.163544
10,35,5466.331628
10,36,5341.084517
10,39,5254.026129
10,41,5242.974775
10,43,5152.169029
10,45,4965.712188
10,47,4891.420203
11,15,8007.681200
11,16,7776.437804
11,17,7038.781784
11,18,7035.731059
11,19,6704.866611
11,20,6367.661430
11,22,6340.870039
11,23,6081.750992
11,24,5885.496235
11,28,5745.643187
11,29,5558.963959
11,32,5488.227670
11,35,5466.331628
11,36,5341.084517
11,39,5254.026129
11,41,5242.974775
11,43,5152.169029
11,44,5093.378416
11,45,4965.712188
11,47,4891.420203
11,48,4882.528785
12,15,8007.681200
12,16,6865.724902
12,18,6794.939343
12,19,6704.866611
12,20,6367.661430
12,22,6340.870039
12,23,6081.750992
12,24,5885.496235
12,27,5769.705549
12,28,5696.268643
12,29,5558.963959
12,30,5524.533139
12,32,5488.227670
12,33,5457.549985
12,34,5441.655941
12,35,5411.267123
12,36,5341.084517
12,39,5254.026129
12,41,5242.974775
12,43,5152.169029
12,44,5093.378416
12,45,4965.712188
12,47,4891.420203
12,48,4882.528785
13,15,8007.681200
13,16,6751.733186
13,19,6637.281439
13,20,6367.661430
13,22,6160.284812
13,23,6081.750992
13,24,5885.496235
13,27,5769.705549
13,28,5696.268643
13,29,5511.971570
13,32,5488.227670
13,33,5445.833955
13,34,5413.908978
13,35,5411.267123
13,36,5341.084517
13,38,5338.551142
13,39,5254.026129
13,41,5232.901504
13,42,4959.312634
13,47,4891.420203
13,48,4882.528785
14,15,8007.681200
14,16,6751.733186
14,19,6637.281439
14,20,6367.661430
14,22,6036.651262
14,24,5885.496235
14,27,5769.705549
14,28,5696.268643
14,29,5511.971570
14,30,5449.283776
14,31,5447.935858
14,33,5416.662942
14,34,5292.085533
14,36,5250.532003
14,39,4843.725238
14,43,4828.231452
15,15,8007.681200
15,16,6751.733186
15,17,6620.243356
15,20,6367.661430
15,21,6366.427565
15,22,6036.651262
15,24,5885.496235
15,26,5812.121084
15,27,5769.705549
15,28,5696.268643
15,29,5511.971570
15,30,5449.283776
15,31,5447.935858
15,32,5384.499626
15,33,5319.291986
15,34,5231.188639
15,36,5128.508394
15,39,4843.725238
15,43,4828.231452
16,15,8007.681200
16,16,6751.733186
16,17,6620.243356
16,18,6571.097678
16,20,6367.661430
16,21,6366.427565
16,22,6036.651262
16,24,5885.496235
16,26,5812.121084
16,27,5769.705549
16,28,5627.149852
16,29,5511.971570
16,30,5449.283776
16,31,5447.935858
16,32,5384.499626
16,33,5319.291986
16,34,5231.188639
16,36,5128.508394
16,39,4843.725238
16,43,4828.231452
16,45,4809.930456
17,15,7763.008266
17,16,6751.733186
17,17,6216.622111
17,22,6036.651262
17,24,5885.496235
17,26,5621.640949
17,29,5511.971570
17,30,5449.283776
17,31,5329.016407
17,32,5206.222682
17,35,5098.163756
17,39,4843.725238
17,43,4828.231452
17,45,4809.930456
18,15,7763.008266
18,16,6751.733186
18,17,6216.622111
18,20,6212.918451
18,22,6036.651262
18,24,5885.496235
18,25,5744.485858
18,26,5621.640949
18,28,5486.326539
18,29,5478.563643
18,30,5449.283776
18,31,5329.016407
18,32,5206.222682
18,35,5098.163756
18,39,4843.725238
18,43,4828.231452
18,44,4787.717928
19,15,7763.008266
19,16,6751.733186
19,17,6193.821615
19,21,6176.435193
19,22,6036.651262
19,23,5901.975091
19,24,5885.496235
19,25,5744.485858
19,26,5430.133104
19,30,5376.515871
19,31,5304.326430
19,32,5126.855919
19,35,5074.732189
19,39,4808.447786
19,43,4780.023918
19,44,4765.653462
19,45,4747.199767
20,15,7763.008266
20,16,6724.163559
20,17,6193.821615
20,21,6176.435193
20,22,6036.651262
20,23,5901.975091
20,24,5885.496235
20,25,5744.485858
20,26,5430.133104
20,29,5407.898468
20,30,5376.515871
20,31,5304.326430
20,32,5126.855919
20,35,5074.732189
20,39,4808.447786
20,42,4757.765836
20,45,4745.332358
21,14,7318.345867
21,16,6512.336683
21,17,6193.821615
21,21,6095.802204
21,22,6036.651262
21,23,5901.975091
21,24,5885.496235
21,25,5744.485858
21,26,5430.133104
21,27,5404.816716
21,30,5376.515871
21,31,5259.170893
21,32,5126.855919
21,35,5074.732189
21,37,5054.314675
21,39,4808.447786
21,42,4757.765836
21,45,4745.332358
22,14,7318.345867
22,16,6512.336683
22,17,6193.821615
22,21,6095.802204
22,22,6036.651262
22,23,5901.975091
22,24,5885.496235
22,25,5744.485858
22,26,5430.133104
22,27,5374.522403
22,30,5298.500754
22,31,5259.170893
22,32,5126.855919
22,35,5074.732189
22,37,5054.314675
22,38,4912.525685
22,39,4808.447786
22,42,4757.765836
22,45,4745.332358
23,14,7318.345867
23,15,7295.617966
23,16,6512.336683
23,17,6193.821615
23,18,6191.333955
23,21,6095.802204
23,22,5912.010652
23,23,5901.975091
23,24,5723.666943
23,26,5430.133104
23,27,5374.522403
23,30,5298.500754
23,31,5259.170893
23,32,5126.855919
23,34,5120.055214
23,35,5074.732189
23,37,5054.314675
23,38,4912.525685
23,39,4808.447786
23,40,4766.951321
23,42,4757.765836
23,45,4745.332358
24,14,7318.345867
24,15,7288.304131
24,16,6512.336683
24,17,6193.821615
24,18,6191.333955
24,20,6115.820438
24,21,5613.064868
24,25,5387.143438
24,26,5371.641359
24,28,5139.450987
24,32,5007.017540
24,36,4705.765674
25,14,7318.345867
25,15,7167.784823
25,16,6362.452211
25,17,6193.821615
25,18,6191.333955
25,20,6115.820438
25,21,5613.064868
25,23,5464.256329
25,25,5387.143438
25,26,5371.641359
25,28,5139.450987
25,31,5134.327712
25,32,5007.017540
25,36,4705.765674
26,14,7318.345867
26,15,7167.784823
26,16,6362.452211
26,17,6193.821615
26,18,6191.333955
26,20,5892.888296
26,21,5613.064868
26,23,5464.256329
26,25,5387.143438
26,26,5361.920965
26,28,5139.450987
26,31,5134.327712
26,32,5007.017540
26,36,4705.765674
27,14,7318.345867
27,15,7059.322951
27,16,6362.452211
27,17,6193.821615
27,18,5684.898167
27,21,5613.064868
27,23,5449.277041
27,25,5387.143438
27,26,5361.920965
27,28,5139.450987
27,30,5107.194343
27,32,5007.017540
27,34,4990.691242
27,36,4705.765674
28,14,7318.345867
28,15,7019.327596
28,16,6362.452211
28,17,6071.499059
28,18,5684.898167
28,21,5613.064868
28,23,5449.277041
28,24,5376.473279
28,26,5317.436764
28,27,5302.931592
28,28,5139.450987
28,30,5107.194343
28,32,5007.017540
28,34,4990.691242
28,36,4705.765674
29,14,7318.345867
29,15,7019.327596
29,16,6362.452211
29,17,6071.499059
29,18,5684.898167
29,20,5526.654914
29,22,5441.997296
29,24,5376.473279
29,26,5223.164250
29,28,5139.450987
29,30,5101.450770
29,32,4928.860226
29,36,4705.765674
30,14,6771.907919
30,16,6297.191346
30,17,6029.763239
30,18,5684.898167
30,20,5526.654914
30,21,5473.802393
30,22,5441.997296
30,24,5376.473279
30,25,5090.667456
30,32,4928.860226
30,36,4705.765674
31,14,6771.907919
31,16,6179.364193
31,17,5952.838149
31,18,5684.898167
31,19,5572.911666
31,20,5441.024127
31,24,5376.473279
31,25,5045.861441
31,32,4928.860226
31,36,4705.765674
32,14,6771.907919
32,15,6679.443174
32,16,6179.364193
32,17,5892.874597
32,18,5684.898167
32,19,5572.911666
32,20,5441.024127
32,24,5376.473279
32,25,5045.861441
32,32,4928.860226
32,36,4705.765674
33,14,6771.907919
33,15,6602.016025
33,16,6179.364193
33,17,5892.874597
33,18,5684.898167
33,19,5572.911666
33,20,5441.024127
33,24,5376.473279
33,25,5045.861441
33,32,4928.860226
33,36,4705.765674
34,14,6771.907919
34,15,6447.008669
34,16,6003.846567
34,17,5892.874597
34,18,5607.612199
34,19,5516.168240
34,20,5432.752760
34,24,5335.544601
34,25,5017.025119
34,32,4876.297192
34,36,4688.873757
35,14,6771.907919
35,15,6447.008669
35,16,6003.846567
35,17,5892.874597
35,18,5607.612199
35,19,5516.168240
35,20,5432.752760
35,23,5173.163769
35,25,5017.025119
35,32,4876.297192
35,36,4688.873757
36,14,6771.907919
36,15,6363.068535
36,16,5968.335741
36,17,5892.874597
36,18,5607.612199
36,19,5516.168240
36,20,5432.752760
36,23,5173.163769
36,25,5017.025119
36,32,4876.297192
36,35,4824.820837
36,36,4688.873757
37,14,6771.907919
37,15,6363.068535
37,16,5968.335741
37,17,5892.874597
37,18,5607.612199
37,19,5516.168240
37,20,5432.752760
37,23,5173.163769
37,25,5017.025119
37,32,4876.297192
37,35,4824.820837
37,36,4688.873757
38,14,6771.907919
38,15,6147.352306
38,16,5968.335741
38,17,5868.401438
38,18,5481.807232
38,20,5432.752760
38,21,5403.776662
38,23,5173.163769
38,25,5017.025119
38,32,4876.297192
38,35,4824.820837
38,36,4688.873757
39,14,6771.907919
39,15,6147.352306
39,16,5847.977815
39,18,5370.006889
39,20,5316.936358
39,23,5162.145537
39,25,5006.398026
39,31,4863.779565
39,35,4824.820837
39,36,4670.119141
40,14,6771.907919
40,15,6147.352306
40,16,5847.977815
40,17,5733.275710
40,18,5370.006889
40,20,5316.936358
40,22,5245.419207
40,23,5162.145537
40,25,5006.398026
40,31,4836.763686
40,33,4832.710764
40,35,4824.820837
40,36,4670.119141
41,14,6771.907919
41,15,6118.773729
41,16,5847.977815
41,17,5733.275710
41,18,5370.006889
41,20,5316.936358
41,22,5245.419207
41,23,5162.145537
41,25,5006.398026
41,30,4995.331349
41,31,4836.763686
41,32,4776.471585
41,36,4670.119141
42,14,6771.907919
42,15,6040.178933
42,16,5847.977815
42,17,5733.275710
42,18,5370.006889
42,20,5316.936358
42,22,5192.966231
42,23,5162.145537
42,25,5006.398026
42,29,4981.067904
42,31,4822.827592
42,32,4776.471585
42,36,4670.119141
43,14,6771.907919
43,15,6040.178933
43,16,5847.977815
43,17,5712.016018
43,18,5370.006889
43,20,5316.936358
43,22,5192.966231
43,23,5162.145537
43,25,4991.232315
43,29,4981.067904
43,31,4822.827592
43,32,4733.495999
43,36,4670.119141
44,14,6771.907919
44,15,6040.178933
44,16,5847.977815
44,17,5712.016018
44,18,5370.006889
44,20,5247.260856
44,22,5185.407007
44,23,4951.750642
44,30,4759.430345
44,32,4719.207164
44,36,4666.703577
45,14,6771.907919
45,15,6040.178933
45,16,5847.977815
45,17,5657.861371
45,18,5370.006889
45,20,5116.392995
45,23,4951.750642
45,27,4877.474264
45,30,4759.430345
45,32,4719.207164
45,36,4666.703577
45,41,4633.203299
46,14,6771.907919
46,15,6040.178933
46,16,5847.977815
46,17,5657.861371
46,18,5370.006889
46,20,5116.392995
46,23,4951.750642
46,27,4877.474264
46,30,4759.430345
46,32,4719.207164
46,36,4666.703577
46,41,4609.310996
47,14,6745.773056
47,15,6040.178933
47,16,5847.977815
47,17,5657.861371
47,18,5370.006889
47,20,5116.392995
47,23,4951.750642
47,27,4877.474264
47,30,4759.430345
47,32,4719.207164
47,36,4666.703577
47,41,4609.310996
48,14,6745.773056
48,15,6040.178933
48,16,5847.977815
48,17,5657.861371
48,18,5370.006889
48,20,5116.392995
48,23,4951.750642
48,27,4877.474264
48,30,4759.430345
48,32,4719.207164
48,36,4666.703577
48,41,4609.310996
49,14,6745.773056
49,15,6040.178933
49,16,5847.977815
49,17,5657.861371
49,18,5370.006889
49,19,5156.809441
49,20,5116.392995
49,23,4951.750642
49,27,4877.474264
49,30,4759.430345
49,32,4719.207164
49,36,4666.703577
49,41,4609.310996
50,14,6745.773056
50,15,6040.178933
50,16,5800.177827
50,17,5543.545047
50,18,5370.006889
50,19,5156.809441
50,20,5116.392995
50,23,4855.982242
50,25,4810.794394
50,26,4786.960842
50,30,4759.430345
50,32,4719.207164
50,36,4666.703577
50,41,4609.310996
51,14,6745.773056
51,15,5955.977830
51,16,5800.177827
51,17,5543.545047
51,18,5370.006889
51,19,5156.809441
51,20,5116.392995
51,23,4855.982242
51,25,4810.794394
51,26,4786.960842
51,30,4759.430345
51,32,4719.207164
51,36,4666.703577
51,41,4609.310996
52,14,6600.765337
52,15,5955.977830
52,16,5800.177827
52,17,5543.545047
52,18,5370.006889
52,19,5156.809441
52,20,5116.392995
52,23,4855.982242
52,25,4810.794394
52,26,4786.960842
52,30,4759.430345
52,32,4719.207164
52,36,4666.703577
52,41,4609.310996
53,14,6600.765337
53,15,5955.977830
53,16,5800.177827
53,17,5543.545047
53,18,5370.006889
53,19,5156.809441
53,20,5116.392995
53,23,4834.478258
53,25,4810.794394
53,26,4786.960842
53,30,4759.430345
53,32,4719.207164
53,36,4666.703577
53,41,4609.310996
54,14,6600.765337
54,15,5955.977830
54,16,5684.625446
54,17,5391.042950
54,18,5370.006889
54,19,5156.809441
54,20,5116.392995
54,23,4822.424853
54,25,4810.794394
54,26,4786.960842
54,30,4759.430345
54,32,4710.517347
54,33,4665.211097
54,37,4662.385232
54,40,4647.249818
54,41,4609.310996
55,14,6576.573187
55,15,5955.977830
55,16,5684.625446
55,17,5391.042950
55,18,5370.006889
55,19,5156.809441
55,20,5100.867949
55,23,4802.321709
55,24,4802.263337
55,26,4786.960842
55,30,4758.064152
55,31,4645.329607
55,37,4516.558008
56,14,6576.573187
56,15,5955.977830
56,16,5684.625446
56,17,5391.042950
56,18,5370.006889
56,19,5156.809441
56,20,5100.867949
56,23,4789.253735
56,26,4786.960842
56,30,4758.064152
56,31,4645.329607
56,37,4516.558008
57,14,6576.573187
57,15,5955.977830
57,16,5684.625446
57,17,5391.042950
57,18,5276.323953
57,19,5156.809441
57,20,5100.867949
57,22,5015.324381
57,23,4789.253735
57,26,4786.960842
57,30,4758.064152
57,31,4645.329607
57,37,4516.558008
58,14,6576.573187
58,15,5955.977830
58,16,5678.169729
58,17,5391.042950
58,18,5276.323953
58,19,5156.809441
58,20,5100.867949
58,22,4884.562322
58,23,4789.253735
58,25,4787.864418
58,26,4780.278796
58,27,4765.295025
58,29,4721.816027
58,31,4645.329607
58,37,4516.558008
59,14,6409.623987
59,15,5955.977830
59,16,5678.169729
59,17,5391.042950
59,18,5276.323953
59,19,5156.809441
59,20,5100.867949
59,22,4884.562322
59,23,4789.253735
59,24,4774.426668
59,27,4765.295025
59,29,4721.816027
59,31,4645.329607
59,37,4516.558008
60,13,6545.692780
60,14,6409.623987
60,15,5855.548226
60,16,5678.169729
60,17,5250.760040
60,18,5161.354218
60,19,4968.093888
60,22,4884.562322
60,23,4766.334959
60,27,4765.295025
60,29,4712.425238
60,31,4645.329607
60,37,4498.824422
61,13,6545.692780
61,14,6409.623987
61,15,5549.633643
61,17,5250.760040
61,18,5161.354218
61,19,4968.093888
61,22,4884.562322
61,23,4766.334959
61,27,4765.295025
61,29,4712.425238
61,31,4645.329607
61,37,4498.824422
62,13,6545.692780
62,14,6120.265015
62,15,5549.633643
62,17,5250.760040
62,18,5161.354218
62,19,4968.093888
62,22,4879.557243
62,23,4766.334959
62,25,4756.466701
62,27,4747.323892
62,29,4712.425238
62,31,4645.329607
62,37,4498.824422
63,13,6545.692780
63,14,5965.335146
63,15,5549.633643
63,16,5433.216461
63,17,5250.760040
63,18,5161.354218
63,19,4968.093888
63,21,4846.934951
63,23,4766.334959
63,24,4750.214198
63,27,4747.323892
63,29,4712.425238
63,31,4645.329607
63,37,4498.824422
64,13,6545.692780
64,14,5965.335146
64,15,5118.780893
64,19,4968.093888
64,21,4846.934951
64,23,4766.334959
64,24,4750.214198
64,27,4747.323892
64,29,4712.425238
64,31,4645.329607
64,37,4498.824422
65,13,6545.692780
65,14,5835.133201
65,15,5043.756286
65,18,4942.596855
65,21,4813.030209
65,23,4725.845188
65,24,4708.297819
65,27,4692.387934
65,31,4636.085067
65,36,4480.982330
66,13,6545.692780
66,14,5835.133201
66,15,5043.756286
66,18,4942.596855
66,20,4804.769467
66,23,4725.845188
66,24,4708.297819
66,27,4692.387934
66,29,4667.032625
66,31,4636.085067
66,36,4480.982330
67,13,6545.692780
67,14,5835.133201
67,15,5043.756286
67,18,4942.596855
67,20,4804.769467
67,22,4782.867819
67,23,4725.845188
67,24,4662.702888
67,29,4653.356077
67,31,4608.749347
67,36,4480.982330
68,13,6545.692780
68,14,5835.133201
68,15,5043.756286
68,18,4942.596855
68,20,4804.769467
68,21,4724.228797
68,24,4662.702888
68,29,4653.356077
68,31,4608.749347
68,36,4480.982330
69,13,6471.589058
69,14,5835.133201
69,15,5043.756286
69,18,4942.596855
69,20,4804.769467
69,21,4715.729784
69,22,4671.116556
69,24,4662.702888
69,29,4653.356077
69,31,4608.749347
69,36,4480.982330
70,13,6464.165601
70,14,5771.232955
70,15,5035.165482
70,18,4894.378666
70,20,4799.905677
70,21,4700.216427
70,22,4670.553958
70,24,4660.115766
70,29,4626.849888
70,31,4607.827347
70,35,4460.670157
71,13,6464.165601
71,14,5771.232955
71,15,5035.165482
71,18,4894.378666
71,20,4799.905677
71,21,4700.216427
71,22,4670.553958
71,24,4660.115766
71,26,4640.267331
71,29,4626.849888
71,31,4607.827347
71,34,4587.468314
71,35,4460.670157
72,13,6322.571810
72,14,5771.232955
72,15,5035.165482
72,18,4894.378666
72,20,4799.905677
72,21,4700.216427
72,22,4670.553958
72,24,4660.115766
72,26,4640.267331
72,29,4626.849888
72,31,4607.827347
72,34,4587.468314
72,35,4460.670157
73,13,6322.571810
73,14,5771.232955
73,15,5035.165482
73,18,4894.378666
73,20,4637.076659
73,26,4630.305266
73,29,4626.849888
73,31,4607.827347
73,34,4587.468314
73,35,4460.670157
74,13,6322.571810
74,14,5771.232955
74,15,5035.165482
74,17,4944.686049
74,18,4860.767594
74,20,4637.076659
74,26,4630.305266
74,29,4626.849888
74,31,4607.827347
74,34,4587.468314
74,35,4460.670157
75,13,6322.571810
75,14,5771.232955
75,15,5035.165482
75,16,5011.210904
75,17,4943.328295
75,18,4860.767594
75,19,4631.794645
75,26,4590.383266
75,30,4588.286357
75,34,4587.468314
75,35,4460.670157
76,13,6322.571810
76,14,5771.232955
76,15,5035.165482
76,16,5011.210904
76,17,4943.328295
76,18,4860.767594
76,19,4631.794645
76,26,4590.383266
76,30,4588.286357
76,31,4544.526784
76,35,4460.670157
77,13,6322.571810
77,14,5771.232955
77,15,5035.165482
77,16,4914.633119
77,18,4860.767594
77,19,4631.794645
77,25,4596.344429
77,26,4590.383266
77,30,4490.940065
77,35,4460.670157
78,13,6322.571810
78,14,5371.392445
78,15,5035.165482
78,16,4914.633119
78,18,4860.767594
78,19,4631.794645
78,25,4596.344429
78,26,4590.383266
78,30,4490.940065
78,35,4460.670157
79,13,6322.571810
79,14,5371.392445
79,15,5035.165482
79,16,4914.633119
79,18,4860.767594
79,19,4631.794645
79,24,4616.196158
79,25,4596.344429
79,26,4590.383266
79,30,4490.940065
79,35,4460.670157
80,13,6322.571810
80,14,5371.392445
80,15,5035.165482
80,16,4914.633119
80,18,4820.406524
80,19,4631.794645
80,24,4615.756221
80,25,4596.344429
80,26,4590.383266
80,30,4490.940065
80,35,4460.670157
81,13,6322.571810
81,14,5371.392445
81,15,5035.165482
81,16,4914.633119
81,18,4820.406524
81,19,4631.794645
81,23,4614.635091
81,25,4596.344429
81,26,4590.383266
81,30,4490.940065
81,35,4460.670157
82,13,6322.571810
82,14,5371.392445
82,15,5028.509056
82,16,4906.824490
82,18,4820.406524
82,19,4631.794645
82,23,4614.635091
82,25,4596.344429
82,26,4590.383266
82,30,4490.940065
82,35,4460.670157
83,13,6322.571810
83,14,5371.392445
83,15,4992.899315
83,16,4906.824490
83,18,4820.406524
83,19,4631.794645
83,22,4537.615511
83,30,4490.940065
83,35,4460.670157
84,13,6322.571810
84,14,5371.392445
84,15,4977.691641
84,16,4906.824490
84,18,4820.406524
84,19,4631.794645
84,22,4537.615511
84,30,4490.940065
84,32,4478.923734
84,35,4460.670157
85,13,5804.473462
85,14,5248.115919
85,15,4977.691641
85,16,4906.824490
85,18,4820.406524
85,19,4631.794645
85,22,4537.615511
85,30,4490.940065
85,32,4478.923734
85,35,4460.670157
86,13,5804.473462
86,14,5248.115919
86,15,4975.891696
86,16,4906.824490
86,17,4871.139372
86,18,4820.406524
86,19,4631.794645
86,22,4537.012295
86,30,4490.940065
86,32,4478.923734
86,35,4460.670157
87,13,5804.473462
87,14,5248.115919
87,15,4975.891696
87,16,4906.824490
87,17,4815.401481
87,19,4631.794645
87,22,4522.457998
87,30,4490.940065
87,32,4478.923734
87,35,4460.670157
88,13,5803.207500
88,14,5223.542293
88,15,4975.891696
88,16,4789.726511
88,19,4630.965028
88,22,4522.099855
88,29,4490.368027
88,32,4470.389828
88,35,4460.670157
89,13,5803.207500
89,14,5223.542293
89,15,4975.891696
89,16,4789.726511
89,19,4630.965028
89,22,4522.099855
89,29,4490.368027
89,32,4470.389828
89,35,4460.670157
90,13,5803.207500
90,14,5223.542293
90,15,4975.891696
90,16,4789.726511
90,19,4630.965028
90,22,4522.099855
90,23,4489.453221
90,32,4470.389828
90,35,4460.670157
91,13,5675.269917
91,14,5223.542293
91,15,4975.891696
91,16,4789.726511
91,18,4746.719860
91,19,4630.965028
91,21,4519.342182
91,23,4489.453221
91,32,4470.389828
91,35,4460.670157
92,13,5675.269917
92,14,5223.542293
92,15,4938.457071
92,16,4789.726511
92,18,4746.719860
92,19,4630.965028
92,21,4519.342182
92,23,4489.453221
92,32,4470.389828
92,35,4460.670157
93,13,5591.136298
93,14,5207.203795
93,15,4924.226651
93,16,4780.530109
93,18,4707.874727
93,19,4618.761780
93,21,4508.972260
93,23,4489.453221
93,32,4470.389828
93,35,4455.452192
94,13,5535.723635
94,14,5207.203795
94,15,4924.226651
94,16,4780.530109
94,18,4707.874727
94,19,4618.761780
94,21,4508.972260
94,23,4489.453221
94,32,4470.389828
94,35,4455.452192
95,13,5535.723635
95,14,5065.644505
95,15,4902.951060
95,16,4780.530109
95,18,4707.874727
95,19,4618.761780
95,21,4508.972260
95,23,4488.442577
95,32,4470.389828
95,35,4455.452192
96,13,5535.723635
96,14,4975.882637
96,15,4902.951060
96,16,4780.530109
96,18,4707.874727
96,19,4618.761780
96,21,4508.972260
96,23,4488.442577
96,32,4470.389828
96,35,4455.452192
97,12,6223.156556
97,13,5535.723635
97,14,4975.882637
97,15,4840.227856
97,16,4780.530109
97,18,4707.874727
97,19,4618.761780
97,21,4508.972260
97,23,4488.442577
97,32,4470.389828
97,35,4455.452192
98,12,6223.156556
98,13,5535.723635
98,14,4975.882637
98,15,4840.227856
98,16,4780.530109
98,18,4707.874727
98,19,4618.761780
98,21,4508.972260
98,23,4488.442577
98,32,4470.389828
98,35,4455.452192
99,12,6223.156556
99,13,5535.723635
99,14,4975.882637
99,15,4840.227856
99,16,4780.530109
99,17,4773.186275
99,18,4707.874727
99,19,4618.761780
99,21,4508.972260
99,23,4488.442577
99,32,4470.389828
99,35,4455.452192
100,12,6223.156556
100,13,5535.723635
100,14,4975.882637
100,15,4840.227856
100,16,4780.530109
100,17,4773.186275
100,18,4707.874727
100,19,4618.761780
100,21,4508.972260
100,23,4488.442577
100,25,4464.550091
100,35,4455.452192
101,12,6223.156556
101,13,5303.667415
101,14,4975.882637
101,15,4840.227856
101,16,4780.530109
101,17,4773.186275
101,18,4654.323152
101,19,4618.761780
101,20,4518.351308
101,21,4508.972260
101,23,4488.442577
101,25,4464.550091
101,35,4455.452192
102,12,6223.156556
102,13,5303.667415
102,14,4975.882637
102,15,4840.227856
102,16,4701.332098
102,18,4654.323152
102,19,4618.761780
102,20,4518.351308
102,21,4508.972260
102,23,4488.442577
102,25,4464.550091
102,35,4455.452192
103,12,6223.156556
103,13,5303.667415
103,14,4975.882637
103,15,4840.227856
103,16,4701.332098
103,18,4654.323152
103,19,4618.761780
103,20,4518.351308
103,21,4508.972260
103,23,4488.442577
103,25,4464.550091
103,35,4455.452192
104,12,6223.156556
104,13,5303.667415
104,14,4975.882637
104,15,4840.227856
104,16,4701.332098
104,18,4654.323152
104,19,4618.761780
104,20,4518.351308
104,21,4508.972260
104,23,4488.442577
104,25,4464.550091
104,35,4455.452192
105,12,6223.156556
105,13,5303.667415
105,14,4975.882637
105,15,4840.227856
105,16,4701.332098
105,18,4654.323152
105,19,4618.761780
105,20,4518.351308
105,21,4508.972260
105,23,4488.442577
105,24,4443.973755
106,12,6223.156556
106,13,5276.836558
106,14,4856.531499
106,15,4830.020460
106,16,4695.637119
106,18,4648.182007
106,19,4595.922223
106,20,4512.141406
106,21,4508.972260
106,23,4488.442577
106,24,4438.350983
107,12,6223.156556
107,13,5276.836558
107,14,4856.531499
107,15,4830.020460
107,16,4695.637119
107,18,4648.182007
107,19,4595.922223
107,20,4512.141406
107,21,4508.972260
107,23,4411.390610
108,12,6223.156556
108,13,5276.836558
108,14,4856.531499
108,15,4830.020460
108,16,4695.637119
108,18,4648.182007
108,19,4595.922223
108,20,4512.141406
108,21,4508.972260
108,23,4411.390610
109,12,6223.156556
109,13,5276.836558
109,14,4806.499337
109,16,4695.637119
109,18,4648.182007
109,19,4579.489645
109,20,4512.141406
109,21,4508.972260
109,23,4411.390610
110,12,6223.156556
110,13,5276.836558
110,14,4806.499337
110,16,4695.637119
110,18,4648.182007
110,19,4579.489645
110,20,4512.141406
110,21,4471.968840
110,23,4411.390610
110,25,4408.900076
111,12,6055.259648
111,13,5207.637662
111,14,4806.499337
111,16,4669.823352
111,18,4638.823852
111,19,4556.788912
111,20,4493.582170
111,21,4471.968840
111,23,4408.027594
111,24,4386.277022
112,12,6055.259648
112,13,5207.637662
112,14,4806.499337
112,16,4669.823352
112,18,4638.823852
112,19,4556.788912
112,20,4493.582170
112,21,4471.968840
112,23,4408.027594
112,24,4386.277022
113,12,6055.259648
113,13,5207.637662
113,14,4804.023740
113,16,4669.823352
113,18,4638.823852
113,19,4556.788912
113,20,4493.582170
113,21,4471.968840
113,23,4408.027594
113,24,4386.277022
114,12,6055.259648
114,13,5207.637662
114,14,4804.023740
114,15,4800.872073
114,16,4669.823352
114,18,4638.823852
114,19,4556.788912
114,20,4493.582170
114,21,4471.968840
114,23,4408.027594
114,24,4386.277022
115,12,5906.158774
115,13,5207.637662
115,14,4804.023740
115,15,4800.872073
115,16,4669.823352
115,18,4638.823852
115,19,4556.788912
115,20,4493.582170
115,21,4471.968840
115,23,4408.027594
115,24,4386.277022
116,12,5906.158774
116,13,5197.687430
116,14,4804.023740
116,15,4765.481993
116,16,4669.670412
116,17,4633.583257
116,19,4556.788912
116,20,4485.931047
116,21,4448.341153
116,23,4408.027594
116,24,4380.602549
117,12,5906.158774
117,13,5197.687430
117,14,4804.023740
117,15,4742.248103
117,16,4669.670412
117,17,4633.583257
117,19,4556.788912
117,20,4485.931047
117,21,4448.341153
117,23,4389.215370
117,24,4380.602549
118,12,5730.300811
118,13,5197.687430
118,14,4794.727587
118,15,4742.248103
118,16,4664.909277
118,17,4633.583257
118,19,4556.788912
118,20,4485.931047
118,21,4448.341153
118,23,4389.215370
118,24,4380.602549
119,12,5730.300811
119,13,5197.687430
119,14,4794.727587
119,15,4742.248103
119,16,4664.909277
119,17,4633.583257
119,19,4556.788912
119,20,4485.931047
119,21,4448.341153
119,23,4389.215370
119,24,4380.602549
119,25,4375.437171
120,12,5688.913934
120,13,5197.687430
120,14,4794.727587
120,15,4742.248103
120,16,4664.909277
120,17,4633.583257
120,19,4556.788912
120,20,4485.931047
120,21,4448.341153
120,23,4389.215370
120,24,4380.602549
120,25,4375.437171
121,12,5688.913934
121,13,5197.687430
121,14,4794.727587
121,15,4703.662911
121,16,4661.060630
121,17,4633.583257
121,19,4552.672150
121,20,4485.931047
121,21,4447.825801
121,22,4409.754840
121,23,4389.215370
121,24,4380.321658
121,25,4374.466574
122,12,5688.913934
122,13,4988.000123
122,14,4794.727587
122,15,4703.662911
122,16,4569.314243
122,19,4552.672150
122,20,4485.931047
122,21,4447.825801
122,22,4409.754840
122,23,4389.215370
122,24,4380.321658
122,25,4374.466574
123,12,5688.913934
123,13,4988.000123
123,14,4794.727587
123,15,4703.662911
123,16,4569.314243
123,19,4552.672150
123,20,4485.931047
123,21,4447.825801
123,22,4409.754840
123,23,4389.215370
123,24,4380.321658
123,25,4374.466574
124,12,5688.913934
124,13,4988.000123
124,14,4794.727587
124,15,4703.662911
124,16,4569.314243
124,19,4547.404916
124,20,4485.931047
124,21,4447.825801
124,22,4409.754840
124,23,4389.215370
124,24,4380.321658
124,25,4374.466574
125,12,5664.961538
125,13,4988.000123
125,14,4732.812967
125,15,4703.662911
125,16,4569.314243
125,19,4547.404916
125,20,4485.931047
125,21,4447.825801
125,22,4409.754840
125,23,4389.215370
125,24,4380.321658
125,25,4374.466574
126,12,5664.961538
126,13,4988.000123
126,14,4730.381922
126,15,4699.469805
126,16,4569.314243
126,19,4528.934112
126,20,4485.931047
126,21,4369.517319
126,24,4367.976177
127,12,5664.961538
127,13,4988.000123
127,14,4730.381922
127,15,4699.469805
127,16,4569.314243
127,19,4528.934112
127,20,4485.931047
127,21,4369.517319
127,24,4367.976177
128,12,5664.961538
128,13,4825.899868
128,14,4730.381922
128,15,4699.469805
128,16,4569.314243
128,19,4528.934112
128,20,4485.931047
128,21,4369.517319
128,24,4367.976177
129,12,5570.856274
129,13,4825.899868
129,14,4730.381922
129,15,4699.469805
129,16,4569.314243
129,19,4528.934112
129,20,4485.931047
129,21,4369.517319
129,24,4367.976177
130,11,6191.677780
130,12,5570.856274
130,13,4825.899868
130,14,4730.381922
130,15,4699.469805
130,16,4569.314243
130,19,4528.934112
130,20,4485.931047
130,21,4369.517319
130,24,4367.976177
131,11,6159.746306
131,12,5372.365618
131,13,4824.557829
131,14,4699.537391
131,15,4699.469805
131,16,4569.314243
131,19,4528.934112
131,20,4474.941631
131,21,4369.517319
131,24,4366.347149
132,11,6159.746306
132,12,5372.365618
132,13,4824.557829
132,14,4699.537391
132,15,4699.469805
132,16,4569.314243
132,19,4528.934112
132,20,4474.941631
132,21,4369.517319
132,24,4366.347149
133,11,6159.746306
133,12,5372.365618
133,13,4824.557829
133,14,4699.537391
133,15,4699.469805
133,16,4569.314243
133,19,4528.934112
133,20,4474.941631
133,21,4369.517319
133,24,4366.347149
134,11,6159.746306
134,12,5372.365618
134,13,4824.557829
134,14,4699.537391
134,15,4699.469805
134,16,4569.314243
134,19,4528.934112
134,20,4427.792869
134,21,4369.517319
134,24,4366.347149
135,11,6159.746306
135,12,5372.365618
135,13,4778.013618
135,14,4699.537391
135,15,4699.469805
135,16,4569.314243
135,19,4528.934112
135,20,4427.792869
135,21,4369.517319
135,22,4365.668631
136,11,6106.936617
136,12,5352.556779
136,13,4768.188206
136,14,4698.276212
136,16,4561.970013
136,19,4512.912760
136,20,4423.363174
136,21,4365.379094
136,22,4360.287830
137,11,6106.936617
137,12,5352.556779
137,13,4768.188206
137,14,4698.276212
137,16,4561.970013
137,19,4458.032829
137,20,4423.363174
137,21,4365.379094
137,22,4360.287830
137,24,4358.156037
138,11,6106.936617
138,12,5352.556779
138,13,4768.188206
138,14,4691.627252
138,16,4561.970013
138,19,4458.032829
138,20,4423.363174
138,21,4365.379094
138,22,4360.287830
138,24,4358.156037
139,11,6106.936617
139,12,5352.556779
139,13,4768.188206
139,14,4691.627252
139,16,4561.970013
139,19,4439.279777
139,20,4423.363174
139,21,4365.379094
139,22,4360.287830
139,24,4358.156037
140,11,6106.936617
140,12,5271.186408
140,13,4722.586543
140,14,4684.909927
140,16,4561.970013
140,18,4458.588921
140,19,4439.279777
140,20,4423.363174
140,21,4365.379094
140,22,4360.287830
140,24,4358.156037
141,11,6106.936617
141,12,5271.186408
141,13,4691.559183
141,14,4679.551474
141,16,4538.020640
141,18,4415.678524
141,21,4365.379094
141,22,4360.287830
141,24,4358.156037
142,11,6013.477101
142,12,5271.186408
142,13,4691.559183
142,14,4679.551474
142,16,4538.020640
142,18,4415.678524
142,21,4365.379094
142,22,4360.287830
142,24,4358.156037
143,11,6013.477101
143,12,5271.186408
143,13,4691.559183
143,14,4679.551474
143,16,4538.020640
143,18,4415.678524
143,20,4410.040871
143,21,4365.379094
143,22,4360.287830
143,24,4358.156037
144,11,6013.477101
144,12,5271.186408
144,13,4691.559183
144,14,4679.551474
144,16,4538.020640
144,18,4399.520418
144,21,4347.782879
145,11,6013.477101
145,12,5258.152573
145,13,4691.559183
145,14,4679.551474
145,16,4538.020640
145,18,4399.520418
145,21,4347.782879
146,11,5990.818985
146,12,5242.993232
146,13,4678.311535
146,14,4662.679119
146,15,4649.030970
146,16,4538.020640
146,18,4390.666354
146,21,4347.782879
146,23,4339.935889
147,11,5990.818985
147,12,5242.993232
147,13,4678.311535
147,14,4662.679119
147,15,4649.030970
147,16,4538.020640
147,18,4390.666354
147,21,4347.782879
147,23,4339.935889
148,11,5990.818985
148,12,5242.993232
148,13,4651.448558
148,15,4649.030970
148,16,4538.020640
148,18,4390.666354
148,21,4347.782879
148,23,4339.935889
149,11,5990.818985
149,12,5242.993232
149,13,4651.448558
149,15,4606.945842
149,16,4538.020640
149,18,4390.666354
149,20,4375.451379
149,21,4329.610212
150,11,5990.818985
150,12,5214.136725
150,13,4651.448558
150,15,4606.945842
150,16,4538.020640
150,18,4390.666354
150,20,4375.451379
150,21,4329.610212
151,11,5869.616189
151,12,5195.905479
151,13,4631.623214
151,14,4611.188559
151,15,4606.945842
151,16,4538.020640
151,17,4379.679740
151,20,4352.074344
151,21,4329.610212
152,11,5869.616189
152,12,5195.905479
152,13,4631.623214
152,14,4611.188559
152,15,4606.945842
152,16,4538.020640
152,17,4379.679740
152,18,4330.217186
152,21,4329.610212
153,11,5869.616189
153,12,5195.905479
153,13,4631.623214
153,14,4611.188559
153,15,4606.945842
153,16,4538.020640
153,17,4379.679740
153,18,4330.217186
153,21,4329.610212
154,11,5869.616189
154,12,5054.235120
154,13,4631.623214
154,14,4597.195410
154,16,4538.020640
154,17,4379.679740
154,18,4330.217186
154,21,4329.610212
155,11,5869.616189
155,12,5054.235120
155,13,4631.623214
155,14,4597.195410
155,16,4538.020640
155,17,4379.679740
155,18,4330.217186
155,21,4329.610212
156,11,5859.798962
156,12,4990.504996
156,13,4631.623214
156,14,4595.779034
156,16,4538.020640
156,17,4355.645239
156,18,4330.217186
156,21,4310.709098
157,11,5859.798962
157,12,4983.005306
157,13,4627.418039
157,14,4595.779034
157,15,4579.343027
157,16,4538.020640
157,17,4355.645239
157,18,4330.217186
157,21,4310.709098
158,11,5859.798962
158,12,4908.952142
158,13,4627.418039
158,14,4595.779034
158,15,4579.343027
158,16,4538.020640
158,17,4355.645239
158,18,4330.217186
158,21,4310.709098
159,11,5859.798962
159,12,4862.367981
159,13,4627.418039
159,14,4595.779034
159,15,4579.343027
159,16,4538.020640
159,17,4355.645239
159,18,4330.217186
159,21,4310.709098
160,11,5859.798962
160,12,4862.367981
160,13,4627.418039
160,14,4595.779034
160,15,4579.343027
160,16,4538.020640
160,17,4355.645239
160,18,4330.217186
160,21,4310.709098
161,11,5818.621038
161,12,4833.923373
161,13,4624.070471
161,14,4595.779034
161,15,4579.343027
161,16,4321.059081
161,18,4319.004467
161,21,4310.709098
162,11,5818.621038
162,12,4833.923373
162,13,4624.070471
162,14,4595.779034
162,15,4579.343027
162,16,4321.059081
162,18,4319.004467
162,21,4310.709098
163,11,5818.621038
163,12,4833.923373
163,13,4624.070471
163,14,4595.779034
163,15,4579.343027
163,16,4321.059081
163,18,4319.004467
163,21,4310.709098
164,11,5818.621038
164,12,4833.923373
164,13,4624.070471
164,14,4595.779034
164,15,4579.343027
164,16,4321.059081
164,18,4319.004467
164,21,4310.709098
165,11,5818.621038
165,12,4833.923373
165,13,4624.070471
165,14,4581.054578
165,15,4572.274285
165,16,4321.059081
165,18,4319.004467
165,21,4310.709098
166,11,5721.729459
166,12,4833.244980
166,13,4618.088954
166,14,4581.054578
166,15,4572.274285
166,16,4321.059081
166,18,4319.004467
166,21,4310.709098
167,11,5721.729459
167,12,4833.244980
167,13,4618.088954
167,14,4574.689187
167,15,4492.623653
167,16,4321.059081
167,18,4319.004467
167,21,4310.709098
168,11,5721.729459
168,12,4833.244980
168,13,4618.088954
168,14,4574.689187
168,15,4474.201295
168,16,4321.059081
168,18,4319.004467
168,21,4310.709098
169,11,5721.729459
169,12,4833.244980
169,13,4618.088954
169,14,4570.603775
169,15,4474.201295
169,16,4321.059081
169,18,4319.004467
169,21,4284.483886
170,11,5721.729459
170,12,4833.244980
170,13,4618.088954
170,14,4570.603775
170,15,4474.201295
170,16,4321.059081
170,18,4319.004467
170,21,4284.483886
171,11,5440.944014
171,12,4793.803594
171,13,4610.035765
171,14,4566.469581
171,15,4474.201295
171,16,4319.120929
171,18,4319.004467
171,21,4284.483886
172,11,5404.047619
172,12,4793.803594
172,13,4610.035765
172,14,4566.469581
172,15,4474.201295
172,16,4319.120929
172,18,4319.004467
172,19,4309.745945
172,21,4284.483886
173,11,5404.047619
173,12,4793.803594
173,13,4610.035765
173,14,4566.469581
173,15,4474.201295
173,16,4319.120929
173,18,4319.004467
173,19,4309.745945
173,21,4284.483886
174,11,5404.047619
174,12,4793.803594
174,13,4610.035765
174,14,4566.469581
174,15,4474.201295
174,16,4319.120929
174,18,4319.004467
174,19,4309.745945
174,21,4284.483886
175,11,5404.047619
175,12,4783.049489
175,13,4610.035765
175,14,4566.469581
175,15,4450.952978
175,16,4319.120929
175,18,4319.004467
175,19,4309.745945
175,21,4284.483886
176,11,5369.920878
176,12,4753.694144
176,13,4609.082593
176,14,4566.469581
176,15,4450.952978
176,16,4308.959086
176,19,4300.213244
176,21,4284.483886
177,11,5369.920878
177,12,4753.694144
177,13,4609.082593
177,14,4566.469581
177,15,4450.952978
177,16,4308.959086
177,19,4300.213244
177,21,4284.483886
178,11,5369.920878
178,12,4753.694144
178,13,4609.082593
178,14,4566.469581
178,15,4450.952978
178,16,4308.959086
178,19,4300.213244
178,21,4284.483886
179,11,5369.920878
179,12,4742.494561
179,13,4609.082593
179,14,4536.602199
179,15,4450.952978
179,16,4308.959086
179,19,4300.213244
179,21,4284.483886
180,11,5369.920878
180,12,4742.494561
180,13,4609.082593
180,14,4536.602199
180,15,4450.952978
180,16,4308.959086
180,19,4300.213244
180,21,4284.483886
181,11,5369.920878
181,12,4742.494561
181,13,4528.661656
181,15,4450.952978
181,16,4308.552459
181,19,4300.213244
181,21,4284.483886
182,11,5369.920878
182,12,4742.494561
182,13,4528.661656
182,15,4450.952978
182,16,4308.552459
182,19,4300.213244
182,21,4284.483886
183,11,5369.920878
183,12,4742.494561
183,13,4528.661656
183,15,4450.952978
183,16,4308.552459
183,19,4300.213244
183,21,4284.483886
184,11,5369.920878
184,12,4742.494561
184,13,4528.661656
184,15,4450.952978
184,16,4308.552459
184,19,4300.213244
184,21,4284.483886
185,11,5369.920878
185,12,4742.494561
185,13,4528.661656
185,14,4456.215850
185,15,4450.952978
185,16,4308.552459
185,19,4300.213244
185,20,4266.582271
186,11,5359.433970
186,12,4742.494561
186,13,4490.011963
186,14,4456.215850
186,15,4450.952978
186,16,4308.552459
186,19,4300.213244
186,20,4266.582271
187,11,5191.548766
187,12,4742.494561
187,13,4490.011963
187,14,4456.215850
187,15,4450.952978
187,16,4308.552459
187,19,4300.213244
187,20,4266.582271
188,11,5191.548766
188,12,4703.655245
188,13,4490.011963
188,14,4456.215850
188,15,4450.952978
188,16,4308.552459
188,19,4300.213244
188,20,4266.582271
189,11,5191.548766
189,12,4703.655245
189,13,4490.011963
189,14,4456.215850
189,15,4434.797216
189,16,4308.552459
189,19,4288.541810
189,20,4266.582271
190,11,5191.548766
190,12,4690.676348
190,13,4490.011963
190,14,4456.215850
190,15,4434.797216
190,16,4308.552459
190,19,4288.541810
190,20,4266.582271
191,11,5152.283166
191,12,4690.676348
191,13,4489.047958
191,14,4456.215850
191,15,4434.797216
191,16,4308.552459
191,19,4288.541810
191,20,4266.582271
192,11,5152.283166
192,12,4690.676348
192,13,4489.047958
192,14,4456.215850
192,15,4434.797216
192,16,4308.552459
192,19,4288.541810
192,20,4266.582271
193,11,5152.283166
193,12,4690.676348
193,13,4489.047958
193,14,4456.215850
193,15,4434.797216
193,16,4308.552459
193,19,4282.827221
193,20,4266.582271
194,11,5152.283166
194,12,4690.676348
194,13,4489.047958
194,14,4456.215850
194,15,4434.797216
194,16,4308.552459
194,19,4282.827221
194,20,4266.582271
195,11,5152.283166
195,12,4680.442388
195,13,4489.047958
195,14,4456.215850
195,15,4434.797216
195,16,4308.552459
195,19,4282.827221
195,20,4266.582271
196,11,5149.494618
196,12,4680.442388
196,13,4466.230214
196,14,4456.215850
196,15,4423.289208
196,16,4308.552459
196,19,4281.961588
196,20,4258.499329
197,11,4726.759939
197,12,4680.442388
197,13,4466.230214
197,14,4456.215850
197,15,4423.289208
197,16,4308.552459
197,19,4281.961588
197,20,4258.499329
198,11,4726.759939
198,12,4680.442388
198,13,4466.230214
198,14,4456.215850
198,15,4423.289208
198,16,4308.552459
198,19,4281.961588
198,20,4258.499329
199,11,4726.759939
199,12,4680.442388
199,13,4466.230214
199,14,4456.215850
199,15,4423.289208
199,16,4308.552459
199,18,4275.814125
199,20,4258.499329
200,11,4726.759939
200,12,4680.442388
200,13,4466.230214
200,14,4456.215850
200,15,4423.289208
200,16,4308.552459
200,18,4275.814125
200,20,4258.499329
201,11,4627.645719
201,13,4456.167899
201,15,4423.289208
201,16,4308.552459
201,18,4275.814125
201,20,4254.920757
202,11,4627.645719
202,13,4446.274074
202,15,4423.289208
202,16,4308.552459
202,18,4275.814125
202,20,4254.920757
203,11,4627.645719
203,13,4446.274074
203,15,4423.289208
203,16,4308.552459
203,18,4275.814125
203,20,4254.920757
204,11,4627.645719
204,13,4441.141021
204,15,4423.289208
204,16,4308.552459
204,18,4275.814125
204,20,4254.920757
205,11,4627.645719
205,13,4441.141021
205,15,4423.289208
205,16,4308.552459
205,18,4275.814125
205,20,4254.920757
206,11,4627.645719
206,12,4504.111712
206,13,4441.141021
206,15,4420.384965
206,16,4308.552459
206,18,4273.210377
206,19,4260.546860
206,20,4250.473096
206,21,4249.906921
207,11,4627.645719
207,12,4504.111712
207,13,4441.141021
207,15,4420.384965
207,16,4308.552459
207,18,4270.032387
207,19,4260.546860
207,20,4250.473096
207,21,4249.906921
208,11,4627.645719
208,12,4504.111712
208,13,4441.141021
208,14,4421.375127
208,15,4420.384965
208,16,4308.552459
208,17,4281.326905
208,18,4270.032387
208,19,4260.546860
208,20,4250.473096
208,21,4249.906921
209,11,4627.645719
209,12,4504.111712
209,13,4441.141021
209,14,4421.375127
209,15,4420.384965
209,16,4308.552459
209,17,4260.602321
209,19,4257.202892
209,20,4250.473096
209,21,4249.906921
210,10,5224.016812
210,11,4627.645719
210,12,4504.111712
210,13,4441.141021
210,14,4421.375127
210,15,4420.384965
210,16,4308.552459
210,17,4260.602321
210,19,4257.202892
210,20,4250.473096
210,21,4249.906921
211,10,5224.016812
211,11,4607.625263
211,12,4504.111712
211,13,4417.873758
211,16,4308.552459
211,17,4260.602321
211,19,4253.900193
211,20,4246.608448
212,10,5224.016812
212,11,4605.842755
212,12,4504.111712
212,13,4417.873758
212,16,4308.552459
212,17,4260.602321
212,19,4253.608024
212,20,4242.676552
213,10,5224.016812
213,11,4605.842755
213,12,4504.111712
213,13,4417.873758
213,16,4308.552459
213,17,4260.602321
213,18,4247.016137
213,20,4242.676552
214,10,5224.016812
214,11,4543.552226
214,12,4504.111712
214,13,4417.873758
214,14,4400.003469
214,16,4308.552459
214,17,4260.602321
214,18,4247.016137
214,20,4242.676552
215,10,5224.016812
215,11,4543.552226
215,12,4504.111712
215,13,4417.873758
215,14,4400.003469
215,16,4308.552459
215,17,4260.602321
215,18,4247.016137
215,20,4242.676552
216,10,5170.041045
216,11,4543.552226
216,12,4504.111712
216,13,4412.137964
216,14,4400.003469
216,16,4308.552459
216,17,4260.602321
216,18,4247.016137
216,20,4239.240295
217,10,5170.041045
217,11,4543.552226
217,12,4504.111712
217,13,4412.137964
217,14,4400.003469
217,16,4308.552459
217,17,4260.602321
217,18,4247.016137
217,20,4239.240295
218,10,5170.041045
218,11,4543.552226
218,12,4504.111712
218,13,4412.137964
218,14,4400.003469
218,16,4308.552459
218,17,4260.602321
218,18,4247.016137
218,20,4239.240295
219,10,5170.041045
219,11,4543.552226
219,12,4504.111712
219,13,4412.137964
219,14,4400.003469
219,16,4308.552459
219,17,4260.602321
219,18,4247.016137
219,20,4239.240295
219,21,4236.842309
220,10,5170.041045
220,11,4543.552226
220,12,4504.111712
220,13,4412.137964
220,14,4400.003469
220,16,4308.552459
220,17,4260.602321
220,18,4247.016137
220,20,4239.240295
220,21,4236.842309
221,10,5034.989654
221,11,4474.712877
221,13,4403.963140
221,14,4384.973815
221,16,4308.552459
221,17,4260.602321
221,18,4247.016137
221,20,4239.190740
221,21,4236.842309
222,10,5034.989654
222,11,4474.712877
222,13,4403.963140
222,14,4384.973815
222,16,4308.552459
222,17,4260.602321
222,18,4247.016137
222,20,4239.190740
222,21,4223.850439
223,10,5034.989654
223,11,4474.712877
223,13,4403.963140
223,14,4384.973815
223,16,4308.552459
223,17,4260.602321
223,18,4247.016137
223,20,4239.190740
223,21,4194.696158
224,10,5034.989654
224,11,4474.712877
224,13,4403.963140
224,14,4384.973815
224,16,4308.552459
224,17,4260.602321
224,18,4247.016137
224,20,4239.190740
224,21,4194.696158
225,10,5034.989654
225,11,4474.712877
225,13,4403.963140
225,14,4384.973815
225,16,4308.552459
225,17,4260.602321
225,18,4247.016137
225,20,4239.190740
225,21,4194.696158
226,10,5034.989654
226,11,4465.949978
226,13,4396.161923
226,14,4373.465808
226,16,4290.809775
226,17,4256.351552
226,18,4247.016137
226,20,4239.190740
226,21,4194.351772
227,10,5034.989654
227,11,4465.949978
227,13,4396.161923
227,14,4373.465808
227,16,4290.809775
227,17,4256.351552
227,18,4247.016137
227,20,4239.190740
227,21,4194.351772
228,10,5034.989654
228,11,4465.949978
228,13,4396.161923
228,14,4373.465808
228,16,4290.809775
228,17,4256.351552
228,18,4247.016137
228,20,4225.413424
228,21,4194.351772
229,10,5034.989654
229,11,4465.949978
229,13,4396.161923
229,14,4373.465808
229,16,4290.809775
229,17,4256.351552
229,18,4247.016137
229,20,4225.413424
229,21,4194.351772
230,10,5034.989654
230,11,4465.949978
230,13,4396.161923
230,14,4373.465808
230,16,4290.809775
230,17,4256.351552
230,18,4247.016137
230,20,4225.413424
230,21,4194.351772
231,10,5034.989654
231,11,4461.937843
231,13,4386.456024
231,14,4373.465808
231,16,4290.219610
231,17,4256.351552
231,18,4246.453636
231,20,4225.413424
231,21,4194.351772
232,10,5034.989654
232,11,4461.937843
232,13,4386.456024
232,14,4373.465808
232,16,4290.219610
232,17,4256.351552
232,18,4246.453636
232,20,4225.413424
232,21,4194.351772
233,10,5034.989654
233,11,4461.937843
233,13,4386.456024
233,14,4373.465808
233,16,4290.219610
233,17,4256.351552
233,18,4246.453636
233,20,4225.413424
233,21,4194.351772
234,10,4897.373762
234,11,4461.937843
234,13,4386.456024
234,14,4373.465808
234,15,4372.398087
234,16,4290.219610
234,17,4256.351552
234,18,4246.453636
234,20,4225.413424
234,21,4194.351772
235,10,4897.373762
235,11,4461.937843
235,13,4386.456024
235,14,4373.465808
235,15,4372.398087
235,16,4290.219610
235,17,4256.351552
235,18,4246.453636
235,20,4225.413424
235,21,4194.351772
236,10,4648.731634
236,11,4461.937843
236,12,4367.779202
236,16,4290.219610
236,17,4253.739435
236,18,4244.812727
236,20,4202.738138
236,21,4194.351772
237,10,4648.731634
237,11,4461.937843
237,12,4367.779202
237,14,4358.719114
237,16,4290.219610
237,17,4253.739435
237,18,4244.812727
237,20,4202.738138
237,21,4194.351772
238,10,4648.731634
238,11,4454.088061
238,12,4367.779202
238,14,4358.719114
238,16,4290.219610
238,17,4253.739435
238,18,4244.812727
238,20,4202.738138
238,21,4194.351772
239,10,4648.731634
239,11,4454.088061
239,12,4367.779202
239,14,4358.719114
239,16,4290.219610
239,17,4253.739435
239,18,4244.812727
239,20,4183.103134
240,10,4648.731634
240,11,4454.088061
240,12,4367.779202
240,14,4358.719114
240,16,4290.219610
240,17,4253.739435
240,18,4244.812727
240,20,4183.103134
241,10,4648.731634
241,11,4419.096327
241,12,4358.670425
241,16,4238.528032
241,20,4154.458071
242,10,4648.731634
242,11,4419.096327
242,12,4358.670425
242,16,4238.528032
242,20,4154.458071
243,10,4648.731634
243,11,4419.096327
243,12,4358.670425
243,16,4238.528032
243,20,4154.458071
244,10,4648.731634
244,11,4419.096327
244,12,4358.670425
244,16,4238.528032
244,20,4154.458071
245,10,4648.731634
245,11,4419.096327
245,12,4358.670425
245,16,4238.528032
245,20,4154.458071
246,10,4636.248418
246,11,4412.150701
246,12,4358.670425
246,16,4238.528032
246,20,4154.458071
247,10,4636.248418
247,11,4412.150701
247,12,4358.670425
247,14,4339.372570
247,16,4238.528032
247,20,4154.458071
248,10,4636.248418
248,11,4396.460547
248,12,4358.670425
248,14,4339.372570
248,16,4238.528032
248,20,4154.458071
249,10,4636.248418
249,11,4396.460547
249,12,4358.670425
249,14,4339.372570
249,16,4238.528032
249,20,4154.458071
250,10,4636.248418
250,11,4396.460547
250,12,4358.670425
250,14,4339.372570
250,16,4238.528032
250,20,4154.458071
251,10,4636.248418
251,11,4359.456909
251,12,4346.212689
251,14,4337.290970
251,16,4238.528032
251,20,4154.005606
252,10,4636.248418
252,11,4359.456909
252,12,4342.468821
252,13,4313.163222
252,16,4238.528032
252,20,4154.005606
253,10,4636.248418
253,11,4359.456909
253,12,4342.468821
253,13,4313.163222
253,16,4235.533231
253,20,4154.005606
254,10,4636.248418
254,11,4359.456909
254,12,4342.468821
254,13,4313.163222
254,16,4235.533231
254,18,4217.205383
254,20,4154.005606
255,10,4636.248418
255,11,4359.456909
255,12,4342.468821
255,13,4293.665776
255,16,4235.533231
255,18,4217.205383
255,20,4154.005606
256,10,4632.262101
256,11,4345.465077
256,12,4328.613164
256,13,4293.665776
256,16,4235.533231
256,18,4205.811677
256,20,4154.005606
257,10,4622.892830
257,11,4345.465077
257,12,4328.613164
257,13,4291.048542
257,16,4235.533231
257,18,4205.811677
257,19,4163.234831
257,20,4154.005606
258,10,4622.892830
258,11,4345.465077
258,12,4320.600775
258,13,4291.048542
258,16,4235.533231
258,18,4205.811677
258,19,4163.234831
258,20,4154.005606
259,10,4592.026660
259,11,4345.465077
259,12,4320.600775
259,13,4291.048542
259,16,4235.533231
259,18,4205.811677
259,19,4163.234831
259,20,4154.005606
260,10,4592.026660
260,11,4345.465077
260,12,4320.600775
260,13,4291.048542
260,14,4290.295306
260,16,4235.533231
260,18,4205.811677
260,19,4163.234831
260,20,4154.005606
261,10,4592.026660
261,11,4328.336844
261,12,4301.891904
261,13,4291.048542
261,14,4289.478179
261,16,4235.533231
261,18,4204.484505
261,19,4163.234831
261,20,4154.005606
262,10,4592.026660
262,11,4328.336844
262,12,4301.891904
262,13,4286.318927
262,16,4235.533231
262,18,4204.484505
262,19,4163.234831
262,20,4154.005606
263,10,4592.026660
263,11,4328.336844
263,12,4301.891904
263,13,4272.658529
263,15,4271.925047
263,16,4233.720255
263,18,4204.484505
263,19,4163.234831
263,20,4154.005606
264,10,4592.026660
264,11,4328.336844
264,12,4301.891904
264,13,4272.658529
264,15,4271.925047
264,16,4233.720255
264,18,4204.484505
264,19,4163.234831
264,20,4152.197966
265,10,4592.026660
265,11,4328.336844
265,12,4301.891904
265,13,4272.658529
265,15,4271.925047
265,16,4233.720255
265,18,4204.484505
265,19,4163.234831
265,20,4152.197966
266,10,4580.765153
266,11,4328.336844
266,12,4301.891904
266,13,4272.658529
266,15,4271.925047
266,16,4233.720255
266,18,4196.291808
266,19,4158.126532
266,20,4152.153475
267,10,4580.765153
267,11,4328.336844
267,12,4301.891904
267,13,4270.309184
267,16,4233.720255
267,18,4196.291808
267,19,4158.126532
267,20,4152.153475
268,10,4580.765153
268,11,4328.336844
268,12,4301.891904
268,13,4270.309184
268,16,4233.720255
268,18,4196.291808
268,19,4143.642866
269,10,4571.842059
269,11,4328.336844
269,12,4301.891904
269,13,4270.309184
269,16,4233.720255
269,18,4113.592772
270,10,4571.842059
270,11,4328.336844
270,12,4301.891904
270,13,4270.309184
270,16,4233.720255
270,18,4113.592772
271,10,4571.842059
271,11,4328.336844
271,12,4290.236346
271,13,4269.424309
271,14,4256.812783
271,16,4233.720255
271,18,4113.592772
272,10,4571.842059
272,11,4328.336844
272,12,4290.236346
272,13,4269.424309
272,14,4256.812783
272,16,4233.720255
272,18,4113.592772
273,10,4571.842059
273,11,4328.336844
273,12,4290.236346
273,13,4269.424309
273,14,4256.812783
273,16,4233.720255
273,18,4113.592772
274,10,4571.842059
274,11,4325.850718
274,12,4290.236346
274,13,4269.424309
274,14,4256.812783
274,15,4252.789302
274,16,4233.720255
274,18,4113.592772
275,10,4571.842059
275,11,4325.850718
275,12,4290.236346
275,13,4269.424309
275,14,4256.812783
275,15,4252.789302
275,16,4233.720255
275,18,4113.592772
276,10,4571.842059
276,11,4312.953606
276,12,4268.592015
276,14,4236.124610
276,16,4224.368618
276,18,4113.592772
276,19,4109.847472
277,10,4571.842059
277,11,4312.953606
277,12,4268.592015
277,14,4236.124610
277,16,4224.368618
277,18,4113.592772
277,19,4109.847472
278,10,4571.842059
278,11,4312.953606
278,12,4268.592015
278,14,4236.124610
278,16,4224.368618
278,18,4113.592772
278,19,4107.238274
279,10,4571.842059
279,11,4305.365328
279,12,4268.592015
279,14,4236.124610
279,16,4224.368618
279,18,4113.592772
279,19,4107.238274
280,10,4571.842059
280,11,4288.130468
280,12,4268.592015
280,14,4236.124610
280,16,4224.368618
280,18,4113.592772
280,19,4107.238274
281,10,4526.340339
281,11,4288.130468
281,12,4268.592015
281,13,4251.203453
281,14,4236.124610
281,16,4222.919482
281,17,4206.712076
281,18,4113.592772
281,19,4094.661477
282,10,4526.340339
282,11,4288.130468
282,12,4268.592015
282,13,4251.203453
282,14,4236.124610
282,16,4222.919482
282,17,4206.712076
282,18,4113.592772
282,19,4094.661477
283,10,4526.340339
283,11,4288.130468
283,12,4268.592015
283,13,4251.203453
283,14,4232.438383
283,16,4222.919482
283,17,4206.712076
283,18,4113.592772
283,19,4094.661477
284,10,4526.340339
284,11,4288.130468
284,12,4268.592015
284,13,4251.203453
284,14,4232.438383
284,16,4222.919482
284,17,4206.712076
284,18,4113.592772
284,19,4094.661477
285,10,4526.340339
285,11,4288.130468
285,12,4268.592015
285,13,4251.203453
285,14,4232.438383
285,16,4222.919482
285,17,4206.712076
285,18,4113.592772
285,19,4094.661477
286,10,4504.350856
286,11,4275.994332
286,12,4268.525256
286,13,4251.203453
286,14,4232.438383
286,16,4222.919482
286,17,4206.712076
286,18,4113.592772
286,19,4094.661477
287,10,4504.350856
287,11,4270.652878
287,12,4268.525256
287,13,4251.203453
287,14,4232.438383
287,16,4222.919482
287,17,4206.712076
287,18,4113.592772
287,19,4094.661477
288,10,4504.350856
288,11,4270.652878
288,12,4268.525256
288,13,4251.203453
288,14,4232.438383
288,15,4228.879860
288,16,4222.919482
288,17,4206.712076
288,18,4113.592772
288,19,4094.661477
289,10,4504.350856
289,11,4270.652878
289,12,4268.525256
289,13,4251.203453
289,14,4205.113095
289,18,4113.592772
289,19,4083.508768
290,10,4504.350856
290,11,4270.652878
290,12,4268.525256
290,13,4251.203453
290,14,4205.113095
290,18,4113.592772
290,19,4083.508768
291,10,4504.350856
291,11,4270.652878
291,12,4268.525256
291,13,4191.694996
291,18,4086.658228
291,19,4083.508768
292,10,4504.350856
292,11,4261.906613
292,13,4191.694996
292,18,4086.658228
292,19,4083.508768
293,10,4504.350856
293,11,4261.906613
293,13,4191.694996
293,18,4086.658228
293,19,4083.508768
294,10,4504.350856
294,11,4261.906613
294,13,4191.694996
294,18,4086.658228
294,19,4083.508768
295,10,4504.350856
295,11,4261.906613
295,13,4191.694996
295,18,4086.658228
295,19,4083.508768
296,10,4497.358457
296,11,4246.637159
296,13,4191.694996
296,18,4086.658228
296,19,4073.696954
297,10,4497.358457
297,11,4234.785232
297,13,4191.694996
297,18,4086.658228
297,19,4070.116440
298,10,4497.358457
298,11,4234.785232
298,13,4191.694996
298,18,4086.658228
298,19,4070.116440
299,10,4497.358457
299,11,4211.855010
299,13,4191.694996
299,14,4174.701863
299,18,4086.658228
299,19,4070.116440
300,10,4497.358457
300,11,4211.855010
300,13,4191.694996
300,14,4174.701863
300,18,4086.658228
300,19,4061.630562
301,10,4491.211395
301,11,4208.464871
301,13,4178.049687
301,14,4167.311429
301,18,4085.018801
301,19,4051.071343
302,10,4491.211395
302,11,4208.464871
302,13,4178.049687
302,14,4167.311429
302,18,4082.239817
302,19,4051.071343
303,10,4491.211395
303,11,4208.464871
303,13,4178.049687
303,14,4167.311429
303,18,4082.239817
303,19,4051.071343
304,10,4491.211395
304,11,4208.464871
304,13,4178.049687
304,14,4167.311429
304,18,4082.239817
304,19,4051.071343
305,10,4491.211395
305,11,4208.464871
305,13,4178.049687
305,14,4167.311429
305,18,4082.239817
305,19,4051.071343
306,10,4491.211395
306,11,4202.978994
306,13,4178.049687
306,14,4160.354475
306,18,4082.239817
306,19,4051.071343
307,10,4491.211395
307,11,4172.707296
307,14,4160.354475
307,18,4082.239817
307,19,4051.071343
308,10,4491.211395
308,11,4172.707296
308,14,4160.354475
308,18,4082.239817
308,19,4051.071343
309,10,4491.211395
309,11,4172.707296
309,14,4160.354475
309,18,4073.806663
309,19,4051.071343
310,10,4491.211395
310,11,4172.707296
310,14,4160.354475
310,18,4073.806663
310,19,4051.071343
311,10,4491.211395
311,11,4172.707296
311,13,4163.388840
311,14,4160.354475
311,18,4073.806663
311,19,4050.122462
312,10,4491.211395
312,11,4172.707296
312,13,4163.388840
312,14,4160.354475
312,18,4073.806663
312,19,4050.122462
313,10,4491.211395
313,11,4172.707296
313,13,4163.388840
313,14,4160.354475
313,18,4073.806663
313,19,4050.122462
314,10,4491.211395
314,11,4162.258968
314,14,4160.354475
314,18,4073.806663
314,19,4050.122462
315,10,4487.310128
315,11,4162.258968
315,14,4160.354475
315,18,4073.806663
315,19,4050.122462
316,10,4487.310128
316,11,4162.258968
316,14,4160.112012
316,18,4073.806663
316,19,4050.122462
317,10,4487.310128
317,11,4162.258968
317,13,4157.862072
317,14,4156.414406
317,18,4073.688411
317,19,4050.122462
318,10,4487.310128
318,11,4162.258968
318,13,4157.862072
318,14,4156.414406
318,18,4073.688411
318,19,4050.122462
319,10,4487.310128
319,11,4162.258968
319,12,4157.704698
319,14,4156.414406
319,18,4073.688411
319,19,4050.122462
320,10,4487.310128
320,11,4162.258968
320,12,4157.704698
320,14,4156.414406
320,18,4073.688411
320,19,4050.122462
321,10,4466.004917
321,11,4151.215672
321,15,4134.465480
321,18,4037.124188
322,10,4466.004917
322,11,4151.215672
322,14,4149.614995
322,15,4134.465480
322,18,4037.124188
323,10,4466.004917
323,11,4151.215672
323,13,4137.467595
323,15,4134.465480
323,18,4037.124188
324,10,4466.004917
324,11,4151.215672
324,13,4137.467595
324,15,4134.465480
324,18,4037.124188
325,10,4466.004917
325,11,4143.567395
325,13,4136.789288
325,15,4134.465480
325,18,4037.124188
326,10,4465.680401
326,11,4131.459994
326,18,4037.124188
327,10,4465.680401
327,11,4131.459994
327,18,4037.124188
328,10,4465.680401
328,11,4131.459994
328,18,4037.124188
