Generation,NV,TOC
1,20,5546.233981
1,23,5056.942904
1,26,4851.280384
1,29,4836.437108
1,30,4482.115250
1,32,4435.623233
1,36,4283.828226
1,38,4053.969870
2,19,6484.459439
2,20,5546.233981
2,21,5057.106508
2,23,5056.942904
2,24,4961.505894
2,26,4851.280384
2,27,4638.629446
2,30,4482.115250
2,32,4355.090657
2,36,4283.828226
2,37,4193.641644
2,38,3961.267136
2,39,3934.063085
3,18,5870.440040
3,20,5463.827950
3,21,5057.106508
3,23,5056.942904
3,24,4961.505894
3,25,4881.217764
3,26,4851.280384
3,27,4638.629446
3,30,4482.115250
3,31,4379.387571
3,32,4100.295356
3,34,3956.898035
3,36,3939.294274
3,38,3870.430830
4,18,5870.440040
4,19,5592.358051
4,20,5186.690916
4,21,5057.106508
4,22,4854.220839
4,25,4649.176435
4,26,4576.892158
4,27,4428.133769
4,29,4160.457426
4,32,4100.295356
4,33,3986.742702
4,34,3956.898035
4,36,3939.294274
4,38,3870.430830
4,39,3846.857267
4,40,3834.477379
5,17,5791.556476
5,18,5688.737104
5,19,4964.279933
5,22,4776.674158
5,23,4676.161465
5,25,4599.427081
5,26,4576.892158
5,27,4428.133769
5,29,4160.457426
5,31,4074.613490
5,33,3860.870354
5,39,3846.857267
5,40,3834.477379
6,17,5791.556476
6,18,5688.737104
6,19,4728.181992
6,21,4236.385729
6,29,4093.894629
6,31,3749.032087
7,17,5540.020155
7,18,4595.259725
7,19,4553.761289
7,21,4236.385729
7,28,4116.286996
7,29,4093.894629
7,31,3749.032087
7,37,3718.962264
8,16,5417.023262
8,17,4766.959595
8,18,4595.259725
8,19,4553.761289
8,21,4236.385729
8,23,4220.311571
8,27,3966.077449
8,30,3859.230724
8,31,3749.032087
8,36,3708.816709
9,16,5201.323837
9,17,4766.959595
9,18,4538.885341
9,19,4361.203325
9,21,4236.385729
9,23,4167.451190
9,26,4067.948544
9,27,3966.077449
9,30,3859.230724
9,31,3749.032087
9,36,3708.816709
10,16,5201.323837
10,17,4766.959595
10,18,4220.310450
10,19,4205.254196
10,23,4119.363761
10,26,4025.837997
10,27,3966.077449
10,28,3911.467968
10,29,3886.365693
10,30,3859.230724
10,31,3749.032087
10,32,3708.958805
10,36,3688.666047
11,16,5201.323837
11,17,4766.959595
11,18,4220.310450
11,19,4173.079472
11,23,4007.023359
11,27,3966.077449
11,28,3911.467968
11,29,3850.071201
11,30,3552.301413
12,16,5201.323837
12,17,4567.149713
12,18,4220.310450
12,19,4173.079472
12,23,4007.023359
12,24,3883.144261
12,26,3818.818453
12,28,3743.227932
12,30,3552.301413
13,15,5572.441532
13,16,5201.323837
13,17,4567.149713
13,18,4220.310450
13,19,4045.385962
13,22,3981.891628
13,24,3883.144261
13,25,3834.153028
13,26,3818.818453
13,27,3771.908270
13,28,3743.227932
13,30,3552.301413
14,15,5572.441532
14,16,4351.912838
14,17,3949.989740
14,18,3866.982617
14,24,3831.379308
14,26,3818.818453
14,27,3630.789125
14,30,3552.301413
14,34,3493.879675
15,15,5159.812431
15,16,4351.912838
15,17,3949.989740
15,18,3866.982617
15,23,3782.786344
15,27,3630.789125
15,29,3595.332752
15,30,3552.301413
15,32,3545.508221
15,34,3493.879675
16,15,4341.672323
16,17,3949.989740
16,18,3866.982617
16,22,3863.296483
16,23,3671.853901
16,27,3630.789125
16,29,3583.044189
16,30,3544.046385
16,34,3493.879675
17,15,4341.672323
17,16,4096.795600
17,17,3949.989740
17,18,3773.542497
17,22,3700.771077
17,23,3671.853901
17,27,3630.789125
17,29,3583.044189
17,30,3544.046385
17,33,3513.520846
17,34,3493.879675
18,15,4341.672323
18,16,4014.727997
18,17,3949.989740
18,18,3773.542497
18,22,3626.775318
18,28,3521.347305
18,33,3513.520846
18,34,3493.879675
18,36,3450.357786
19,14,4982.691171
19,15,4341.672323
19,16,3888.009721
19,18,3773.542497
19,21,3694.043022
19,22,3626.775318
19,26,3594.467782
19,27,3540.105222
19,28,3443.666006
20,14,4694.652733
20,15,3811.953982
20,18,3773.542497
20,21,3694.043022
20,22,3626.775318
20,26,3594.467782
20,27,3540.105222
20,28,3443.666006
21,14,4384.294315
21,15,3811.953982
21,18,3773.542497
21,20,3738.246525
21,21,3694.043022
21,22,3626.775318
21,26,3594.467782
21,27,3508.804820
21,28,3443.666006
22,14,4302.802301
22,15,3811.953982
22,18,3773.542497
22,20,3738.246525
22,21,3694.043022
22,22,3616.521310
22,26,3594.467782
22,27,3436.647421
23,14,4302.802301
23,15,3811.953982
23,18,3773.542497
23,20,3738.246525
23,21,3694.043022
23,22,3616.521310
23,26,3594.467782
23,27,3436.647421
23,30,3427.032256
24,14,4243.845110
24,15,3811.953982
24,18,3773.542497
24,19,3697.302035
24,21,3694.043022
24,22,3616.521310
24,23,3594.851518
24,26,3594.467782
24,27,3436.647421
24,30,3427.032256
25,13,4747.743028
25,14,4243.845110
25,15,3811.953982
25,18,3773.542497
25,19,3697.302035
25,21,3694.043022
25,22,3616.521310
25,23,3505.661736
25,24,3502.828584
25,27,3436.647421
25,30,3427.032256
25,39,3425.689628
26,13,4169.152616
26,15,3811.953982
26,18,3773.542497
26,19,3687.809778
26,20,3643.905471
26,22,3616.521310
26,23,3505.661736
26,24,3502.828584
26,25,3494.212014
26,27,3436.647421
26,30,3427.032256
26,39,3425.689628
27,13,4169.152616
27,15,3764.226462
27,16,3745.216515
27,19,3687.809778
27,20,3643.905471
27,21,3628.424224
27,22,3616.521310
27,23,3505.661736
27,24,3502.828584
27,25,3483.893885
27,27,3436.647421
27,30,3401.048631
28,13,4169.152616
28,15,3764.226462
28,16,3745.216515
28,19,3687.809778
28,20,3643.905471
28,21,3628.424224
28,22,3486.355478
28,25,3483.893885
28,27,3436.647421
28,30,3401.048631
29,13,4169.152616
29,15,3764.226462
29,16,3745.216515
29,19,3626.842284
29,22,3486.355478
29,25,3483.893885
29,27,3386.069090
30,13,4169.152616
30,14,4145.193190
30,15,3759.209365
30,16,3682.222549
30,19,3626.842284
30,20,3541.588075
30,22,3486.355478
30,25,3483.893885
30,26,3451.347140
30,27,3386.069090
31,13,4169.152616
31,14,4145.193190
31,15,3759.209365
31,16,3682.222549
31,19,3626.842284
31,20,3541.588075
31,22,3486.355478
31,25,3483.893885
31,26,3451.347140
31,27,3386.069090
32,12,4838.040677
32,13,4169.152616
32,14,4145.193190
32,15,3759.209365
32,16,3682.222549
32,17,3592.240783
32,19,3565.636192
32,20,3541.588075
32,22,3486.355478
32,23,3443.688248
32,26,3436.971780
32,27,3386.069090
32,28,3361.880239
33,12,4642.145426
33,13,4169.152616
33,14,4145.193190
33,15,3759.209365
33,16,3682.222549
33,17,3592.240783
33,19,3565.636192
33,20,3541.588075
33,22,3391.867165
33,27,3373.334579
33,28,3361.880239
34,12,4642.145426
34,13,4169.152616
34,14,4145.193190
34,15,3759.209365
34,16,3682.222549
34,17,3592.240783
34,19,3565.636192
34,20,3541.588075
34,22,3391.867165
34,27,3373.334579
34,28,3361.880239
35,12,4642.145426
35,13,4169.152616
35,14,4145.193190
35,15,3759.209365
35,16,3682.222549
35,17,3592.240783
35,19,3565.636192
35,20,3531.739118
35,22,3391.867165
35,27,3373.334579
35,28,3349.960070
36,12,4642.145426
36,13,4169.152616
36,14,4145.193190
36,15,3759.209365
36,16,3682.222549
36,17,3592.240783
36,18,3569.718498
36,19,3565.636192
36,20,3531.739118
36,21,3519.452060
36,22,3391.867165
36,26,3358.045276
36,28,3349.960070
37,12,4642.145426
37,13,4169.152616
37,14,3866.826998
37,15,3759.209365
37,16,3682.222549
37,17,3592.240783
37,18,3566.885742
37,19,3565.636192
37,20,3531.739118
37,21,3465.794624
37,22,3391.867165
37,26,3358.045276
37,27,3336.400782
38,12,4642.145426
38,13,4169.152616
38,14,3754.918870
38,15,3703.528234
38,16,3671.082577
38,17,3592.240783
38,18,3566.885742
38,19,3565.636192
38,20,3505.482556
38,21,3465.794624
38,22,3391.867165
38,26,3358.045276
38,27,3311.574979
39,12,4642.145426
39,13,4152.831503
39,14,3754.918870
39,15,3703.528234
39,16,3671.082577
39,17,3516.199985
39,20,3505.482556
39,21,3465.794624
39,22,3391.867165
39,26,3358.045276
39,27,3311.574979
40,12,4544.195485
40,13,3772.192892
40,14,3715.426393
40,15,3694.357112
40,16,3671.082577
40,17,3516.199985
40,18,3467.212305
40,21,3416.917542
40,22,3391.867165
40,26,3338.170312
40,27,3261.111022
41,11,4850.777965
41,12,4544.195485
41,13,3772.192892
41,14,3715.426393
41,15,3694.357112
41,16,3671.082577
41,17,3516.199985
41,18,3467.212305
41,21,3416.917542
41,22,3391.867165
41,23,3360.326615
41,25,3265.358899
41,27,3261.111022
41,28,3257.834856
42,11,4850.777965
42,12,4544.195485
42,13,3772.192892
42,14,3715.426393
42,15,3574.839247
42,17,3516.199985
42,18,3467.212305
42,21,3416.917542
42,22,3391.867165
42,23,3360.326615
42,25,3265.358899
42,27,3261.111022
42,28,3257.834856
43,11,4850.777965
43,12,4544.195485
43,13,3772.192892
43,14,3715.426393
43,15,3574.839247
43,17,3516.199985
43,18,3467.212305
43,21,3416.917542
43,22,3391.867165
43,23,3360.326615
43,25,3265.358899
43,27,3261.111022
43,28,3257.834856
44,11,4850.777965
44,12,4544.195485
44,13,3772.192892
44,14,3715.426393
44,15,3574.839247
44,17,3516.199985
44,18,3467.212305
44,21,3416.917542
44,22,3391.867165
44,23,3360.326615
44,24,3355.119959
44,25,3265.358899
44,27,3261.111022
44,28,3257.834856
45,11,4850.777965
45,12,4544.195485
45,13,3772.192892
45,14,3715.426393
45,15,3574.839247
45,16,3349.955103
45,25,3265.358899
45,27,3261.111022
45,28,3257.834856
46,11,4850.777965
46,12,4544.195485
46,13,3772.192892
46,14,3715.426393
46,15,3574.839247
46,16,3333.618729
46,19,3315.420090
46,25,3265.358899
46,27,3261.111022
46,28,3257.834856
47,11,4850.777965
47,12,4341.981933
47,13,3772.192892
47,14,3715.426393
47,15,3574.839247
47,16,3333.618729
47,19,3315.420090
47,25,3265.358899
47,27,3261.111022
47,28,3257.834856
48,11,4850.777965
48,12,4341.981933
48,13,3772.192892
48,14,3512.505863
48,15,3458.359298
48,16,3333.618729
48,19,3315.420090
48,23,3263.611676
48,27,3261.111022
48,28,3257.834856
49,11,4850.777965
49,12,4341.981933
49,13,3772.192892
49,14,3506.024033
49,15,3458.359298
49,16,3333.618729
49,19,3315.420090
49,23,3263.611676
49,26,3246.209629
49,28,3237.462835
50,11,4850.777965
50,12,4341.981933
50,13,3772.192892
50,14,3506.024033
50,15,3458.359298
50,16,3333.618729
50,19,3315.420090
50,22,3304.170687
50,23,3263.611676
50,26,3246.209629
50,28,3216.767135
51,11,4850.777965
51,12,4341.981933
51,13,3772.192892
51,14,3506.024033
51,15,3458.359298
51,16,3333.618729
51,19,3315.420090
51,22,3304.170687
51,23,3263.611676
51,25,3239.526576
51,28,3216.767135
52,11,4582.228000
52,12,4341.981933
52,13,3772.192892
52,14,3506.024033
52,15,3458.359298
52,16,3333.618729
52,19,3315.420090
52,22,3304.170687
52,23,3263.611676
52,25,3239.526576
52,27,3233.073167
52,28,3216.767135
53,11,4582.228000
53,12,4341.981933
53,13,3639.968562
53,14,3506.024033
53,15,3458.359298
53,16,3333.618729
53,19,3315.420090
53,21,3208.482215
54,11,4582.228000
54,12,4341.981933
54,13,3570.538136
54,14,3498.143668
54,15,3458.359298
54,16,3333.618729
54,19,3315.420090
54,21,3208.482215
55,11,4582.228000
55,12,4341.981933
55,13,3570.538136
55,14,3488.966783
55,15,3407.610549
55,16,3278.387198
55,20,3231.865428
55,21,3203.361648
56,11,4582.228000
56,12,4341.981933
56,13,3570.538136
56,14,3449.372288
56,15,3407.610549
56,16,3278.387198
56,20,3231.865428
56,21,3184.857057
57,11,4582.228000
57,12,4341.981933
57,13,3540.580451
57,14,3449.372288
57,15,3407.610549
57,16,3278.387198
57,20,3231.865428
57,21,3184.857057
57,27,3156.345609
58,11,4582.228000
58,12,4341.981933
58,13,3540.580451
58,14,3449.372288
58,15,3393.650219
58,16,3278.387198
58,19,3268.561074
58,20,3231.865428
58,21,3166.494942
58,27,3156.345609
59,11,4582.228000
59,12,4341.981933
59,13,3481.665588
59,14,3449.372288
59,15,3393.650219
59,16,3278.387198
59,19,3268.561074
59,20,3231.865428
59,21,3166.494942
59,27,3156.345609
60,11,4582.228000
60,12,4341.981933
60,13,3481.665588
60,14,3393.674967
60,15,3347.871196
60,16,3278.387198
60,19,3268.561074
60,20,3231.865428
60,21,3166.494942
60,27,3156.345609
61,11,4582.228000
61,12,4259.287909
61,13,3481.665588
61,14,3393.674967
61,15,3283.463811
61,16,3278.387198
61,17,3194.201792
61,19,3166.496823
61,21,3164.810967
61,27,3156.345609
62,11,4582.228000
62,12,4259.287909
62,13,3481.665588
62,14,3393.674967
62,15,3283.463811
62,16,3278.387198
62,17,3194.201792
62,19,3166.496823
62,21,3164.810967
62,27,3156.345609
63,11,4582.228000
63,12,4179.850409
63,13,3481.665588
63,14,3328.644292
63,15,3283.463811
63,16,3278.387198
63,17,3194.201792
63,19,3166.496823
63,21,3164.810967
63,27,3156.345609
64,11,4582.228000
64,12,4179.850409
64,13,3481.665588
64,14,3328.644292
64,15,3283.463811
64,16,3278.387198
64,17,3194.201792
64,19,3166.496823
64,21,3136.132665
65,11,4582.228000
65,12,4179.850409
65,13,3481.665588
65,14,3328.644292
65,15,3265.640275
65,17,3194.201792
65,19,3166.496823
65,21,3136.132665
66,11,4582.228000
66,12,4179.850409
66,13,3481.665588
66,14,3328.644292
66,15,3265.640275
66,17,3194.201792
66,19,3166.496823
66,20,3126.477818
67,11,4582.228000
67,12,4164.622103
67,13,3481.665588
67,14,3328.644292
67,15,3265.640275
67,17,3194.201792
67,19,3166.496823
67,20,3126.477818
68,11,4582.228000
68,12,4116.806642
68,13,3458.436043
68,14,3328.644292
68,15,3265.640275
68,17,3194.201792
68,19,3166.496823
68,20,3126.477818
69,11,4582.228000
69,12,4116.806642
69,13,3458.436043
69,14,3328.644292
69,15,3265.640275
69,17,3194.201792
69,19,3128.739486
69,20,3126.477818
70,11,4582.228000
70,12,3975.448161
70,13,3378.843406
70,14,3328.644292
70,15,3189.887027
70,19,3107.007752
71,11,4582.228000
71,12,3975.448161
71,13,3378.843406
71,14,3328.644292
71,15,3189.887027
71,19,3107.007752
71,20,3078.686415
72,11,4582.228000
72,12,3975.448161
72,13,3378.843406
72,14,3328.644292
72,15,3189.887027
72,19,3107.007752
72,20,3078.686415
73,11,4582.228000
73,12,3975.448161
73,13,3378.843406
73,14,3328.644292
73,15,3189.887027
73,19,3107.007752
73,20,3078.686415
74,11,4582.228000
74,12,3967.180168
74,13,3378.843406
74,14,3328.644292
74,15,3189.887027
74,19,3107.007752
74,20,3078.686415
75,11,4507.363761
75,12,3899.759748
75,13,3378.843406
75,14,3328.644292
75,15,3189.887027
75,18,3147.061648
75,19,3107.007752
75,20,3078.686415
76,11,4507.363761
76,12,3888.866726
76,13,3378.843406
76,14,3328.644292
76,15,3189.887027
76,18,3147.061648
76,19,3107.007752
76,20,3078.686415
77,11,4507.363761
77,12,3867.253835
77,13,3378.843406
77,14,3288.190646
77,15,3189.887027
77,18,3147.061648
77,19,3107.007752
77,20,3078.686415
78,11,4507.363761
78,12,3867.253835
78,13,3378.843406
78,14,3288.190646
78,15,3189.887027
78,18,3086.656060
78,20,3078.686415
79,11,4507.363761
79,12,3771.457053
79,13,3378.843406
79,14,3288.190646
79,15,3189.887027
79,18,3086.656060
79,20,3078.686415
80,11,4478.801108
80,12,3771.457053
80,13,3378.843406
80,14,3288.190646
80,15,3189.887027
80,18,3086.656060
80,19,3077.876348
81,11,4376.608034
81,12,3687.213173
81,13,3378.843406
81,14,3288.190646
81,15,3189.887027
81,16,3141.966129
81,18,3086.656060
81,19,3077.876348
82,11,4376.608034
82,12,3687.213173
82,13,3378.843406
82,14,3273.602837
82,15,3189.887027
82,16,3141.966129
82,18,3086.656060
82,19,3077.876348
83,11,4318.605605
83,12,3672.231967
83,13,3364.874697
83,14,3273.602837
83,15,3189.887027
83,16,3141.966129
83,18,3086.656060
83,19,3077.876348
84,11,4318.605605
84,12,3672.231967
84,13,3349.924257
84,14,3273.602837
84,15,3189.887027
84,16,3141.966129
84,18,3086.656060
84,19,3077.876348
85,11,4229.632538
85,12,3672.231967
85,13,3349.924257
85,14,3229.272733
85,15,3186.996361
85,16,3133.496747
85,17,3107.584382
85,18,3086.656060
85,19,3077.876348
86,11,4229.632538
86,12,3672.231967
86,13,3349.924257
86,14,3229.272733
86,15,3186.996361
86,16,3133.496747
86,17,3107.584382
86,18,3086.656060
86,19,3077.876348
87,11,4229.632538
87,12,3630.148028
87,13,3349.924257
87,14,3229.272733
87,15,3134.129487
87,16,3133.496747
87,17,3107.584382
87,18,3085.509678
87,19,3077.876348
88,11,4229.632538
88,12,3612.700018
88,13,3349.924257
88,14,3229.272733
88,15,3134.129487
88,16,3133.496747
88,17,3107.584382
88,18,3085.509678
88,19,3077.876348
89,11,4159.991885
89,12,3612.700018
89,13,3297.255449
89,14,3229.272733
89,15,3134.129487
89,16,3133.496747
89,17,3107.584382
89,18,3085.509678
89,19,3062.536713
90,11,4159.991885
90,12,3612.700018
90,13,3297.255449
90,14,3229.272733
90,15,3134.129487
90,16,3133.496747
90,17,3107.584382
90,18,3085.509678
90,19,3062.536713
91,11,4159.991885
91,12,3612.700018
91,13,3297.255449
91,14,3229.272733
91,15,3134.129487
91,16,3133.496747
91,17,3107.584382
91,18,3085.509678
91,19,3062.536713
92,11,4097.628712
92,12,3612.700018
92,13,3297.255449
92,14,3229.272733
92,15,3134.129487
92,16,3133.496747
92,17,3107.584382
92,18,3085.509678
92,19,3062.536713
93,11,4097.628712
93,12,3517.364338
93,13,3297.255449
93,14,3229.272733
93,15,3084.099637
93,19,3062.536713
94,11,4097.628712
94,12,3517.364338
94,13,3297.255449
94,14,3229.272733
94,15,3084.099637
94,19,3062.536713
95,11,4097.628712
95,12,3517.364338
95,13,3297.255449
95,14,3229.272733
95,15,3084.099637
95,19,3062.536713
96,11,4097.628712
96,12,3517.364338
96,13,3297.255449
96,14,3218.472089
96,15,3084.099637
96,19,3062.536713
97,11,3966.612852
97,12,3517.364338
97,13,3271.572982
97,14,3218.472089
97,15,3084.099637
97,19,3062.536713
98,10,4815.087972
98,11,3966.612852
98,12,3517.364338
98,13,3271.572982
98,14,3218.472089
98,15,3084.099637
98,19,3062.536713
99,10,4815.087972
99,11,3915.616733
99,12,3517.364338
99,13,3271.572982
99,14,3218.472089
99,15,3084.099637
99,19,3062.536713
100,10,4815.087972
100,11,3871.471894
100,12,3517.364338
100,13,3271.572982
100,14,3218.472089
100,15,3075.981973
100,19,3062.536713
101,10,4815.087972
101,11,3871.471894
101,12,3517.364338
101,13,3271.572982
101,14,3218.472089
101,15,3063.971475
101,19,3062.536713
102,10,4815.087972
102,11,3871.471894
102,12,3517.364338
102,13,3271.572982
102,14,3218.472089
102,15,3063.971475
102,19,3062.536713
103,10,4554.463994
103,11,3871.471894
103,12,3517.364338
103,13,3271.572982
103,14,3218.472089
103,15,3063.971475
103,19,3062.536713
104,10,4554.463994
104,11,3871.471894
104,12,3517.364338
104,13,3271.572982
104,14,3218.472089
104,15,3063.971475
104,19,3062.536713
105,10,4554.463994
105,11,3871.471894
105,12,3517.364338
105,13,3271.572982
105,14,3218.472089
105,15,3063.971475
105,19,3062.536713
106,10,4127.165241
106,11,3871.471894
106,12,3517.364338
106,13,3267.291726
106,14,3218.472089
106,15,3063.971475
106,19,3062.536713
107,10,4127.165241
107,11,3871.471894
107,12,3517.364338
107,13,3267.291726
107,14,3193.525013
107,15,3063.971475
107,19,3062.536713
108,10,4127.165241
108,11,3871.471894
108,12,3517.364338
108,13,3267.291726
108,14,3193.525013
108,15,3063.971475
108,19,3062.536713
109,10,4127.165241
109,11,3871.471894
109,12,3517.364338
109,13,3267.291726
109,14,3193.525013
109,15,3063.971475
109,19,3062.536713
110,10,4127.165241
110,11,3871.471894
110,12,3517.364338
110,13,3267.291726
110,14,3193.525013
110,15,3063.971475
110,19,3062.536713
111,10,4127.165241
111,11,3871.471894
111,12,3517.364338
111,13,3267.291726
111,14,3193.525013
111,15,3063.971475
111,19,3062.536713
112,10,4127.165241
112,11,3871.471894
112,12,3517.364338
112,13,3237.607407
112,14,3193.525013
112,15,3063.971475
112,19,3062.536713
113,10,4127.165241
113,11,3859.115264
113,12,3517.364338
113,13,3237.607407
113,14,3193.525013
113,15,3063.971475
113,19,3062.536713
114,10,4094.851952
114,11,3859.115264
114,12,3517.364338
114,13,3237.607407
114,14,3193.525013
114,15,3063.971475
114,19,3062.536713
115,10,4094.851952
115,11,3853.121838
115,12,3470.945442
115,13,3230.148128
115,14,3173.850948
115,15,3048.467895
116,10,3985.957810
116,11,3820.193042
116,12,3470.945442
116,13,3230.148128
116,14,3170.340271
116,15,3048.467895
117,10,3985.957810
117,11,3801.796026
117,12,3470.945442
117,13,3230.148128
117,14,3170.340271
117,15,3048.467895
118,10,3985.957810
118,11,3720.022416
118,12,3470.945442
118,13,3230.148128
118,14,3170.340271
118,15,3048.467895
118,16,3022.503669
119,10,3985.957810
119,11,3720.022416
119,12,3470.945442
119,13,3230.148128
119,14,3170.340271
119,15,3048.467895
119,16,3022.503669
120,10,3975.991552
120,11,3720.022416
120,12,3470.945442
120,13,3230.148128
120,14,3170.340271
120,15,3048.467895
120,16,3022.503669
121,10,3975.991552
121,11,3720.022416
121,12,3470.945442
121,13,3230.148128
121,14,3170.340271
121,15,3048.467895
121,16,3022.503669
122,10,3975.991552
122,11,3720.022416
122,12,3470.945442
122,13,3230.148128
122,14,3170.340271
122,15,3048.467895
122,16,3022.503669
123,10,3965.253608
123,11,3720.022416
123,12,3470.945442
123,13,3230.148128
123,14,3170.340271
123,15,3048.467895
123,16,3022.503669
124,10,3965.253608
124,11,3720.022416
124,12,3470.945442
124,13,3230.148128
124,14,3170.340271
124,15,3048.467895
124,16,3022.503669
125,10,3929.355131
125,11,3720.022416
125,12,3470.945442
125,13,3230.148128
125,14,3170.340271
125,15,3048.467895
125,16,3022.503669
126,10,3929.355131
126,11,3720.022416
126,12,3470.945442
126,13,3230.148128
126,14,3138.609635
126,15,3048.467895
126,16,3022.503669
127,10,3929.355131
127,11,3720.022416
127,12,3470.945442
127,13,3230.148128
127,14,3138.609635
127,15,3048.467895
127,16,3022.503669
128,10,3901.192239
128,11,3720.022416
128,12,3470.945442
128,13,3230.148128
128,14,3138.609635
128,15,3048.467895
128,16,3022.503669
129,10,3887.949238
129,11,3720.022416
129,12,3470.945442
129,13,3230.148128
129,14,3138.609635
129,15,3048.467895
129,16,3022.503669
130,10,3887.949238
130,11,3678.274086
130,12,3467.816671
130,13,3215.395331
130,14,3138.609635
130,15,3048.467895
130,16,3022.503669
131,10,3887.949238
131,11,3678.274086
131,12,3467.816671
131,13,3215.395331
131,14,3138.609635
131,15,3048.467895
131,16,3022.503669
132,10,3887.949238
132,11,3678.274086
132,12,3467.816671
132,13,3215.395331
132,14,3138.609635
132,15,3048.467895
132,16,3022.503669
133,10,3887.949238
133,11,3678.274086
133,12,3467.816671
133,13,3215.395331
133,14,3138.609635
133,15,3048.467895
133,16,3022.503669
134,10,3876.145011
134,11,3678.274086
134,12,3467.816671
134,13,3215.395331
134,14,3138.609635
134,15,3048.467895
134,16,3022.503669
135,10,3876.145011
135,11,3678.274086
135,12,3467.816671
135,13,3215.395331
135,14,3138.609635
135,15,3048.467895
135,16,3022.503669
136,10,3869.890147
136,11,3678.274086
136,12,3467.816671
136,13,3215.395331
136,14,3138.609635
136,15,3048.467895
136,16,3022.503669
137,10,3869.890147
137,11,3678.274086
137,12,3467.816671
137,13,3215.395331
137,14,3107.422881
137,15,3048.467895
137,16,3022.503669
138,10,3869.890147
138,11,3678.274086
138,12,3467.816671
138,13,3215.395331
138,14,3107.422881
138,15,3048.467895
138,16,3022.503669
139,10,3818.507791
139,11,3678.274086
139,12,3466.517438
139,13,3215.395331
139,14,3107.422881
139,15,3048.467895
139,16,3022.503669
140,10,3818.507791
140,11,3678.274086
140,12,3466.517438
140,13,3215.395331
140,14,3107.422881
140,15,3048.467895
140,16,3022.503669
141,10,3803.608209
141,11,3678.274086
141,12,3466.517438
141,13,3215.395331
141,14,3107.422881
141,15,3048.467895
141,16,3022.503669
142,10,3803.608209
142,11,3642.771286
142,12,3466.517438
142,13,3215.395331
142,14,3107.422881
142,15,3022.939011
142,16,3022.503669
143,10,3803.608209
143,11,3575.101669
143,12,3466.517438
143,13,3215.395331
143,14,3107.422881
143,15,3022.939011
143,16,3022.503669
144,10,3771.875411
144,11,3575.101669
144,12,3466.517438
144,13,3215.395331
144,14,3107.422881
144,15,3022.939011
144,16,3022.503669
145,10,3581.063588
145,11,3575.101669
145,12,3464.939233
145,13,3197.495071
145,14,3086.799214
145,15,2994.837354
146,10,3581.063588
146,11,3575.101669
146,12,3464.939233
146,13,3197.495071
146,14,3086.799214
146,15,2994.837354
147,10,3484.695584
147,12,3427.617985
147,13,3197.495071
147,14,3086.799214
147,15,2994.837354
148,10,3484.695584
148,12,3427.617985
148,13,3197.495071
148,14,3086.799214
148,15,2994.837354
149,10,3484.695584
149,12,3427.617985
149,13,3197.495071
149,14,3086.799214
149,15,2994.837354
150,10,3484.695584
150,12,3422.557171
150,13,3197.495071
150,14,3086.799214
150,15,2994.837354
151,10,3484.695584
151,12,3418.454512
151,13,3197.495071
151,14,3086.799214
151,15,2994.837354
152,10,3440.822623
152,12,3418.454512
152,13,3197.495071
152,14,3086.799214
152,15,2994.837354
153,10,3440.822623
153,12,3371.557187
153,13,3197.495071
153,14,3086.799214
153,15,2994.837354
154,10,3408.923374
154,12,3371.557187
154,13,3197.495071
154,14,3086.799214
154,15,2994.837354
155,10,3408.923374
155,12,3371.557187
155,13,3197.495071
155,14,3086.799214
155,15,2994.837354
156,10,3408.923374
156,12,3333.574714
156,13,3197.495071
156,14,3086.799214
156,15,2994.837354
156,16,2957.375631
157,10,3408.923374
157,12,3333.574714
157,13,3177.569153
157,14,3086.799214
157,15,2994.837354
157,16,2957.375631
158,10,3395.072108
158,12,3333.574714
158,13,3177.569153
158,14,3086.799214
158,15,2994.837354
158,16,2957.375631
159,10,3395.072108
159,12,3333.574714
159,13,3177.569153
159,14,3086.799214
159,15,2994.837354
159,16,2957.375631
160,10,3383.934755
160,12,3333.574714
160,13,3167.436142
160,14,3086.799214
160,15,2991.834517
160,16,2957.375631
161,10,3383.063006
161,12,3333.574714
161,13,3167.436142
161,14,3086.799214
161,15,2991.834517
161,16,2957.375631
162,10,3383.063006
162,12,3333.574714
162,13,3167.436142
162,14,3052.326307
162,15,2991.834517
162,16,2957.375631
163,10,3383.063006
163,12,3246.946892
163,13,3167.436142
163,14,3052.326307
163,15,2991.834517
163,16,2957.375631
164,10,3383.063006
164,12,3246.946892
164,13,3160.012670
164,14,3044.858157
164,15,2991.834517
164,16,2957.375631
165,10,3330.263352
165,12,3246.946892
165,13,3160.012670
165,14,3044.858157
165,15,2991.834517
165,16,2957.375631
166,10,3312.256621
166,12,3235.203318
166,13,3160.012670
166,14,3044.858157
166,15,2991.834517
166,16,2957.375631
167,10,3312.256621
167,11,3306.981459
167,12,3235.203318
167,13,3160.012670
167,14,3011.315889
167,15,2978.065632
167,16,2957.375631
168,9,3823.860305
168,10,3312.256621
168,11,3306.981459
168,12,3232.870161
168,13,3135.231388
168,14,3011.315889
168,15,2959.083233
168,16,2957.375631
169,9,3823.860305
169,10,3300.815276
169,11,3266.280828
169,12,3232.870161
169,13,3135.231388
169,14,3011.315889
169,15,2959.083233
169,16,2957.375631
170,9,3823.860305
170,10,3300.815276
170,11,3266.280828
170,12,3232.870161
170,13,3135.231388
170,14,3011.315889
170,15,2959.083233
170,16,2957.375631
171,9,3823.860305
171,10,3300.815276
171,11,3266.280828
171,12,3220.835730
171,13,3124.127892
171,14,3011.315889
171,15,2959.083233
171,16,2957.375631
172,9,3823.860305
172,10,3267.837601
172,11,3266.280828
172,12,3178.089611
172,13,3124.127892
172,14,3011.315889
172,15,2959.083233
172,16,2957.375631
173,9,3823.860305
173,10,3267.837601
173,11,3266.280828
173,12,3178.089611
173,13,3124.127892
173,14,3011.315889
173,15,2959.083233
173,16,2957.375631
174,9,3823.860305
174,10,3260.656410
174,11,3251.336388
174,12,3125.734703
174,13,3124.127892
174,14,3011.315889
174,15,2959.083233
174,16,2957.375631
175,9,3823.860305
175,10,3260.656410
175,11,3248.435958
175,12,3125.734703
175,13,3124.127892
175,14,2965.518206
175,15,2948.397551
176,9,3708.869690
176,10,3260.656410
176,11,3248.435958
176,12,3125.734703
176,13,3124.127892
176,14,2965.518206
176,15,2948.397551
177,9,3708.869690
177,10,3260.656410
177,11,3248.435958
177,12,3125.734703
177,13,3124.127892
177,14,2965.518206
177,15,2948.397551
178,9,3708.869690
178,10,3260.656410
178,11,3248.435958
178,12,3125.734703
178,13,3124.127892
178,14,2965.518206
178,15,2948.397551
179,9,3708.869690
179,10,3260.656410
179,11,3248.435958
179,12,3125.734703
179,13,3124.127892
179,14,2965.518206
179,15,2948.397551
180,9,3537.150647
180,10,3260.656410
180,11,3248.435958
180,12,3125.734703
180,13,3124.127892
180,14,2965.518206
180,15,2948.397551
181,9,3537.150647
181,10,3200.252282
181,12,3125.734703
181,13,3124.127892
181,14,2965.518206
181,15,2948.397551
182,9,3537.150647
182,10,3200.252282
182,12,3125.734703
182,13,3078.093628
182,14,2965.518206
182,15,2948.397551
183,9,3537.150647
183,10,3200.252282
183,12,3125.734703
183,13,3078.093628
183,14,2965.518206
183,15,2948.397551
184,9,3537.150647
184,10,3200.252282
184,11,3197.916754
184,12,3125.734703
184,13,3078.093628
184,14,2965.518206
184,15,2948.397551
184,16,2942.897939
185,9,3537.150647
185,10,3200.252282
185,11,3197.916754
185,12,3125.734703
185,13,3078.093628
185,14,2965.518206
185,15,2948.397551
185,16,2942.897939
186,9,3516.780618
186,10,3200.252282
186,11,3197.916754
186,12,3125.734703
186,13,3078.093628
186,14,2965.518206
186,15,2948.397551
186,16,2942.897939
187,9,3507.206393
187,10,3200.252282
187,11,3197.916754
187,12,3125.734703
187,13,3078.093628
187,14,2965.518206
187,15,2948.397551
187,16,2942.897939
188,9,3501.593644
188,10,3200.252282
188,11,3197.916754
188,12,3125.734703
188,13,3078.093628
188,14,2965.518206
188,15,2948.397551
188,16,2942.897939
189,9,3501.593644
189,10,3200.252282
189,11,3197.916754
189,12,3125.734703
189,13,3078.093628
189,14,2965.518206
189,15,2936.064032
190,9,3409.833476
190,10,3200.252282
190,11,3197.916754
190,12,3125.734703
190,13,3009.103807
190,14,2961.616141
190,15,2936.064032
191,9,3340.429551
191,10,3200.252282
191,11,3197.916754
191,12,3056.025038
191,13,2942.419229
191,15,2936.064032
192,9,3340.429551
192,10,3199.103619
192,11,3149.456519
192,12,3053.078432
192,13,2942.386800
192,14,2915.101928
193,9,3311.160642
193,10,3199.103619
193,11,3149.456519
193,12,3053.078432
193,13,2942.386800
193,14,2915.101928
194,9,3311.160642
194,10,3150.118852
194,11,3149.456519
194,12,3053.078432
194,13,2942.386800
194,14,2915.101928
195,9,3311.160642
195,10,3150.118852
195,11,3149.456519
195,12,3053.078432
195,13,2942.386800
195,14,2915.101928
196,9,3311.160642
196,10,3144.934151
196,12,3053.078432
196,13,2942.386800
196,14,2915.101928
197,9,3311.160642
197,10,3144.934151
197,12,3053.078432
197,13,2942.386800
197,14,2915.101928
198,9,3311.160642
198,10,3144.934151
198,11,3116.554946
198,12,3053.078432
198,13,2942.386800
198,14,2915.101928
199,9,3292.740669
199,10,3144.934151
199,11,3116.554946
199,12,3053.078432
199,13,2942.386800
199,14,2915.101928
200,9,3283.027895
200,10,3128.827949
200,11,3116.554946
200,12,3053.078432
200,13,2942.386800
200,14,2915.101928
201,9,3264.469358
201,10,3128.827949
201,11,3076.239125
201,12,3053.078432
201,13,2942.386800
201,14,2915.101928
202,9,3205.989241
202,10,3128.827949
202,11,3009.492117
202,13,2942.386800
202,14,2915.101928
203,9,3204.380076
203,10,3122.526083
203,11,3009.492117
203,12,2991.481746
203,13,2942.386800
203,14,2915.101928
204,9,3204.380076
204,10,3122.526083
204,11,3009.492117
204,12,2991.481746
204,13,2942.386800
204,14,2915.101928
205,9,3204.380076
205,10,3093.332088
205,11,3009.492117
205,12,2989.282787
205,13,2942.386800
205,14,2912.929218
206,9,3204.380076
206,10,3081.421426
206,11,2971.579372
206,13,2942.386800
206,14,2912.929218
207,9,3204.380076
207,10,3081.421426
207,11,2971.579372
207,13,2942.386800
207,14,2912.929218
208,9,3204.380076
208,10,3081.421426
208,11,2971.579372
208,13,2942.386800
208,14,2912.929218
209,9,3204.380076
209,10,3081.421426
209,11,2971.579372
209,12,2927.841418
209,14,2912.929218
210,9,3204.380076
210,10,3081.421426
210,11,2971.579372
210,12,2927.841418
210,14,2912.929218
211,9,3166.456999
211,10,3081.421426
211,11,2971.579372
211,12,2927.841418
211,14,2912.929218
212,9,3166.456999
212,10,3081.421426
212,11,2971.579372
212,12,2927.841418
212,14,2912.929218
213,9,3100.143600
213,10,3081.421426
213,11,2971.579372
213,12,2927.841418
213,14,2912.929218
214,9,3100.143600
214,10,3081.421426
214,11,2964.767210
214,12,2927.841418
214,14,2912.929218
215,9,3100.143600
215,10,3081.421426
215,11,2964.767210
215,12,2927.841418
215,14,2912.929218
216,9,3060.679417
216,10,3038.247859
216,11,2964.767210
216,12,2927.841418
216,14,2912.929218
217,9,3023.706586
217,11,2964.767210
217,12,2927.841418
217,14,2912.929218
218,9,3023.706586
218,11,2964.767210
218,12,2927.841418
218,13,2919.291855
218,14,2912.929218
219,9,3011.758400
219,11,2964.767210
219,12,2927.841418
219,13,2919.291855
219,14,2912.929218
220,9,3011.758400
220,11,2964.767210
220,12,2927.841418
220,13,2919.049688
220,14,2912.929218
221,9,3011.758400
221,11,2964.767210
221,12,2927.841418
221,13,2919.049688
221,14,2912.929218
222,9,3011.758400
222,11,2964.767210
222,12,2927.841418
222,13,2919.049688
222,14,2912.929218
223,9,3011.758400
223,10,2920.079388
223,13,2895.351903
224,9,3011.758400
224,10,2920.079388
224,13,2895.351903
224,14,2885.296860
225,9,3011.758400
225,10,2920.079388
225,13,2895.351903
225,14,2885.296860
226,9,3011.758400
226,10,2920.079388
226,12,2879.415899
227,9,3011.758400
227,10,2920.079388
227,12,2879.415899
228,9,3011.758400
228,10,2920.079388
228,11,2912.359255
228,12,2879.415899
229,9,3011.758400
229,10,2920.079388
229,11,2912.359255
229,12,2879.415899
230,9,3006.480227
230,10,2920.079388
230,11,2912.359255
230,12,2879.415899
231,9,3006.480227
231,10,2920.079388
231,11,2912.359255
231,12,2879.415899
232,9,2992.899839
232,10,2920.079388
232,11,2912.359255
232,12,2879.415899
233,9,2969.763771
233,10,2920.079388
233,11,2900.627352
233,12,2879.415899
234,9,2969.763771
234,10,2920.079388
234,11,2900.627352
234,12,2879.415899
235,9,2932.194183
235,10,2920.079388
235,11,2900.627352
235,12,2879.415899
236,9,2932.194183
236,10,2920.079388
236,11,2900.627352
236,12,2879.415899
237,9,2932.194183
237,10,2920.079388
237,11,2884.989375
237,12,2879.415899
237,13,2878.846911
238,9,2932.194183
238,10,2920.079388
238,11,2884.989375
238,12,2879.415899
238,13,2870.658793
239,9,2932.194183
239,10,2920.079388
239,11,2884.611688
239,12,2879.415899
239,13,2870.658793
239,15,2866.236959
239,16,2860.118999
240,9,2932.194183
240,10,2920.079388
240,11,2884.611688
240,12,2879.415899
240,13,2870.658793
240,15,2866.236959
240,16,2860.118999
241,9,2932.194183
241,10,2875.680972
241,13,2870.658793
241,15,2866.236959
241,16,2860.118999
242,9,2932.194183
242,10,2875.680972
242,12,2866.926624
242,15,2866.236959
242,16,2860.118999
243,9,2932.194183
243,10,2875.680972
243,12,2866.926624
243,15,2866.236959
243,16,2860.118999
244,9,2932.194183
244,10,2875.680972
244,12,2866.926624
244,15,2866.236959
244,16,2860.118999
245,9,2932.194183
245,10,2875.680972
245,12,2866.926624
245,15,2866.236959
245,16,2860.118999
246,9,2923.777418
246,10,2875.680972
246,11,2852.306963
247,9,2918.162786
247,10,2875.680972
247,11,2852.306963
248,9,2918.162786
248,10,2875.680972
248,11,2852.306963
249,9,2903.299830
249,10,2874.603757
249,11,2852.306963
250,9,2903.299830
250,10,2833.997878
251,9,2903.299830
251,10,2833.997878
251,11,2832.470655
252,9,2903.299830
252,10,2833.997878
252,11,2832.470655
252,12,2815.861554
253,9,2903.299830
253,10,2833.997878
253,11,2832.470655
253,12,2815.861554
254,9,2903.299830
254,10,2833.997878
254,11,2832.470655
254,12,2815.861554
255,9,2903.299830
255,10,2833.997878
255,11,2832.470655
255,12,2815.861554
256,9,2902.628163
256,10,2833.997878
256,11,2832.470655
256,12,2815.861554
257,9,2902.628163
257,10,2833.997878
257,11,2832.470655
257,12,2815.861554
258,9,2902.628163
258,10,2833.997878
258,11,2832.470655
258,12,2815.861554
259,9,2902.628163
259,10,2833.997878
259,11,2803.553752
260,9,2902.628163
260,10,2833.997878
260,11,2803.553752
261,9,2902.628163
261,10,2830.897950
261,11,2803.553752
262,9,2902.628163
262,10,2830.897950
262,11,2803.553752
263,9,2902.628163
263,10,2830.897950
263,11,2803.553752
264,9,2902.628163
264,10,2830.897950
264,11,2803.553752
265,9,2902.628163
265,10,2830.897950
265,11,2802.391937
266,9,2901.546576
266,10,2830.897950
266,11,2802.391937
267,9,2901.546576
267,10,2830.897950
267,11,2802.391937
268,9,2901.546576
268,10,2830.897950
268,11,2802.391937
269,9,2901.546576
269,10,2830.897950
269,11,2802.391937
270,9,2901.546576
270,10,2818.216460
270,11,2802.391937
271,9,2901.546576
271,10,2818.216460
271,11,2802.391937
271,13,2780.847371
272,9,2901.546576
272,10,2808.555891
272,11,2802.391937
272,13,2780.847371
273,9,2893.789976
273,10,2808.555891
273,11,2802.391937
273,13,2780.847371
274,9,2893.789976
274,10,2808.555891
274,11,2802.391937
274,13,2780.847371
275,9,2893.789976
275,10,2808.555891
275,11,2802.391937
275,13,2780.847371
276,9,2893.789976
276,10,2808.555891
276,11,2802.391937
276,13,2780.847371
277,9,2886.989493
277,10,2808.555891
277,11,2802.391937
277,13,2780.847371
278,9,2886.989493
278,10,2808.555891
278,11,2792.949916
278,13,2780.847371
279,9,2886.989493
279,10,2808.555891
279,11,2792.949916
279,13,2780.847371
280,9,2886.989493
280,10,2808.555891
280,11,2792.949916
280,13,2780.847371
281,9,2886.989493
281,10,2808.555891
281,11,2792.949916
281,13,2780.847371
282,9,2886.989493
282,10,2808.555891
282,11,2785.221674
282,13,2780.847371
283,9,2886.989493
283,10,2808.555891
283,11,2785.221674
283,13,2780.847371
284,9,2886.989493
284,10,2808.555891
284,11,2785.221674
284,13,2780.847371
285,9,2886.989493
285,10,2808.555891
285,11,2785.221674
285,13,2780.847371
286,9,2886.989493
286,10,2808.555891
286,11,2785.221674
286,13,2780.847371
287,9,2886.599052
287,10,2808.555891
287,11,2785.221674
287,13,2780.847371
288,9,2886.599052
288,10,2808.555891
288,11,2785.221674
288,13,2780.847371
289,9,2886.599052
289,10,2808.555891
289,11,2785.221674
289,13,2780.847371
290,9,2886.599052
290,10,2808.555891
290,11,2785.221674
290,13,2780.847371
291,9,2886.599052
291,10,2808.555891
291,11,2771.131720
292,9,2886.599052
292,10,2808.555891
292,11,2771.131720
293,9,2869.088016
293,10,2808.314479
293,11,2761.517457
294,9,2869.088016
294,10,2808.314479
294,11,2761.517457
295,9,2869.088016
295,10,2808.314479
295,11,2761.517457
296,9,2869.088016
296,10,2808.314479
296,11,2761.517457
297,9,2869.088016
297,10,2803.921888
297,11,2761.517457
298,9,2869.088016
298,10,2803.921888
298,11,2761.517457
299,9,2869.088016
299,10,2803.921888
299,11,2761.517457
300,9,2869.088016
300,10,2803.921888
300,11,2761.517457
301,9,2869.088016
301,10,2801.071982
301,11,2761.517457
302,9,2869.088016
302,10,2801.071982
302,11,2761.517457
303,9,2869.088016
303,10,2801.071982
303,11,2761.517457
304,9,2869.088016
304,10,2801.071982
304,11,2761.517457
305,9,2869.088016
305,10,2801.071982
305,11,2761.517457
306,9,2869.088016
306,10,2801.071982
306,11,2761.517457
307,9,2869.088016
307,10,2801.071982
307,11,2761.517457
308,9,2869.088016
308,10,2801.071982
308,11,2761.517457
309,9,2869.088016
309,10,2801.071982
309,11,2761.517457
310,9,2869.088016
310,10,2798.945544
310,11,2761.517457
311,9,2869.088016
311,10,2798.945544
311,11,2761.517457
312,9,2853.012997
312,10,2798.945544
312,11,2761.517457
313,9,2853.012997
313,10,2798.945544
313,11,2761.517457
314,9,2853.012997
314,10,2798.945544
314,11,2761.517457
315,9,2853.012997
315,10,2798.945544
315,11,2761.517457
316,9,2853.012997
316,10,2798.945544
316,11,2761.517457
317,9,2852.011832
317,10,2798.945544
317,11,2761.517457
318,9,2852.011832
318,10,2798.945544
318,11,2761.517457
319,9,2852.011832
319,10,2798.945544
319,11,2761.517457
320,9,2852.011832
320,10,2798.945544
320,11,2761.517457
321,9,2852.011832
321,10,2798.945544
321,11,2761.517457
322,9,2852.011832
322,10,2798.945544
322,11,2761.517457
323,9,2852.011832
323,10,2798.945544
323,11,2761.517457
324,9,2852.011832
324,10,2798.945544
324,11,2761.517457
325,9,2852.011832
325,10,2798.945544
325,11,2761.517457
325,12,2753.809153
326,9,2852.011832
326,10,2798.945544
326,11,2761.517457
326,12,2753.809153
327,9,2852.011832
327,10,2798.764641
327,11,2761.517457
327,12,2753.809153
328,9,2852.011832
328,10,2798.764641
328,11,2761.517457
328,12,2753.809153
329,9,2852.011832
329,10,2798.764641
329,11,2761.517457
329,12,2753.809153
330,9,2852.011832
330,10,2797.776728
330,11,2761.517457
330,12,2753.809153
331,9,2849.278412
331,10,2797.776728
331,11,2761.517457
331,12,2753.809153
