Generation,NV,TOC
1,6,1034.110353
1,9,968.475713
1,12,965.524821
2,5,1173.616180
2,6,1034.110353
2,7,934.744878
3,5,1097.721952
3,6,1007.160551
3,7,934.744878
4,5,992.057875
4,7,925.028490
5,5,992.057875
5,6,952.705550
5,7,925.028490
6,4,1226.808517
6,5,992.057875
6,6,952.705550
6,7,925.028490
6,8,880.702323
7,4,1226.808517
7,5,992.057875
7,6,933.886485
7,7,925.028490
7,8,880.702323
8,4,1226.808517
8,5,992.057875
8,6,897.093198
8,7,880.399526
9,4,1060.320039
9,5,992.057875
9,6,897.093198
9,7,863.725201
10,4,1060.320039
10,5,962.255338
10,6,894.812082
10,7,851.928677
11,4,1060.320039
11,5,962.255338
11,6,894.812082
11,7,851.928677
11,8,846.989085
12,4,1060.320039
12,5,948.809678
12,6,894.812082
12,7,851.278917
12,8,846.989085
13,4,1060.320039
13,5,930.843467
13,6,894.812082
13,7,851.278917
13,8,846.989085
14,4,1038.310605
14,5,930.843467
14,6,894.812082
14,7,851.278917
14,8,846.989085
15,4,1013.395366
15,5,924.559892
15,6,894.812082
15,7,834.947154
16,4,1013.395366
16,5,924.559892
16,6,894.812082
16,7,834.947154
17,4,1013.395366
17,5,924.559892
17,6,894.812082
17,7,834.947154
18,4,1013.395366
18,5,924.559892
18,6,894.812082
18,7,834.947154
19,4,979.794861
19,5,876.702312
19,6,855.972948
19,7,833.485599
20,4,939.574200
20,5,876.702312
20,6,855.972948
20,7,833.485599
21,4,939.574200
21,5,876.702312
21,6,842.518856
21,7,833.485599
22,3,1563.542738
22,4,939.574200
22,5,876.702312
22,6,828.151451
23,3,1520.445985
23,4,939.574200
23,5,876.702312
23,6,828.151451
24,3,1281.733927
24,4,939.574200
24,5,858.790846
24,6,828.151451
25,3,1217.503916
25,4,937.376458
25,5,858.790846
25,6,828.151451
26,3,1217.503916
26,4,937.376458
26,5,858.790846
26,6,828.151451
27,3,1217.503916
27,4,937.376458
27,5,855.130273
27,6,828.151451
28,3,1193.132526
28,4,937.376458
28,5,855.130273
28,6,828.151451
29,3,1193.132526
29,4,924.058803
29,5,855.130273
29,6,828.151451
30,3,1193.132526
30,4,924.058803
30,5,855.130273
30,6,828.151451
31,3,1193.132526
31,4,920.003843
31,5,843.210408
31,6,828.151451
32,3,1193.132526
32,4,920.003843
32,5,843.210408
32,6,827.808512
33,3,1187.641743
33,4,920.003843
33,5,843.210408
33,6,826.923616
34,3,1187.641743
34,4,920.003843
34,5,843.210408
34,6,826.923616
35,3,1187.641743
35,4,920.003843
35,5,843.210408
35,6,826.923616
36,3,1187.641743
36,4,920.003843
36,5,843.210408
36,6,826.923616
37,3,1187.641743
37,4,920.003843
37,5,843.210408
37,6,826.923616
38,3,1187.641743
38,4,920.003843
38,5,843.210408
38,6,826.923616
39,3,1187.641743
39,4,920.003843
39,5,843.210408
39,6,826.923616
40,3,1156.418881
40,4,920.003843
40,5,843.210408
40,6,826.923616
41,3,1156.418881
41,4,920.003843
41,5,843.210408
41,6,826.923616
42,3,1156.418881
42,4,920.003843
42,5,843.210408
42,6,826.923616
43,3,1156.418881
43,4,920.003843
43,5,843.210408
43,6,826.923616
44,3,1156.418881
44,4,920.003843
44,5,843.210408
44,6,826.923616
45,3,1156.418881
45,4,920.003843
45,5,843.210408
45,6,826.923616
46,3,1156.418881
46,4,920.003843
46,5,843.210408
46,6,826.923616
47,3,1156.418881
47,4,920.003843
47,5,843.210408
47,6,826.923616
48,3,1156.418881
48,4,920.003843
48,5,843.210408
48,6,826.923616
49,3,1156.418881
49,4,907.774421
49,5,843.210408
49,6,826.923616
50,3,1156.418881
50,4,907.774421
50,5,843.210408
50,6,826.923616
51,3,1156.418881
51,4,907.774421
51,5,843.210408
51,6,826.923616
52,3,1156.418881
52,4,907.774421
52,5,843.210408
52,6,826.923616
53,3,1156.418881
53,4,907.774421
53,5,843.210408
53,6,826.923616
54,3,1156.418881
54,4,907.774421
54,5,843.210408
54,6,826.923616
55,3,1156.418881
55,4,907.774421
55,5,843.210408
55,6,826.923616
56,3,1156.418881
56,4,907.774421
56,5,843.210408
56,6,826.923616
57,3,1156.418881
57,4,907.774421
57,5,843.210408
57,6,826.923616
58,3,1156.099105
58,4,907.774421
58,5,843.210408
58,6,826.923616
59,3,1156.099105
59,4,907.774421
59,5,843.210408
59,6,826.923616
60,3,1156.099105
60,4,907.774421
60,5,843.210408
60,6,826.923616
61,3,1156.099105
61,4,907.774421
61,5,843.210408
61,6,826.923616
62,3,1156.099105
62,4,907.774421
62,5,843.210408
62,6,826.923616
63,3,1156.099105
63,4,907.774421
63,5,843.210408
63,6,826.923616
64,3,1156.099105
64,4,907.774421
64,5,843.210408
64,6,826.923616
65,3,1156.099105
65,4,907.774421
65,5,843.210408
65,6,826.923616
66,3,1156.099105
66,4,907.774421
66,5,843.210408
66,6,826.923616
67,3,1156.099105
67,4,900.471037
67,5,843.210408
67,6,826.923616
68,3,1156.099105
68,4,900.471037
68,5,843.210408
68,6,826.923616
69,3,1156.099105
69,4,900.471037
69,5,843.210408
69,6,826.923616
70,3,1156.099105
70,4,900.471037
70,5,835.394912
70,6,826.923616
71,3,1134.722129
71,4,900.471037
71,5,835.394912
71,6,826.923616
72,3,1134.722129
72,4,900.471037
72,5,835.394912
72,6,826.923616
73,3,1134.722129
73,4,900.471037
73,5,835.394912
73,6,826.923616
74,3,1134.722129
74,4,900.471037
74,5,835.394912
74,6,826.923616
75,3,1134.722129
75,4,900.471037
75,5,835.394912
75,6,826.923616
76,3,1134.722129
76,4,900.471037
76,5,835.394912
76,6,826.923616
77,3,1134.722129
77,4,900.471037
77,5,835.394912
77,6,826.923616
78,3,1134.722129
78,4,900.471037
78,5,835.394912
78,6,826.923616
79,3,1134.722129
79,4,900.471037
79,5,835.394912
79,6,826.923616
80,3,1134.722129
80,4,900.471037
80,5,835.394912
80,6,826.923616
81,3,1134.722129
81,4,900.471037
81,5,835.394912
81,6,826.923616
82,3,1134.722129
82,4,900.471037
82,5,835.394912
82,6,826.923616
83,3,1134.722129
83,4,900.471037
83,5,835.394912
83,6,826.923616
84,3,1134.722129
84,4,900.471037
84,5,835.394912
84,6,826.923616
85,3,1134.722129
85,4,900.471037
85,5,835.394912
85,6,826.923616
86,3,1134.722129
86,4,900.471037
86,5,835.394912
86,6,826.923616
87,3,1134.722129
87,4,900.471037
87,5,835.394912
87,6,826.923616
88,3,1134.722129
88,4,900.471037
88,5,835.394912
88,6,826.923616
89,3,1134.722129
89,4,900.471037
89,5,835.394912
89,6,826.923616
90,3,1134.722129
90,4,900.471037
90,5,835.394912
90,6,826.923616
91,3,1134.722129
91,4,900.471037
91,5,835.394912
91,6,826.923616
92,3,1134.722129
92,4,900.471037
92,5,835.394912
92,6,826.923616
93,3,1134.722129
93,4,898.496637
93,5,835.394912
93,6,826.923616
94,3,1134.722129
94,4,898.496637
94,5,835.394912
94,6,826.923616
95,3,1134.722129
95,4,898.496637
95,5,835.394912
95,6,826.923616
96,3,1134.722129
96,4,898.496637
96,5,835.394912
96,6,826.923616
97,3,1134.722129
97,4,898.496637
97,5,835.394912
97,6,826.923616
98,3,1131.200728
98,4,898.496637
98,5,835.394912
98,6,826.923616
99,3,1131.200728
99,4,898.496637
99,5,835.394912
99,6,826.923616
100,3,1131.200728
100,4,898.496637
100,5,835.394912
100,6,826.923616
101,3,1131.200728
101,4,898.496637
101,5,835.394912
101,6,826.923616
102,3,1131.200728
102,4,898.496637
102,5,835.394912
102,6,826.923616
103,3,1131.200728
103,4,898.496637
103,5,835.394912
103,6,826.923616
104,3,1131.200728
104,4,898.496637
104,5,835.394912
104,6,826.923616
105,3,1131.200728
105,4,898.496637
105,5,835.394912
105,6,826.923616
106,3,1131.200728
106,4,898.496637
106,5,835.394912
106,6,826.923616
107,3,1131.200728
107,4,898.496637
107,5,835.394912
107,6,826.923616
108,3,1131.200728
108,4,898.496637
108,5,835.394912
108,6,826.923616
109,3,1131.200728
109,4,898.496637
109,5,835.394912
109,6,826.923616
110,3,1131.200728
110,4,898.496637
110,5,835.394912
110,6,826.923616
111,3,1131.200728
111,4,898.496637
111,5,835.394912
111,6,826.923616
112,3,1131.200728
112,4,898.496637
112,5,835.394912
112,6,826.923616
113,3,1131.200728
113,4,898.496637
113,5,835.394912
113,6,826.923616
114,3,1131.200728
114,4,898.496637
114,5,835.394912
114,6,826.923616
115,3,1131.200728
115,4,898.496637
115,5,835.394912
115,6,826.923616
116,3,1131.200728
116,4,898.496637
116,5,835.394912
116,6,826.923616
117,3,1131.200728
117,4,898.496637
117,5,835.394912
117,6,826.923616
118,3,1131.200728
118,4,898.496637
118,5,835.394912
118,6,826.923616
119,3,1131.200728
119,4,898.496637
119,5,835.394912
119,6,826.923616
120,3,1131.200728
120,4,898.496637
120,5,835.394912
120,6,826.923616
121,3,1108.832532
121,4,898.496637
121,5,835.394912
121,6,826.923616
122,3,1108.832532
122,4,898.496637
122,5,835.394912
122,6,826.923616
123,3,1108.832532
123,4,898.496637
123,5,835.394912
123,6,826.923616
124,3,1108.832532
124,4,898.496637
124,5,835.394912
124,6,826.923616
125,3,1108.832532
125,4,898.496637
125,5,835.394912
125,6,826.923616
126,3,1108.832532
126,4,898.496637
126,5,835.394912
126,6,826.923616
127,3,1108.832532
127,4,898.496637
127,5,835.394912
127,6,826.923616
128,3,1108.832532
128,4,898.496637
128,5,835.394912
128,6,826.923616
129,3,1108.832532
129,4,898.496637
129,5,835.394912
129,6,826.923616
130,3,1097.782000
130,4,898.496637
130,5,835.394912
130,6,826.923616
131,3,1097.782000
131,4,898.496637
131,5,835.394912
131,6,826.923616
132,3,1097.782000
132,4,898.496637
132,5,835.394912
132,6,826.923616
133,3,1097.782000
133,4,898.496637
133,5,835.394912
133,6,826.923616
134,3,1097.782000
134,4,898.496637
134,5,835.394912
134,6,826.923616
135,3,1097.782000
135,4,898.496637
135,5,835.394912
135,6,826.923616
136,3,1097.782000
136,4,898.496637
136,5,835.394912
136,6,826.923616
137,3,1097.782000
137,4,898.496637
137,5,835.394912
137,6,826.923616
138,3,1097.782000
138,4,898.496637
138,5,835.394912
138,6,826.923616
139,3,1097.782000
139,4,898.496637
139,5,835.394912
139,6,826.923616
140,3,1097.782000
140,4,898.496637
140,5,835.394912
140,6,826.923616
141,3,1097.782000
141,4,898.496637
141,5,835.394912
141,6,826.923616
142,3,1097.782000
142,4,898.496637
142,5,835.394912
142,6,826.923616
143,3,1097.782000
143,4,898.496637
143,5,835.394912
143,6,826.923616
144,3,1097.782000
144,4,898.496637
144,5,835.394912
144,6,826.923616
145,3,1097.782000
145,4,898.496637
145,5,835.394912
145,6,826.923616
146,3,1097.782000
146,4,898.496637
146,5,835.394912
146,6,826.923616
147,3,1097.782000
147,4,898.496637
147,5,835.394912
147,6,826.923616
148,3,1097.782000
148,4,898.496637
148,5,835.394912
148,6,826.923616
149,3,1097.782000
149,4,898.496637
149,5,835.394912
149,6,826.923616
150,3,1097.782000
150,4,898.496637
150,5,835.394912
150,6,826.923616
151,3,1097.782000
151,4,898.496637
151,5,835.394912
151,6,826.923616
152,3,1097.782000
152,4,898.496637
152,5,835.394912
152,6,826.923616
153,3,1097.782000
153,4,898.496637
153,5,835.394912
153,6,826.923616
154,3,1097.782000
154,4,898.496637
154,5,835.394912
154,6,826.923616
155,3,1097.782000
155,4,898.496637
155,5,835.394912
155,6,826.923616
156,3,1097.782000
156,4,898.496637
156,5,835.394912
156,6,826.923616
157,3,1097.782000
157,4,898.496637
157,5,835.394912
157,6,826.923616
158,3,1097.782000
158,4,898.496637
158,5,835.394912
158,6,826.923616
159,3,1097.782000
159,4,898.496637
159,5,835.394912
159,6,826.923616
160,3,1097.782000
160,4,898.496637
160,5,835.394912
160,6,826.923616
161,3,1097.782000
161,4,898.496637
161,5,835.394912
161,6,826.923616
162,3,1097.782000
162,4,898.496637
162,5,835.394912
162,6,826.923616
163,3,1097.782000
163,4,898.496637
163,5,835.394912
163,6,826.923616
164,3,1097.782000
164,4,898.496637
164,5,835.394912
164,6,826.923616
165,3,1097.782000
165,4,898.496637
165,5,835.394912
165,6,826.923616
166,3,1097.782000
166,4,898.496637
166,5,835.394912
166,6,826.923616
167,3,1097.782000
167,4,898.496637
167,5,835.394912
167,6,826.923616
168,3,1097.782000
168,4,898.496637
168,5,835.394912
168,6,826.923616
169,3,1097.782000
169,4,898.496637
169,5,835.394912
169,6,826.923616
170,3,1097.782000
170,4,898.496637
170,5,835.394912
170,6,826.923616
171,3,1097.782000
171,4,898.496637
171,5,835.394912
171,6,826.923616
172,3,1097.782000
172,4,898.496637
172,5,835.394912
172,6,826.923616
173,3,1097.782000
173,4,898.496637
173,5,835.394912
173,6,826.923616
174,3,1097.782000
174,4,898.496637
174,5,835.394912
174,6,826.923616
175,3,1097.782000
175,4,898.496637
175,5,835.394912
175,6,826.923616
176,3,1097.782000
176,4,898.496637
176,5,835.394912
176,6,826.923616
177,3,1097.782000
177,4,898.496637
177,5,835.394912
177,6,826.923616
178,3,1097.782000
178,4,898.496637
178,5,835.394912
178,6,826.923616
179,3,1097.782000
179,4,898.496637
179,5,835.394912
179,6,826.923616
180,3,1097.782000
180,4,898.496637
180,5,835.394912
180,6,826.923616
181,3,1097.782000
181,4,898.496637
181,5,835.394912
181,6,826.923616
182,3,1097.782000
182,4,898.496637
182,5,835.394912
182,6,826.923616
183,3,1097.782000
183,4,898.496637
183,5,835.394912
183,6,826.923616
184,3,1097.782000
184,4,898.496637
184,5,835.394912
184,6,826.923616
185,3,1097.782000
185,4,898.496637
185,5,835.394912
185,6,826.923616
186,3,1097.782000
186,4,898.496637
186,5,835.394912
186,6,826.923616
187,3,1097.782000
187,4,898.496637
187,5,835.394912
187,6,826.923616
188,3,1097.782000
188,4,898.496637
188,5,835.394912
188,6,826.923616
189,3,1097.782000
189,4,898.496637
189,5,835.394912
189,6,826.923616
190,3,1097.782000
190,4,898.496637
190,5,835.394912
190,6,826.923616
191,3,1097.782000
191,4,898.496637
191,5,835.394912
191,6,826.923616
192,3,1097.782000
192,4,898.496637
192,5,835.394912
192,6,826.923616
193,3,1097.782000
193,4,898.496637
193,5,835.394912
193,6,826.923616
194,3,1097.782000
194,4,898.496637
194,5,835.394912
194,6,826.923616
195,3,1097.782000
195,4,898.496637
195,5,835.394912
195,6,826.923616
196,3,1097.782000
196,4,898.496637
196,5,835.394912
196,6,826.923616
197,3,1097.782000
197,4,898.496637
197,5,835.394912
197,6,826.923616
198,3,1097.782000
198,4,898.496637
198,5,835.394912
198,6,826.923616
199,3,1097.782000
199,4,898.496637
199,5,835.394912
199,6,826.923616
200,3,1097.782000
200,4,898.496637
200,5,835.394912
200,6,826.923616
201,3,1097.782000
201,4,898.496637
201,5,835.394912
201,6,826.923616
202,3,1097.782000
202,4,898.496637
202,5,835.394912
202,6,826.923616
203,3,1097.782000
203,4,898.496637
203,5,835.394912
203,6,826.923616
204,3,1097.782000
204,4,898.496637
204,5,835.394912
204,6,826.923616
205,3,1097.782000
205,4,898.496637
205,5,835.394912
205,6,826.923616
206,3,1097.782000
206,4,898.496637
206,5,835.394912
206,6,826.923616
207,3,1097.782000
207,4,898.496637
207,5,835.394912
207,6,826.923616
208,3,1097.782000
208,4,898.496637
208,5,835.394912
208,6,826.923616
209,3,1097.782000
209,4,898.496637
209,5,835.394912
209,6,826.923616
210,3,1097.782000
210,4,898.496637
210,5,835.394912
210,6,826.923616
211,3,1097.782000
211,4,898.496637
211,5,835.394912
211,6,826.923616
212,3,1097.782000
212,4,898.496637
212,5,835.394912
212,6,826.923616
213,3,1097.782000
213,4,898.496637
213,5,835.394912
213,6,826.923616
214,3,1097.782000
214,4,898.496637
214,5,835.394912
214,6,826.923616
215,3,1097.782000
215,4,898.496637
215,5,835.394912
215,6,826.923616
216,3,1097.782000
216,4,898.496637
216,5,835.394912
216,6,826.923616
217,3,1097.782000
217,4,898.496637
217,5,835.394912
217,6,826.923616
218,3,1097.782000
218,4,898.496637
218,5,835.394912
218,6,826.923616
219,3,1097.782000
219,4,898.496637
219,5,835.394912
219,6,826.923616
220,3,1097.782000
220,4,898.496637
220,5,835.394912
220,6,826.923616
221,3,1097.782000
221,4,898.496637
221,5,835.394912
221,6,826.923616
222,3,1097.782000
222,4,898.496637
222,5,835.394912
222,6,826.923616
223,3,1097.782000
223,4,898.496637
223,5,835.394912
223,6,826.923616
224,3,1097.782000
224,4,898.496637
224,5,835.394912
224,6,826.923616
225,3,1097.782000
225,4,898.496637
225,5,835.394912
225,6,826.923616
226,3,1097.782000
226,4,898.496637
226,5,835.394912
226,6,826.923616
227,3,1097.782000
227,4,898.496637
227,5,835.394912
227,6,826.923616
228,3,1097.782000
228,4,898.496637
228,5,835.394912
228,6,826.923616
229,3,1097.782000
229,4,898.496637
229,5,835.394912
229,6,826.923616
230,3,1097.782000
230,4,898.496637
230,5,835.394912
230,6,826.923616
231,3,1097.782000
231,4,898.496637
231,5,835.394912
231,6,826.923616
232,3,1097.782000
232,4,898.496637
232,5,835.394912
232,6,826.923616
233,3,1097.782000
233,4,898.496637
233,5,835.394912
233,6,826.923616
234,3,1097.782000
234,4,898.496637
234,5,835.394912
234,6,826.923616
235,3,1097.782000
235,4,898.496637
235,5,835.394912
235,6,826.923616
236,3,1097.782000
236,4,898.496637
236,5,835.394912
236,6,826.923616
237,3,1097.782000
237,4,898.496637
237,5,835.394912
237,6,826.923616
238,3,1097.782000
238,4,898.496637
238,5,835.394912
238,6,826.923616
239,3,1097.782000
239,4,898.496637
239,5,835.394912
239,6,826.923616
240,3,1097.782000
240,4,898.496637
240,5,835.394912
240,6,826.923616
241,3,1097.782000
241,4,898.496637
241,5,835.394912
241,6,826.923616
242,3,1097.782000
242,4,898.496637
242,5,835.394912
242,6,826.923616
243,3,1097.782000
243,4,898.496637
243,5,835.394912
243,6,826.923616
244,3,1097.782000
244,4,898.496637
244,5,835.394912
244,6,826.923616
245,3,1097.782000
245,4,898.496637
245,5,835.394912
245,6,826.923616
246,3,1097.782000
246,4,898.496637
246,5,835.394912
246,6,826.923616
247,3,1097.782000
247,4,898.496637
247,5,835.394912
247,6,826.923616
248,3,1097.782000
248,4,898.496637
248,5,835.394912
248,6,826.923616
249,3,1097.782000
249,4,898.496637
249,5,835.394912
249,6,826.923616
250,3,1097.782000
250,4,898.496637
250,5,835.394912
250,6,826.923616
251,3,1097.782000
251,4,897.507053
251,5,835.394912
251,6,826.923616
252,3,1097.782000
252,4,897.507053
252,5,835.394912
252,6,826.923616
253,3,1097.782000
253,4,897.507053
253,5,835.394912
253,6,826.923616
254,3,1097.782000
254,4,897.507053
254,5,835.394912
254,6,826.923616
255,3,1097.782000
255,4,897.507053
255,5,835.394912
255,6,826.923616
256,3,1097.782000
256,4,897.507053
256,5,835.394912
256,6,826.923616
257,3,1097.782000
257,4,897.507053
257,5,835.394912
257,6,826.923616
258,3,1097.782000
258,4,897.507053
258,5,835.394912
258,6,826.923616
259,3,1097.782000
259,4,895.357321
259,5,835.394912
259,6,826.923616
260,3,1097.782000
260,4,895.357321
260,5,835.394912
260,6,826.923616
261,3,1097.782000
261,4,895.357321
261,5,835.394912
261,6,826.923616
262,3,1097.782000
262,4,895.357321
262,5,835.394912
262,6,826.923616
263,3,1097.782000
263,4,895.357321
263,5,835.394912
263,6,826.923616
264,3,1097.782000
264,4,895.357321
264,5,835.394912
264,6,826.923616
265,3,1097.782000
265,4,895.357321
265,5,835.394912
265,6,826.923616
266,3,1097.782000
266,4,895.357321
266,5,835.394912
266,6,826.923616
267,3,1097.782000
267,4,895.357321
267,5,835.394912
267,6,826.923616
268,3,1097.782000
268,4,895.357321
268,5,835.394912
268,6,826.923616
269,3,1097.782000
269,4,895.357321
269,5,835.394912
269,6,826.923616
270,3,1097.782000
270,4,895.357321
270,5,835.394912
270,6,826.923616
271,3,1097.782000
271,4,895.357321
271,5,835.394912
271,6,826.923616
272,3,1097.782000
272,4,895.357321
272,5,835.394912
272,6,826.923616
273,3,1097.782000
273,4,895.357321
273,5,835.394912
273,6,826.923616
274,3,1097.782000
274,4,895.357321
274,5,835.394912
274,6,826.923616
275,3,1097.782000
275,4,895.357321
275,5,835.394912
275,6,826.923616
276,3,1097.782000
276,4,895.357321
276,5,835.394912
276,6,826.923616
277,3,1097.782000
277,4,895.357321
277,5,835.394912
277,6,826.923616
278,3,1097.782000
278,4,895.357321
278,5,835.394912
278,6,826.923616
279,3,1097.782000
279,4,895.357321
279,5,835.394912
279,6,826.923616
280,3,1097.782000
280,4,895.357321
280,5,835.394912
280,6,826.923616
281,3,1097.782000
281,4,895.357321
281,5,835.394912
281,6,826.923616
282,3,1097.782000
282,4,895.357321
282,5,835.394912
282,6,826.923616
283,3,1097.782000
283,4,895.357321
283,5,835.394912
283,6,826.923616
284,3,1097.782000
284,4,895.357321
284,5,835.394912
284,6,826.923616
285,3,1097.782000
285,4,895.357321
285,5,835.394912
285,6,826.923616
286,3,1097.782000
286,4,895.357321
286,5,835.394912
286,6,826.923616
287,3,1097.782000
287,4,895.357321
287,5,835.394912
287,6,826.923616
288,3,1097.782000
288,4,895.357321
288,5,835.394912
288,6,826.923616
289,3,1097.782000
289,4,895.357321
289,5,835.394912
289,6,826.923616
290,3,1097.782000
290,4,895.357321
290,5,835.394912
290,6,826.923616
291,3,1097.782000
291,4,895.357321
291,5,835.394912
291,6,826.923616
292,3,1097.782000
292,4,895.357321
292,5,835.394912
292,6,826.923616
293,3,1097.782000
293,4,895.357321
293,5,835.394912
293,6,826.923616
294,3,1097.782000
294,4,895.357321
294,5,835.394912
294,6,826.923616
295,3,1097.782000
295,4,895.357321
295,5,835.394912
295,6,826.923616
296,3,1097.782000
296,4,895.357321
296,5,835.394912
296,6,826.923616
297,3,1097.782000
297,4,895.357321
297,5,835.394912
297,6,826.923616
298,3,1097.782000
298,4,895.357321
298,5,835.394912
298,6,826.923616
299,3,1097.782000
299,4,895.357321
299,5,835.394912
299,6,826.923616
300,3,1097.782000
300,4,895.357321
300,5,835.394912
300,6,826.923616
301,3,1097.782000
301,4,893.049457
301,5,835.394912
301,6,826.923616
302,3,1097.782000
302,4,893.049457
302,5,835.394912
302,6,826.923616
303,3,1097.782000
303,4,892.171876
303,5,835.394912
303,6,826.923616
304,3,1097.782000
304,4,892.171876
304,5,835.394912
304,6,826.923616
305,3,1097.782000
305,4,892.171876
305,5,835.394912
305,6,826.923616
306,3,1097.782000
306,4,892.171876
306,5,835.394912
306,6,826.923616
307,3,1097.782000
307,4,892.171876
307,5,835.394912
307,6,826.923616
308,3,1097.782000
308,4,892.171876
308,5,835.394912
308,6,826.923616
309,3,1097.782000
309,4,892.171876
309,5,835.394912
309,6,826.923616
310,3,1097.782000
310,4,891.049254
310,5,835.394912
310,6,826.923616
311,3,1097.782000
311,4,891.049254
311,5,835.394912
311,6,826.923616
312,3,1097.782000
312,4,891.049254
312,5,835.394912
312,6,826.923616
313,3,1097.782000
313,4,891.049254
313,5,835.394912
313,6,826.923616
314,3,1097.782000
314,4,891.049254
314,5,835.394912
314,6,826.923616
315,3,1097.782000
315,4,891.049254
315,5,835.394912
315,6,826.923616
316,3,1097.782000
316,4,891.049254
316,5,835.394912
316,6,826.923616
317,3,1097.782000
317,4,891.049254
317,5,835.394912
317,6,826.923616
318,3,1097.782000
318,4,891.049254
318,5,835.394912
318,6,826.923616
319,3,1097.782000
319,4,891.049254
319,5,835.394912
319,6,826.923616
320,3,1097.782000
320,4,891.049254
320,5,835.394912
320,6,826.923616
321,3,1097.782000
321,4,891.049254
321,5,835.394912
321,6,826.923616
322,3,1097.782000
322,4,891.049254
322,5,835.394912
322,6,826.923616
323,3,1097.782000
323,4,891.049254
323,5,835.394912
323,6,826.923616
324,3,1097.782000
324,4,891.049254
324,5,835.394912
324,6,826.923616
325,3,1097.782000
325,4,891.049254
325,5,835.394912
325,6,826.923616
326,3,1097.782000
326,4,891.049254
326,5,835.394912
326,6,826.923616
327,3,1097.782000
327,4,891.049254
327,5,835.394912
327,6,826.923616
328,3,1097.782000
328,4,891.049254
328,5,835.394912
328,6,826.923616
329,3,1097.782000
329,4,891.049254
329,5,835.394912
329,6,826.923616
330,3,1097.782000
330,4,891.049254
330,5,835.394912
330,6,826.923616
331,3,1097.782000
331,4,891.049254
331,5,835.394912
331,6,826.923616
