Generation,NV,TOC
1,48,19137.984979
1,49,18709.202471
1,54,18295.051362
1,58,17301.735976
1,63,16810.625626
1,67,16555.834030
1,73,16383.144738
1,74,16289.817169
1,75,16119.243833
1,79,16094.148059
1,83,15592.919056
1,87,15361.316543
2,48,19018.344989
2,49,18709.202471
2,51,18417.671668
2,54,18295.051362
2,58,17301.735976
2,61,17236.216063
2,63,16810.625626
2,66,16282.991463
2,73,16192.338357
2,75,16119.243833
2,77,15798.521357
2,83,15592.919056
2,86,15435.648107
2,87,15361.316543
2,101,15256.063620
3,47,19836.398606
3,48,18984.384774
3,49,18709.202471
3,51,18288.861661
3,58,17301.735976
3,61,17236.216063
3,62,16661.674377
3,66,16282.991463
3,73,16192.338357
3,75,16119.243833
3,77,15798.521357
3,83,15592.919056
3,84,15361.323152
3,85,15057.182774
4,46,19567.027685
4,47,18647.129247
4,51,18288.861661
4,58,16857.642336
4,60,16455.497609
4,64,16058.928123
4,70,16002.422329
4,74,15869.317914
4,75,15729.220718
4,81,15542.565846
4,83,14988.597452
5,46,19567.027685
5,47,18647.129247
5,49,18534.340441
5,50,18330.882016
5,51,18288.861661
5,53,17772.708372
5,54,17335.324373
5,57,17211.069716
5,58,16857.642336
5,60,16455.497609
5,64,16058.928123
5,70,16002.422329
5,71,15621.611003
5,81,15542.565846
5,83,14988.597452
5,86,14896.337895
6,46,19567.027685
6,47,18647.129247
6,48,18538.887005
6,49,18534.340441
6,50,18330.882016
6,51,18288.861661
6,52,17740.766961
6,54,17335.324373
6,55,16892.898319
6,58,16732.564664
6,60,16327.534633
6,64,16058.928123
6,70,15562.757804
6,72,15382.482970
6,76,15289.795923
6,83,14862.815494
7,46,19567.027685
7,47,18647.129247
7,48,18538.887005
7,49,18534.340441
7,50,18330.882016
7,51,18170.310040
7,52,17401.557220
7,53,17097.658135
7,55,16892.898319
7,58,16713.104356
7,60,16327.534633
7,63,16081.439537
7,64,16058.928123
7,70,15562.757804
7,72,15382.482970
7,76,15289.795923
7,81,15284.114621
7,83,14862.815494
7,91,14641.039784
8,46,19009.943064
8,47,18647.129247
8,48,18393.712671
8,49,17963.275480
8,50,17803.655210
8,52,17401.557220
8,53,17097.658135
8,55,16892.898319
8,58,16713.104356
8,60,16327.534633
8,63,16081.439537
8,64,16058.928123
8,69,15861.171897
8,70,15562.757804
8,72,15382.482970
8,75,15342.513120
8,76,15289.795923
8,81,15284.114621
8,83,14862.815494
8,91,14641.039784
9,44,19145.112579
9,46,19009.943064
9,47,18647.129247
9,48,18221.717249
9,49,17915.810119
9,50,17803.655210
9,52,17401.557220
9,53,17097.658135
9,55,16892.898319
9,58,16651.317368
9,60,16327.534633
9,62,16200.684969
9,63,16081.439537
9,64,16058.928123
9,66,15996.031300
9,67,15573.976735
9,69,15468.928777
9,71,15347.500776
9,75,15266.737927
9,76,15043.764277
9,82,14842.413605
9,90,14532.502521
9,92,14445.780003
10,44,19145.112579
10,46,19009.943064
10,47,18647.129247
10,48,17997.250596
10,49,17886.915526
10,50,17803.655210
10,52,17401.557220
10,53,17097.658135
10,55,16892.898319
10,58,16651.317368
10,60,16327.534633
10,62,16176.712440
10,63,16042.163800
10,65,15825.387684
10,67,15573.976735
10,69,15468.928777
10,71,15347.500776
10,75,15266.737927
10,76,15043.764277
10,82,14842.413605
10,87,14789.513861
10,90,14532.502521
10,92,14445.780003
11,44,19145.112579
11,46,18918.085934
11,47,18442.859428
11,48,17997.250596
11,49,17886.915526
11,50,17803.655210
11,51,17738.792279
11,52,17401.557220
11,53,17097.658135
11,55,16892.898319
11,58,16641.656968
11,59,16448.005604
11,60,16327.534633
11,62,15826.431863
11,65,15825.387684
11,66,15539.728107
11,69,15458.909027
11,71,15327.599714
11,73,15210.416787
11,74,14945.859615
11,82,14826.352363
11,87,14666.721717
11,88,14664.687006
11,90,14513.126725
11,92,14420.612491
12,44,19145.112579
12,46,18918.085934
12,47,18301.463716
12,48,17997.250596
12,49,17798.306687
12,50,17767.137676
12,51,17738.792279
12,52,17401.557220
12,53,17097.658135
12,54,16915.872528
12,55,16892.898319
12,58,16534.731066
12,59,16402.880467
12,60,16163.257437
12,61,15994.924343
12,62,15826.431863
12,64,15793.026922
12,66,15539.728107
12,69,15458.909027
12,71,15319.212168
12,73,15210.416787
12,74,14945.859615
12,82,14826.352363
12,87,14666.721717
12,88,14664.687006
12,90,14513.126725
12,92,14420.612491
13,44,19145.112579
13,46,18918.085934
13,47,18301.463716
13,48,17746.675198
13,51,17738.792279
13,52,17401.557220
13,53,17097.658135
13,54,16015.902079
13,61,15994.924343
13,62,15826.431863
13,64,15793.026922
13,66,15539.728107
13,69,15201.698219
13,71,14795.320560
13,82,14684.309755
13,85,14569.510658
13,90,14290.055390
14,43,19379.215761
14,44,19145.112579
14,46,18310.541112
14,47,18152.086887
14,48,17677.554113
14,52,17401.557220
14,53,17097.658135
14,54,16015.902079
14,61,15994.924343
14,62,15826.431863
14,64,15793.026922
14,65,15743.226892
14,66,15539.728107
14,68,15237.835624
14,69,15188.087145
14,71,14795.320560
14,82,14684.309755
14,85,14569.510658
14,90,14290.055390
15,43,19379.215761
15,44,19145.112579
15,45,18794.393684
15,46,18095.894152
15,47,17952.714306
15,48,17677.554113
15,50,17554.331855
15,51,17087.442587
15,54,16015.902079
15,61,15965.252130
15,62,15577.932946
15,66,15539.728107
15,68,15070.393102
15,70,14694.478358
15,82,14684.309755
15,84,14511.788523
15,90,14263.580756
16,43,19379.215761
16,44,19145.112579
16,45,18794.393684
16,46,18095.894152
16,47,17952.714306
16,48,17419.360236
16,50,17387.944086
16,51,17087.442587
16,54,16015.902079
16,61,15965.252130
16,62,15577.932946
16,66,15539.728107
16,68,15070.393102
16,70,14694.478358
16,82,14684.309755
16,84,14511.788523
16,90,14263.580756
17,43,19379.215761
17,44,19145.112579
17,45,18666.656372
17,46,18095.894152
17,47,17952.714306
17,48,17419.360236
17,50,17387.944086
17,51,17087.442587
17,54,16015.902079
17,61,15965.252130
17,62,15577.932946
17,66,15539.728107
17,68,15070.393102
17,70,14694.478358
17,82,14684.309755
17,84,14511.788523
17,90,14263.580756
18,43,19379.215761
18,44,19145.112579
18,45,18666.656372
18,46,17751.877127
18,48,17419.360236
18,50,17387.944086
18,51,17087.442587
18,52,16752.546203
18,54,16015.902079
18,61,15965.252130
18,62,15577.932946
18,66,15539.728107
18,68,15070.393102
18,70,14694.478358
18,77,14561.822755
18,81,14542.477366
18,84,14511.788523
18,87,14468.857317
18,88,14450.820050
18,90,14263.580756
19,43,19379.215761
19,44,18919.495191
19,45,18666.656372
19,46,17751.877127
19,48,17419.360236
19,49,17226.921963
19,51,17087.442587
19,52,16752.546203
19,54,16015.902079
19,61,15965.252130
19,62,15577.932946
19,65,15563.685641
19,66,15539.728107
19,68,15070.393102
19,70,14694.478358
19,77,14561.822755
19,81,14542.477366
19,82,14493.605444
19,87,14468.857317
19,88,14450.820050
19,90,14263.580756
20,43,19379.215761
20,44,18919.495191
20,45,18625.736886
20,46,17751.877127
20,48,17415.199747
20,49,17226.921963
20,51,17087.442587
20,52,16752.546203
20,54,16015.902079
20,61,15965.252130
20,62,15577.932946
20,65,15093.646031
20,68,15070.393102
20,70,14694.478358
20,76,14652.943626
20,77,14561.822755
20,81,14542.477366
20,82,14493.605444
20,87,14468.857317
20,88,14450.820050
20,90,14263.580756
21,43,19379.215761
21,44,18919.495191
21,45,17901.992043
21,46,17751.877127
21,48,17415.199747
21,49,16434.493006
21,53,16231.620630
21,54,16015.902079
21,56,15957.361211
21,57,15862.042286
21,62,15577.932946
21,65,15093.646031
21,68,15070.393102
21,70,14694.478358
21,76,14652.943626
21,77,14561.822755
21,79,14484.033873
21,87,14353.885720
21,90,14263.580756
22,43,18941.027217
22,44,18919.495191
22,45,17901.992043
22,46,17751.877127
22,47,17510.503913
22,48,17343.625312
22,49,16434.493006
22,53,16231.620630
22,54,16015.902079
22,56,15957.361211
22,57,15862.042286
22,60,15458.470543
22,65,15093.646031
22,68,15070.393102
22,70,14694.478358
22,76,14652.943626
22,77,14561.822755
22,79,14484.033873
22,87,14353.885720
22,90,14263.580756
22,93,14230.299466
23,43,18941.027217
23,44,18743.220990
23,45,17901.992043
23,46,17751.877127
23,47,17510.503913
23,48,17322.399400
23,49,16434.493006
23,53,16231.620630
23,54,16015.902079
23,56,15957.361211
23,57,15862.042286
23,60,15458.470543
23,63,15103.336247
23,65,15045.121419
23,68,14804.933356
23,69,14558.053636
23,75,14538.455318
23,78,14336.775472
23,85,14273.181535
23,89,14207.629508
23,91,14119.504800
24,43,18941.027217
24,44,18743.220990
24,45,17901.992043
24,46,17751.877127
24,47,17429.878041
24,48,17185.346359
24,49,16434.493006
24,53,16231.620630
24,54,16015.902079
24,56,15957.361211
24,57,15862.042286
24,60,15458.470543
24,63,15103.336247
24,65,15045.121419
24,68,14804.933356
24,69,14558.053636
24,75,14446.819090
24,78,14336.775472
24,85,14273.181535
24,89,14207.629508
24,91,14119.504800
25,43,18941.027217
25,44,18743.220990
25,45,17901.992043
25,46,17751.877127
25,47,17429.878041
25,48,17155.031967
25,49,16434.493006
25,53,16231.620630
25,54,16015.902079
25,56,15957.361211
25,57,15862.042286
25,60,15458.470543
25,63,14797.121205
25,66,14397.308153
25,77,14272.285178
25,85,14242.959696
25,87,14168.054524
25,88,14089.224680
26,43,18869.550202
26,44,18743.220990
26,45,17901.992043
26,46,17741.162473
26,47,17429.878041
26,48,17155.031967
26,49,16434.493006
26,53,16231.620630
26,54,16015.902079
26,55,15968.509924
26,56,15957.361211
26,57,15862.042286
26,59,15651.288534
26,60,15458.470543
26,63,14797.121205
26,66,14397.308153
26,77,14272.285178
26,82,14242.748696
26,87,14168.054524
26,88,14089.224680
27,43,18869.550202
27,44,18743.220990
27,45,17760.798259
27,46,17334.480615
27,47,16974.337268
27,49,16434.493006
27,53,16231.620630
27,54,15917.308488
27,56,15555.952197
27,58,15482.886966
27,60,15382.836735
27,63,14704.314817
27,65,14386.911273
27,77,14021.810876
28,43,18869.550202
28,44,18059.317051
28,45,17760.798259
28,46,17334.480615
28,47,16974.337268
28,49,16434.493006
28,53,16231.620630
28,54,15917.308488
28,56,15555.952197
28,58,15482.886966
28,59,15312.269454
28,63,14704.314817
28,65,14386.911273
28,75,14042.697370
28,77,14021.810876
29,43,18721.756350
29,44,18059.317051
29,45,17709.707366
29,46,17334.480615
29,47,16974.337268
29,48,16901.442669
29,49,16434.493006
29,50,16315.138775
29,52,16221.009746
29,54,15748.322646
29,56,15476.225599
29,57,15207.875733
29,58,14940.048061
29,62,14850.362127
29,63,14691.968917
29,65,14328.721119
29,75,14042.697370
29,77,13971.344605
30,43,18721.756350
30,44,18059.317051
30,45,17486.746587
30,46,17334.480615
30,47,16974.337268
30,48,16901.442669
30,49,16434.493006
30,50,16315.138775
30,52,16221.009746
30,54,15748.322646
30,56,15476.225599
30,57,15207.875733
30,58,14940.048061
30,62,14850.362127
30,63,14691.968917
30,65,14328.721119
30,75,14042.697370
30,77,13971.344605
31,43,18721.756350
31,44,18059.317051
31,45,17438.751610
31,46,17334.480615
31,47,16974.337268
31,48,16901.442669
31,49,16434.493006
31,50,16315.138775
31,51,16207.092927
31,54,15693.295203
31,56,15421.587518
31,57,14926.154944
31,62,14811.887138
31,63,14565.235233
31,65,14267.971445
31,74,14017.223555
31,76,13916.594004
32,43,18721.756350
32,44,17692.842982
32,45,17314.211393
32,47,16974.337268
32,48,16901.442669
32,49,16434.493006
32,50,16315.138775
32,51,16207.092927
32,53,15977.116068
32,54,15693.295203
32,56,15421.587518
32,57,14926.154944
32,62,14811.887138
32,63,14565.235233
32,65,14267.971445
32,74,14017.223555
32,76,13916.594004
33,43,17893.682292
33,44,17692.842982
33,45,17314.211393
33,46,16738.452155
33,49,16434.493006
33,50,16289.702017
33,51,16207.092927
33,52,15902.703369
33,53,15612.163658
33,54,15562.310679
33,55,15326.165900
33,57,14862.766308
33,61,14762.250690
33,62,14551.338862
33,64,14258.113760
33,74,13963.157891
33,76,13867.247393
34,43,17893.682292
34,44,17129.520022
34,46,16738.452155
34,49,16434.493006
34,50,16289.702017
34,51,16207.092927
34,52,15902.703369
34,53,15612.163658
34,54,15562.310679
34,55,15326.165900
34,57,14862.766308
34,60,14678.475050
34,62,14551.338862
34,64,14258.113760
34,73,14201.359686
34,74,13963.157891
34,76,13867.247393
35,43,17893.682292
35,44,17129.520022
35,46,16738.452155
35,49,16434.493006
35,50,16289.702017
35,51,16186.359133
35,52,15902.703369
35,53,15612.163658
35,54,15261.036632
35,57,14862.766308
35,59,14656.744555
35,60,14631.008132
35,62,14551.338862
35,64,14246.006475
35,73,14201.359686
35,74,13915.507889
35,76,13762.627043
36,43,17831.181984
36,44,17129.520022
36,46,16738.452155
36,47,16470.865952
36,49,15608.937244
36,54,15261.036632
36,57,14862.766308
36,59,14656.744555
36,60,14631.008132
36,62,14551.338862
36,64,14246.006475
36,73,14201.359686
36,74,13915.507889
36,76,13762.627043
37,43,17831.181984
37,44,17129.520022
37,45,17001.158641
37,46,16738.452155
37,47,16470.865952
37,49,15608.937244
37,54,15020.180827
37,57,14797.684714
37,58,14582.936517
37,60,14581.076415
37,62,14513.775100
37,63,14148.741397
37,73,13896.330578
37,76,13762.627043
38,43,17831.181984
38,44,17129.520022
38,45,16822.891868
38,46,16738.452155
38,47,16470.865952
38,49,15608.937244
38,54,15020.180827
38,57,14797.684714
38,58,14582.936517
38,60,14581.076415
38,62,14513.775100
38,63,14148.741397
38,71,13874.308595
38,76,13762.627043
39,43,17831.181984
39,44,17129.520022
39,45,16822.891868
39,46,16738.452155
39,47,16470.865952
39,49,15255.619237
39,54,15020.180827
39,57,14416.229087
39,63,14083.609114
39,71,13816.775406
39,75,13711.765556
40,43,17831.181984
40,44,17129.520022
40,45,16822.891868
40,46,16738.452155
40,47,16269.880876
40,48,16008.927770
40,49,15255.619237
40,54,15020.180827
40,55,14599.377129
40,57,14416.229087
40,61,14306.140086
40,63,14083.609114
40,71,13816.775406
40,75,13711.765556
41,43,17831.181984
41,44,17129.520022
41,45,16822.891868
41,46,16738.452155
41,47,16189.336094
41,48,16008.927770
41,49,15255.619237
41,54,15004.240009
41,55,14489.245035
41,57,14416.229087
41,61,14151.734756
41,63,13999.682087
41,71,13811.950937
41,75,13689.378770
42,43,17808.333899
42,44,17129.520022
42,45,16822.891868
42,46,16738.452155
42,47,16189.336094
42,48,16008.927770
42,49,15255.619237
42,53,14874.677761
42,55,14489.245035
42,57,14416.229087
42,61,14151.734756
42,63,13999.682087
42,71,13811.950937
42,75,13689.378770
43,42,18097.410099
43,43,17808.333899
43,44,17129.520022
43,45,16822.891868
43,46,16738.452155
43,47,16189.336094
43,48,15247.011372
43,52,14717.837181
43,55,14469.441755
43,57,14382.054117
43,61,14137.240246
43,62,13909.688744
43,65,13867.356863
43,67,13765.913101
43,75,13639.397599
44,42,18095.612225
44,43,17808.333899
44,44,17129.520022
44,45,16822.891868
44,46,16738.452155
44,47,16189.336094
44,48,15247.011372
44,52,14717.837181
44,55,14469.441755
44,57,14382.054117
44,61,14137.240246
44,62,13909.688744
44,65,13867.356863
44,67,13765.913101
44,75,13639.397599
45,42,18083.967106
45,43,17808.333899
45,44,17129.520022
45,45,16822.891868
45,46,16738.452155
45,47,16189.336094
45,48,15247.011372
45,49,14787.047947
45,52,14605.454164
45,55,14368.535463
45,57,14204.028693
45,61,14137.240246
45,62,13900.917312
45,65,13867.356863
45,67,13765.913101
45,74,13566.051262
46,42,18083.967106
46,43,17808.333899
46,44,17129.520022
46,45,16822.891868
46,46,16139.675951
46,48,15247.011372
46,49,14787.047947
46,52,14605.454164
46,54,14560.839375
46,55,14368.535463
46,57,14204.028693
46,59,13964.728457
46,62,13900.917312
46,65,13867.356863
46,67,13765.913101
46,74,13566.051262
47,42,18083.967106
47,43,17772.590146
47,44,17129.520022
47,45,16822.891868
47,46,16139.675951
47,48,15247.011372
47,49,14787.047947
47,52,14509.247280
47,53,14330.604218
47,57,14150.356071
47,58,13943.021836
47,62,13870.507738
47,65,13855.583872
47,67,13754.875930
47,74,13552.237693
48,42,18083.967106
48,43,17229.259873
48,44,17129.520022
48,45,16822.891868
48,46,16139.675951
48,47,15957.414830
48,48,15247.011372
48,49,14787.047947
48,52,14509.247280
48,53,14330.604218
48,57,14150.356071
48,58,13943.021836
48,62,13870.507738
48,65,13855.583872
48,67,13754.875930
48,74,13552.237693
49,42,18083.967106
49,43,17229.259873
49,44,17129.520022
49,45,16822.891868
49,46,16139.675951
49,47,15957.414830
49,48,15247.011372
49,49,14787.047947
49,52,14509.247280
49,53,14330.604218
49,57,14150.356071
49,58,13943.021836
49,62,13870.507738
49,65,13855.583872
49,66,13819.340667
49,67,13754.875930
49,74,13552.237693
50,42,18083.967106
50,43,17229.259873
50,44,17129.520022
50,45,16822.891868
50,46,16139.675951
50,47,15230.867110
50,49,14787.047947
50,52,14509.247280
50,53,14330.604218
50,57,14150.356071
50,58,13943.021836
50,62,13870.507738
50,65,13717.882706
50,74,13552.237693
50,82,13549.672818
51,42,18012.074089
51,43,17045.695899
51,45,16822.891868
51,46,16139.675951
51,47,15230.867110
51,49,14787.047947
51,52,14509.247280
51,53,14330.604218
51,57,14150.356071
51,58,13943.021836
51,62,13870.507738
51,65,13717.882706
51,66,13701.497679
51,74,13552.237693
51,82,13549.672818
52,42,18012.074089
52,43,16781.386036
52,46,16139.675951
52,47,15230.867110
52,49,14787.047947
52,52,14509.247280
52,53,14330.604218
52,56,14149.518700
52,58,13933.380879
52,60,13842.581302
52,65,13717.882706
52,66,13692.300371
52,70,13655.479028
52,74,13550.944248
52,82,13547.057246
53,42,17052.902512
53,43,16781.386036
53,44,16737.395042
53,46,16139.675951
53,47,15230.867110
53,49,14787.047947
53,52,14509.247280
53,53,14330.604218
53,56,14149.518700
53,58,13933.380879
53,60,13842.581302
53,65,13717.882706
53,66,13692.300371
53,70,13655.479028
53,74,13550.944248
53,80,13496.813801
54,41,17015.297660
54,43,16781.386036
54,44,16556.458804
54,45,16361.756206
54,46,16139.675951
54,47,15230.867110
54,49,14787.047947
54,52,14509.247280
54,53,14330.604218
54,54,14209.831336
54,56,14148.488192
54,58,13908.671977
54,60,13834.313079
54,64,13647.448490
54,74,13492.771679
55,41,17015.297660
55,43,16781.386036
55,44,16446.147087
55,45,16361.756206
55,46,15950.870222
55,47,15230.867110
55,49,14787.047947
55,52,14509.247280
55,53,14330.604218
55,54,14209.831336
55,56,14148.488192
55,58,13875.766411
55,59,13798.973405
55,60,13787.642040
55,63,13782.300623
55,64,13647.448490
55,74,13492.771679
56,41,17015.297660
56,43,16781.386036
56,44,16446.147087
56,45,16217.844979
56,46,15950.870222
56,47,15230.867110
56,49,14787.047947
56,52,14509.247280
56,53,14330.604218
56,54,14209.831336
56,56,14148.488192
56,58,13826.776356
56,59,13705.127489
56,64,13611.178490
56,67,13591.795811
56,72,13438.334000
57,41,16856.921504
57,43,16781.386036
57,44,16446.147087
57,45,16217.844979
57,46,15908.176581
57,47,15113.747858
57,49,14787.047947
57,52,14509.247280
57,53,14330.604218
57,54,14209.831336
57,56,14148.488192
57,58,13826.776356
57,59,13705.127489
57,64,13611.178490
57,67,13591.795811
57,71,13577.177799
57,72,13438.334000
58,41,16856.921504
58,43,16781.386036
58,44,16446.147087
58,45,16217.844979
58,46,15908.176581
58,47,15113.747858
58,49,14787.047947
58,52,14312.908415
58,53,14196.522915
58,56,14076.512744
58,58,13807.142538
58,59,13668.214441
58,63,13568.726196
58,69,13547.545530
58,72,13432.618942
59,41,16856.921504
59,43,16641.704520
59,44,16446.147087
59,45,16143.796133
59,46,15908.176581
59,47,15113.747858
59,49,14787.047947
59,51,14763.016017
59,52,14312.908415
59,53,14196.522915
59,56,14076.512744
59,58,13807.142538
59,59,13668.214441
59,63,13568.726196
59,64,13539.754263
59,72,13432.618942
60,41,16856.921504
60,42,16852.743915
60,43,16608.849965
60,44,16446.147087
60,45,16143.796133
60,46,15908.176581
60,47,15113.747858
60,49,14787.047947
60,50,14671.020295
60,51,14257.100974
60,53,14112.915732
60,56,14042.368007
60,57,13792.973157
60,59,13662.011557
60,63,13568.726196
60,64,13516.406094
60,68,13469.507278
60,71,13376.393559
61,41,16856.921504
61,42,16760.087528
61,43,16431.406350
61,45,16143.796133
61,46,15381.497194
61,47,15113.747858
61,49,14787.047947
61,50,14671.020295
61,51,14257.100974
61,53,14112.915732
61,56,14042.368007
61,57,13792.973157
61,59,13662.011557
61,63,13568.726196
61,64,13516.406094
61,68,13469.507278
61,71,13376.393559
62,41,16856.921504
62,42,16647.460216
62,43,16431.406350
62,45,16143.796133
62,46,15381.497194
62,47,15113.747858
62,49,14787.047947
62,50,14667.812809
62,51,14050.655485
62,56,14042.368007
62,57,13789.303811
62,58,13653.150698
62,62,13561.966475
62,64,13516.406094
62,67,13373.972223
63,41,16856.921504
63,42,16516.800307
63,43,16431.406350
63,44,16344.969473
63,45,16143.796133
63,46,15381.497194
63,47,15113.747858
63,49,14787.047947
63,50,14667.812809
63,51,14050.655485
63,56,14042.368007
63,57,13789.303811
63,58,13653.150698
63,61,13630.853917
63,62,13561.966475
63,64,13516.406094
63,67,13373.972223
64,40,17973.838340
64,41,16856.921504
64,42,16516.800307
64,43,16431.406350
64,44,16344.969473
64,45,16143.796133
64,46,15381.497194
64,47,15113.747858
64,49,14727.756058
64,50,14538.826488
64,51,14039.317933
64,57,13782.035393
64,58,13653.150698
64,61,13620.960148
64,62,13547.746713
64,64,13499.370141
64,66,13361.788502
65,40,17848.081925
65,41,16855.845614
65,42,16516.800307
65,43,16431.406350
65,44,16344.969473
65,45,16143.796133
65,46,15121.545938
65,47,15113.747858
65,49,14727.756058
65,50,14538.826488
65,51,14039.317933
65,57,13782.035393
65,58,13653.150698
65,61,13620.960148
65,62,13547.746713
65,64,13499.370141
65,66,13361.788502
66,40,17848.081925
66,41,16855.845614
66,42,16504.170146
66,43,16090.859859
66,45,15007.825635
66,48,14718.951964
66,50,14492.493474
66,51,14039.317933
66,56,13975.698815
66,57,13543.822530
66,61,13523.713324
66,64,13492.296145
66,66,13360.270668
67,40,16988.574301
67,41,16826.065488
67,42,16504.170146
67,43,16090.859859
67,45,15007.825635
67,48,14718.951964
67,50,14492.493474
67,51,14039.317933
67,56,13975.698815
67,57,13543.822530
67,61,13523.713324
67,64,13492.296145
67,66,13360.270668
68,40,16861.468643
68,41,16660.368751
68,42,16504.170146
68,43,15901.185161
68,45,14899.307149
68,48,14543.946101
68,50,14490.072216
68,51,14039.317933
68,56,13475.324172
68,61,13443.095560
68,66,13360.270668
69,39,16953.907039
69,40,16688.060089
69,41,16660.368751
69,42,16409.936834
69,43,15901.185161
69,45,14899.307149
69,48,14543.946101
69,50,14490.072216
69,51,14039.317933
69,56,13475.324172
69,61,13443.095560
69,66,13360.270668
70,39,16953.907039
70,40,16688.060089
70,41,16365.626190
70,42,16300.720803
70,43,15759.708200
70,45,14893.708690
70,48,14543.946101
70,50,14426.312377
70,51,13845.430235
70,56,13474.304244
70,59,13398.517227
70,66,13338.725682
71,39,16953.907039
71,40,16688.060089
71,41,16365.626190
71,42,16300.720803
71,43,15759.708200
71,45,14893.708690
71,48,14543.946101
71,50,14426.312377
71,51,13845.430235
71,56,13474.304244
71,59,13398.517227
71,66,13338.725682
72,38,17626.513771
72,39,16831.852034
72,40,16592.189325
72,41,16365.626190
72,42,15720.954912
72,45,14857.724546
72,48,14543.946101
72,50,14426.312377
72,51,13795.991614
72,56,13447.489623
72,58,13359.377055
72,66,13337.453515
73,38,17626.513771
73,39,16831.852034
73,40,16592.189325
73,41,16365.626190
73,42,15720.954912
73,45,14857.724546
73,48,14543.946101
73,50,14426.312377
73,51,13795.991614
73,56,13447.489623
73,58,13359.377055
73,66,13337.453515
74,38,17626.513771
74,39,16831.852034
74,40,16592.189325
74,41,16365.626190
74,42,15679.329885
74,45,14819.153280
74,48,14480.533863
74,50,14405.336087
74,51,13795.991614
74,54,13424.723067
74,58,13359.377055
74,60,13328.332782
75,38,17626.513771
75,39,16748.325044
75,40,16588.084556
75,41,16365.626190
75,42,15679.329885
75,43,15658.769851
75,45,14819.153280
75,48,14480.533863
75,50,14405.336087
75,51,13795.991614
75,54,13424.723067
75,58,13359.377055
75,60,13328.332782
75,67,13326.768760
76,38,17626.513771
76,39,16637.737894
76,40,16584.106353
76,41,15565.066051
76,45,14679.113388
76,48,14480.533863
76,50,14405.336087
76,51,13762.351425
76,53,13392.455081
76,58,13334.893896
76,60,13307.701331
77,38,16693.940279
77,39,16637.737894
77,40,16584.106353
77,41,15565.066051
77,44,15559.084556
77,45,14679.113388
77,48,14480.533863
77,50,14405.336087
77,51,13762.351425
77,53,13392.455081
77,58,13332.045005
77,60,13307.701331
77,64,13297.909822
78,38,16693.940279
78,39,16354.706142
78,41,15485.871658
78,45,14679.113388
78,48,14480.533863
78,50,14391.894851
78,51,13747.590986
78,53,13376.323124
78,58,13321.884865
78,60,13307.701331
78,63,13239.765192
79,38,16693.940279
79,39,16354.706142
79,40,16353.946476
79,41,15485.871658
79,45,14679.113388
79,48,14480.533863
79,49,14436.661522
79,50,14391.894851
79,51,13711.296653
79,53,13376.323124
79,58,13321.884865
79,59,13316.980088
79,60,13307.701331
79,63,13239.765192
80,38,16693.940279
80,39,16354.706142
80,40,16353.946476
80,41,15269.163484
80,45,14677.713136
80,48,14416.189883
80,49,13755.273444
80,51,13618.371865
80,53,13354.525985
80,58,13294.270525
80,60,13290.185636
80,63,13222.350141
81,38,16693.940279
81,39,16354.706142
81,40,16115.554287
81,41,15269.163484
81,45,14677.713136
81,48,14416.189883
81,49,13755.273444
81,51,13618.371865
81,53,13354.525985
81,57,13301.641785
81,58,13294.270525
81,60,13290.185636
81,63,13222.350141
81,67,13214.188235
82,38,16693.940279
82,39,16354.706142
82,40,16085.562667
82,41,15269.163484
82,45,14627.056916
82,48,14369.244048
82,49,13755.273444
82,51,13603.396378
82,53,13318.566741
82,57,13301.641785
82,58,13288.326063
82,60,13265.848120
82,63,13222.350141
82,65,13211.580163
83,38,16693.940279
83,39,16354.706142
83,40,16085.562667
83,41,15269.163484
83,45,14627.056916
83,48,14369.244048
83,49,13755.273444
83,51,13603.396378
83,52,13387.974152
83,53,13318.566741
83,57,13301.641785
83,58,13288.326063
83,60,13265.848120
83,61,13257.690570
83,63,13222.350141
83,65,13211.580163
84,38,16652.639767
84,39,16354.706142
84,40,15446.806471
84,41,15269.163484
84,43,15242.398717
84,45,14627.056916
84,48,14369.244048
84,49,13699.576292
84,51,13378.116467
84,52,13260.213426
84,61,13249.458261
84,63,13222.350141
84,65,13203.136266
85,38,16652.639767
85,39,16354.706142
85,40,15446.806471
85,41,15269.163484
85,43,15242.398717
85,44,14742.358570
85,45,14627.056916
85,48,14369.244048
85,49,13699.576292
85,50,13691.965647
85,51,13378.116467
85,52,13260.213426
85,58,13249.495182
85,61,13210.078071
85,65,13203.136266
86,38,16652.639767
86,39,16354.706142
86,40,15446.806471
86,41,15269.163484
86,42,15101.182278
86,44,14355.073755
86,48,14323.869822
86,49,13647.002498
86,51,13377.168902
86,52,13232.282868
86,60,13162.223379
87,38,16652.639767
87,39,15846.972551
87,40,15427.152162
87,41,15185.076856
87,42,14925.512199
87,44,14355.073755
87,48,14323.869822
87,49,13647.002498
87,51,13377.168902
87,52,13232.282868
87,60,13162.223379
88,38,16652.639767
88,39,15772.716466
88,40,15348.388937
88,41,15059.833845
88,42,14908.216985
88,44,14355.073755
88,48,14303.636366
88,49,13618.552648
88,51,13377.168902
88,52,13223.983495
88,60,13150.370816
89,38,16652.639767
89,39,15772.716466
89,40,15348.388937
89,41,15059.833845
89,42,14908.216985
89,44,14355.073755
89,48,14303.636366
89,49,13618.552648
89,51,13377.168902
89,52,13223.983495
89,56,13221.075721
89,60,13150.370816
90,38,16652.639767
90,39,15579.350948
90,40,15348.388937
90,41,15059.833845
90,42,14699.575693
90,44,14293.531237
90,46,14073.087535
90,49,13618.552648
90,50,13502.106609
90,51,13346.058923
90,52,13222.798479
90,54,13114.894067
91,38,15937.181199
91,39,15485.810650
91,40,15348.388937
91,41,15059.833845
91,42,14699.575693
91,44,14293.531237
91,46,14073.087535
91,47,13987.463800
91,49,13618.552648
91,50,13502.106609
91,51,13346.058923
91,52,13222.798479
91,54,13114.894067
92,38,15937.181199
92,39,15485.810650
92,40,15348.388937
92,41,14683.526628
92,44,14293.531237
92,46,13996.405973
92,47,13889.871333
92,49,13614.728093
92,50,13472.996793
92,51,13345.675499
92,52,13222.798479
92,54,13077.181043
93,38,15599.923618
93,39,15485.810650
93,40,15216.452848
93,41,14683.526628
93,44,14293.531237
93,46,13996.405973
93,47,13889.871333
93,49,13614.728093
93,50,13472.996793
93,51,13345.675499
93,52,13222.798479
93,54,13077.181043
94,38,15599.923618
94,39,15364.204979
94,40,15131.146476
94,41,14676.750015
94,44,14225.031703
94,46,13923.016950
94,47,13726.921821
94,49,13614.728093
94,50,13335.672968
94,52,13215.835019
94,54,13058.632882
95,38,15370.246051
95,39,15364.204979
95,40,15131.146476
95,41,14676.750015
95,44,14225.031703
95,46,13923.016950
95,47,13726.921821
95,49,13614.728093
95,50,13335.672968
95,52,13215.835019
95,54,13058.632882
96,38,15370.246051
96,39,15129.410140
96,40,14639.109863
96,44,14225.031703
96,46,13905.523590
96,47,13708.201305
96,49,13614.725375
96,50,13327.241912
96,52,13194.885930
96,54,13047.385265
97,38,15370.246051
97,39,15129.410140
97,40,14639.109863
97,44,14225.031703
97,46,13905.523590
97,47,13708.201305
97,49,13485.873689
97,50,13327.241912
97,52,13194.885930
97,54,13047.385265
98,38,15220.645138
98,39,14940.410611
98,40,14613.059058
98,44,14185.052811
98,46,13896.979088
98,47,13684.706878
98,49,13452.285793
98,50,13287.530638
98,52,13192.518318
98,54,13017.528051
99,38,15220.645138
99,39,14940.410611
99,40,14613.059058
99,44,14185.052811
99,46,13896.979088
99,47,13684.706878
99,49,13452.285793
99,50,13287.530638
99,51,13254.351121
99,52,13008.330450
100,37,16317.122830
100,38,15161.330770
100,39,14908.400840
100,40,14563.966200
100,44,14184.191372
100,46,13896.979088
100,47,13684.706878
100,49,13255.387805
100,51,13249.842711
100,52,13006.350396
101,37,15706.419545
101,38,15161.330770
101,39,14908.400840
101,40,14563.966200
101,43,14533.017649
101,44,14184.191372
101,46,13896.979088
101,47,13684.706878
101,48,13638.603770
101,49,13255.387805
101,51,13249.842711
101,52,13006.350396
102,37,15706.419545
102,38,15161.330770
102,39,14908.400840
102,40,14561.061967
102,43,14418.236097
102,44,14184.191372
102,46,13896.979088
102,47,13660.994181
102,48,13504.778358
102,49,13221.620235
102,52,12924.780808
103,37,15706.419545
103,38,15161.330770
103,39,14908.400840
103,40,14561.061967
103,43,14418.236097
103,44,14184.191372
103,46,13896.979088
103,47,13660.994181
103,48,13504.778358
103,49,13221.620235
103,52,12924.780808
104,37,15706.419545
104,38,15161.330770
104,39,14890.192798
104,40,14445.855143
104,43,14380.846541
104,44,14073.095806
104,46,13886.726891
104,47,13603.855171
104,48,13449.153507
104,49,13105.736741
104,52,12924.780808
104,53,12860.680622
105,37,15706.419545
105,38,15106.105608
105,39,14890.192798
105,40,14445.855143
105,43,14380.846541
105,44,14073.095806
105,46,13886.726891
105,47,13603.855171
105,48,13449.153507
105,49,13105.736741
105,52,12924.780808
105,53,12860.680622
106,36,15574.523320
106,38,15106.105608
106,39,14799.224004
106,40,14361.673973
106,44,14073.095806
106,45,13807.110599
106,47,13577.417003
106,48,13449.153507
106,49,13103.836298
106,52,12920.167566
106,53,12859.728963
107,36,15574.523320
107,37,15522.561060
107,38,15106.105608
107,39,14435.964839
107,40,14361.673973
107,44,14073.095806
107,45,13807.110599
107,47,13577.417003
107,48,13449.153507
107,49,13103.836298
107,50,13050.625055
107,52,12920.167566
107,53,12859.728963
108,36,15574.523320
108,37,15276.330963
108,38,15106.105608
108,39,14435.964839
108,40,14361.673973
108,43,14333.743830
108,44,14051.071768
108,45,13802.714039
108,47,13547.728768
108,48,13399.335443
108,49,13091.674914
108,50,13036.116383
108,51,12998.773649
108,52,12908.121093
108,53,12859.728963
108,54,12818.441205
109,36,15574.523320
109,37,15276.330963
109,38,15106.105608
109,39,14435.964839
109,40,14361.673973
109,43,14333.743830
109,44,14051.071768
109,45,13802.714039
109,47,13547.728768
109,48,13399.335443
109,49,13091.674914
109,50,13036.116383
109,51,12998.773649
109,52,12908.121093
109,53,12859.728963
109,54,12755.309596
110,36,15574.523320
110,37,15276.330963
110,38,15039.914542
110,39,14435.964839
110,40,14361.673973
110,43,14333.743830
110,44,14004.961865
110,45,13802.714039
110,47,13523.350563
110,48,13301.853482
110,49,13091.674914
110,50,13031.462375
110,51,12974.466483
110,52,12884.502371
110,53,12859.728963
110,54,12729.654097
111,36,15281.551547
111,37,14987.639280
111,39,14435.964839
111,40,14361.673973
111,43,14333.743830
111,44,14004.961865
111,45,13802.714039
111,46,13485.008656
111,48,13301.853482
111,49,13091.674914
111,50,13031.462375
111,51,12974.466483
111,52,12884.502371
111,53,12859.728963
111,54,12729.654097
112,36,15096.113094
112,37,14987.639280
112,39,14435.964839
112,40,14361.673973
112,43,14333.743830
112,44,14004.961865
112,45,13748.923261
112,46,13392.852171
112,48,13296.634607
112,49,13091.674914
112,50,13023.532758
112,51,12974.466483
112,52,12884.502371
112,53,12844.929844
112,54,12727.133432
113,36,15096.113094
113,37,14987.639280
113,38,14906.016641
113,39,14435.964839
113,40,14361.673973
113,42,14226.811363
113,44,14004.961865
113,45,13748.923261
113,46,13392.852171
113,48,13296.634607
113,49,13091.674914
113,50,13023.532758
113,51,12974.466483
113,52,12884.502371
113,53,12844.929844
113,54,12727.133432
114,36,15096.113094
114,37,14987.639280
114,38,14906.016641
114,39,14435.964839
114,40,14361.673973
114,41,14294.396578
114,42,14226.811363
114,44,14004.384155
114,45,13738.511681
114,46,13250.427753
114,49,13043.264132
114,50,13016.074469
114,51,12961.539919
114,52,12882.567713
114,53,12805.008990
114,54,12702.735067
115,36,15096.113094
115,37,14987.639280
115,38,14906.016641
115,39,14435.964839
115,40,14361.673973
115,41,14294.396578
115,42,14226.811363
115,44,14004.384155
115,45,13738.511681
115,46,13250.427753
115,49,13043.264132
115,50,13016.074469
115,51,12961.539919
115,52,12882.567713
115,53,12805.008990
115,54,12702.735067
116,36,15096.113094
116,37,14987.639280
116,38,14906.016641
116,39,14435.964839
116,40,14361.673973
116,41,14255.408097
116,42,14226.811363
116,44,14000.172132
116,45,13738.511681
116,46,13187.322582
116,48,13007.965288
116,51,12961.539919
116,52,12866.852200
116,53,12697.982931
117,36,15096.113094
117,37,14987.639280
117,38,14906.016641
117,39,14435.964839
117,40,14361.673973
117,41,14255.408097
117,42,14226.811363
117,44,14000.172132
117,45,13738.511681
117,46,13187.322582
117,47,13128.583829
117,48,13007.965288
117,51,12961.539919
117,52,12866.852200
117,53,12697.982931
118,36,15096.113094
118,37,14987.639280
118,38,14620.624548
118,39,14435.964839
118,40,14361.673973
118,41,14255.408097
118,42,14212.562485
118,44,14000.172132
118,45,13738.511681
118,46,13187.322582
118,47,13102.791851
118,48,12978.206844
118,50,12920.884110
118,52,12866.852200
118,53,12693.009176
119,36,15096.113094
119,37,14987.639280
119,38,14620.624548
119,39,14435.964839
119,40,14266.445517
119,41,14226.065612
119,42,14212.562485
119,44,14000.172132
119,45,13738.511681
119,46,13187.322582
119,47,13102.791851
119,48,12978.206844
119,50,12920.884110
119,52,12866.852200
119,53,12693.009176
120,36,15096.113094
120,37,14987.639280
120,38,14613.607826
120,39,14435.964839
120,40,14266.445517
120,41,14226.065612
120,42,14212.562485
120,44,13998.672788
120,45,13117.414130
120,47,13082.338550
120,48,12978.206844
120,50,12920.884110
120,52,12866.795585
120,53,12690.134771
121,36,15096.113094
121,37,14987.639280
121,38,14613.607826
121,39,14435.964839
121,40,14266.445517
121,41,14226.065612
121,42,14212.562485
121,43,14162.670897
121,44,13484.602361
121,45,13117.414130
121,47,13082.338550
121,48,12978.206844
121,50,12920.884110
121,52,12866.795585
121,53,12690.134771
121,57,12688.068262
122,36,15096.113094
122,37,14987.639280
122,38,14613.607826
122,39,14435.964839
122,40,14266.445517
122,41,14226.065612
122,42,14173.306625
122,43,14162.670897
122,44,13253.924910
122,45,13108.970913
122,47,13057.565605
122,48,12972.791858
122,50,12920.884110
122,52,12844.975141
122,53,12690.134771
122,57,12686.817800
123,36,15096.113094
123,37,14948.624484
123,38,14613.607826
123,39,14435.964839
123,40,14266.445517
123,41,14226.065612
123,42,14173.306625
123,43,14105.060527
123,44,13253.924910
123,45,13108.970913
123,47,13057.565605
123,48,12972.791858
123,49,12932.799575
123,50,12920.884110
123,52,12844.975141
123,53,12690.134771
123,57,12686.817800
124,36,15096.113094
124,37,14948.624484
124,38,14613.607826
124,39,14435.964839
124,40,14266.445517
124,41,14226.065612
124,42,14106.083121
124,43,14105.060527
124,44,13208.136242
124,45,13106.770924
124,47,12993.739979
124,48,12845.609428
124,52,12838.233663
124,53,12664.930517
125,36,15096.113094
125,37,14744.714198
125,38,14613.607826
125,39,14435.964839
125,40,14266.445517
125,41,14180.806909
125,42,13944.834553
125,44,13208.136242
125,45,13106.770924
125,47,12993.739979
125,48,12845.609428
125,52,12838.233663
125,53,12664.930517
126,36,15096.113094
126,37,14744.714198
126,38,14613.607826
126,39,14396.081092
126,40,14042.383912
126,42,13702.510011
126,44,13055.289462
126,47,12984.534017
126,48,12800.858798
126,50,12681.490772
126,53,12646.297691
127,36,15096.113094
127,37,14744.714198
127,38,14613.607826
127,39,14396.081092
127,40,14042.383912
127,42,13702.510011
127,44,13055.289462
127,47,12984.534017
127,48,12800.858798
127,50,12681.490772
127,52,12669.655086
127,53,12646.297691
128,36,15096.113094
128,37,14744.714198
128,38,14613.607826
128,39,14380.044021
128,40,14042.383912
128,42,13638.375204
128,44,13055.289462
128,45,12990.480320
128,47,12984.291774
128,48,12800.858798
128,50,12681.490772
128,51,12644.914985
128,52,12629.055326
129,36,15096.113094
129,37,14744.714198
129,38,14613.607826
129,39,14380.044021
129,40,14042.383912
129,42,13638.375204
129,44,13055.289462
129,45,12990.480320
129,47,12959.263906
129,48,12800.858798
129,50,12681.490772
129,51,12644.914985
129,52,12629.055326
130,36,15096.113094
130,37,14744.714198
130,38,14613.607826
130,39,14373.499274
130,40,14042.383912
130,42,13638.375204
130,44,13055.289462
130,45,12980.732951
130,47,12951.820016
130,48,12796.470827
130,50,12681.490772
130,51,12644.914985
130,52,12629.055326
131,36,15096.113094
131,37,14744.714198
131,38,14567.071211
131,39,14373.499274
131,40,14042.383912
131,42,13638.375204
131,44,13055.289462
131,45,12980.732951
131,47,12951.820016
131,48,12796.470827
131,50,12681.490772
131,51,12644.914985
131,52,12629.055326
131,54,12622.829488
132,36,15096.113094
132,37,14679.936914
132,38,14567.071211
132,39,14373.499274
132,40,14020.866530
132,42,13638.375204
132,44,13040.468198
132,45,12952.606095
132,47,12949.286543
132,48,12794.897162
132,50,12681.490772
132,51,12642.223560
132,52,12627.407075
132,53,12595.850422
133,36,15096.113094
133,37,14679.936914
133,38,14567.071211
133,39,14373.499274
133,40,14020.866530
133,42,13638.375204
133,44,13040.468198
133,45,12952.606095
133,47,12949.286543
133,48,12794.897162
133,50,12681.490772
133,51,12642.223560
133,52,12627.407075
133,53,12595.850422
134,35,15480.203217
134,36,14783.013039
134,37,14679.936914
134,38,14567.071211
134,39,14366.932060
134,40,13911.170384
134,42,13623.614493
134,43,13032.672592
134,45,12943.304134
134,47,12888.438003
134,48,12794.386976
134,50,12681.490772
134,51,12602.659507
134,53,12593.965882
135,35,15480.203217
135,36,14783.013039
135,37,14679.936914
135,38,14557.464896
135,39,14366.932060
135,40,13911.170384
135,42,13623.614493
135,43,13032.672592
135,45,12943.304134
135,47,12888.438003
135,48,12794.386976
135,50,12681.490772
135,51,12602.659507
135,53,12593.965882
136,35,15173.512988
136,36,14783.013039
136,37,14679.936914
136,38,14557.464896
136,39,14325.058661
136,40,13900.199372
136,42,13604.171427
136,43,13029.579906
136,45,12943.304134
136,47,12843.150764
136,48,12786.231708
136,50,12681.490772
136,51,12558.596988
137,35,14830.268628
137,36,14783.013039
137,37,14522.894937
137,38,14502.293927
137,39,14325.058661
137,40,13900.199372
137,42,13604.171427
137,43,13029.579906
137,44,12989.765230
137,45,12943.304134
137,47,12843.150764
137,48,12786.231708
137,50,12681.490772
137,51,12558.596988
138,35,14830.268628
138,36,14687.973642
138,37,14522.894937
138,38,14502.293927
138,39,14244.704312
138,40,13882.444700
138,42,13527.050962
138,43,13029.245844
138,44,12987.147959
138,45,12943.304134
138,47,12787.125880
138,48,12784.521119
138,50,12681.490772
138,51,12557.965515
139,35,14830.268628
139,36,14687.973642
139,37,14442.623249
139,39,14244.704312
139,40,13882.444700
139,42,13527.050962
139,43,13029.245844
139,44,12987.147959
139,45,12943.304134
139,47,12787.125880
139,48,12784.521119
139,50,12681.490772
139,51,12557.965515
140,35,14830.268628
140,36,14504.297893
140,37,14442.623249
140,38,14271.001212
140,39,14228.317673
140,40,13859.802775
140,42,13527.050962
140,43,12993.874701
140,44,12987.147959
140,45,12931.297357
140,47,12785.988111
140,48,12784.521119
140,50,12681.490772
140,51,12555.825082
141,35,14830.268628
141,36,14504.297893
141,37,14442.623249
141,38,14271.001212
141,39,14228.317673
141,40,13859.802775
141,42,13527.050962
141,43,12993.874701
141,44,12987.147959
141,45,12931.297357
141,47,12785.988111
141,48,12784.521119
141,50,12681.490772
141,51,12555.825082
142,35,14830.268628
142,36,14504.297893
142,37,14442.623249
142,38,14271.001212
142,39,14220.256967
142,40,13839.760969
142,41,13496.765462
142,43,12971.181223
142,44,12920.948511
142,47,12769.829125
142,50,12555.570053
143,34,15955.549895
143,35,14830.268628
143,36,14490.212187
143,37,14442.623249
143,38,14271.001212
143,39,14220.256967
143,40,13839.760969
143,41,13496.765462
143,43,12971.181223
143,44,12920.948511
143,47,12769.829125
143,50,12555.570053
144,34,15955.549895
144,35,14302.674303
144,38,14256.539068
144,39,14053.635583
144,40,13838.044608
144,41,13496.765462
144,43,12970.137690
144,44,12918.032334
144,47,12763.626155
144,50,12555.570053
145,34,15955.549895
145,35,14302.674303
145,38,14256.539068
145,39,14053.635583
145,40,13838.044608
145,41,13496.765462
145,43,12970.137690
145,44,12918.032334
145,47,12763.626155
145,50,12555.570053
146,34,14283.337399
146,38,14256.539068
146,39,14052.480011
146,40,13837.337771
146,41,13496.246366
146,42,13043.858683
146,43,12965.807832
146,44,12897.025866
146,47,12746.327551
146,50,12555.570053
147,34,14283.337399
147,35,14226.516927
147,39,14052.480011
147,40,13837.337771
147,41,13496.246366
147,42,13043.858683
147,43,12965.807832
147,44,12897.025866
147,47,12746.327551
147,50,12555.570053
148,34,14275.318227
148,35,14207.883556
148,39,14031.571680
148,40,13493.553611
148,42,13043.858683
148,43,12965.614593
148,44,12896.590149
148,47,12737.338821
148,50,12554.278191
149,34,14275.318227
149,35,14207.883556
149,39,13657.651473
149,40,13493.553611
149,42,13043.858683
149,43,12965.614593
149,44,12896.590149
149,47,12737.338821
149,50,12554.278191
150,34,14252.803317
150,35,14129.067574
150,39,13482.353341
150,40,13390.270018
150,42,13003.436988
150,43,12936.546808
150,44,12880.863865
150,47,12737.338821
150,50,12549.111445
151,34,14252.803317
151,35,14129.067574
151,39,13482.353341
151,40,13390.270018
151,42,13003.436988
151,43,12936.546808
151,44,12880.863865
151,47,12737.338821
151,50,12549.111445
152,34,14220.191813
152,35,14122.757078
152,39,13482.353341
152,40,13390.270018
152,41,13089.479338
152,42,12963.865682
152,43,12922.968614
152,44,12880.863865
152,47,12722.004968
152,50,12549.111445
153,34,14220.191813
153,35,14122.757078
153,39,13482.353341
153,40,13390.270018
153,41,13089.479338
153,42,12963.865682
153,43,12922.968614
153,44,12880.863865
153,47,12722.004968
153,50,12549.111445
154,34,14110.677060
154,39,13475.951179
154,40,13282.399689
154,41,13089.479338
154,42,12963.148452
154,43,12922.968614
154,44,12880.671454
154,47,12722.004968
154,50,12516.754249
155,34,14110.677060
155,39,13475.951179
155,40,13282.399689
155,41,13089.479338
155,42,12963.148452
155,43,12922.968614
155,44,12880.671454
155,47,12722.004968
155,50,12516.754249
156,34,14110.677060
156,36,14087.028912
156,39,13469.884500
156,40,13282.399689
156,41,13064.558970
156,42,12963.148452
156,43,12911.432176
156,44,12880.659527
156,46,12852.697581
156,47,12720.775793
156,50,12497.130161
157,34,14110.677060
157,36,14087.028912
157,39,13469.884500
157,40,13282.399689
157,41,13064.558970
157,42,12963.148452
157,43,12911.432176
157,44,12880.659527
157,46,12852.697581
157,47,12720.775793
157,50,12497.130161
158,34,14110.677060
158,36,14079.710444
158,38,13956.146495
158,39,13469.577972
158,40,13282.399689
158,41,13062.476526
158,42,12918.900023
158,43,12801.318093
158,47,12698.343143
158,50,12497.130161
159,33,14650.281778
159,34,14085.418814
159,36,14079.710444
159,38,13956.146495
159,39,13469.577972
159,40,13282.399689
159,41,13062.476526
159,42,12918.900023
159,43,12801.318093
159,44,12795.104701
159,47,12698.343143
159,50,12497.130161
160,33,14650.281778
160,34,14085.418814
160,36,13927.652890
160,39,13402.418425
160,40,13282.399689
160,41,13057.160468
160,42,12908.065631
160,43,12801.318093
160,44,12795.104701
160,47,12698.343143
160,50,12497.130161
161,33,14375.439953
161,34,14085.418814
161,36,13927.652890
161,39,13402.418425
161,40,13282.399689
161,41,13057.160468
161,42,12908.065631
161,43,12801.318093
161,44,12795.104701
161,47,12698.343143
161,50,12497.130161
162,33,14375.439953
162,34,14085.418814
162,36,13859.672557
162,39,13219.076670
162,41,12901.367299
162,43,12801.318093
162,44,12795.104701
162,47,12694.355287
162,50,12493.477385
163,33,14375.439953
163,34,14085.418814
163,35,14022.363691
163,36,13859.672557
163,39,13219.076670
163,41,12901.367299
163,43,12801.318093
163,44,12795.104701
163,47,12694.355287
163,50,12493.477385
164,33,14232.265843
164,34,14077.082419
164,35,13956.762758
164,36,13859.672557
164,39,13204.972342
164,41,12837.921417
164,43,12801.318093
164,44,12794.484174
164,45,12743.930622
164,47,12694.355287
164,50,12492.754460
165,33,14232.265843
165,34,14077.082419
165,35,13956.762758
165,36,13859.672557
165,37,13836.032889
165,39,13204.972342
165,41,12837.921417
165,43,12801.318093
165,44,12769.956011
165,45,12743.930622
165,47,12631.411824
165,50,12492.754460
166,33,14114.068320
166,34,14077.082419
166,35,13956.762758
166,36,13841.952802
166,37,13762.305560
166,39,13201.456458
166,41,12837.921417
166,43,12801.318093
166,44,12769.956011
166,45,12741.740967
166,47,12631.411824
166,50,12492.754460
167,33,14114.068320
167,34,14077.082419
167,35,13956.762758
167,36,13841.952802
167,37,13762.305560
167,39,13201.456458
167,41,12837.921417
167,43,12801.318093
167,44,12769.956011
167,45,12741.740967
167,47,12631.411824
167,50,12492.754460
168,33,14114.068320
168,34,14077.082419
168,35,13956.762758
168,36,13841.952802
168,37,13762.305560
168,38,13738.618287
168,39,13201.456458
168,41,12837.921417
168,43,12801.318093
168,44,12755.941324
168,45,12731.941187
168,47,12627.227455
168,50,12491.982481
169,33,14114.068320
169,34,14077.082419
169,35,13884.743324
169,36,13790.334826
169,37,13762.305560
169,38,13738.618287
169,39,13201.456458
169,41,12837.921417
169,43,12801.318093
169,44,12755.941324
169,45,12731.941187
169,47,12627.227455
169,50,12491.982481
170,33,14114.068320
170,34,14077.082419
170,35,13707.391734
170,39,13177.689771
170,41,12837.921417
170,43,12801.318093
170,44,12744.168542
170,45,12731.941187
170,47,12627.173749
170,50,12491.968451
171,33,14114.068320
171,34,14046.194471
171,35,13707.391734
171,38,13550.874508
171,39,13177.689771
171,41,12837.921417
171,43,12801.318093
171,44,12744.168542
171,45,12731.941187
171,47,12627.173749
171,50,12491.968451
172,33,14063.312399
172,34,14046.194471
172,35,13695.139865
172,38,13546.887531
172,39,13146.721560
172,41,12837.921417
172,43,12801.318093
172,44,12741.650285
172,45,12731.941187
172,46,12714.412930
172,47,12627.086295
172,50,12489.525603
173,33,14063.312399
173,34,14046.194471
173,35,13695.139865
173,38,13546.887531
173,39,13146.721560
173,41,12837.921417
173,43,12801.318093
173,44,12741.650285
173,45,12731.941187
173,46,12714.412930
173,47,12627.086295
173,50,12489.525603
174,33,14063.312399
174,34,13677.969291
174,38,13530.784527
174,39,13146.721560
174,41,12823.260620
174,43,12801.011565
174,44,12732.590639
174,45,12728.430551
174,46,12685.001926
174,47,12613.862332
174,50,12484.115330
175,32,14741.845823
175,33,14063.312399
175,34,13677.969291
175,38,13530.784527
175,39,13146.721560
175,41,12823.260620
175,43,12801.011565
175,44,12732.590639
175,45,12728.430551
175,46,12685.001926
175,47,12613.862332
175,50,12484.115330
176,32,14741.845823
176,33,14063.312399
176,34,13677.969291
176,38,13530.784527
176,39,13119.396499
176,41,12815.548550
176,43,12792.806872
176,44,12731.999147
176,45,12682.601617
176,47,12610.406374
176,49,12558.290142
176,50,12481.088426
177,32,14741.845823
177,33,14063.312399
177,34,13677.969291
177,38,13530.784527
177,39,13119.396499
177,41,12815.548550
177,43,12792.806872
177,44,12703.441085
177,45,12682.601617
177,47,12610.406374
177,49,12558.290142
177,50,12481.088426
178,32,14741.845823
178,33,14063.312399
178,34,13672.643645
178,38,13528.024272
178,39,13119.396499
178,41,12806.480900
178,43,12781.899989
178,44,12703.396528
178,45,12667.452860
178,47,12610.406374
178,49,12480.276943
179,32,14741.845823
179,33,13986.477450
179,34,13672.643645
179,37,13593.574253
179,38,13528.024272
179,39,13119.396499
179,41,12806.480900
179,43,12781.899989
179,44,12703.396528
179,45,12649.484216
179,47,12610.406374
179,49,12480.276943
180,32,14741.845823
180,33,13831.270068
180,34,13672.643645
180,36,13583.200856
180,38,13482.091121
180,39,13089.098095
180,41,12802.444131
180,43,12777.322192
180,44,12698.571852
180,45,12649.484216
180,47,12608.281994
180,49,12477.840839
181,32,14741.845823
181,33,13831.270068
181,34,13672.643645
181,35,13608.767250
181,36,13583.200856
181,38,13482.091121
181,39,13089.098095
181,40,13077.795310
181,41,12802.444131
181,43,12777.322192
181,44,12698.571852
181,45,12649.484216
181,47,12608.281994
181,49,12477.840839
182,32,14741.845823
182,33,13831.270068
182,34,13672.643645
182,35,13608.767250
182,36,13567.230797
182,38,13481.340499
182,39,13069.048950
182,40,13051.416673
182,41,12802.444131
182,43,12737.450268
182,44,12680.407937
182,45,12648.516246
182,47,12599.711450
182,49,12474.895009
183,32,14741.845823
183,33,13831.270068
183,34,13672.643645
183,35,13608.767250
183,36,13567.230797
183,38,13481.340499
183,39,13069.048950
183,40,13051.416673
183,41,12802.444131
183,42,12754.086009
183,43,12710.357107
183,44,12680.407937
183,45,12648.516246
183,47,12599.711450
183,49,12474.895009
184,32,14741.845823
184,33,13831.270068
184,34,13672.643645
184,35,13608.767250
184,36,13567.230797
184,38,13481.340499
184,39,13069.048950
184,40,13051.211008
184,41,12797.975702
184,42,12754.086009
184,43,12709.836440
184,44,12678.695457
184,45,12645.323908
184,47,12599.711450
184,49,12474.895009
185,32,14741.845823
185,33,13831.270068
185,34,13672.643645
185,35,13608.767250
185,36,13567.230797
185,38,13476.912291
185,39,13069.048950
185,40,13051.211008
185,41,12797.975702
185,42,12754.086009
185,43,12709.836440
185,44,12678.695457
185,45,12645.323908
185,47,12599.711450
185,49,12474.895009
186,32,14741.845823
186,33,13831.270068
186,34,13672.643645
186,35,13608.767250
186,36,13567.230797
186,38,13475.055861
186,39,13062.988180
186,40,13041.050559
186,41,12786.073974
186,42,12735.112812
186,43,12696.025943
186,44,12678.695457
186,45,12645.323908
186,47,12594.938722
186,49,12474.895009
187,32,14263.284506
187,33,13831.270068
187,34,13672.643645
187,35,13608.767250
187,36,13567.230797
187,38,13475.055861
187,39,13062.988180
187,40,13041.050559
187,41,12786.073974
187,42,12735.112812
187,43,12696.025943
187,44,12678.695457
187,45,12645.323908
187,47,12594.938722
187,48,12579.649519
187,49,12474.895009
188,32,14263.284506
188,33,13831.270068
188,34,13672.643645
188,35,13608.767250
188,36,13567.230797
188,38,13475.055861
188,39,13062.988180
188,40,13041.050559
188,41,12779.120855
188,42,12735.112812
188,43,12672.272495
188,45,12616.059426
188,46,12610.734868
188,47,12426.853532
189,32,13869.596772
189,33,13831.270068
189,34,13672.643645
189,35,13608.767250
189,36,13567.230797
189,37,13456.441686
189,39,13062.988180
189,40,13041.050559
189,41,12779.120855
189,42,12735.112812
189,43,12672.272495
189,44,12605.502402
189,47,12426.853532
190,32,13869.596772
190,33,13831.270068
190,34,13672.643645
190,35,13608.369079
190,36,13567.230797
190,37,13444.373148
190,39,13040.829767
190,40,13020.961396
190,41,12719.600705
190,43,12610.793398
190,44,12597.217589
190,47,12385.082345
191,32,13869.596772
191,33,13831.270068
191,34,13672.643645
191,35,13608.369079
191,36,13567.230797
191,37,13444.373148
191,39,13040.829767
191,40,13020.961396
191,41,12719.600705
191,43,12610.793398
191,44,12597.217589
191,47,12385.082345
192,32,13869.596772
192,33,13791.921818
192,34,13669.806731
192,35,13472.578294
192,37,13420.056022
192,39,12949.897170
192,41,12719.600705
192,43,12610.793398
192,44,12596.711956
192,47,12385.082345
193,32,13869.596772
193,33,13664.631056
193,34,13547.137062
193,35,13472.578294
193,37,13420.056022
193,38,13357.815579
193,39,12949.897170
193,41,12719.600705
193,43,12610.793398
193,44,12596.711956
193,47,12385.082345
194,32,13612.830021
194,34,13530.528958
194,35,13472.578294
194,37,13420.056022
194,38,13357.815579
194,39,12709.061370
194,43,12606.568053
194,44,12578.141858
194,47,12385.023579
195,32,13612.830021
195,34,13530.528958
195,35,13472.578294
195,37,13420.056022
195,38,13357.815579
195,39,12709.061370
195,43,12606.568053
195,44,12578.141858
195,47,12385.023579
196,32,13601.868030
196,34,13449.302324
196,37,13410.290266
196,38,13357.815579
196,39,12703.068294
196,43,12596.946370
196,44,12577.629721
196,45,12566.546873
196,47,12385.023579
197,32,13485.789036
197,34,13449.302324
197,37,13410.290266
197,38,13357.815579
197,39,12703.068294
197,43,12588.176574
197,44,12577.629721
197,45,12566.546873
197,47,12385.023579
198,32,13459.567838
198,34,13447.951440
198,37,13397.627380
198,38,13357.815579
198,39,12680.184392
198,43,12572.547242
198,45,12563.954786
198,47,12385.023579
199,32,13459.567838
199,34,13447.951440
199,36,13444.879842
199,37,13397.627380
199,38,13357.815579
199,39,12680.184392
199,42,12597.714248
199,43,12572.547242
199,45,12563.954786
199,47,12385.023579
200,32,13386.339518
200,38,13357.815579
200,39,12668.074708
200,42,12587.123330
200,43,12572.547242
200,45,12563.954786
200,47,12385.023579
201,32,13386.339518
201,38,13357.815579
201,39,12668.074708
201,42,12587.123330
201,43,12572.547242
201,45,12563.954786
201,47,12385.023579
202,32,13299.164189
202,39,12668.074708
202,42,12587.123330
202,43,12567.350313
202,45,12563.954786
202,47,12358.353683
203,32,13299.164189
203,39,12668.074708
203,42,12587.123330
203,43,12567.350313
203,44,12563.996451
203,45,12563.954786
203,47,12358.353683
204,32,13268.767590
204,39,12662.026332
204,42,12587.123330
204,43,12567.320966
204,44,12543.719077
204,45,12541.367218
204,47,12353.321337
205,32,13268.767590
205,39,12662.026332
205,42,12587.123330
205,43,12567.320966
205,44,12543.719077
205,45,12541.367218
205,47,12353.321337
206,32,13267.755189
206,35,13196.030867
206,37,13195.128303
206,39,12658.675593
206,41,12597.747277
206,42,12587.123330
206,43,12567.320966
206,44,12527.073393
206,45,12512.674379
206,47,12353.321337
207,32,13211.542925
207,35,13196.030867
207,37,13101.244961
207,39,12658.675593
207,41,12572.979914
207,43,12567.320966
207,44,12527.073393
207,45,12512.674379
207,47,12353.321337
208,32,13211.542925
208,35,13126.068121
208,37,13029.138573
208,39,12658.393163
208,40,12515.830677
208,45,12512.674379
208,47,12348.856639
209,32,13211.542925
209,34,13142.654304
209,35,13126.068121
209,37,13029.138573
209,38,12976.005000
209,39,12658.393163
209,40,12515.830677
209,42,12507.757510
209,47,12348.856639
210,32,13211.542925
210,34,13138.110142
210,35,13078.190587
210,36,13061.862997
210,37,13024.794331
210,38,12916.247820
210,39,12657.155588
210,40,12515.830677
210,42,12507.358510
210,46,12317.041307
211,32,13211.542925
211,34,13118.270263
211,35,13078.190587
211,36,13061.862997
211,37,13024.794331
211,38,12916.247820
211,39,12657.155588
211,40,12515.830677
211,42,12507.358510
211,46,12317.041307
212,32,13211.542925
212,34,13030.074576
212,37,13019.597402
212,38,12904.714227
212,39,12657.155588
212,40,12514.107574
212,42,12507.358510
212,46,12317.041307
213,32,13211.542925
213,34,13030.074576
213,37,13019.597402
213,38,12904.714227
213,39,12657.155588
213,40,12514.107574
213,42,12501.674872
213,46,12317.041307
214,32,13207.657936
214,34,13013.679873
214,38,12904.714227
214,39,12657.155588
214,40,12514.107574
214,42,12501.674872
214,46,12317.041307
215,32,13207.657936
215,34,13013.679873
215,38,12904.714227
215,39,12657.155588
215,40,12514.107574
215,42,12501.674872
215,43,12461.152151
215,46,12317.041307
216,32,13200.188964
216,34,12985.791828
216,38,12823.834712
216,39,12657.155588
216,40,12514.107574
216,41,12464.354333
216,43,12461.152151
216,46,12315.900708
217,32,13200.188964
217,34,12985.791828
217,38,12823.834712
217,39,12657.155588
217,40,12514.107574
217,41,12464.354333
217,43,12461.152151
217,46,12315.900708
218,32,13183.345121
218,34,12922.509500
218,38,12823.521415
218,39,12649.825563
218,40,12514.107574
218,41,12464.354333
218,43,12461.152151
218,46,12306.393714
219,32,13183.345121
219,34,12922.509500
219,38,12823.521415
219,39,12649.825563
219,40,12514.107574
219,41,12464.354333
219,43,12461.152151
219,46,12306.393714
220,32,13170.479778
220,34,12922.411177
220,38,12798.631531
220,39,12649.017185
220,40,12511.040502
220,41,12462.638331
220,43,12459.489641
220,44,12275.773789
221,32,13170.479778
221,34,12922.411177
221,37,12843.082192
221,38,12798.631531
221,39,12649.017185
221,40,12511.040502
221,41,12462.638331
221,43,12459.489641
221,44,12275.773789
222,32,13170.479778
222,34,12922.411177
222,37,12837.885263
222,38,12606.601879
222,40,12511.040502
222,41,12425.013880
222,44,12275.773789
223,32,13170.479778
223,34,12922.411177
223,37,12837.885263
223,38,12606.601879
223,40,12511.040502
223,41,12425.013880
223,44,12275.773789
224,32,13166.211505
224,34,12922.411177
224,37,12837.553584
224,38,12606.601879
224,40,12508.354942
224,41,12425.013880
224,44,12265.179506
225,32,13166.211505
225,34,12922.411177
225,37,12837.553584
225,38,12606.601879
225,40,12508.354942
225,41,12425.013880
225,44,12265.179506
226,32,13166.211505
226,34,12913.174399
226,37,12837.553584
226,38,12593.045390
226,40,12508.354942
226,41,12423.963431
226,44,12265.179506
227,32,13166.211505
227,34,12913.174399
227,37,12837.553584
227,38,12593.045390
227,40,12489.830143
227,41,12423.963431
227,44,12265.179506
228,32,13166.211505
228,34,12913.174399
228,37,12735.601847
228,38,12548.983130
228,40,12408.179707
228,44,12265.179506
229,32,13166.211505
229,34,12913.174399
229,37,12655.498087
229,38,12548.983130
229,40,12408.179707
229,44,12265.179506
230,32,13164.762793
230,34,12850.625838
230,37,12655.498087
230,38,12548.955898
230,40,12407.515915
230,44,12265.179506
231,32,13164.762793
231,34,12850.625838
231,37,12655.498087
231,38,12548.955898
231,40,12407.515915
231,44,12265.179506
232,32,13136.345885
232,34,12850.625838
232,37,12655.498087
232,38,12548.955898
232,40,12407.515915
232,44,12260.072476
233,32,13136.345885
233,34,12850.625838
233,37,12655.498087
233,38,12548.955898
233,40,12407.515915
233,44,12260.072476
234,32,13084.570590
234,34,12850.625838
234,37,12638.216845
234,38,12548.467727
234,40,12407.515915
234,41,12394.333008
234,44,12260.072476
235,32,13084.570590
235,34,12850.625838
235,37,12638.216845
235,38,12548.467727
235,40,12407.515915
235,41,12394.333008
235,44,12260.072476
236,31,13774.702369
236,32,13084.570590
236,34,12847.850062
236,37,12630.415809
236,38,12548.467727
236,40,12398.398647
236,41,12389.397320
236,44,12260.072476
237,31,13774.702369
237,32,13084.570590
237,34,12847.850062
237,37,12630.415809
237,38,12548.467727
237,40,12398.398647
237,41,12389.397320
237,44,12260.072476
238,31,13772.706491
238,32,13063.413942
238,34,12794.770646
238,37,12630.415809
238,38,12548.467727
238,39,12406.949437
238,40,12379.774455
238,44,12260.072476
239,31,13772.706491
239,32,13063.413942
239,34,12779.572960
239,37,12630.415809
239,38,12548.467727
239,39,12406.949437
239,40,12379.774455
239,44,12260.072476
240,31,13769.648678
240,32,13052.751189
240,34,12779.032531
240,37,12630.415809
240,38,12548.153793
240,39,12406.125701
240,40,12374.968089
240,44,12260.072476
241,31,13769.648678
241,32,13052.751189
241,34,12779.032531
241,37,12630.415809
241,38,12548.153793
241,39,12406.125701
241,40,12374.968089
241,44,12260.072476
242,31,13706.335408
242,32,13052.751189
242,34,12740.551153
242,37,12506.859603
242,39,12406.125701
242,40,12374.968089
242,44,12260.072476
243,31,13706.335408
243,32,13052.751189
243,34,12740.551153
243,37,12506.859603
243,39,12406.125701
243,40,12374.968089
243,41,12343.802079
243,44,12260.072476
244,31,13706.335408
244,32,13052.751189
244,34,12740.551153
244,37,12504.752746
244,38,12456.835078
244,39,12366.996131
244,40,12352.479429
244,41,12340.381400
244,44,12260.072476
245,31,13706.335408
245,32,13052.751189
245,34,12740.551153
245,37,12504.752746
245,38,12456.835078
245,39,12366.996131
245,40,12352.479429
245,41,12340.381400
245,44,12260.072476
246,31,13706.290478
246,32,13052.732867
246,34,12739.683820
246,37,12504.752746
246,38,12405.256590
246,39,12358.802845
246,40,12348.603805
246,41,12335.224388
246,44,12260.072476
247,31,13552.442288
247,32,13052.732867
247,34,12739.683820
247,37,12504.752746
247,38,12405.256590
247,39,12358.802845
247,40,12348.603805
247,41,12335.224388
247,44,12260.072476
248,31,13532.677583
248,32,13052.635878
248,34,12715.456220
248,37,12504.752746
248,38,12405.181292
248,39,12358.802845
248,40,12347.531241
248,41,12335.224388
248,43,12211.284765
249,31,13532.677583
249,32,13052.635878
249,34,12715.456220
249,37,12504.752746
249,38,12405.181292
249,39,12358.802845
249,40,12347.531241
249,41,12335.224388
249,43,12211.284765
250,31,13526.378855
250,32,12998.218317
250,33,12897.615070
250,34,12715.456220
250,37,12504.752746
250,38,12405.181292
250,39,12339.665633
250,40,12327.007788
250,43,12200.662335
251,31,13526.378855
251,32,12998.218317
251,33,12897.615070
251,34,12715.456220
251,37,12504.752746
251,38,12405.181292
251,39,12339.665633
251,40,12327.007788
251,42,12238.189131
251,43,12200.662335
252,31,13455.189178
252,32,12998.218317
252,33,12897.615070
252,34,12713.272769
252,37,12501.641289
252,38,12398.412721
252,39,12339.665633
252,40,12327.007788
252,42,12238.143360
252,43,12199.942350
253,31,13455.189178
253,32,12998.218317
253,33,12897.615070
253,34,12713.272769
253,37,12501.641289
253,38,12398.412721
253,39,12339.665633
253,40,12327.007788
253,42,12238.143360
253,43,12199.942350
254,31,13445.344884
254,32,12998.218317
254,33,12849.509647
254,34,12712.746711
254,37,12500.089638
254,38,12392.738970
254,39,12338.574234
254,40,12324.098346
254,42,12226.579681
254,43,12199.942350
255,31,13445.344884
255,32,12998.218317
255,33,12849.509647
255,34,12712.746711
255,37,12500.089638
255,38,12392.738970
255,39,12338.574234
255,40,12324.098346
255,42,12226.579681
255,43,12199.942350
256,31,13421.812044
256,32,12935.872833
256,33,12849.509647
256,34,12701.317761
256,37,12500.089638
256,38,12392.738970
256,39,12336.588660
256,40,12322.599360
256,42,12226.579681
256,43,12199.942350
257,31,13421.812044
257,32,12935.872833
257,33,12849.509647
257,34,12701.317761
257,37,12500.089638
257,38,12392.738970
257,39,12336.588660
257,40,12322.599360
257,42,12226.579681
257,43,12199.942350
258,31,13408.790078
258,32,12935.872833
258,33,12842.629844
258,34,12695.577285
258,37,12497.039768
258,38,12392.738970
258,39,12317.327445
258,42,12226.579681
258,43,12199.777875
259,31,13271.008895
259,32,12935.872833
259,33,12842.629844
259,34,12695.577285
259,37,12497.039768
259,38,12392.738970
259,39,12317.327445
259,42,12226.579681
259,43,12199.777875
260,31,13271.008895
260,32,12935.872833
260,33,12842.629844
260,34,12695.577285
260,35,12686.682658
260,37,12497.039768
260,38,12307.402199
260,42,12198.102177
261,31,13027.115087
261,32,12935.872833
261,33,12842.629844
261,34,12695.577285
261,35,12686.682658
261,37,12497.039768
261,38,12307.402199
261,42,12198.102177
262,31,13020.288962
262,32,12935.872833
262,33,12832.578342
262,34,12681.413133
262,37,12496.405123
262,38,12307.402199
262,42,12196.916130
263,31,13020.288962
263,32,12935.872833
263,33,12832.578342
263,34,12681.413133
263,37,12496.405123
263,38,12307.402199
263,42,12196.916130
264,31,12932.270086
264,33,12826.225561
264,34,12678.522600
264,37,12496.405123
264,38,12293.885763
264,42,12196.916130
265,31,12932.270086
265,33,12826.225561
265,34,12678.522600
265,36,12583.902679
265,37,12496.405123
265,38,12293.885763
265,42,12196.916130
266,31,12922.287259
266,32,12901.676686
266,33,12826.225561
266,34,12663.280282
266,36,12583.902679
266,37,12480.419961
266,38,12293.885763
266,42,12176.450628
267,31,12922.287259
267,32,12901.676686
267,33,12826.225561
267,34,12663.280282
267,36,12583.902679
267,37,12450.694292
267,38,12293.885763
267,42,12176.450628
268,31,12900.394584
268,33,12826.151866
268,34,12655.230976
268,36,12511.111823
268,37,12450.694292
268,38,12293.885763
268,42,12176.363478
269,31,12900.394584
269,32,12897.566970
269,33,12826.151866
269,34,12655.230976
269,36,12511.111823
269,37,12450.694292
269,38,12293.885763
269,42,12176.363478
270,31,12892.957292
270,33,12819.265193
270,34,12655.230976
270,36,12511.111823
270,37,12434.524188
270,38,12293.885763
270,42,12170.335803
271,31,12892.957292
271,33,12819.265193
271,34,12655.230976
271,36,12511.111823
271,37,12434.524188
271,38,12293.885763
271,42,12170.335803
272,31,12892.957292
272,33,12819.265193
272,34,12654.247897
272,36,12511.111823
272,37,12432.293686
272,38,12293.885763
272,42,12170.109936
273,31,12892.957292
273,33,12819.265193
273,34,12654.247897
273,36,12511.111823
273,37,12432.293686
273,38,12293.885763
273,42,12170.109936
274,31,12890.800259
274,33,12817.895821
274,34,12651.135198
274,36,12508.983335
274,37,12426.135335
274,38,12285.066485
274,42,12170.109936
275,31,12890.800259
275,33,12817.895821
275,34,12639.178625
275,36,12508.983335
275,37,12426.135335
275,38,12285.066485
275,42,12170.109936
276,31,12885.509746
276,33,12779.436425
276,34,12637.221713
276,36,12507.873381
276,37,12426.135335
276,38,12281.321451
276,42,12137.889334
277,31,12885.509746
277,33,12779.436425
277,34,12637.221713
277,36,12507.873381
277,37,12426.135335
277,38,12281.321451
277,42,12137.889334
278,31,12882.954312
278,33,12779.436425
278,34,12629.895061
278,36,12507.873381
278,37,12415.421504
278,38,12255.066479
278,42,12137.889334
279,31,12882.954312
279,33,12779.436425
279,34,12629.895061
279,36,12507.873381
279,37,12415.421504
279,38,12255.066479
279,42,12137.889334
280,31,12881.308642
280,33,12776.626909
280,34,12595.778566
280,36,12507.873381
280,37,12374.350487
280,38,12255.066479
280,42,12137.889334
281,31,12881.308642
281,32,12878.382855
281,33,12776.626909
281,34,12595.778566
281,36,12507.873381
281,37,12374.350487
281,38,12255.066479
281,42,12137.889334
282,31,12879.123562
282,32,12875.254031
282,33,12776.626909
282,34,12595.778566
282,36,12455.988962
282,37,12361.839270
282,38,12243.351959
282,42,12136.543429
283,30,13572.555750
283,31,12879.123562
283,32,12875.254031
283,33,12776.626909
283,34,12595.778566
283,36,12455.988962
283,37,12361.839270
283,38,12243.351959
283,42,12130.359734
284,30,13572.555750
284,31,12877.647620
284,32,12874.216542
284,33,12776.626909
284,34,12594.126387
284,35,12411.099165
284,37,12360.703259
284,38,12243.351959
284,42,12130.238164
285,30,13572.555750
285,31,12877.647620
285,32,12874.216542
285,33,12776.626909
285,34,12594.126387
285,35,12411.099165
285,37,12360.703259
285,38,12243.351959
285,42,12126.107161
286,30,13559.097219
286,31,12836.769145
286,33,12776.130574
286,34,12594.126387
286,35,12410.967395
286,37,12360.703259
286,38,12243.351959
286,42,12118.830754
287,30,13559.097219
287,31,12836.769145
287,33,12776.130574
287,34,12594.126387
287,35,12410.967395
287,37,12360.703259
287,38,12243.351959
287,42,12118.830754
288,30,13553.720829
288,31,12833.819711
288,33,12776.130574
288,34,12585.626359
288,35,12410.743476
288,36,12371.038329
288,37,12325.280472
288,38,12240.203901
288,42,12108.879989
289,30,13553.720829
289,31,12833.819711
289,33,12752.956656
289,34,12585.626359
289,35,12410.743476
289,36,12371.038329
289,37,12325.280472
289,38,12240.203901
289,42,12108.879989
290,30,13553.720829
290,31,12814.783349
290,33,12752.956656
290,34,12585.626359
290,35,12398.575205
290,36,12369.290881
290,37,12323.499118
290,38,12240.203901
290,42,12108.879989
291,30,13253.117137
291,31,12814.783349
291,33,12752.956656
291,34,12585.626359
291,35,12398.575205
291,36,12369.290881
291,37,12323.499118
291,38,12240.203901
291,40,12232.870306
291,42,12108.879989
292,30,13251.952704
292,31,12813.370915
292,33,12745.043199
292,34,12585.626359
292,35,12385.407815
292,36,12369.290881
292,37,12323.499118
292,38,12235.179135
292,40,12232.759567
292,42,12107.466845
293,30,13251.952704
293,31,12813.370915
293,33,12745.043199
293,34,12585.626359
293,35,12385.407815
293,36,12369.290881
293,37,12323.499118
293,38,12235.179135
293,40,12232.759567
293,42,12107.466845
294,30,13251.952704
294,31,12791.493885
294,33,12745.043199
294,34,12585.626359
294,35,12385.407815
294,36,12369.290881
294,37,12323.499118
294,38,12219.286311
294,39,12192.750248
294,42,12107.466845
295,30,13251.952704
295,31,12791.493885
295,33,12745.043199
295,34,12585.626359
295,35,12385.407815
295,36,12369.290881
295,37,12323.499118
295,38,12219.286311
295,39,12192.750248
295,41,12098.229290
296,30,13251.952704
296,31,12789.285452
296,33,12710.252011
296,34,12584.826561
296,35,12385.407815
296,36,12369.290881
296,37,12307.798796
296,38,12218.752240
296,39,12192.750248
296,41,12098.229290
297,30,13251.952704
297,31,12789.285452
297,33,12710.252011
297,34,12584.826561
297,35,12385.407815
297,36,12362.592215
297,37,12307.798796
297,38,12218.752240
297,39,12192.750248
297,41,12098.229290
298,30,13251.952704
298,31,12789.285452
298,33,12577.663570
298,35,12376.407448
298,36,12351.492505
298,37,12307.798796
298,38,12197.237211
298,39,12189.248879
298,41,12098.229290
299,30,13251.952704
299,31,12789.285452
299,33,12577.663570
299,35,12376.407448
299,36,12351.492505
299,37,12307.798796
299,38,12197.237211
299,39,12189.248879
299,41,12098.229290
300,30,13249.969789
300,31,12740.887751
300,33,12577.663570
300,35,12359.102287
300,36,12301.825562
300,37,12160.303979
300,41,12088.642890
301,30,13249.969789
301,31,12740.887751
301,33,12577.663570
301,35,12359.102287
301,36,12301.825562
301,37,12160.303979
301,41,12088.642890
302,30,13249.969789
302,31,12740.887751
302,33,12577.663570
302,35,12357.436381
302,36,12296.884971
302,37,12160.303979
302,41,12083.453403
303,30,13249.969789
303,31,12740.887751
303,33,12577.663570
303,35,12357.436381
303,36,12296.884971
303,37,12160.303979
303,41,12083.453403
304,30,13249.969789
304,31,12740.887751
304,33,12577.663570
304,35,12345.216124
304,36,12296.884971
304,37,12160.303979
304,41,12083.453403
305,30,13249.969789
305,31,12740.887751
305,33,12577.663570
305,35,12345.216124
305,36,12273.539184
305,37,12160.303979
305,38,12149.490140
305,41,12083.453403
306,30,13249.969789
306,31,12740.887751
306,33,12577.339158
306,35,12345.216124
306,36,12273.139422
306,37,12160.303979
306,38,12114.477929
306,41,12083.453403
307,30,13249.969789
307,31,12740.887751
307,33,12577.339158
307,35,12344.200852
307,36,12273.139422
307,37,12160.303979
307,38,12114.477929
307,41,12083.453403
308,30,13089.743518
308,31,12706.330511
308,33,12530.266335
308,35,12344.200852
308,36,12273.139422
308,37,12071.709558
309,30,13089.743518
309,31,12706.330511
309,33,12530.266335
309,35,12344.200852
309,36,12273.139422
309,37,12071.709558
310,30,13089.743518
310,31,12706.330511
310,33,12530.266335
310,35,12344.200852
310,36,12273.139422
310,37,12070.020142
311,30,13089.743518
311,31,12706.330511
311,33,12530.266335
311,35,12344.200852
311,36,12273.139422
311,37,12070.020142
312,30,13089.743518
312,31,12706.330511
312,33,12530.215137
312,35,12333.001848
312,36,12273.139422
312,37,12070.020142
313,30,13089.743518
313,31,12706.330511
313,33,12530.215137
313,34,12315.206858
313,36,12273.139422
313,37,12070.020142
314,30,13089.139449
314,31,12704.977803
314,33,12529.645049
314,34,12314.175818
314,36,12272.554146
314,37,12070.020142
315,30,13089.139449
315,31,12704.977803
315,33,12529.645049
315,34,12314.175818
315,36,12272.554146
315,37,12070.020142
316,30,13085.526651
316,31,12704.977803
316,33,12529.409607
316,34,12302.627272
316,36,12272.554146
316,37,12068.980737
317,30,13085.526651
317,31,12704.977803
317,33,12529.409607
317,34,12302.627272
317,35,12211.683097
317,37,12068.980737
318,30,13083.478502
318,31,12704.977803
318,33,12529.409607
318,34,12298.456410
318,35,12200.793340
318,37,12068.523819
319,30,13083.478502
319,31,12704.977803
319,33,12529.409607
319,34,12298.456410
319,35,12200.793340
319,37,12068.523819
320,30,13045.039915
320,31,12704.966187
320,33,12529.409607
320,34,12298.456410
320,35,12200.793340
320,37,12068.523819
321,30,13045.039915
321,31,12704.966187
321,33,12529.409607
321,34,12298.456410
321,35,12200.793340
321,37,12068.523819
322,30,13033.776926
322,31,12702.484327
322,33,12529.409607
322,34,12298.456410
322,35,12200.793340
322,37,12068.320073
