Generation,NV,TOC
1,58,26366.315362
1,59,25985.007021
1,60,25838.251173
1,61,25431.463882
1,64,24625.310181
1,69,21889.392549
1,74,20819.843592
1,76,20411.146464
1,80,20091.926117
1,85,19690.331794
2,57,24666.052913
2,64,24067.863494
2,66,22088.376409
2,69,21184.336490
2,72,21072.406822
2,73,19172.163279
3,57,24617.460020
3,58,24351.955901
3,60,22787.905317
3,65,22434.830852
3,66,22088.376409
3,69,21184.336490
3,72,21072.406822
3,73,19172.163279
3,86,19075.771740
3,87,18431.382493
4,57,24055.960461
4,60,22787.905317
4,62,22516.302106
4,65,21742.816423
4,68,20327.489617
4,71,19127.729533
4,77,18640.119828
4,85,18362.353114
4,87,18229.050539
5,57,24055.960461
5,59,23912.506416
5,60,22787.905317
5,62,22516.302106
5,63,22105.529788
5,65,21742.816423
5,68,20327.489617
5,70,19549.388870
5,71,19127.729533
5,77,18640.119828
5,85,18362.353114
5,87,18229.050539
6,57,24055.960461
6,58,23079.266097
6,60,22787.905317
6,62,22516.302106
6,63,22105.529788
6,64,21200.211844
6,67,19926.027859
6,70,18877.693589
6,75,18571.090448
6,79,18022.115857
6,82,17921.015078
7,55,23494.315772
7,57,23069.524213
7,58,22094.179917
7,63,21947.722444
7,64,21200.211844
7,67,19926.027859
7,70,18877.693589
7,75,18571.090448
7,78,18555.018599
7,79,18022.115857
7,82,17921.015078
8,55,23233.246322
8,57,23053.979854
8,58,21878.286829
8,62,21722.174688
8,63,21039.987822
8,65,20897.500804
8,66,19305.041625
8,69,18558.982799
8,74,18308.753744
8,76,17565.285493
9,55,23233.246322
9,57,23053.979854
9,58,21878.286829
9,62,21722.174688
9,63,21039.987822
9,65,20897.500804
9,66,19305.041625
9,69,18558.982799
9,73,18266.867366
9,76,17565.285493
9,83,17463.852435
9,87,17200.097707
10,55,23233.246322
10,56,21477.108459
10,63,20147.743338
10,65,19195.823204
10,69,18558.982799
10,70,17922.037723
10,76,17195.205570
10,81,17128.259261
10,87,16568.026962
11,55,23233.246322
11,56,21477.108459
11,63,19378.966485
11,65,19195.823204
11,69,18416.899434
11,70,17922.037723
11,75,17861.359076
11,76,17195.205570
11,80,17019.966031
11,87,16568.026962
12,55,23233.246322
12,56,21477.108459
12,63,19378.966485
12,65,19195.823204
12,68,18882.231105
12,69,18416.899434
12,70,17922.037723
12,73,17899.031080
12,75,17414.261645
12,76,17195.205570
12,79,17057.706341
12,80,17019.966031
12,86,16748.068211
12,87,16568.026962
12,90,16548.647648
13,55,21848.114371
13,56,21477.108459
13,59,19383.481538
13,63,19378.966485
13,65,18141.451480
13,70,17922.037723
13,73,17899.031080
13,75,17160.948396
13,79,17057.706341
13,80,17019.966031
13,86,16748.068211
13,87,16568.026962
13,88,16489.457204
14,54,20543.359026
14,58,19307.048525
14,62,18560.561458
14,64,17896.073716
14,68,17728.135027
14,75,17125.615308
14,76,16689.786761
14,86,16330.170330
15,54,20543.359026
15,56,20004.268251
15,58,19307.048525
15,62,18560.561458
15,64,17896.073716
15,67,17607.324654
15,68,17460.808506
15,73,17380.507300
15,75,17125.615308
15,76,16689.786761
15,83,16524.804208
15,86,16330.170330
16,54,20167.966144
16,56,20004.268251
16,58,19074.143517
16,61,18396.047783
16,64,17808.410882
16,66,17525.822168
16,68,17294.555518
16,70,16318.073795
16,84,15877.567100
17,54,20167.966144
17,56,20004.268251
17,57,18606.238493
17,61,17542.939652
17,66,17525.822168
17,68,17294.555518
17,70,16318.073795
17,75,16311.755175
17,82,15783.306216
18,54,20167.966144
18,55,19699.303785
18,56,18196.094210
18,61,17432.990202
18,62,17417.473560
18,67,17208.259893
18,69,16026.583623
18,79,15607.020966
18,85,15485.203713
19,54,20167.966144
19,55,18257.529874
19,56,18196.094210
19,58,17529.350403
19,61,17286.056120
19,62,16888.711907
19,65,16024.665548
19,79,15607.020966
19,85,15485.203713
20,54,19061.193127
20,55,18257.529874
20,56,18196.094210
20,58,17529.350403
20,61,17286.056120
20,62,16888.711907
20,63,16643.424612
20,65,16024.665548
20,79,15607.020966
20,85,15485.203713
21,53,18616.771547
21,55,18257.529874
21,56,18196.094210
21,58,17529.350403
21,60,16912.601177
21,62,15552.534124
21,84,15522.840113
21,85,15465.474263
22,53,18616.771547
22,55,18257.529874
22,56,18196.094210
22,58,17529.350403
22,60,16912.601177
22,62,15552.534124
22,68,15439.755481
22,82,15303.889116
23,53,17951.335895
23,56,17727.957233
23,57,17272.010476
23,59,16704.467367
23,62,15507.251339
23,68,15305.862255
23,80,14998.063821
24,53,17951.335895
24,56,17727.957233
24,57,17272.010476
24,59,16704.467367
24,62,15507.251339
24,68,15305.862255
24,69,15241.442582
24,74,14989.542453
24,76,14770.151311
25,52,17858.783605
25,56,17727.957233
25,57,16849.966276
25,59,16674.927224
25,62,15469.801091
25,67,15255.867493
25,68,14947.710559
25,73,14801.351853
25,76,14770.151311
26,52,17858.783605
26,56,17727.957233
26,57,16849.966276
26,59,16674.927224
26,61,15738.247210
26,62,15469.801091
26,67,15255.867493
26,68,14913.531566
26,70,14901.552713
26,73,14801.351853
26,76,14770.151311
26,79,14700.513569
27,52,17858.783605
27,56,17727.957233
27,57,16849.966276
27,59,16330.592477
27,60,15501.364799
27,62,15445.340200
27,65,15095.817885
27,67,14723.212588
27,75,14651.019155
27,79,14583.137080
28,50,20610.796913
28,52,17858.783605
28,54,17806.778622
28,55,17691.971769
28,57,16790.622796
28,58,16158.052912
28,60,15501.364799
28,62,15445.340200
28,63,15233.615149
28,65,15095.817885
28,67,14723.212588
28,75,14651.019155
28,79,14583.137080
29,50,20468.741333
29,51,17667.922552
29,52,17515.035648
29,53,17448.505791
29,55,17310.130801
29,56,17057.583242
29,57,16790.622796
29,58,16158.052912
29,60,15501.364799
29,62,15445.340200
29,63,15233.615149
29,65,15095.817885
29,67,14723.212588
29,75,14651.019155
29,79,14583.137080
30,49,20754.165539
30,50,19534.314068
30,51,17667.922552
30,52,17515.035648
30,53,17448.505791
30,55,17310.130801
30,56,17057.583242
30,57,16790.622796
30,58,16158.052912
30,60,15501.364799
30,62,15445.340200
30,63,15233.615149
30,65,15095.817885
30,67,14723.212588
30,75,14651.019155
30,76,14624.266488
30,79,14583.137080
31,48,21402.822041
31,49,20754.165539
31,50,19534.314068
31,51,17667.922552
31,52,17515.035648
31,53,17448.505791
31,55,16617.879524
31,58,16144.502536
31,59,15426.951020
31,63,15215.603234
31,65,14957.721531
31,67,14721.075288
31,73,14501.169730
32,48,21402.822041
32,49,20675.124195
32,50,18009.320056
32,51,17667.922552
32,52,17515.035648
32,53,17448.505791
32,55,16617.879524
32,58,16144.502536
32,59,15426.951020
32,63,15215.603234
32,65,14957.721531
32,67,14721.075288
32,73,14501.169730
33,48,21238.225169
33,49,20535.273326
33,50,18009.320056
33,51,17426.834275
33,53,17315.729217
33,55,16591.708761
33,57,15760.246136
33,58,15375.055826
33,61,15102.151796
33,65,14612.592356
33,73,14501.169730
34,48,21238.225169
34,49,20284.153673
34,50,18009.320056
34,51,17426.834275
34,53,17315.729217
34,55,16591.708761
34,57,15760.246136
34,58,15375.055826
34,61,15102.151796
34,65,14612.592356
34,73,14501.169730
35,48,21238.225169
35,49,20284.153673
35,50,18009.320056
35,51,17115.909098
35,52,17041.492431
35,55,16566.457869
35,57,15628.496106
35,58,15336.556362
35,60,15030.674160
35,61,14732.469149
35,65,14526.888200
35,73,14501.169730
36,48,21238.225169
36,49,20084.928912
36,50,18009.320056
36,51,17115.909098
36,52,17041.492431
36,54,16152.941942
36,57,15335.816879
36,60,15030.674160
36,61,14732.469149
36,65,14526.888200
36,73,14501.169730
37,48,20550.504546
37,49,20084.928912
37,50,18009.320056
37,51,17115.909098
37,52,16535.491237
37,54,16152.941942
37,57,15335.816879
37,60,14806.398880
37,61,14732.469149
37,65,14526.888200
37,73,14501.169730
38,48,20550.504546
38,49,18921.764446
38,50,17949.617854
38,51,17101.677205
38,52,16535.491237
38,54,16107.963547
38,57,15335.816879
38,60,14798.324380
38,61,14701.300592
38,65,14466.798019
39,48,20550.504546
39,49,18921.764446
39,50,17949.617854
39,51,16622.174994
39,52,16535.491237
39,54,16061.585617
39,56,15878.813131
39,57,15335.816879
39,59,14919.380829
39,60,14798.324380
39,61,14701.300592
39,65,14466.798019
40,48,20550.504546
40,49,17768.994441
40,50,16601.024270
40,51,16376.912874
40,53,16160.459761
40,54,15947.503746
40,55,15728.498356
40,57,15177.864631
40,59,14547.625726
40,65,14466.798019
41,48,20376.951782
41,49,17768.994441
41,50,16187.624910
41,53,16160.459761
41,54,15947.503746
41,55,15728.498356
41,56,15394.696743
41,57,15177.864631
41,59,14547.625726
41,65,14466.798019
42,48,20012.951901
42,49,16158.920236
42,52,15714.612271
42,54,15701.236400
42,55,15052.285321
42,58,14841.358324
42,59,14379.319378
43,48,20012.951901
43,49,16158.920236
43,52,15714.612271
43,54,15701.236400
43,55,15052.285321
43,58,14841.358324
43,59,14379.319378
44,48,19931.008068
44,49,16144.861190
44,52,15695.882964
44,54,15520.008201
44,55,15052.285321
44,58,14841.358324
44,59,14379.319378
45,48,18620.752844
45,49,16144.861190
45,52,15695.882964
45,53,15616.075135
45,54,15034.567646
45,58,14841.358324
45,59,14379.319378
46,48,16905.362477
46,49,16121.942124
46,52,15514.624472
46,53,14917.306543
46,58,14794.109594
46,59,14325.266790
47,48,16905.362477
47,49,16121.942124
47,51,15639.514644
47,52,15160.679320
47,53,14917.306543
47,58,14794.109594
47,59,14325.266790
48,47,17164.279438
48,48,16433.880392
48,49,16015.991426
48,51,15332.364387
48,52,15156.825293
48,53,14892.551540
48,58,14546.029535
48,59,14305.604838
49,47,17164.279438
49,48,16433.880392
49,49,16015.991426
49,50,15591.058520
49,51,15332.364387
49,52,15156.825293
49,53,14892.551540
49,58,14546.029535
49,59,14305.604838
50,46,17048.357148
50,48,16433.880392
50,49,15926.695816
50,50,15575.088988
50,51,15166.948088
50,52,15156.825293
50,53,14844.259664
50,55,14821.114329
50,58,14513.491082
50,59,14266.133423
51,46,17048.357148
51,48,16433.880392
51,49,15926.695816
51,50,15575.088988
51,51,15166.948088
51,52,15156.825293
51,53,14844.259664
51,55,14821.114329
51,58,14513.491082
51,59,14266.133423
52,46,17048.357148
52,47,16897.078071
52,48,16237.766770
52,49,15727.154461
52,50,14960.899460
52,53,14831.545594
52,55,14798.628491
52,58,14498.625440
52,59,14255.062897
53,46,17048.357148
53,47,16472.423895
53,48,16237.766770
53,49,15727.154461
53,50,14960.899460
53,53,14831.545594
53,55,14798.628491
53,58,14498.625440
53,59,14255.062897
54,46,17048.357148
54,47,16394.392144
54,48,16016.318583
54,49,15006.612275
54,50,14960.899460
54,52,14701.034673
54,54,14644.574783
54,57,14502.957916
54,58,14174.638655
54,59,14169.871381
55,46,17048.357148
55,47,16394.392144
55,48,16016.318583
55,49,15006.612275
55,50,14960.899460
55,51,14438.308437
55,58,14174.638655
55,59,14169.871381
56,46,17048.224885
56,47,16376.323220
56,48,15920.416004
56,49,14895.677734
56,50,14626.601812
56,51,14421.368565
56,52,14375.298061
56,55,14241.801901
56,58,14174.638655
56,59,14100.184259
57,46,16680.570275
57,47,16376.323220
57,48,15761.277487
57,49,14895.677734
57,50,14626.601812
57,51,14421.368565
57,52,14375.298061
57,55,14241.801901
57,58,14174.638655
57,59,14100.184259
58,45,17006.173993
58,46,16442.428893
58,47,16146.109271
58,48,15309.815614
58,49,14425.970565
58,51,14263.906262
58,53,14021.985533
59,45,16532.203520
59,46,16388.363145
59,47,16057.265651
59,48,15309.815614
59,49,14425.970565
59,51,14263.906262
59,53,14021.985533
60,44,16849.215892
60,45,16347.554665
60,46,16103.912871
60,47,16052.736633
60,48,15225.063934
60,49,14397.317876
60,50,14207.694535
60,53,13990.802855
61,44,16849.215892
61,45,16347.554665
61,46,16012.955998
61,47,15934.546987
61,48,15211.234344
61,49,14397.317876
61,50,14207.694535
61,53,13990.802855
61,56,13972.681228
62,44,16474.915198
62,45,15989.737895
62,47,15714.117070
62,48,15139.366182
62,49,14397.317876
62,50,14162.166002
62,53,13969.771949
62,56,13907.638645
63,44,16474.915198
63,45,15989.737895
63,47,15714.117070
63,48,15139.366182
63,49,14395.799437
63,50,14162.166002
63,51,14116.666480
63,53,13969.771949
63,56,13907.638645
64,44,16355.928664
64,45,15797.302624
64,47,15641.755527
64,48,15127.410194
64,49,14390.286319
64,50,14162.166002
64,51,14096.547885
64,52,14018.273226
64,53,13925.002202
64,56,13826.996701
65,44,16355.928664
65,45,15553.410388
65,48,14725.745697
65,49,14390.286319
65,50,14162.166002
65,51,14096.547885
65,52,14018.273226
65,53,13925.002202
65,56,13826.996701
65,60,13810.838607
66,44,16355.928664
66,45,15460.190875
66,47,14604.752230
66,48,14265.131842
66,50,14162.166002
66,51,14096.547885
66,52,14017.953399
66,53,13918.923889
66,56,13819.609251
66,60,13810.838607
67,44,16183.173615
67,45,15460.190875
67,46,14795.147206
67,47,14604.752230
67,48,14265.131842
67,49,14171.673497
67,50,14162.166002
67,51,14032.109158
67,52,14017.953399
67,53,13918.923889
67,56,13819.609251
67,60,13810.838607
68,43,15788.758105
68,45,15460.190875
68,46,14795.147206
68,47,14434.184306
68,48,14105.547779
68,51,14001.628833
68,53,13832.826725
68,56,13819.609251
68,60,13756.863479
68,61,13715.662300
69,43,15788.758105
69,44,15781.370774
69,45,15460.190875
69,46,14795.147206
69,47,14434.184306
69,48,14105.547779
69,51,14001.628833
69,53,13832.826725
69,56,13819.609251
69,60,13756.863479
69,61,13715.662300
70,43,15788.758105
70,44,15573.936679
70,45,15460.190875
70,46,14682.398863
70,47,14419.333922
70,48,14096.624482
70,51,14001.628833
70,53,13779.873774
70,60,13693.304979
71,43,15788.758105
71,44,15479.864664
71,45,15144.742400
71,46,14682.398863
71,47,14419.333922
71,48,14096.624482
71,50,13735.832819
71,60,13693.304979
72,42,15507.337594
72,44,15141.661474
72,45,15127.389605
72,46,14672.976121
72,47,14333.692664
72,48,14047.946697
72,50,13727.142976
72,58,13684.053629
73,42,15507.337594
73,44,15141.661474
73,45,14805.368128
73,46,14672.976121
73,47,14333.692664
73,48,14047.946697
73,50,13727.142976
73,58,13684.053629
74,42,15381.422623
74,44,15047.757570
74,45,14805.368128
74,46,14520.017286
74,47,14319.691335
74,48,14029.599923
74,50,13676.274329
74,58,13675.920685
75,41,15493.977471
75,42,15381.422623
75,43,14954.679543
75,45,14805.368128
75,46,14520.017286
75,47,14319.691335
75,48,14029.599923
75,50,13676.274329
75,53,13657.585985
75,56,13511.218209
76,41,15178.990681
76,43,14870.835322
76,45,14332.977339
76,47,14239.173992
76,48,14029.599923
76,50,13672.667129
76,53,13650.213419
76,56,13510.976073
77,41,15178.990681
77,43,14870.835322
77,45,14332.977339
77,47,14239.173992
77,48,14029.599923
77,50,13623.920414
77,53,13492.356510
77,56,13460.334400
78,41,15046.725612
78,43,14843.402317
78,45,14323.244896
78,47,14234.824235
78,48,14029.599923
78,49,13940.110276
78,50,13498.441162
78,53,13492.356510
78,56,13401.385123
79,41,15046.725612
79,43,14739.555892
79,45,14323.244896
79,47,14234.824235
79,48,14029.599923
79,49,13940.110276
79,50,13498.441162
79,53,13492.356510
79,56,13401.385123
80,41,15046.725612
80,42,14566.660710
80,44,14543.024894
80,45,14143.249738
80,48,14022.212393
80,49,13940.110276
80,50,13490.154144
80,55,13406.672507
80,56,13346.133722
81,41,15046.725612
81,42,14410.889592
81,43,14305.210060
81,45,14143.249738
81,48,14022.212393
81,49,13940.110276
81,50,13490.154144
81,54,13465.959647
81,55,13406.672507
81,56,13346.133722
82,41,14426.485866
82,42,14365.850933
82,43,14260.436391
82,45,14110.720791
82,48,14022.212393
82,49,13821.427260
82,50,13490.154144
82,53,13464.815807
82,54,13442.747628
82,55,13288.684622
83,41,14426.485866
83,42,14365.850933
83,43,14260.436391
83,45,14110.720791
83,46,14039.006720
83,48,13902.039218
83,49,13801.275533
83,50,13490.154144
83,51,13473.804516
83,53,13463.507875
83,54,13442.747628
83,55,13288.684622
84,41,14426.485866
84,42,14365.850933
84,43,14192.446717
84,44,14099.482354
84,46,14023.325925
84,47,13756.781284
84,50,13490.154144
84,51,13473.804516
84,53,13337.076795
84,55,13275.490501
85,41,14426.485866
85,42,14365.850933
85,43,14192.446717
85,44,14099.482354
85,46,14023.325925
85,47,13708.185596
85,50,13490.154144
85,51,13473.804516
85,53,13337.076795
85,55,13275.490501
86,41,14367.884213
86,42,14341.177955
86,43,14164.409377
86,44,13967.938716
86,46,13769.745399
86,47,13607.645191
86,50,13490.154144
86,51,13295.314752
86,55,13275.490501
87,41,14367.884213
87,42,14289.937503
87,43,14063.186707
87,44,13967.938716
87,46,13769.745399
87,47,13607.645191
87,50,13490.154144
87,51,13295.314752
87,55,13275.490501
88,41,14118.388895
88,43,14063.186707
88,44,13967.938716
88,46,13769.745399
88,47,13606.929426
88,50,13488.733298
88,51,13295.314752
88,55,13275.490501
89,40,14206.278147
89,41,14118.388895
89,43,14063.186707
89,44,13967.938716
89,45,13875.309647
89,46,13769.745399
89,47,13606.929426
89,50,13488.733298
89,51,13295.314752
89,55,13275.490501
90,40,14206.278147
90,41,14096.594466
90,43,13987.994062
90,44,13942.483505
90,45,13831.531462
90,46,13694.315436
90,47,13606.929426
90,49,13527.401840
90,50,13487.828168
90,51,13255.747595
90,54,13226.944100
91,40,14206.278147
91,41,13937.942437
91,45,13831.531462
91,46,13694.315436
91,47,13606.929426
91,49,13527.401840
91,50,13487.828168
91,51,13255.747595
91,54,13226.944100
92,39,14452.727129
92,40,14133.050439
92,41,13937.942437
92,45,13775.523130
92,46,13622.480815
92,47,13605.403936
92,49,13471.783918
92,50,13347.111423
92,51,13248.645027
92,53,13193.172487
93,39,14452.727129
93,40,14133.050439
93,41,13937.942437
93,44,13824.591365
93,45,13775.523130
93,46,13622.480815
93,47,13605.403936
93,48,13405.056251
93,49,13393.881014
93,50,13347.111423
93,51,13248.645027
93,53,13193.172487
94,39,14452.727129
94,40,14133.050439
94,41,13930.589334
94,44,13782.494964
94,45,13725.787251
94,46,13589.747826
94,48,13405.056251
94,49,13282.411015
94,51,13222.917622
94,53,13179.905926
95,39,14452.727129
95,40,14133.050439
95,41,13930.589334
95,44,13782.494964
95,45,13608.903903
95,46,13589.747826
95,47,13564.021433
95,48,13264.092248
95,51,13222.917622
95,53,13179.905926
96,39,14333.107897
96,40,14105.739357
96,41,13814.771443
96,44,13713.660786
96,45,13607.644856
96,46,13567.742825
96,47,13563.562933
96,48,13264.092248
96,51,13208.999775
96,53,13156.228638
97,39,14137.726604
97,40,14024.921601
97,41,13814.771443
97,43,13730.199072
97,44,13713.660786
97,45,13607.644856
97,46,13567.742825
97,47,13563.562933
97,48,13264.092248
97,51,13208.999775
97,52,13201.746640
97,53,13156.228638
98,39,14137.726604
98,40,13759.471571
98,43,13638.570442
98,45,13603.593373
98,46,13497.434919
98,48,13255.098405
98,50,13113.803995
99,39,14103.818997
99,40,13759.471571
99,43,13638.570442
99,44,13631.834790
99,45,13603.593373
99,46,13497.434919
99,48,13255.098405
99,50,13113.803995
100,39,14035.904926
100,40,13736.001522
100,43,13612.683190
100,45,13496.940564
100,48,13207.894476
100,50,13112.169307
101,38,15070.878999
101,39,14035.904926
101,40,13736.001522
101,43,13612.683190
101,45,13496.940564
101,48,13207.894476
101,50,13112.169307
101,53,13108.601386
102,38,14759.375917
102,39,14028.174133
102,40,13720.639873
102,43,13579.577842
102,45,13472.179967
102,48,13183.203131
102,50,13104.848970
102,53,13093.210602
103,38,14759.375917
103,39,14028.174133
103,40,13720.639873
103,43,13579.577842
103,45,13472.179967
103,48,13183.203131
103,50,13104.848970
103,53,13093.210602
104,38,14752.168528
104,39,14028.174133
104,40,13720.639873
104,43,13554.432107
104,45,13467.256555
104,48,13183.055969
104,50,13100.837729
104,53,13082.077399
105,38,14489.562456
105,39,14028.174133
105,40,13720.639873
105,42,13410.775576
105,47,13398.069635
105,48,13183.055969
105,50,13100.837729
105,53,13082.077399
106,37,14743.742396
106,38,14418.023964
106,39,13740.974790
106,40,13720.639873
106,42,13391.742429
106,48,13180.950261
106,50,13099.146829
106,53,13082.077399
107,37,14743.742396
107,38,14418.023964
107,39,13702.393591
107,42,13391.742429
107,45,13329.585359
107,48,13180.950261
107,50,13099.146829
107,53,13082.077399
108,37,14561.477798
108,38,14412.001811
108,39,13693.284134
108,42,13372.506395
108,45,13323.020533
108,48,13172.383113
108,50,13099.146829
108,53,13052.063928
109,37,14561.477798
109,38,14412.001811
109,39,13693.284134
109,42,13372.506395
109,45,13323.020533
109,48,13172.383113
109,50,13099.146829
109,53,13052.063928
110,37,14538.535869
110,38,14409.822520
110,39,13680.456602
110,41,13494.889291
110,42,13372.506395
110,43,13319.191772
110,45,13299.519744
110,48,13171.361393
110,50,13093.599395
110,53,13033.107444
111,37,14538.535869
111,38,14409.822520
111,39,13680.456602
111,41,13494.889291
111,42,13372.506395
111,43,13319.191772
111,45,13299.519744
111,48,13171.361393
111,50,13093.599395
111,53,13033.107444
112,37,14538.535869
112,38,14286.077265
112,39,13680.456602
112,41,13494.889291
112,42,13372.506395
112,43,13310.546771
112,45,13299.519744
112,47,13164.580520
112,50,13082.329051
112,53,13033.107444
113,37,14538.535869
113,38,14249.861344
113,39,13680.456602
113,41,13494.889291
113,42,13372.506395
113,43,13310.546771
113,45,13299.519744
113,46,13271.915287
113,47,13164.580520
113,50,13082.329051
113,53,12977.648589
114,37,14538.535869
114,38,14249.861344
114,39,13663.307432
114,41,13474.199809
114,42,13329.131334
114,43,13295.718054
114,46,13234.635405
114,47,13164.580520
114,50,13064.509200
114,52,12918.430877
115,37,14538.535869
115,38,14249.861344
115,39,13663.307432
115,41,13375.716267
115,42,13329.131334
115,43,13295.718054
115,46,13234.635405
115,47,13164.580520
115,50,13064.509200
115,52,12918.430877
116,37,14493.520168
116,38,14196.914944
116,39,13607.162582
116,41,13305.735641
116,42,13293.849160
116,43,13270.367982
116,46,13233.513463
116,47,13113.279157
116,50,13061.819001
116,52,12912.176130
117,37,14493.520168
117,38,14196.914944
117,39,13607.162582
117,41,13305.735641
117,42,13293.849160
117,43,13270.367982
117,46,13233.513463
117,47,13113.279157
117,50,13061.819001
117,52,12912.176130
118,37,14446.399168
118,38,14191.563217
118,39,13570.922174
118,41,13255.124849
118,43,13188.814402
118,47,13072.575343
118,50,13034.862530
118,52,12908.800257
119,37,14129.605724
119,39,13570.922174
119,41,13255.124849
119,43,13188.814402
119,47,13072.575343
119,49,13055.498704
119,50,13034.862530
119,52,12908.800257
120,37,13859.161536
120,39,13560.075862
120,40,13185.150087
120,44,13049.272358
120,50,13022.903362
120,52,12908.800257
121,37,13859.161536
121,39,13560.075862
121,40,13185.150087
121,44,13049.272358
121,50,13022.903362
121,52,12908.800257
122,37,13743.927493
122,39,13560.075862
122,40,13150.001495
122,44,13035.680517
122,48,12852.979212
123,36,15711.751538
123,37,13743.927493
123,39,13560.075862
123,40,13150.001495
123,44,13035.680517
123,48,12852.979212
124,36,15711.751538
124,37,13731.099960
124,39,13481.393735
124,40,13122.601533
124,43,13095.250522
124,44,13010.390864
124,48,12851.523282
124,49,12838.571695
125,36,15711.751538
125,37,13731.099960
125,39,13431.922904
125,40,13122.601533
125,43,13095.250522
125,44,13010.390864
125,48,12851.523282
125,49,12838.571695
126,36,15632.173177
126,37,13731.099960
126,39,13423.864920
126,40,13067.615280
126,44,13010.390864
126,48,12806.289177
127,36,15632.173177
127,37,13731.099960
127,39,13423.864920
127,40,13067.615280
127,44,13010.390864
127,48,12806.289177
127,49,12805.982031
128,36,15603.233042
128,37,13731.099960
128,39,13417.467543
128,40,13026.885172
128,44,13003.052665
128,48,12806.289177
128,49,12805.982031
129,36,14083.819291
129,37,13731.099960
129,39,13417.467543
129,40,13026.885172
129,44,13003.052665
129,48,12806.289177
129,49,12805.982031
130,36,14070.080423
130,37,13727.579351
130,39,13417.467543
130,40,13014.814644
130,44,12961.241295
130,48,12750.572927
131,36,14070.080423
131,37,13727.579351
131,39,13417.467543
131,40,13014.814644
131,44,12961.241295
131,48,12750.572927
132,36,14070.080423
132,37,13722.270630
132,39,13417.467543
132,40,12992.718439
132,44,12958.988191
132,48,12712.259370
133,36,14070.080423
133,37,13722.270630
133,38,13585.444161
133,39,13183.239561
133,40,12992.718439
133,44,12958.988191
133,48,12712.259370
134,36,14035.660407
134,37,13637.507457
134,38,13585.444161
134,39,13174.274924
134,40,12986.425991
134,44,12874.438363
134,47,12703.716352
135,36,14035.660407
135,37,13637.507457
135,38,13306.081236
135,39,13174.274924
135,40,12986.425991
135,44,12874.438363
135,47,12703.716352
136,36,14015.933659
136,37,13627.370161
136,38,13254.764129
136,39,13113.948192
136,40,12964.836612
136,44,12835.049036
136,47,12700.160409
137,36,14015.933659
137,37,13627.370161
137,38,13254.764129
137,39,13113.948192
137,40,12964.836612
137,44,12835.049036
137,47,12700.160409
138,36,13971.293555
138,37,13627.370161
138,38,13241.338769
138,39,13103.298200
138,40,12964.836612
138,44,12790.340960
138,47,12699.177344
139,36,13971.293555
139,37,13627.370161
139,38,13241.338769
139,39,13103.298200
139,40,12964.836612
139,43,12944.960350
139,44,12790.340960
139,47,12699.177344
140,36,13847.638131
140,37,13590.671424
140,38,13216.188297
140,39,13095.442450
140,40,12964.076935
140,43,12943.768957
140,44,12785.219443
140,47,12698.741083
141,36,13847.638131
141,37,13590.671424
141,38,13216.188297
141,39,13095.442450
141,40,12964.076935
141,43,12942.940492
141,44,12785.219443
141,47,12698.741083
142,35,14458.030533
142,36,13847.638131
142,37,13576.542795
142,38,13205.357270
142,39,13083.851327
142,40,12940.996867
142,42,12884.031159
142,44,12761.293053
142,47,12698.741083
143,35,14458.030533
143,36,13847.638131
143,37,13576.542795
143,38,13205.357270
143,39,13074.234572
143,40,12940.996867
143,42,12884.031159
143,43,12837.931822
143,44,12761.293053
143,47,12698.741083
144,35,14458.030533
144,36,13847.638131
144,37,13526.380832
144,38,13198.997523
144,39,13024.133556
144,40,12940.996867
144,42,12867.211120
144,43,12830.873639
144,44,12751.979120
144,45,12734.873080
144,46,12733.881112
144,47,12694.919300
145,35,14458.030533
145,36,13847.638131
145,37,13526.380832
145,38,13198.997523
145,39,13024.133556
145,40,12940.996867
145,42,12867.211120
145,43,12708.108695
145,47,12694.919300
146,35,14458.030533
146,36,13847.638131
146,37,13430.731636
146,38,13152.126993
146,39,13012.221929
146,40,12940.726087
146,42,12867.211120
146,43,12699.768538
146,47,12693.383768
147,35,14458.030533
147,36,13847.638131
147,37,13430.731636
147,38,13152.126993
147,39,13012.221929
147,40,12896.616556
147,42,12867.211120
147,43,12699.768538
147,47,12693.383768
148,35,14433.407005
148,36,13847.638131
148,37,13418.269822
148,38,13120.205708
148,39,13000.928444
148,40,12867.392399
148,42,12835.136623
148,43,12681.598955
148,47,12675.319963
149,35,14433.407005
149,36,13847.638131
149,37,13418.269822
149,38,13120.205708
149,39,13000.928444
149,40,12867.392399
149,42,12835.136623
149,43,12681.598955
149,47,12675.319963
150,35,14433.407005
150,36,13847.638131
150,37,13413.351747
150,38,13078.676480
150,39,12982.003680
150,40,12867.392399
150,42,12651.219067
151,35,14433.407005
151,36,13781.908012
151,37,13413.351747
151,38,13078.676480
151,39,12874.310450
151,40,12867.392399
151,42,12651.219067
152,35,14426.838875
152,36,13702.453461
152,37,13410.752098
152,38,13041.266856
152,39,12847.699703
152,42,12647.776244
153,35,14426.838875
153,36,13702.453461
153,37,13410.752098
153,38,13041.266856
153,39,12847.699703
153,42,12647.776244
154,35,14426.838875
154,36,13674.523169
154,37,13374.927022
154,38,13035.059683
154,39,12833.704497
154,42,12647.776244
155,35,14426.838875
155,36,13674.523169
155,37,13374.927022
155,38,13035.059683
155,39,12833.704497
155,42,12647.776244
156,35,14426.838875
156,36,13674.523169
156,37,13301.625787
156,38,12979.004163
156,39,12833.704497
156,42,12647.716152
157,35,14426.838875
157,36,13674.523169
157,37,13301.625787
157,38,12979.004163
157,39,12833.704497
157,42,12647.716152
158,35,13951.019897
158,36,13673.438826
158,37,13301.625787
158,38,12934.845581
158,39,12833.704497
158,41,12797.887031
158,42,12646.058484
159,35,13903.225835
159,36,13673.438826
159,37,13301.625787
159,38,12934.845581
159,39,12833.704497
159,41,12781.140493
159,42,12646.058484
160,35,13574.516310
160,36,13428.423657
160,37,13295.476192
160,38,12934.845581
160,39,12833.704497
160,41,12780.616801
160,42,12613.364976
161,35,13574.516310
161,36,13428.423657
161,37,13295.476192
161,38,12934.845581
161,39,12833.704497
161,41,12780.616801
161,42,12613.364976
161,44,12538.801892
162,35,13568.638761
162,36,13421.595157
162,37,13277.215904
162,38,12929.138512
162,39,12833.704497
162,41,12726.539477
162,42,12601.379374
162,44,12532.384478
163,35,13568.638761
163,36,13421.595157
163,37,13058.918554
163,38,12929.138512
163,39,12833.704497
163,41,12726.539477
163,42,12601.379374
163,44,12532.384478
164,35,13524.352222
164,36,13421.595157
164,37,13047.653672
164,38,12929.138512
164,39,12806.758853
164,41,12688.951832
164,42,12590.224566
164,44,12506.024704
165,35,13524.352222
165,36,13421.595157
165,37,13047.197407
165,38,12929.138512
165,39,12806.758853
165,41,12688.951832
165,42,12590.224566
165,44,12503.784386
166,35,13424.293302
166,36,13397.785473
166,37,13038.518868
166,38,12928.934081
166,39,12796.313802
166,41,12667.495996
166,42,12564.025020
166,44,12503.784386
167,35,13424.293302
167,36,13397.785473
167,37,13038.518868
167,38,12928.934081
167,39,12796.313802
167,41,12667.495996
167,42,12564.025020
167,44,12503.784386
168,35,13424.293302
168,36,13397.785473
168,37,12914.660664
168,38,12883.323711
168,39,12780.422332
168,41,12621.372369
168,42,12541.218560
168,44,12503.784386
169,35,13424.293302
169,36,13397.785473
169,37,12914.660664
169,38,12883.323711
169,39,12780.422332
169,41,12621.372369
169,42,12541.218560
169,44,12503.784386
170,34,14593.668419
170,35,13424.293302
170,36,13395.389533
170,37,12893.669418
170,38,12883.287776
170,39,12773.584448
170,40,12750.799191
170,41,12599.893715
170,42,12539.503020
170,44,12503.784386
171,34,14593.668419
171,35,13424.293302
171,36,13395.389533
171,37,12893.669418
171,38,12883.287776
171,39,12773.584448
171,40,12750.799191
171,41,12599.893715
171,42,12539.503020
171,44,12503.784386
172,34,14593.668419
172,35,13424.293302
172,36,13395.389533
172,37,12884.515290
172,38,12787.211582
172,39,12771.662555
172,40,12599.119440
172,42,12539.101136
172,44,12484.293520
173,34,14593.668419
173,35,13424.293302
173,36,13395.389533
173,37,12884.515290
173,38,12787.211582
173,39,12771.662555
173,40,12599.119440
173,42,12539.101136
173,44,12484.293520
174,34,14507.670518
174,35,13424.293302
174,36,13358.670984
174,37,12884.515290
174,38,12707.797512
174,40,12598.018674
174,42,12525.212038
174,44,12480.094387
175,34,13825.242890
175,35,13424.293302
175,36,13350.915642
175,37,12884.515290
175,38,12707.797512
175,40,12598.018674
175,42,12525.212038
175,44,12480.094387
176,34,13825.242890
176,35,13424.293302
176,36,13266.452229
176,37,12871.047303
176,38,12707.797512
176,40,12598.018674
176,41,12463.905145
176,43,12451.852494
176,45,12444.057670
177,34,13726.213502
177,35,13424.293302
177,36,13266.452229
177,37,12871.047303
177,38,12707.797512
177,39,12621.551909
177,40,12598.018674
177,41,12463.905145
177,43,12451.852494
177,44,12446.383296
177,45,12444.057670
178,34,13726.213502
178,35,13383.786630
178,36,13244.507555
178,37,12871.047303
178,38,12707.797512
178,39,12609.011658
178,40,12440.110482
178,43,12426.524106
179,34,13726.213502
179,35,13383.786630
179,36,13244.507555
179,37,12871.047303
179,38,12707.797512
179,39,12609.011658
179,40,12440.110482
179,43,12426.524106
180,34,13682.028884
180,35,13307.697379
180,36,13241.989349
180,37,12868.646120
180,38,12661.474459
180,39,12537.198994
180,40,12440.110482
180,43,12426.524106
180,45,12407.469999
181,34,13682.028884
181,35,13307.697379
181,36,13241.989349
181,37,12733.705825
181,38,12661.474459
181,39,12537.198994
181,40,12440.110482
181,43,12426.524106
181,44,12421.263035
181,45,12407.469999
182,34,13627.350117
182,35,13177.983622
182,36,13165.018283
182,37,12723.132399
182,38,12627.489192
182,39,12537.198994
182,40,12433.790126
182,43,12370.393308
183,34,13344.196909
183,35,13177.983622
183,36,13165.018283
183,37,12723.132399
183,38,12627.489192
183,39,12537.198994
183,40,12433.790126
183,43,12370.393308
184,34,13344.196909
184,35,13175.045624
184,36,13152.846041
184,37,12624.114784
184,39,12530.982049
184,40,12433.790126
184,43,12365.216662
185,34,13294.012681
185,35,13175.045624
185,36,13152.846041
185,37,12624.114784
185,39,12530.982049
185,40,12433.790126
185,41,12410.528503
185,43,12318.495629
186,34,13270.100374
186,35,13123.964403
186,36,13086.779339
186,37,12619.985380
186,39,12515.188858
186,40,12413.951120
186,41,12410.528503
186,43,12303.754444
187,34,13270.100374
187,35,13123.964403
187,36,13086.779339
187,37,12619.985380
187,39,12515.188858
187,40,12413.951120
187,41,12392.744618
187,43,12277.354904
188,34,13156.002820
188,35,13122.837532
188,36,13075.355472
188,37,12610.443791
188,39,12493.914462
188,40,12359.239243
188,43,12254.783564
189,34,13156.002820
189,35,13122.837532
189,36,13075.355472
189,37,12539.250453
189,39,12493.914462
189,40,12359.239243
189,43,12254.783564
190,34,13141.704993
190,35,13122.837532
190,36,13043.975265
190,37,12528.378192
190,39,12442.401310
190,40,12356.846762
190,43,12242.602533
191,34,13141.704993
191,35,13122.837532
191,36,13043.975265
191,37,12528.378192
191,39,12442.401310
191,40,12356.846762
191,43,12242.602533
192,34,13139.208096
192,35,13122.293547
192,36,13043.975265
192,37,12528.378192
192,39,12390.714652
192,40,12356.846762
192,43,12233.597401
193,34,13139.208096
193,35,13122.293547
193,36,13004.936252
193,37,12528.378192
193,39,12390.714652
193,40,12356.846762
193,41,12327.829642
193,43,12233.597401
194,34,13122.390532
194,35,13015.830411
194,36,12924.964930
194,37,12502.216453
194,39,12360.852237
194,40,12341.755431
194,41,12285.279889
194,43,12233.597401
195,34,13122.390532
195,35,13015.830411
195,36,12924.964930
195,37,12502.216453
195,39,12360.852237
195,40,12341.755431
195,41,12285.279889
195,43,12233.597401
196,34,12961.618183
196,35,12913.758949
196,36,12892.489858
196,37,12502.216453
196,39,12351.094702
196,40,12341.577337
196,41,12255.383448
196,43,12232.163849
197,34,12961.618183
197,35,12913.758949
197,36,12892.489858
197,37,12502.216453
197,39,12351.094702
197,40,12341.577337
197,41,12255.383448
197,43,12232.163849
198,34,12958.380898
198,35,12913.758949
198,36,12892.489858
198,37,12496.286545
198,39,12347.080194
198,40,12339.863010
198,41,12245.830787
198,42,12230.506034
199,34,12958.380898
199,35,12881.887701
199,37,12496.286545
199,39,12296.682618
199,41,12245.830787
199,42,12230.506034
200,34,12958.380898
200,35,12881.887701
200,37,12494.689704
200,39,12293.641827
200,41,12244.503688
200,42,12229.417316
201,34,12958.380898
201,35,12881.887701
201,37,12494.689704
201,39,12293.641827
201,41,12244.503688
201,42,12229.417316
202,34,12955.442900
202,35,12853.338093
202,37,12494.689704
202,39,12293.641827
202,41,12234.980437
202,42,12227.770652
203,34,12955.442900
203,35,12853.338093
203,36,12739.537935
203,37,12494.689704
203,39,12293.641827
203,41,12234.980437
203,42,12227.770652
204,34,12842.258197
204,36,12739.537935
204,37,12489.428467
204,39,12287.563385
204,41,12205.872792
205,34,12842.258197
205,36,12739.537935
205,37,12489.428467
205,39,12287.563385
205,41,12205.872792
206,34,12842.258197
206,36,12730.217484
206,37,12455.280849
206,39,12287.563385
206,41,12194.028593
207,34,12842.258197
207,35,12728.458039
207,37,12455.280849
207,39,12287.563385
207,41,12194.028593
208,34,12818.221676
208,35,12728.458039
208,37,12448.572746
208,39,12287.563385
208,41,12193.842266
209,34,12818.221676
209,35,12728.458039
209,37,12448.572746
209,39,12287.563385
209,41,12193.842266
210,33,13203.847260
210,34,12818.221676
210,35,12728.458039
210,37,12407.696468
210,39,12280.995046
210,41,12186.628753
211,33,13203.847260
211,34,12818.221676
211,35,12728.458039
211,37,12407.696468
211,39,12280.995046
211,41,12186.628753
212,33,13203.847260
212,34,12815.198146
212,35,12718.412306
212,37,12407.008198
212,39,12280.995046
212,41,12186.628753
213,33,13203.847260
213,34,12815.198146
213,35,12718.412306
213,37,12407.008198
213,39,12218.631731
213,41,12186.628753
214,33,13169.935206
214,34,12814.187315
214,35,12718.412306
214,37,12380.597613
214,39,12217.035319
214,41,12169.345300
215,33,13169.935206
215,34,12814.187315
215,35,12718.412306
215,37,12380.597613
215,39,12217.035319
215,40,12163.624033
216,33,13169.258007
216,34,12652.701062
216,37,12380.597613
216,39,12217.035319
216,40,12147.012459
217,33,13169.258007
217,34,12652.701062
217,37,12380.597613
217,39,12217.035319
217,40,12147.012459
218,33,13147.166915
218,34,12649.228388
218,37,12380.597613
218,39,12198.483780
218,40,12133.302493
219,33,13147.166915
219,34,12649.228388
219,37,12380.597613
219,39,12198.483780
219,40,12133.302493
220,33,13112.744707
220,34,12566.985404
220,36,12516.761836
220,37,12375.893099
220,39,12191.286802
220,40,12128.402215
220,42,12113.021816
221,33,13112.744707
221,34,12566.985404
221,36,12516.761836
221,37,12375.893099
221,39,12191.286802
221,40,12128.402215
221,42,12113.021816
222,33,13112.744707
222,34,12546.395376
222,36,12497.099354
222,37,12317.503327
222,39,12190.420928
222,40,12128.402215
222,42,12113.021816
223,33,13112.744707
223,34,12546.395376
223,36,12479.219814
223,37,12317.503327
223,39,12190.420928
223,40,12128.402215
223,41,12095.314692
224,33,13082.189476
224,34,12541.468391
224,36,12474.834565
224,37,12305.095042
224,39,12190.420928
224,40,12115.591227
224,41,12095.232882
225,33,13082.189476
225,34,12541.468391
225,36,12474.834565
225,37,12305.095042
225,39,12190.420928
225,40,12115.591227
225,41,12095.232882
226,33,13043.183852
226,34,12537.621289
226,36,12474.834565
226,37,12305.095042
226,39,12190.107709
226,40,12115.591227
226,41,12053.766754
227,33,13043.183852
227,34,12537.621289
227,36,12474.834565
227,37,12305.095042
227,39,12190.107709
227,40,12115.591227
227,41,12053.766754
228,33,13043.183852
228,34,12536.305402
228,36,12453.900929
228,37,12289.486785
228,39,12150.507598
228,40,12098.219576
228,41,12034.979713
229,33,13043.183852
229,34,12536.305402
229,36,12453.900929
229,37,12280.874516
229,39,12150.507598
229,40,12098.219576
229,41,12034.979713
230,33,13043.183852
230,34,12536.305402
230,36,12453.900929
230,37,12250.586689
230,39,12150.507598
230,40,12098.219576
230,41,11992.697231
231,33,13043.183852
231,34,12536.305402
231,36,12439.392365
231,37,12250.586689
231,39,12150.507598
231,40,12098.219576
231,41,11992.697231
232,33,12911.113220
232,34,12518.509672
232,36,12434.678458
232,37,12245.955626
232,39,12080.799433
232,40,12059.777837
232,41,11992.697231
233,33,12911.113220
233,34,12518.509672
233,36,12434.678458
233,37,12245.955626
233,39,12080.799433
233,40,12059.777837
233,41,11992.697231
234,33,12906.643219
234,34,12518.509672
234,36,12434.678458
234,37,12232.544287
234,39,12042.153217
234,40,12026.801434
234,41,11984.202734
235,33,12906.643219
235,34,12518.509672
235,36,12434.678458
235,37,12232.544287
235,39,12042.153217
235,40,12026.801434
235,41,11984.202734
236,33,12901.879827
236,34,12474.974339
236,36,12425.987354
236,37,12232.544287
236,39,12042.153217
236,40,12020.700412
236,41,11983.966048
237,33,12901.879827
237,34,12474.974339
237,35,12417.294443
237,37,12232.544287
237,39,12042.153217
237,40,12020.700412
237,41,11983.966048
238,33,12893.597493
238,34,12469.744183
238,35,12398.531771
238,37,12232.544287
238,39,12042.153217
238,40,12019.315959
238,41,11978.427824
239,33,12893.597493
239,34,12443.127175
239,35,12398.531771
239,37,12232.544287
239,38,12181.286116
239,39,12042.153217
239,40,12019.315959
239,41,11978.427824
240,33,12866.997421
240,34,12442.904006
240,35,12398.531771
240,37,12232.544287
240,38,12163.265283
240,39,12039.836565
240,40,12019.315959
240,41,11964.883260
241,33,12866.997421
241,34,12442.904006
241,35,12398.531771
241,37,12232.544287
241,38,12163.265283
241,39,12039.836565
241,40,12019.315959
241,41,11964.883260
242,33,12866.997421
242,34,12388.672036
242,37,12219.223642
242,38,12152.561848
242,39,12038.616777
242,40,12019.315959
242,41,11964.883260
243,33,12866.997421
243,34,12373.972222
243,37,12219.223642
243,38,12104.303330
243,39,12038.616777
243,40,12019.315959
243,41,11964.883260
244,33,12866.997421
244,34,12293.035986
244,37,12219.223642
244,38,12095.544439
244,39,12038.616777
244,40,12019.315959
244,41,11947.878978
245,32,13530.813552
245,33,12866.997421
245,34,12293.035986
245,37,12219.223642
245,38,12095.544439
245,39,12038.616777
245,40,12019.315959
245,41,11947.878978
246,32,13488.556421
246,33,12866.997421
246,34,12293.035986
246,37,12214.368390
246,38,12095.544439
246,39,12037.965012
246,40,12019.315959
246,41,11928.622019
247,32,13488.556421
247,33,12834.599623
247,34,12293.035986
247,37,12214.368390
247,38,12095.544439
247,39,12037.965012
247,40,12019.315959
247,41,11926.117913
248,32,13240.714832
248,33,12833.862793
248,34,12293.035986
248,37,12214.368390
248,38,12095.544439
248,39,12032.978120
248,40,12019.315959
248,41,11922.798877
249,32,13240.714832
249,33,12833.862793
249,34,12293.035986
249,37,12214.368390
249,38,12095.544439
249,39,12006.372383
249,40,11975.419593
249,41,11922.798877
250,32,13129.757206
250,33,12817.599441
250,34,12292.772939
250,37,12211.802037
250,38,12095.544439
250,39,11988.901546
250,40,11968.262281
250,41,11902.117695
251,32,13129.757206
251,33,12817.599441
251,34,12292.772939
251,37,12211.802037
251,38,12095.544439
251,39,11968.207883
251,41,11902.117695
252,32,13129.757206
252,33,12817.599441
252,34,12292.772939
252,37,12206.961784
252,38,12091.954624
252,39,11891.996594
253,32,13129.757206
253,33,12744.654952
253,34,12292.772939
253,37,12206.961784
253,38,12091.954624
253,39,11891.996594
254,32,12970.321001
254,33,12744.054287
254,34,12292.772939
254,37,12202.797451
254,38,12076.438376
254,39,11891.996594
255,32,12970.321001
255,33,12744.054287
255,34,12276.127730
255,37,12202.797451
255,38,12076.438376
255,39,11891.996594
256,32,12880.866661
256,33,12744.054287
256,34,12276.127730
256,37,12188.465099
256,38,12072.908306
256,39,11880.282065
257,32,12880.866661
257,33,12744.054287
257,34,12276.127730
257,37,12188.465099
257,38,11929.892242
257,39,11880.282065
258,32,12865.814744
258,33,12735.945431
258,34,12238.551207
258,37,12188.465099
258,38,11913.505743
258,39,11880.282065
259,32,12865.814744
259,33,12735.945431
259,34,12217.873477
259,37,12188.465099
259,38,11913.505743
259,39,11880.282065
260,32,12849.827926
260,33,12735.945431
260,34,12209.826966
260,36,12202.119712
260,37,12172.027188
260,38,11862.510675
261,32,12734.921206
261,34,12209.826966
261,36,12202.119712
261,37,12172.027188
261,38,11862.510675
262,32,12734.921206
262,33,12610.082132
262,34,12209.826966
262,36,12193.846782
262,37,12153.032364
262,38,11857.008332
263,32,12734.921206
263,33,12610.082132
263,34,12175.250397
263,37,12153.032364
263,38,11857.008332
264,32,12732.990913
264,33,12610.082132
264,34,12175.250397
264,37,12113.815408
264,38,11839.244894
265,32,12732.990913
265,33,12542.089521
265,34,12175.250397
265,37,12113.815408
265,38,11839.244894
266,32,12732.990913
266,33,12542.089521
266,34,12175.250397
266,37,12105.807834
266,38,11812.383953
267,32,12707.432022
267,33,12542.089521
267,34,12175.250397
267,37,12105.807834
267,38,11812.383953
268,32,12707.432022
268,33,12542.089521
268,34,12162.296462
268,36,12066.740885
268,38,11812.145054
268,39,11803.628980
269,32,12707.432022
269,33,12542.089521
269,34,12147.446584
269,35,12114.860841
269,36,12066.740885
269,38,11812.145054
269,39,11803.628980
270,32,12686.907743
270,33,12471.100485
270,34,12147.446584
270,35,12100.851862
270,36,12059.606209
270,38,11807.491961
270,39,11803.628980
271,32,12686.907743
271,33,12471.100485
271,34,12147.446584
271,35,12100.851862
271,36,12059.606209
271,38,11807.491961
271,39,11803.628980
272,32,12685.145570
272,33,12274.027791
272,34,12134.255048
272,35,12100.851862
272,36,12044.428563
272,38,11807.491961
272,39,11802.868202
273,32,12685.145570
273,33,12274.027791
273,34,12134.255048
273,35,12100.851862
273,36,12044.428563
273,38,11807.491961
273,39,11802.868202
274,32,12685.145570
274,33,12274.027791
274,34,12123.722181
274,35,12096.462108
274,36,12044.428563
274,38,11807.491961
274,39,11780.039754
275,32,12685.145570
275,33,12274.027791
275,34,12123.722181
275,35,12096.462108
275,36,12044.428563
275,38,11805.249235
275,39,11780.039754
276,32,12668.233072
276,33,12094.461357
276,35,12090.680565
276,36,12044.428563
276,37,11766.139675
277,32,12617.422330
277,33,12094.461357
277,35,12090.680565
277,36,12044.428563
277,37,11766.139675
278,32,12617.422330
278,33,12094.091932
278,35,12090.680565
278,36,12044.428563
278,37,11766.139675
279,32,12617.422330
279,33,12094.091932
279,35,12090.680565
279,36,12044.428563
279,37,11766.139675
280,31,12771.979874
280,32,12588.946475
280,33,12084.288905
280,35,12006.382940
280,36,11993.001361
280,37,11766.139675
281,30,12925.387871
281,31,12673.308036
281,32,12588.946475
281,33,12084.288905
281,35,11933.390489
281,37,11766.139675
282,30,12922.501081
282,31,12673.308036
282,32,12466.693342
282,33,12081.055087
282,35,11918.133635
282,37,11758.936102
283,30,12922.501081
283,31,12673.308036
283,32,12389.842358
283,33,12081.055087
283,35,11918.133635
283,37,11758.936102
284,30,12884.028433
284,31,12668.370354
284,32,12332.542662
284,33,12081.055087
284,35,11873.660542
284,37,11758.121624
285,30,12884.028433
285,31,12668.370354
285,32,12332.542662
285,33,12081.055087
285,35,11873.660542
285,37,11758.121624
286,30,12884.028433
286,31,12662.898534
286,32,12332.542662
286,33,12062.610953
286,35,11873.660542
286,37,11758.121624
287,30,12884.028433
287,31,12662.898534
287,32,12332.542662
287,33,12062.610953
287,35,11873.660542
287,37,11758.121624
288,30,12861.604119
288,31,12662.898534
288,32,12332.542662
288,33,12048.991158
288,35,11872.088369
288,37,11743.673417
289,30,12861.604119
289,31,12662.898534
289,32,12332.542662
289,33,12048.991158
289,35,11872.088369
289,37,11743.673417
290,30,12796.390931
290,31,12662.898534
290,32,12328.756786
290,33,12046.931351
290,35,11866.401822
290,37,11743.673417
291,30,12796.390931
291,31,12662.898534
291,32,12328.756786
291,33,12046.931351
291,35,11866.401822
291,36,11782.672877
291,37,11741.188568
292,30,12791.604873
292,31,12662.898534
292,32,12328.756786
292,33,12028.467875
292,35,11865.377322
292,36,11782.672877
292,37,11741.188568
293,30,12791.604873
293,31,12662.898534
293,32,12328.756786
293,33,12028.467875
293,35,11865.377322
293,36,11782.672877
293,37,11741.188568
294,30,12772.523519
294,31,12662.579679
294,32,12328.756786
294,33,12028.467875
294,35,11865.377322
294,36,11706.642033
295,30,12772.523519
295,31,12499.773769
295,32,12328.756786
295,33,12028.467875
295,35,11865.377322
295,36,11706.642033
296,30,12666.268345
296,31,12484.278629
296,32,12328.756786
296,33,11979.378147
296,35,11865.377322
296,36,11693.081199
297,30,12666.268345
297,31,12484.278629
297,32,12328.756786
297,33,11979.378147
297,35,11865.377322
297,36,11693.081199
298,30,12666.268345
298,31,12484.278629
298,32,12328.756786
298,33,11979.378147
298,35,11865.377322
298,36,11693.081199
299,30,12665.132734
299,31,12484.278629
299,32,12328.756786
299,33,11979.378147
299,35,11865.377322
299,36,11659.572208
300,30,12573.091455
300,31,12484.278629
300,32,12328.756786
300,33,11979.378147
300,35,11865.377322
300,36,11659.382434
301,30,12573.091455
301,31,12484.278629
301,32,12328.756786
301,33,11979.378147
301,35,11865.377322
301,36,11659.382434
302,30,12573.091455
302,31,12480.521306
302,32,12328.156121
302,33,11979.378147
302,35,11855.118788
302,36,11659.382434
303,30,12573.091455
303,31,12480.521306
303,32,12328.156121
303,33,11979.378147
303,35,11855.118788
303,36,11659.382434
304,30,12573.091455
304,31,12480.521306
304,32,12325.852210
304,33,11977.270950
304,35,11855.118788
304,36,11653.454428
305,30,12573.091455
305,31,12479.870018
305,32,12325.852210
305,33,11977.270950
305,35,11855.118788
305,36,11653.454428
306,30,12569.425698
306,31,12382.565995
306,32,12325.852210
306,33,11977.270950
306,35,11854.425803
306,36,11653.454428
307,30,12569.425698
307,31,12382.565995
307,32,12325.852210
307,33,11977.270950
307,35,11854.425803
307,36,11653.454428
308,30,12569.425698
308,31,12381.777805
308,32,12325.852210
308,33,11976.214352
308,35,11835.208350
308,36,11653.454428
309,30,12569.425698
309,31,12381.777805
309,32,12325.852210
309,33,11976.214352
309,35,11835.208350
309,36,11653.454428
310,30,12556.655306
310,31,12381.663764
310,32,12300.324875
310,33,11976.214352
310,35,11827.287223
310,36,11653.454428
311,30,12556.655306
311,31,12361.268113
311,32,12300.324875
311,33,11976.214352
311,34,11928.034561
311,35,11827.287223
311,36,11642.031672
312,30,12540.179724
312,31,12361.268113
312,32,12281.188708
312,33,11975.536998
312,34,11928.034561
312,35,11827.287223
312,36,11642.031672
313,30,12540.179724
313,31,12318.261884
313,32,12281.188708
313,33,11975.536998
313,34,11928.034561
313,35,11827.287223
313,36,11642.031672
314,30,12540.179724
314,31,12309.755524
314,32,12281.188708
314,33,11974.784456
314,34,11889.437529
314,35,11743.805008
314,36,11642.031672
315,30,12540.179724
315,31,12309.755524
315,32,12281.188708
315,33,11974.784456
315,34,11889.437529
315,35,11743.805008
315,36,11642.031672
316,30,12540.179724
316,31,12309.755524
316,32,12277.704767
316,33,11974.784456
316,34,11869.493937
316,35,11743.805008
316,36,11642.031672
317,30,12499.373166
317,31,12309.755524
317,32,12277.704767
317,33,11974.784456
317,34,11869.493937
317,35,11743.805008
317,36,11642.031672
318,30,12499.373166
318,31,12284.836637
318,32,12277.389550
318,33,11974.784456
318,34,11842.055121
318,35,11730.939417
318,36,11638.014878
319,30,12493.239845
319,31,12284.836637
319,32,12209.693771
319,33,11974.784456
319,34,11842.055121
319,35,11721.129341
319,36,11620.163237
320,30,12458.196136
320,31,12268.566537
320,32,12198.537918
320,33,11968.728542
320,34,11812.079412
320,35,11701.968754
320,36,11613.071472
321,30,12458.196136
321,31,12268.566537
321,32,12198.537918
321,33,11968.728542
321,34,11812.079412
321,35,11701.968754
321,36,11610.635992
322,30,12458.082095
322,31,12268.566537
322,32,12139.662366
322,33,11965.122141
322,34,11812.079412
322,35,11701.968754
322,36,11610.635992
323,30,12458.082095
323,31,12268.566537
323,32,12139.662366
323,33,11965.122141
323,34,11812.079412
323,35,11701.968754
323,36,11610.635992
