Generation,NV,TOC
1,56,21217.673311
1,57,21131.245203
1,65,19561.348894
1,70,19060.407298
1,72,18386.888034
1,77,18137.313632
1,97,18034.899215
1,99,17203.369697
1,137,17165.190345
1,150,17049.187139
2,56,21217.673311
2,57,21131.245203
2,59,20981.906702
2,63,20144.118448
2,65,19341.362071
2,70,19060.407298
2,72,18386.888034
2,75,18224.681723
2,77,18137.313632
2,86,17077.096007
2,140,16828.824705
3,56,21110.031123
3,57,20410.072779
3,62,18733.165698
3,68,18670.257266
3,71,18368.649663
3,75,17747.847724
3,80,17267.385855
3,85,16971.362783
3,97,16915.175119
3,106,16732.425261
3,107,16658.169350
3,111,16596.956130
3,138,16462.549609
4,56,20461.961013
4,57,20410.072779
4,62,18733.165698
4,68,18670.257266
4,69,18371.840380
4,71,18368.649663
4,73,17325.226662
4,80,17267.385855
4,85,16971.362783
4,96,16923.832974
4,97,16624.234676
4,111,16596.956130
4,123,16503.729022
4,138,16462.549609
4,143,16239.100183
5,56,20461.961013
5,57,20410.072779
5,58,19464.808052
5,62,18733.165698
5,64,18424.207516
5,68,18026.371093
5,73,17115.530398
5,85,16971.362783
5,88,16689.444659
5,93,16499.241146
5,107,16314.709194
5,112,16312.895098
5,126,15971.172656
5,128,15715.422629
6,56,20436.469214
6,57,20410.072779
6,58,19395.055680
6,62,18733.165698
6,64,18424.207516
6,68,18026.371093
6,71,17557.920434
6,73,17115.530398
6,81,16415.668723
6,93,15922.708875
6,109,15889.937378
6,125,15715.313865
7,56,20436.469214
7,57,19949.818454
7,58,19305.326158
7,59,18850.236513
7,62,18733.165698
7,64,18424.207516
7,67,17840.886553
7,70,17757.436755
7,71,17506.960011
7,73,17115.530398
7,77,17008.759526
7,81,16415.668723
7,86,16281.208444
7,88,16219.911035
7,89,16186.160661
7,93,15922.708875
7,99,15913.179829
7,109,15889.937378
7,111,15857.593577
7,115,15804.693675
7,116,15730.904736
7,125,15715.313865
7,133,15689.315013
8,55,20392.522408
8,57,19949.818454
8,58,19305.326158
8,59,18850.236513
8,60,18623.361733
8,63,17927.263041
8,67,17840.886553
8,70,17757.436755
8,71,17506.960011
8,72,17460.797721
8,73,17115.530398
8,74,16922.899367
8,77,16693.772782
8,81,16415.668723
8,83,16410.983249
8,86,16281.208444
8,88,16219.911035
8,89,16186.160661
8,93,15922.708875
8,97,15789.303829
8,103,15757.054028
8,116,15730.904736
8,125,15715.313865
8,133,15689.315013
8,135,15532.761565
9,55,20392.522408
9,56,20388.030180
9,57,19949.818454
9,58,19305.326158
9,59,18694.185724
9,60,18623.361733
9,61,18510.062423
9,63,17927.263041
9,66,17741.074331
9,67,17672.882028
9,69,17368.785905
9,73,17115.530398
9,74,16922.899367
9,77,16252.582302
9,83,16222.346212
9,88,16141.540740
9,89,16007.945134
9,92,15838.629087
9,96,15728.201957
9,101,15478.985338
9,130,15442.652757
9,135,15413.089304
10,55,20392.522408
10,56,20388.030180
10,57,19949.818454
10,58,18691.853258
10,59,18627.255455
10,60,18377.172372
10,63,17927.263041
10,66,17741.074331
10,67,17672.882028
10,68,17396.773830
10,69,17368.785905
10,70,17010.369416
10,71,16930.956228
10,74,16922.899367
10,76,16512.742313
10,77,16252.582302
10,83,16222.346212
10,88,15853.228648
10,92,15838.629087
10,95,15640.890281
10,101,15478.985338
10,126,15443.391473
10,128,15440.957919
10,135,15413.089304
11,55,20392.522408
11,56,20388.030180
11,57,19949.818454
11,58,18691.853258
11,59,18627.255455
11,60,18377.172372
11,62,18145.817308
11,63,17927.263041
11,64,17881.020076
11,65,17590.241877
11,66,17422.608775
11,68,17396.773830
11,69,17209.867860
11,70,17010.369416
11,71,16930.956228
11,74,16922.899367
11,76,16512.742313
11,77,16252.582302
11,83,16222.346212
11,87,15910.178516
11,88,15853.228648
11,92,15838.629087
11,95,15640.890281
11,99,15534.476953
11,101,15478.985338
11,111,15109.239377
11,114,14952.107899
12,55,20392.522408
12,56,20388.030180
12,57,18401.727695
12,59,18103.118121
12,63,17593.151321
12,65,17590.241877
12,66,17422.608775
12,68,17396.773830
12,69,17209.867860
12,70,17010.369416
12,71,16930.956228
12,74,16772.642129
12,76,16512.742313
12,77,16252.582302
12,83,15789.677130
12,85,15786.179606
12,87,15746.974697
12,89,15713.173517
12,93,15582.472970
12,98,15505.670379
12,101,15398.675788
12,102,15278.507750
12,110,15042.757461
12,114,14932.790796
13,55,20392.522408
13,56,20309.657026
13,57,18401.727695
13,59,18103.118121
13,60,17449.010110
13,65,17142.887808
13,67,17121.363545
13,70,17010.369416
13,71,16930.956228
13,73,16722.575641
13,74,16491.011493
13,76,16312.810156
13,77,16252.582302
13,78,16103.101230
13,80,15829.458838
13,83,15789.677130
13,85,15786.179606
13,87,15746.974697
13,89,15713.173517
13,93,15582.472970
13,98,15505.670379
13,99,15486.792025
13,101,15398.675788
13,102,15278.507750
13,110,15042.757461
13,114,14932.790796
13,118,14831.375490
14,55,20392.522408
14,56,18602.992736
14,57,18401.727695
14,58,18009.182024
14,59,17976.135044
14,60,17449.010110
14,65,17142.887808
14,67,16847.773495
14,72,16460.299544
14,73,16180.481348
14,78,16103.101230
14,80,15829.458838
14,83,15789.677130
14,85,15786.179606
14,87,15746.974697
14,88,15436.118252
14,96,15408.991927
14,98,15341.257770
14,101,15225.106723
14,109,14656.861889
15,55,19912.398990
15,56,18602.992736
15,57,18401.727695
15,58,17915.687352
15,60,17449.010110
15,64,17341.615906
15,65,17142.887808
15,67,16847.773495
15,69,16794.964276
15,71,16378.270894
15,72,16114.787088
15,78,16103.101230
15,79,16102.776799
15,80,15829.458838
15,83,15789.677130
15,85,15786.179606
15,87,15746.974697
15,88,15436.118252
15,91,15428.950041
15,93,15421.713809
15,94,15421.353177
15,95,15371.620364
15,98,15341.257770
15,101,15225.106723
15,109,14656.861889
16,55,18657.247809
16,56,17852.240134
16,58,17426.821710
16,62,17217.958703
16,63,17018.670272
16,64,16545.008981
16,71,16149.741635
16,72,16114.787088
16,78,16103.101230
16,79,16102.776799
16,80,15813.790332
16,83,15789.677130
16,84,15409.452903
16,87,15383.882777
16,89,15306.639160
16,97,15279.714233
16,101,15225.106723
16,108,14602.550478
17,55,18657.247809
17,56,17852.240134
17,58,17426.821710
17,62,17217.958703
17,63,17018.670272
17,64,16545.008981
17,68,16210.231156
17,70,16001.287847
17,75,15785.897650
17,82,15648.732693
17,84,15409.452903
17,87,15383.882777
17,89,15306.639160
17,97,15279.714233
17,101,15225.106723
17,104,15179.433576
17,105,14754.344287
17,108,14602.550478
18,55,17907.740909
18,56,17852.240134
18,57,17795.681909
18,58,17426.821710
18,62,17217.958703
18,63,17018.670272
18,64,16545.008981
18,65,16455.152201
18,68,16210.231156
18,70,15895.903464
18,73,15533.034022
18,82,15182.290992
18,86,15177.969581
18,94,15079.268913
18,103,14915.803490
18,104,14701.595376
18,108,14598.994519
19,54,17114.539109
19,63,16791.433380
19,64,16545.008981
19,65,16455.152201
19,67,16192.950127
19,70,15895.903464
19,73,15533.034022
19,82,15182.290992
19,86,15177.969581
19,90,14950.252928
19,94,14770.161990
19,104,14701.595376
19,108,14598.994519
20,54,17114.539109
20,63,16791.433380
20,64,16545.008981
20,65,16155.307906
20,69,15894.208474
20,72,15799.375882
20,73,15533.034022
20,81,15130.834124
20,83,15115.523678
20,89,14820.435701
20,91,14705.894855
20,103,14519.185964
21,54,17114.539109
21,61,16685.025168
21,63,16335.474996
21,65,16155.307906
21,66,15879.503092
21,69,15792.770880
21,73,15533.034022
21,81,15130.834124
21,83,15115.523678
21,89,14820.435701
21,91,14705.894855
21,103,14519.185964
22,54,16422.363966
22,61,16376.581885
22,63,15988.286106
22,66,15879.503092
22,67,15541.732976
22,68,15288.170963
22,79,14973.774714
22,83,14947.571073
22,88,14787.590769
22,89,14630.736221
22,103,14515.064741
23,54,16422.363966
23,61,16376.581885
23,63,15988.286106
23,66,15542.134885
23,67,15541.732976
23,68,15288.170963
23,79,14973.774714
23,83,14947.571073
23,88,14787.590769
23,89,14630.736221
23,98,14619.474694
23,101,14561.606695
23,103,14515.064741
24,53,17061.732883
24,54,16422.363966
24,61,16376.581885
24,62,15958.804019
24,63,15809.604898
24,66,15542.134885
24,67,15388.610631
24,68,15254.019709
24,79,14942.381325
24,81,14842.525772
24,88,14561.595120
24,100,14402.670972
25,53,17061.732883
25,54,16422.363966
25,58,16175.145199
25,62,15958.804019
25,63,15809.604898
25,66,15542.134885
25,67,15388.610631
25,68,15254.019709
25,79,14942.381325
25,81,14842.525772
25,87,14838.225551
25,88,14561.595120
25,100,14402.670972
26,53,17061.732883
26,54,16422.363966
26,56,16255.008005
26,58,16175.145199
26,59,16022.468166
26,61,15822.187204
26,62,15459.375731
26,65,15303.823384
26,67,15224.980992
26,69,14962.063272
26,70,14734.900772
26,84,14725.323198
26,88,14558.312679
26,100,14402.670972
27,53,17061.732883
27,54,16422.363966
27,56,16255.008005
27,58,16175.145199
27,59,16022.468166
27,61,15822.187204
27,62,15459.375731
27,65,15303.823384
27,67,15224.980992
27,69,14962.063272
27,70,14734.900772
27,83,14504.358461
27,84,14454.668771
27,98,14341.092053
28,52,19742.506288
28,53,17061.732883
28,54,16422.363966
28,56,16255.008005
28,58,16024.780311
28,59,16022.468166
28,60,16007.206074
28,61,15822.187204
28,62,15459.375731
28,65,15165.833170
28,69,14962.063272
28,70,14734.900772
28,71,14724.338239
28,79,14713.909485
28,80,14569.673591
28,83,14504.358461
28,84,14454.668771
28,98,14341.092053
29,52,19742.506288
29,53,17061.732883
29,54,16422.363966
29,56,16255.008005
29,58,15964.257514
29,59,15875.557159
29,61,15576.762274
29,62,15459.375731
29,63,15230.992278
29,65,15038.243802
29,69,14962.063272
29,70,14734.900772
29,71,14724.338239
29,74,14550.914981
29,80,14415.437154
29,98,14341.092053
29,101,14318.236095
30,52,17585.465869
30,53,17061.732883
30,54,16422.363966
30,56,16255.008005
30,58,15964.257514
30,59,15875.557159
30,60,15614.060794
30,61,15576.762274
30,62,15459.375731
30,63,15230.992278
30,65,15038.243802
30,69,14962.063272
30,70,14734.900772
30,71,14724.338239
30,74,14550.914981
30,80,14415.437154
30,87,14205.420825
31,52,17585.465869
31,53,16895.280201
31,54,15781.193827
31,60,15543.262194
31,61,15447.310361
31,63,15109.303803
31,65,15006.585799
31,69,14962.063272
31,70,14722.098371
31,71,14629.763640
31,72,14440.931167
31,80,14364.023419
31,87,14168.459020
32,52,17585.465869
32,53,15968.664203
32,54,15781.193827
32,60,15543.262194
32,61,15294.335174
32,63,15109.303803
32,65,15006.585799
32,69,14962.063272
32,70,14722.098371
32,71,14629.763640
32,72,14440.931167
32,79,14283.954107
32,87,14168.459020
33,52,17585.465869
33,53,15968.664203
33,54,15573.166809
33,60,15314.493630
33,61,15140.925617
33,63,15109.303803
33,65,14860.390511
33,70,14438.664613
33,79,14273.706894
33,87,14163.335926
34,52,17585.465869
34,53,15968.664203
34,54,15573.166809
34,55,15481.070270
34,60,15314.493630
34,61,15140.925617
34,63,14964.897680
34,65,14581.269225
34,70,14438.664613
34,79,14273.706894
34,83,14218.902647
34,85,14090.504077
35,52,17585.465869
35,53,15968.664203
35,54,15573.166809
35,55,15481.070270
35,58,15263.217393
35,59,14967.901534
35,62,14883.207010
35,65,14581.269225
35,70,14423.592702
35,78,14235.143964
35,83,14180.699905
35,85,14044.350065
35,89,14039.179106
36,52,17116.906926
36,53,15842.857446
36,54,15573.166809
36,55,15207.925626
36,59,14967.901534
36,62,14883.207010
36,65,14581.269225
36,70,14423.592702
36,78,14235.143964
36,83,14180.699905
36,85,14044.350065
36,89,14037.589861
37,52,16206.128444
37,53,15842.857446
37,54,15573.166809
37,55,15207.925626
37,59,14967.901534
37,62,14781.524548
37,65,14557.073471
37,70,14412.027328
37,77,14233.536023
37,78,14233.189505
37,82,14141.538336
37,85,14044.350065
37,89,14023.743245
38,52,16206.128444
38,53,15835.300472
38,54,15573.166809
38,55,15207.925626
38,57,14991.773148
38,59,14967.901534
38,62,14781.524548
38,65,14557.073471
38,69,14548.522444
38,70,14412.027328
38,77,14233.536023
38,78,14233.189505
38,82,14141.538336
38,85,14044.350065
38,89,14023.743245
39,52,16206.128444
39,53,15659.307586
39,54,15573.166809
39,55,15207.925626
39,56,14965.450898
39,60,14914.020181
39,62,14781.524548
39,65,14557.073471
39,68,14404.629213
39,70,14399.005973
39,76,14381.620744
39,77,14233.536023
39,78,14160.695909
39,79,14151.359386
39,82,14134.347413
39,85,14028.311082
39,88,14002.121203
40,52,16206.128444
40,53,15659.307586
40,54,15573.166809
40,55,15149.994231
40,56,14965.450898
40,58,14954.294420
40,60,14914.020181
40,61,14870.987046
40,62,14781.524548
40,65,14557.073471
40,68,14404.629213
40,70,14399.005973
40,72,14305.395333
40,77,14233.536023
40,78,14160.695909
40,79,14151.359386
40,81,14073.079354
40,85,14028.311082
40,88,14002.121203
41,51,16600.229375
41,52,16206.128444
41,53,15659.307586
41,54,15569.755720
41,55,15149.994231
41,56,14965.450898
41,58,14902.871515
41,59,14718.515303
41,64,14615.056527
41,65,14532.225099
41,68,14323.974477
41,72,14282.764760
41,77,14075.173794
41,80,14021.746292
41,85,13992.657408
42,51,16511.019338
42,52,15937.934696
42,53,15659.307586
42,54,15415.462623
42,55,15149.994231
42,56,14965.450898
42,58,14902.871515
42,59,14718.515303
42,64,14615.056527
42,65,14532.225099
42,68,14323.974477
42,72,14242.600034
42,77,14075.173794
42,80,14021.746292
42,85,13992.657408
43,51,16511.019338
43,52,15937.934696
43,53,15659.307586
43,54,14909.635470
43,58,14902.871515
43,59,14718.515303
43,64,14430.186980
43,68,14323.974477
43,72,14208.239039
43,75,14151.525310
43,77,14036.965172
43,80,14013.378399
43,84,13926.814154
44,51,16341.902459
44,52,15937.934696
44,53,15237.732709
44,54,14909.635470
44,57,14743.128733
44,59,14718.515303
44,63,14560.978941
44,64,14430.186980
44,68,14201.894993
44,75,14151.525310
44,77,14036.965172
44,80,14013.378399
44,84,13926.814154
45,51,16341.902459
45,52,15517.687100
45,53,15237.732709
45,54,14909.635470
45,57,14743.128733
45,59,14701.802135
45,61,14663.645818
45,63,14511.440127
45,64,14413.168188
45,66,14377.804557
45,67,14206.801701
45,68,14034.069864
45,78,13950.874353
45,83,13901.237294
46,51,15484.106993
46,53,15237.732709
46,54,14909.635470
46,56,14867.946620
46,57,14743.128733
46,59,14701.802135
46,61,14663.645818
46,63,14511.440127
46,64,14413.168188
46,66,14377.804557
46,67,14031.517568
46,69,13995.795826
46,74,13991.903197
46,78,13950.874353
46,83,13901.237294
47,51,15484.106993
47,53,15237.732709
47,54,14909.635470
47,55,14674.108849
47,57,14568.327916
47,62,14536.767672
47,63,14486.554010
47,64,14395.498303
47,66,14364.749066
47,67,14031.517568
47,69,13960.082493
47,78,13934.447872
47,83,13791.101295
48,49,15416.640362
48,50,15364.201439
48,53,15114.799758
48,54,14909.635470
48,55,14674.108849
48,57,14568.327916
48,60,14556.874615
48,61,14312.243040
48,65,14163.177713
48,67,14031.517568
48,69,13960.082493
48,77,13855.029497
48,83,13791.101295
49,49,15416.640362
49,50,15323.570352
49,52,15149.914233
49,53,15114.799758
49,54,14658.518945
49,57,14396.847948
49,60,14244.666745
49,65,14061.011980
49,67,13979.442852
49,68,13940.292043
49,76,13808.463628
49,83,13791.101295
50,49,15416.640362
50,50,15108.944955
50,51,14946.818239
50,53,14708.993849
50,54,14658.518945
50,57,14396.847948
50,60,14244.666745
50,65,14061.011980
50,66,14038.475857
50,67,13979.442852
50,68,13940.292043
50,76,13808.463628
50,80,13785.945790
50,86,13702.563218
51,49,15320.838677
51,50,15108.944955
51,51,14946.818239
51,53,14708.993849
51,54,14655.143488
51,57,14374.855240
51,60,14227.943435
51,65,14061.011980
51,66,13921.407113
51,68,13896.033150
51,76,13785.567226
51,80,13769.512433
51,82,13701.494294
52,49,15320.838677
52,50,14947.358630
52,51,14946.818239
52,53,14708.993849
52,54,14655.143488
52,55,14401.582534
52,57,14374.855240
52,60,14227.943435
52,65,14061.011980
52,66,13921.407113
52,68,13896.033150
52,76,13785.567226
52,80,13769.512433
52,82,13701.494294
53,49,15141.185195
53,50,14947.358630
53,51,14716.350407
53,53,14708.993849
53,54,14655.143488
53,55,14316.913113
53,57,14267.996788
53,60,14221.018352
53,65,14027.238025
53,66,13921.407113
53,68,13813.776868
53,74,13723.934424
53,81,13629.722324
54,49,14883.021196
54,51,14716.350407
54,52,14555.129028
54,55,14316.913113
54,57,14267.996788
54,60,14221.018352
54,61,14118.117266
54,65,14027.238025
54,66,13921.407113
54,68,13813.776868
54,74,13723.934424
54,81,13629.722324
55,49,14883.021196
55,51,14716.350407
55,52,14452.325589
55,54,14272.579876
55,57,14227.565851
55,60,14213.144448
55,61,13915.835888
55,68,13813.776868
55,72,13667.863475
55,81,13612.263780
56,49,14883.021196
56,50,14519.877336
56,52,14452.325589
56,54,14272.579876
56,57,14227.565851
56,60,14137.380586
56,61,13915.835888
56,67,13849.791272
56,68,13813.776868
56,71,13797.836423
56,72,13667.863475
56,81,13612.263780
57,49,14796.024225
57,50,14519.877336
57,52,14346.799200
57,54,14204.997741
57,59,13972.583826
57,61,13915.835888
57,67,13849.791272
57,68,13813.776868
57,71,13745.419052
57,72,13654.003128
57,81,13581.903271
58,48,15154.347182
58,49,14796.024225
58,50,14519.877336
58,52,14346.799200
58,54,14204.997741
58,57,14177.700388
58,59,13972.583826
58,61,13915.835888
58,63,13908.447625
58,67,13849.791272
58,68,13813.776868
58,71,13745.419052
58,72,13654.003128
58,81,13581.903271
59,48,15154.347182
59,49,14796.024225
59,50,14519.877336
59,51,14385.025734
59,52,14326.851335
59,53,14325.384215
59,54,14135.783211
59,59,13961.347156
59,60,13854.216002
59,65,13610.599311
59,81,13581.903271
60,48,15154.347182
60,49,14465.347670
60,51,14385.025734
60,52,14179.273596
60,54,14135.783211
60,59,13961.347156
60,60,13854.216002
60,65,13610.599311
60,77,13557.127270
61,48,15154.347182
61,49,14439.490947
61,51,14297.940619
61,52,14154.532997
61,54,14121.822791
61,58,13953.475819
61,60,13838.890436
61,65,13584.910784
61,74,13520.284745
62,48,15154.347182
62,49,14439.490947
62,50,14431.788336
62,51,14297.940619
62,52,14112.459712
62,54,14052.738964
62,58,13937.568621
62,60,13838.890436
62,63,13802.689513
62,65,13584.910784
62,74,13520.284745
63,47,16173.787594
63,48,14992.403659
63,49,14439.490947
63,50,14297.728548
63,52,14087.099073
63,54,13971.874438
63,58,13875.022527
63,60,13824.153817
63,63,13725.009229
63,65,13544.844819
63,74,13514.063822
64,47,16173.787594
64,48,14992.403659
64,49,14439.490947
64,50,14297.728548
64,52,14087.099073
64,54,13971.874438
64,56,13893.903795
64,58,13875.022527
64,60,13790.387559
64,63,13725.009229
64,65,13544.844819
64,74,13514.063822
64,80,13465.560867
64,84,13449.835917
65,47,15510.718433
65,48,14992.403659
65,49,14439.490947
65,50,14297.728548
65,52,14087.099073
65,54,13826.008549
65,56,13787.820528
65,63,13708.804453
65,64,13514.543078
65,73,13415.500696
66,47,15510.718433
66,48,14992.403659
66,49,14439.490947
66,50,14297.728548
66,52,14087.099073
66,54,13826.008549
66,56,13787.820528
66,63,13635.984862
66,64,13514.543078
66,73,13415.500696
67,46,15351.878455
67,48,14586.966947
67,49,14439.490947
67,50,14266.445222
67,52,14061.072593
67,54,13826.008549
67,56,13773.272290
67,61,13657.468330
67,63,13598.259766
67,64,13514.543078
67,66,13453.621311
67,73,13392.476078
67,74,13385.167435
68,46,15351.878455
68,48,14586.966947
68,49,14439.490947
68,50,14266.445222
68,52,14061.072593
68,54,13826.008549
68,56,13773.272290
68,61,13657.468330
68,63,13598.259766
68,64,13514.543078
68,66,13453.621311
68,73,13392.476078
68,74,13385.167435
68,78,13362.611946
69,46,15351.878455
69,47,15337.519376
69,48,14586.966947
69,49,14439.490947
69,50,14118.057922
69,52,14061.072593
69,53,13986.704980
69,54,13740.441654
69,61,13656.591583
69,62,13551.225892
69,63,13449.294857
69,73,13362.531252
69,78,13313.546419
70,45,15029.868550
70,47,14660.463277
70,48,14586.966947
70,49,14439.490947
70,50,14118.057922
70,52,14061.072593
70,53,13986.704980
70,54,13740.441654
70,61,13656.591583
70,62,13551.225892
70,63,13449.294857
70,73,13362.531252
70,78,13313.546419
71,45,15029.868550
71,47,14660.463277
71,48,14586.966947
71,49,14439.490947
71,50,14112.945293
71,51,14038.614895
71,53,13986.704980
71,54,13740.441654
71,58,13599.540688
71,60,13533.507402
71,62,13431.293655
71,73,13331.294132
71,76,13242.561544
72,45,15029.868550
72,47,14660.463277
72,48,14569.787081
72,49,14371.319125
72,50,14112.945293
72,51,14038.614895
72,53,13986.704980
72,54,13740.441654
72,58,13599.540688
72,59,13511.614223
72,62,13431.293655
72,73,13331.294132
72,76,13242.561544
73,44,15473.046322
73,45,15029.868550
73,47,14660.463277
73,48,14569.787081
73,49,14365.446255
73,50,13970.000778
73,53,13924.105499
73,54,13708.894024
73,58,13599.540688
73,59,13511.614223
73,61,13392.933699
73,67,13304.667011
73,73,13212.464260
74,44,15238.749258
74,45,15029.868550
74,47,14660.463277
74,48,14569.787081
74,49,14365.446255
74,50,13970.000778
74,53,13924.105499
74,54,13708.894024
74,58,13599.540688
74,59,13511.614223
74,61,13392.933699
74,67,13304.667011
74,73,13212.464260
75,44,15238.749258
75,45,15029.868550
75,47,14660.463277
75,48,14569.787081
75,49,14174.640347
75,50,13959.299154
75,53,13924.105499
75,54,13708.894024
75,57,13506.531955
75,58,13489.148154
75,61,13392.933699
75,67,13298.509347
75,71,13192.344767
76,44,15238.749258
76,45,14483.518083
76,49,14174.640347
76,50,13959.299154
76,53,13924.105499
76,54,13708.894024
76,57,13506.531955
76,58,13489.148154
76,61,13392.933699
76,62,13319.382493
76,67,13298.509347
76,71,13192.344767
77,44,15238.749258
77,45,14483.518083
77,49,14174.640347
77,50,13959.299154
77,53,13882.450865
77,54,13691.563213
77,57,13467.066406
77,58,13437.918258
77,61,13337.660664
77,62,13309.993771
77,67,13297.274725
77,71,13192.024001
77,75,13134.756274
78,44,15102.089649
78,45,14483.518083
78,49,14072.593405
78,50,13959.299154
78,52,13951.657999
78,53,13882.450865
78,54,13691.563213
78,57,13459.731151
78,58,13437.918258
78,61,13337.660664
78,62,13309.993771
78,67,13297.274725
78,71,13192.024001
78,75,13134.756274
79,44,14809.635965
79,45,14483.518083
79,47,14391.072246
79,49,14072.593405
79,50,13959.299154
79,52,13883.062996
79,53,13872.124043
79,54,13690.195036
79,57,13448.890605
79,58,13437.918258
79,61,13337.660664
79,62,13309.993771
79,67,13297.274725
79,70,13142.421347
79,75,13119.676447
80,44,14809.635965
80,45,14483.518083
80,47,14391.072246
80,49,14072.593405
80,50,13959.299154
80,51,13938.536257
80,52,13883.062996
80,53,13624.315958
80,57,13448.890605
80,58,13437.918258
80,61,13337.660664
80,62,13309.993771
80,67,13297.274725
80,70,13142.421347
80,75,13119.676447
81,44,14809.635965
81,45,14483.518083
81,47,14325.385445
81,49,14072.593405
81,50,13959.299154
81,51,13937.341664
81,52,13881.772502
81,53,13614.442116
81,57,13448.890605
81,58,13432.829671
81,61,13337.660664
81,62,13309.993771
81,65,13290.325742
81,70,13116.672516
82,43,15833.707837
82,44,14573.282865
82,45,14483.518083
82,47,14325.385445
82,49,14072.593405
82,50,13959.299154
82,51,13937.341664
82,52,13881.772502
82,53,13614.442116
82,57,13448.890605
82,58,13432.829671
82,61,13337.660664
82,62,13309.993771
82,65,13290.325742
82,70,13116.672516
83,43,15163.784851
83,44,14573.282865
83,45,14483.518083
83,47,14325.385445
83,49,14072.593405
83,50,13938.564257
83,51,13902.559177
83,52,13862.830749
83,53,13614.442116
83,57,13418.117718
83,58,13394.159877
83,61,13337.660664
83,62,13309.993771
83,65,13271.935105
83,70,13116.672516
84,43,15163.784851
84,44,14573.282865
84,45,14483.518083
84,47,14325.385445
84,49,14072.593405
84,50,13938.564257
84,51,13902.559177
84,52,13862.830749
84,53,13614.442116
84,57,13418.117718
84,58,13394.159877
84,61,13337.660664
84,62,13309.993771
84,65,13271.935105
84,70,13116.672516
85,43,15163.784851
85,44,14553.818061
85,45,14373.417273
85,47,14325.385445
85,49,14072.593405
85,50,13938.564257
85,51,13902.559177
85,52,13852.141151
85,53,13602.123014
85,57,13415.555187
85,58,13393.520051
85,61,13335.308264
85,62,13298.998764
85,65,13266.278590
85,66,13250.808860
85,70,13116.672516
86,43,15163.784851
86,44,14553.818061
86,45,14373.417273
86,47,14325.385445
86,49,14072.593405
86,50,13908.558858
86,51,13902.559177
86,52,13852.141151
86,53,13602.123014
86,57,13415.555187
86,58,13393.520051
86,60,13387.926568
86,61,13335.308264
86,62,13298.998764
86,65,13266.278590
86,66,13250.808860
86,69,13249.490223
86,70,13116.672516
86,76,13112.143577
87,43,15163.784851
87,44,14553.818061
87,45,14373.417273
87,47,14325.385445
87,49,14072.593405
87,50,13908.558858
87,51,13902.559177
87,52,13852.141151
87,53,13602.123014
87,57,13364.718297
87,60,13355.093219
87,61,13289.944907
87,62,13281.666856
87,65,13266.278590
87,66,13250.808860
87,68,13223.745663
87,70,13065.348510
88,43,15163.784851
88,44,14553.818061
88,45,14373.417273
88,47,14325.385445
88,49,13970.491780
88,50,13908.558858
88,51,13902.559177
88,52,13852.141151
88,53,13602.123014
88,57,13364.718297
88,60,13355.093219
88,61,13289.944907
88,62,13281.666856
88,63,13248.157397
88,67,13247.645207
88,68,13223.745663
88,70,13065.348510
89,43,15163.784851
89,44,14553.818061
89,45,14373.417273
89,47,14325.385445
89,49,13970.491780
89,50,13908.558858
89,51,13902.559177
89,52,13852.141151
89,53,13602.123014
89,55,13516.033244
89,57,13342.039213
89,60,13318.216640
89,61,13259.824985
89,63,13248.157397
89,66,13166.953446
89,70,13064.727636
90,43,14921.604715
90,44,14485.010794
90,45,14373.417273
90,47,14325.385445
90,48,14288.381847
90,49,13970.491780
90,50,13908.558858
90,51,13902.559177
90,52,13852.141151
90,53,13587.056770
90,54,13473.107430
90,57,13342.039213
90,60,13318.216640
90,61,13259.824985
90,63,13248.157397
90,66,13166.953446
90,70,13064.727636
91,43,14921.604715
91,44,14485.010794
91,45,14373.417273
91,47,14325.385445
91,48,14288.381847
91,49,13970.491780
91,50,13908.558858
91,51,13845.580865
91,53,13575.389856
91,54,13473.107430
91,56,13374.552312
91,57,13339.353300
91,59,13275.318388
91,61,13256.187126
91,63,13233.183545
91,65,13145.828689
91,70,13064.727636
92,43,14567.522628
92,44,14485.010794
92,45,14373.417273
92,47,14325.385445
92,48,14170.113391
92,49,13970.491780
92,50,13908.558858
92,51,13845.580865
92,53,13575.389856
92,54,13473.107430
92,56,13374.552312
92,57,13339.353300
92,59,13275.318388
92,61,13256.187126
92,63,13233.183545
92,65,13145.828689
92,70,13064.727636
93,43,14567.522628
93,44,14485.010794
93,45,14373.417273
93,47,14325.385445
93,48,14170.113391
93,49,13970.491780
93,50,13908.558858
93,51,13845.580865
93,53,13575.389856
93,54,13442.236526
93,56,13368.841119
93,57,13339.353300
93,59,13271.009055
93,61,13230.445639
93,65,13113.805663
93,69,13033.577728
94,43,14541.943423
94,44,14485.010794
94,45,14373.417273
94,47,14325.385445
94,48,14170.113391
94,49,13970.491780
94,50,13908.558858
94,51,13845.580865
94,53,13575.389856
94,54,13442.236526
94,56,13368.841119
94,57,13339.353300
94,59,13271.009055
94,61,13230.445639
94,65,13113.805663
94,69,13033.577728
95,43,14498.996475
95,44,14485.010794
95,45,14373.417273
95,46,14303.721081
95,48,14170.113391
95,49,13970.491780
95,50,13723.432225
95,53,13499.972789
95,54,13426.239451
95,56,13345.289142
95,57,13329.479458
95,59,13243.462070
95,61,13222.593465
95,65,13113.805663
95,69,13016.662087
96,43,14498.996475
96,44,14485.010794
96,45,14284.812905
96,48,14170.113391
96,49,13970.491780
96,50,13723.432225
96,53,13499.972789
96,54,13426.239451
96,56,13345.289142
96,57,13329.479458
96,59,13243.462070
96,61,13222.593465
96,65,13113.805663
96,69,13016.662087
97,43,14449.007194
97,45,14284.812905
97,47,14258.057638
97,48,14170.113391
97,49,13967.716896
97,50,13723.432225
97,53,13499.972789
97,54,13422.529960
97,56,13345.289142
97,57,13322.166163
97,59,13184.895533
97,65,13093.573800
97,69,13016.662087
98,43,14449.007194
98,44,14441.390725
98,45,14284.812905
98,46,14282.894058
98,47,14258.057638
98,48,14170.113391
98,49,13967.716896
98,50,13723.432225
98,53,13499.972789
98,54,13422.529960
98,56,13345.289142
98,57,13322.166163
98,59,13184.895533
98,65,13093.573800
98,69,13016.662087
99,43,14449.007194
99,44,14437.559980
99,45,14284.812905
99,46,14282.894058
99,47,14147.647321
99,49,13967.716896
99,50,13666.109155
99,53,13498.265723
99,54,13422.529960
99,56,13325.565538
99,57,13322.166163
99,59,13183.304165
99,65,13084.809036
99,68,12975.844493
100,43,14449.007194
100,44,14322.247734
100,45,14284.812905
100,46,14282.894058
100,47,14147.647321
100,48,14101.120411
100,49,13967.716896
100,50,13666.109155
100,53,13498.265723
100,54,13422.529960
100,56,13325.565538
100,57,13322.166163
100,59,13183.304165
100,65,13084.809036
100,68,12975.844493
101,43,14449.007194
101,44,14320.622260
101,45,14284.812905
101,46,14172.514923
101,47,14147.647321
101,48,14101.120411
101,49,13890.628883
101,50,13641.069455
101,53,13498.265723
101,54,13422.529960
101,56,13305.784491
101,59,13161.921481
101,65,13073.360646
101,68,12974.888629
102,43,14449.007194
102,44,14261.601764
102,46,14172.514923
102,47,14147.647321
102,48,14101.120411
102,49,13890.628883
102,50,13641.069455
102,53,13498.265723
102,54,13422.529960
102,56,13305.784491
102,57,13278.667488
102,59,13161.921481
102,65,13073.360646
102,66,13047.403678
102,68,12974.888629
103,41,15011.994440
103,42,14972.275004
103,43,14449.007194
103,44,14261.601764
103,45,14258.158064
103,46,14172.514923
103,47,14147.647321
103,48,14101.120411
103,49,13883.320342
103,50,13625.683056
103,53,13498.265723
103,54,13393.845605
103,56,13300.767909
103,57,13274.489960
103,59,13160.273315
103,65,13073.360646
103,66,13043.320153
103,68,12964.277154
104,41,15011.994440
104,42,14972.275004
104,43,14449.007194
104,44,14261.601764
104,45,14258.158064
104,46,14172.514923
104,47,14072.200730
104,49,13883.320342
104,50,13625.683056
104,53,13498.265723
104,54,13393.845605
104,56,13300.767909
104,57,13274.489960
104,59,13160.273315
104,65,13073.360646
104,66,13043.320153
104,68,12964.277154
105,41,15011.994440
105,42,14972.275004
105,43,14376.397869
105,44,14261.601764
105,45,14258.158064
105,46,14172.514923
105,47,14072.200730
105,49,13863.006421
105,50,13594.947492
105,53,13445.302573
105,54,13366.046413
105,56,13297.005780
105,57,13274.489960
105,59,13115.470248
105,65,13073.360646
105,66,13015.629384
105,68,12964.277154
106,41,15011.994440
106,42,14814.859887
106,43,14358.470721
106,44,14261.601764
106,45,14258.158064
106,46,14172.514923
106,47,14072.200730
106,49,13863.006421
106,50,13594.947492
106,53,13445.302573
106,54,13366.046413
106,56,13297.005780
106,57,13274.489960
106,59,13115.470248
106,65,13073.360646
106,66,13015.629384
106,68,12964.277154
106,73,12957.861284
107,41,15011.994440
107,42,14362.990638
107,43,14358.470721
107,44,14261.601764
107,45,14244.151837
107,46,14172.514923
107,47,14072.200730
107,49,13863.006421
107,50,13509.648989
107,53,13436.274879
107,54,13366.046413
107,56,13297.005780
107,57,13274.489960
107,59,13107.304510
107,65,13060.172672
107,66,13014.366868
107,68,12956.966676
107,73,12950.823333
108,41,15011.994440
108,42,14362.990638
108,43,14282.230677
108,44,14261.601764
108,45,14244.151837
108,46,14172.514923
108,47,13557.625747
108,50,13509.648989
108,53,13436.274879
108,54,13366.046413
108,56,13297.005780
108,57,13274.489960
108,59,13107.304510
108,65,13012.262656
108,68,12956.966676
108,73,12950.823333
109,41,15011.994440
109,42,14362.990638
109,43,14282.230677
109,44,14261.601764
109,45,14244.151837
109,46,14172.514923
109,47,13557.625747
109,50,13509.648989
109,53,13428.880829
109,54,13366.046413
109,56,13256.552977
109,59,13083.074570
109,65,12990.006532
109,66,12979.771840
109,67,12934.500607
109,72,12922.733406
110,41,15011.994440
110,42,14362.990638
110,43,14282.230677
110,44,14261.601764
110,45,14244.151837
110,46,14172.514923
110,47,13557.625747
110,50,13509.648989
110,53,13428.880829
110,54,13366.046413
110,56,13256.552977
110,59,13083.074570
110,65,12990.006532
110,66,12979.771840
110,67,12934.500607
110,72,12922.733406
111,41,14952.779506
111,42,14362.990638
111,43,14282.230677
111,44,14261.601764
111,45,14188.770742
111,46,14172.514923
111,47,13557.625747
111,50,13497.813147
111,53,13387.501497
111,54,13366.046413
111,56,13237.268876
111,58,13076.511717
111,65,12990.006532
111,66,12979.771840
111,67,12893.409716
112,41,14952.779506
112,42,14362.990638
112,43,14282.230677
112,44,14261.601764
112,45,14188.770742
112,46,14039.009322
112,47,13557.625747
112,50,13497.813147
112,53,13387.501497
112,54,13366.046413
112,55,13364.025861
112,56,13237.268876
112,58,13076.511717
112,65,12990.006532
112,66,12979.771840
112,67,12893.409716
113,41,14703.448368
113,42,14362.990638
113,43,14282.230677
113,44,14261.601764
113,45,14168.919555
113,46,14039.009322
113,47,13557.625747
113,50,13440.621032
113,53,13387.501497
113,54,13366.046413
113,55,13362.770060
113,56,13225.380709
113,58,13045.229149
113,65,12962.694416
113,67,12891.853395
114,41,14703.448368
114,42,14362.990638
114,43,14282.230677
114,44,14261.601764
114,45,14168.919555
114,46,14039.009322
114,47,13557.625747
114,50,13440.621032
114,53,13380.275059
114,54,13366.046413
114,55,13362.770060
114,56,13225.380709
114,58,13045.229149
114,65,12942.340777
114,67,12891.853395
115,41,14703.448368
115,42,14362.990638
115,43,14282.230677
115,44,14261.601764
115,45,14168.919555
115,46,14039.009322
115,47,13557.625747
115,50,13407.063665
115,52,13324.077069
115,53,13317.641573
115,56,13225.380709
115,58,13045.229149
115,65,12942.340777
115,67,12891.853395
116,41,14703.448368
116,42,14362.990638
116,43,14282.230677
116,44,14261.601764
116,45,14090.771360
116,46,14039.009322
116,47,13557.625747
116,50,13407.063665
116,52,13324.077069
116,53,13317.641573
116,56,13225.380709
116,58,13045.229149
116,65,12942.340777
116,67,12891.853395
117,40,15511.788730
117,41,14703.448368
117,42,14332.865385
117,43,14282.230677
117,44,14172.778935
117,45,14017.950946
117,47,13557.625747
117,50,13375.920199
117,52,13288.603946
117,56,13225.380709
117,58,13045.229149
117,65,12921.979199
117,67,12891.631110
118,40,15511.788730
118,41,14703.448368
118,42,14332.865385
118,43,14157.098296
118,44,14082.369352
118,45,14017.950946
118,47,13557.625747
118,50,13375.920199
118,52,13288.603946
118,56,13225.380709
118,58,13045.229149
118,62,12978.939090
118,65,12921.979199
118,67,12891.631110
119,40,15511.788730
119,41,14703.448368
119,42,14248.305832
119,43,14157.098296
119,44,14003.856344
119,47,13525.678820
119,50,13306.739499
119,51,13259.250699
119,56,13225.380709
119,58,13044.485382
119,61,12970.035850
119,65,12888.860245
119,66,12866.195917
120,40,15511.788730
120,41,14703.448368
120,42,14248.305832
120,43,14157.098296
120,44,14003.856344
120,47,13525.678820
120,50,13306.739499
120,51,13259.250699
120,56,13225.380709
120,58,13044.485382
120,61,12970.035850
120,65,12888.860245
120,66,12866.195917
121,40,15511.788730
121,41,14703.448368
121,42,14248.305832
121,43,14157.098296
121,44,14003.856344
121,46,13913.758581
121,47,13525.678820
121,50,13306.075696
121,51,13259.250699
121,56,13212.936917
121,58,13044.485382
121,60,12926.495846
121,65,12888.860245
121,66,12855.099978
122,40,15511.788730
122,41,14703.448368
122,42,14248.305832
122,43,14157.098296
122,44,14003.856344
122,46,13913.758581
122,47,13525.678820
122,50,13306.075696
122,51,13259.250699
122,56,13212.936917
122,58,13044.485382
122,60,12926.495846
122,65,12888.860245
122,66,12855.099978
123,40,15511.788730
123,41,14295.001813
123,42,14235.494197
123,43,14057.175411
123,44,14003.856344
123,45,13946.616505
123,46,13840.484712
123,47,13492.270178
123,50,13230.221350
123,56,13186.906233
123,57,13137.921730
123,58,13006.514213
123,60,12907.878033
123,65,12853.812466
124,40,15511.788730
124,41,14295.001813
124,42,14235.494197
124,43,14057.175411
124,44,14003.856344
124,45,13946.616505
124,46,13840.484712
124,47,13492.270178
124,50,13230.221350
124,56,13186.906233
124,57,13096.736801
124,58,13006.514213
124,60,12907.878033
124,62,12903.094989
124,65,12853.812466
125,40,15511.788730
125,41,14295.001813
125,42,14235.494197
125,43,14057.175411
125,44,14003.856344
125,45,13946.616505
125,46,13820.533010
125,47,13407.434952
125,49,13205.392508
125,56,13051.632779
125,58,13004.663440
125,60,12907.878033
125,62,12901.554693
125,63,12801.868024
126,40,15511.788730
126,41,14295.001813
126,42,14235.494197
126,43,14057.175411
126,44,14003.856344
126,45,13946.616505
126,46,13820.533010
126,47,13407.434952
126,49,13205.392508
126,56,13051.632779
126,58,13004.663440
126,60,12907.878033
126,62,12901.554693
126,63,12801.868024
127,40,15511.788730
127,41,14295.001813
127,42,14235.494197
127,43,14057.175411
127,44,14003.856344
127,45,13921.866319
127,46,13812.971891
127,47,13392.574630
127,49,13205.392508
127,54,13141.741327
127,56,13051.632779
127,57,12985.149663
127,60,12905.962224
127,62,12879.502672
127,63,12801.868024
128,40,14869.022100
128,41,14295.001813
128,42,14214.195355
128,43,14057.175411
128,44,13901.568402
128,45,13894.004631
128,46,13812.971891
128,47,13392.574630
128,49,13205.392508
128,52,13179.534627
128,54,13141.741327
128,56,13051.632779
128,57,12985.149663
128,60,12905.962224
128,62,12879.502672
128,63,12801.868024
129,40,14869.022100
129,41,14295.001813
129,42,14214.195355
129,43,14057.175411
129,44,13901.568402
129,45,13894.004631
129,46,13391.552984
129,49,13186.113408
129,52,13178.719924
129,54,13141.741327
129,56,13022.318072
129,57,12944.195977
129,60,12890.293787
129,62,12879.502672
129,63,12800.782067
130,40,14869.022100
130,41,13960.943127
130,44,13901.568402
130,45,13894.004631
130,46,13391.552984
130,49,13186.113408
130,52,13178.719924
130,54,13141.741327
130,56,13022.318072
130,57,12944.195977
130,60,12890.293787
130,62,12879.502672
130,63,12800.782067
131,40,14869.022100
131,41,13960.943127
131,44,13901.568402
131,45,13876.982424
131,46,13375.727199
131,49,13177.721183
131,52,13161.149953
131,54,13141.741327
131,56,13022.318072
131,57,12940.759980
131,60,12878.696551
131,61,12834.853850
131,63,12800.782067
132,40,14869.022100
132,41,13960.886405
132,44,13901.568402
132,45,13876.982424
132,46,13375.727199
132,49,13177.721183
132,52,13161.149953
132,54,13141.741327
132,56,13022.318072
132,57,12940.759980
132,60,12878.696551
132,61,12834.853850
132,63,12800.782067
133,40,14869.022100
133,41,13960.886405
133,44,13901.568402
133,45,13859.460427
133,46,13375.727199
133,49,13177.721183
133,52,13141.672182
133,54,13116.075582
133,56,12973.305190
133,57,12891.381845
133,60,12802.146004
133,62,12742.790453
134,40,14869.022100
134,41,13960.886405
134,42,13943.347737
134,44,13901.568402
134,45,13859.460427
134,46,13375.727199
134,49,13177.721183
134,52,13141.672182
134,54,13116.075582
134,56,12973.305190
134,57,12891.381845
134,60,12802.146004
134,62,12742.790453
135,40,14219.577736
135,41,13960.886405
135,42,13826.587541
135,43,13771.051613
135,46,13351.025833
135,49,13163.785139
135,52,13120.049287
135,54,13106.676279
135,56,12902.270957
135,57,12871.116046
135,60,12802.146004
135,62,12742.790453
136,40,14219.577736
136,41,13960.886405
136,42,13826.587541
136,43,13771.051613
136,46,13351.025833
136,49,13163.785139
136,50,13120.965334
136,52,13120.049287
136,54,13106.676279
136,55,13105.429960
136,56,12902.270957
136,57,12871.116046
136,60,12802.146004
136,62,12742.790453
137,40,14219.577736
137,41,13960.886405
137,42,13826.587541
137,43,13771.051613
137,45,13719.430161
137,46,13351.025833
137,47,13298.652159
137,49,13163.785139
137,50,13120.965334
137,52,13088.999471
137,56,12886.635760
137,57,12858.016157
137,60,12783.609592
137,62,12711.691536
138,40,14219.577736
138,41,13959.577598
138,42,13826.587541
138,43,13771.051613
138,44,13715.702931
138,46,13351.025833
138,47,13298.652159
138,49,13163.785139
138,50,13120.965334
138,52,13088.999471
138,54,13044.174757
138,56,12886.635760
138,57,12858.016157
138,60,12783.609592
138,62,12711.691536
139,40,14219.577736
139,41,13959.577598
139,42,13826.587541
139,43,13771.051613
139,44,13715.702931
139,46,13333.721553
139,47,13284.882232
139,48,13264.411417
139,49,13156.997491
139,50,13083.948482
139,52,13054.057399
139,54,13040.630872
139,56,12886.635760
139,57,12850.158044
139,60,12783.600277
139,62,12668.176338
140,40,14219.577736
140,41,13959.577598
140,42,13826.587541
140,43,13771.051613
140,44,13715.702931
140,46,13276.707409
140,48,13264.411417
140,49,13156.997491
140,50,13083.948482
140,52,13054.057399
140,54,13040.630872
140,56,12886.635760
140,57,12850.158044
140,60,12783.600277
140,62,12668.176338
141,40,14219.577736
141,41,13959.577598
141,42,13826.587541
141,43,13771.051613
141,44,13715.702931
141,46,13273.514128
141,48,13264.411417
141,49,13153.564295
141,50,13078.347197
141,52,13054.057399
141,53,13004.752462
141,56,12879.462442
141,57,12850.158044
141,60,12769.216166
141,61,12662.564758
142,40,14219.577736
142,41,13863.319468
142,42,13770.603332
142,43,13762.590570
142,44,13715.702931
142,46,13250.828882
142,49,13153.564295
142,50,13078.347197
142,52,13054.057399
142,53,13004.752462
142,56,12879.462442
142,57,12850.158044
142,60,12769.216166
142,61,12662.564758
143,40,14219.577736
143,41,13863.319468
143,42,13770.603332
143,43,13751.166347
143,44,13599.088534
143,46,13250.828882
143,49,13138.831108
143,50,13078.347197
143,52,13031.803939
143,53,13002.413055
143,56,12857.107008
143,57,12850.158044
143,60,12769.216166
143,61,12662.564758
144,40,14219.577736
144,41,13828.066994
144,42,13770.603332
144,43,13751.166347
144,44,13599.088534
144,46,13250.828882
144,49,13138.831108
144,50,13078.347197
144,52,13031.803939
144,53,13002.413055
144,56,12857.107008
144,57,12850.158044
144,60,12769.216166
144,61,12662.564758
145,40,14219.577736
145,41,13828.066994
145,42,13770.603332
145,43,13751.166347
145,44,13599.088534
145,46,13208.656675
145,48,13035.928897
145,52,13031.803939
145,53,13002.413055
145,56,12838.982832
145,60,12762.610048
145,61,12661.780377
146,40,14076.333302
146,41,13828.066994
146,42,13770.603332
146,43,13751.166347
146,44,13599.088534
146,46,13208.656675
146,48,13035.928897
146,52,13031.803939
146,53,13002.413055
146,56,12838.982832
146,60,12762.610048
146,61,12661.780377
147,40,14076.333302
147,41,13828.066994
147,42,13770.603332
147,43,13676.560789
147,44,13581.698318
147,46,13190.474664
147,48,13022.758355
147,53,12996.721640
147,56,12824.621666
147,59,12796.251469
147,60,12759.784328
147,61,12643.153994
148,40,14076.333302
148,41,13828.066994
148,42,13770.603332
148,43,13676.560789
148,44,13572.466530
148,46,13190.474664
148,48,13022.758355
148,53,12996.721640
148,56,12824.621666
148,59,12796.251469
148,60,12759.784328
148,61,12643.153994
149,40,14076.333302
149,41,13828.066994
149,42,13770.603332
149,43,13676.560789
149,44,13572.466530
149,46,13190.405446
149,48,12997.190750
149,52,12994.147412
149,55,12916.260123
149,56,12824.621666
149,59,12747.901599
149,61,12642.870973
150,40,14076.333302
150,41,13828.066994
150,42,13770.603332
150,43,13676.560789
150,44,13572.466530
150,46,13190.405446
150,48,12997.190750
150,52,12976.527402
150,55,12916.260123
150,56,12824.621666
150,59,12747.901599
150,61,12642.870973
151,40,14076.333302
151,41,13683.216458
151,43,13663.482888
151,44,13557.301454
151,45,13174.920109
151,48,12983.954682
151,52,12969.163121
151,53,12911.077861
151,56,12824.545165
151,59,12747.901599
151,61,12642.870973
152,40,14076.333302
152,41,13683.216458
152,43,13663.482888
152,44,13557.301454
152,45,13174.920109
152,46,13102.182462
152,48,12983.954682
152,49,12951.648607
152,53,12911.077861
152,55,12880.289360
152,56,12824.545165
152,59,12747.901599
152,61,12642.870973
153,40,14076.333302
153,41,13683.216458
153,43,13663.482888
153,44,13174.298848
153,46,13100.166190
153,48,12979.118703
153,49,12939.039744
153,53,12903.112435
153,55,12809.729150
153,59,12747.033997
153,61,12642.622763
154,40,14076.333302
154,41,13683.216458
154,43,13663.482888
154,44,13174.298848
154,46,13100.166190
154,48,12979.118703
154,49,12939.039744
154,53,12903.112435
154,55,12809.729150
154,57,12765.389046
154,59,12747.033997
154,60,12740.657436
154,61,12642.622763
155,40,13952.973647
155,41,13683.216458
155,43,13663.482888
155,44,13117.465422
155,46,13028.848356
155,48,12974.899455
155,49,12939.039744
155,53,12895.984849
155,55,12809.729150
155,57,12735.686019
155,60,12650.531393
155,61,12620.659438
156,40,13886.372397
156,41,13683.216458
156,43,13663.482888
156,44,13117.465422
156,46,13028.848356
156,48,12974.899455
156,49,12939.039744
156,53,12895.984849
156,55,12809.729150
156,57,12735.686019
156,60,12650.531393
156,61,12620.659438
157,40,13886.372397
157,41,13615.730946
157,44,13096.247517
157,46,13026.870065
157,48,12915.638029
157,51,12904.764747
157,53,12895.984849
157,55,12809.729150
157,57,12735.686019
157,60,12650.531393
157,61,12580.871605
158,40,13886.372397
158,41,13615.730946
158,44,13096.247517
158,46,13026.870065
158,48,12915.638029
158,51,12904.764747
158,53,12895.984849
158,55,12809.729150
158,57,12735.686019
158,60,12650.531393
158,61,12580.871605
159,40,13886.372397
159,41,13615.730946
159,43,13051.037625
159,46,13026.870065
159,48,12890.188311
159,53,12879.719844
159,54,12799.232487
159,56,12699.991328
159,60,12641.510766
159,61,12566.961520
160,39,14176.777562
160,40,13886.372397
160,41,13615.730946
160,43,13051.037625
160,46,13026.870065
160,48,12890.188311
160,53,12879.719844
160,54,12799.232487
160,56,12699.991328
160,60,12641.510766
160,61,12566.961520
161,39,14146.666434
161,40,13567.414905
161,43,13051.037625
161,46,13017.299287
161,48,12867.249679
161,52,12862.246366
161,54,12799.232487
161,56,12662.853431
161,60,12610.233899
161,61,12556.467599
162,39,14146.666434
162,40,13567.414905
162,43,13051.037625
162,46,13017.299287
162,48,12867.249679
162,52,12862.246366
162,53,12829.819730
162,54,12799.232487
162,56,12662.853431
162,60,12610.233899
162,61,12556.467599
163,39,14146.666434
163,40,13567.414905
163,43,13047.420568
163,46,12954.963798
163,48,12867.249679
163,51,12861.944366
163,52,12772.687977
163,56,12644.334577
163,58,12581.538853
163,61,12549.898472
164,39,14068.051253
164,40,13567.414905
164,43,13047.420568
164,46,12954.963798
164,48,12867.249679
164,51,12861.944366
164,52,12772.687977
164,56,12644.334577
164,58,12581.538853
164,61,12549.898472
165,39,14068.051253
165,40,13567.414905
165,41,13542.785335
165,43,13001.145604
165,46,12934.150211
165,48,12858.017303
165,49,12809.334367
165,52,12751.874389
165,56,12570.753679
165,61,12549.898472
166,39,13923.194926
166,40,13567.414905
166,41,13542.785335
166,43,13001.145604
166,46,12934.150211
166,48,12858.017303
166,49,12809.334367
166,52,12751.874389
166,56,12570.753679
166,61,12549.898472
167,39,13876.317067
167,40,13536.620693
167,42,13425.047626
167,43,12945.769481
167,46,12934.150211
167,48,12850.277570
167,49,12809.334367
167,52,12749.723487
167,55,12681.927656
167,56,12568.149144
167,59,12532.482027
168,39,13876.317067
168,40,13536.620693
168,41,13495.775210
168,42,13425.047626
168,43,12945.769481
168,46,12934.150211
168,48,12850.277570
168,49,12809.334367
168,52,12749.723487
168,55,12681.927656
168,56,12568.149144
168,59,12532.482027
169,39,13876.317067
169,40,13536.620693
169,41,13466.799740
169,42,13347.612230
169,43,12900.105973
169,48,12850.277570
169,49,12799.855904
169,51,12694.916468
169,55,12681.927656
169,56,12567.418841
169,59,12532.482027
170,39,13876.317067
170,40,13536.620693
170,41,13466.799740
170,42,13347.612230
170,43,12900.105973
170,48,12850.277570
170,49,12799.855904
170,51,12694.916468
170,55,12681.927656
170,56,12567.418841
170,59,12532.482027
171,39,13796.923908
171,40,13529.644950
171,41,13466.799740
171,42,13344.686483
171,43,12900.105973
171,48,12831.388063
171,49,12791.603063
171,51,12690.077942
171,55,12667.618696
171,56,12565.732800
171,59,12532.482027
172,37,15666.200973
172,38,15123.932119
172,39,13796.923908
172,40,13529.644950
172,41,13466.799740
172,42,13344.686483
172,43,12900.105973
172,48,12831.388063
172,49,12791.603063
172,51,12690.077942
172,55,12667.618696
172,56,12565.732800
172,59,12532.482027
173,37,15666.200973
173,38,15123.932119
173,39,13796.923908
173,40,13529.644950
173,41,13466.799740
173,42,13340.712593
173,43,12843.368523
173,48,12827.330020
173,49,12791.603063
173,51,12658.730137
173,56,12564.674980
173,59,12532.482027
174,37,15666.200973
174,38,15123.932119
174,39,13796.923908
174,40,13529.644950
174,41,13434.185550
174,42,13340.712593
174,43,12843.368523
174,44,12793.334257
174,49,12791.603063
174,51,12658.730137
174,56,12564.674980
174,59,12532.482027
175,37,15666.200973
175,38,14108.293402
175,39,13796.923908
175,40,13455.892086
175,41,13432.521561
175,42,13320.197097
175,43,12830.881958
175,44,12780.979725
175,49,12756.654521
175,51,12658.730137
175,56,12527.861008
176,37,15666.200973
176,38,14108.293402
176,39,13616.501890
176,40,13455.892086
176,41,13432.521561
176,42,13320.197097
176,43,12830.881958
176,44,12780.979725
176,49,12756.654521
176,51,12658.730137
176,56,12527.861008
177,37,14573.041003
177,38,13586.780675
177,40,13425.593762
177,41,13374.548433
177,42,13261.006321
177,43,12826.827327
177,44,12764.759776
177,49,12756.654521
177,51,12645.941913
177,56,12527.861008
178,37,14573.041003
178,38,13586.780675
178,40,13425.593762
178,41,13374.548433
178,42,13261.006321
178,43,12826.827327
178,44,12764.759776
178,49,12756.654521
178,51,12645.941913
178,56,12527.861008
179,37,14555.086943
179,38,13530.636095
179,40,13425.593762
179,41,13355.117996
179,42,13261.006321
179,43,12796.463556
179,44,12764.759776
179,48,12735.813881
179,51,12645.941913
179,56,12515.444936
180,37,14555.086943
180,38,13530.636095
180,40,13425.593762
180,41,13355.117996
180,42,13261.006321
180,43,12796.463556
180,44,12764.759776
180,45,12752.897739
180,46,12728.445657
180,51,12645.941913
180,56,12515.444936
181,37,14555.086943
181,38,13530.636095
181,39,13444.240132
181,40,13425.593762
181,41,13325.700253
181,42,13261.006321
181,43,12793.730210
181,44,12736.444352
181,46,12719.293231
181,51,12630.999789
181,56,12515.444936
182,37,14555.086943
182,38,13530.636095
182,39,13425.670148
182,40,13425.593762
182,41,13325.700253
182,42,13261.006321
182,43,12765.943200
182,44,12703.369524
182,51,12630.999789
182,56,12515.444936
183,37,14468.643832
183,38,13436.160053
183,39,13403.907100
183,40,13338.486270
183,41,13284.621462
183,42,12823.009760
183,43,12736.565537
183,44,12703.165450
183,51,12630.999789
183,56,12510.013607
184,37,14221.140231
184,38,13436.160053
184,39,13403.907100
184,40,13338.486270
184,41,13284.621462
184,42,12823.009760
184,43,12736.565537
184,44,12703.165450
184,50,12604.542937
184,56,12510.013607
185,37,13593.183539
185,38,13436.160053
185,39,13298.875866
185,41,13259.954474
185,42,12814.655747
185,43,12720.919578
185,44,12703.165450
185,50,12604.542937
185,55,12596.440669
185,56,12510.013607
186,37,13593.183539
186,38,13436.160053
186,39,13244.471562
186,42,12814.655747
186,43,12720.919578
186,44,12703.165450
186,45,12687.745866
186,50,12604.542937
186,55,12596.440669
186,56,12510.013607
187,37,13593.183539
187,38,13435.135965
187,39,13244.471562
187,41,13241.092503
187,42,12811.834038
187,43,12695.499363
187,45,12641.411816
187,50,12589.085072
187,55,12499.363543
188,37,13563.500618
188,38,13435.135965
188,39,13244.471562
188,41,13241.092503
188,42,12811.834038
188,43,12695.499363
188,45,12641.411816
188,50,12589.085072
188,55,12499.363543
188,56,12490.823910
189,37,13529.445258
189,38,13398.562968
189,39,13244.471562
189,41,13221.905801
189,42,12761.922384
189,43,12690.831220
189,45,12641.411816
189,50,12485.257151
189,55,12394.243402
190,37,13505.112940
190,38,13398.562968
190,39,13244.471562
190,40,13205.176498
190,42,12761.922384
190,43,12690.831220
190,45,12641.411816
190,50,12485.257151
190,55,12394.243402
191,37,13501.073731
191,38,13334.779643
191,39,13242.114702
191,40,13205.176498
191,42,12761.922384
191,43,12690.831220
191,44,12593.436981
191,50,12472.590942
191,55,12394.243402
192,36,13921.438992
192,37,13472.972508
192,38,13334.779643
192,39,13242.114702
192,40,13205.176498
192,41,13201.192070
192,42,12761.922384
192,43,12690.831220
192,44,12593.436981
192,50,12472.590942
192,55,12394.243402
193,36,13921.438992
193,37,13441.792195
193,38,13311.121984
193,39,13181.473654
193,42,12750.306095
193,43,12652.074516
193,44,12585.423774
193,50,12471.207899
193,55,12391.236516
194,36,13921.438992
194,37,13441.792195
194,38,13311.121984
194,39,13181.473654
194,42,12750.306095
194,43,12652.074516
194,44,12585.423774
194,50,12471.207899
194,55,12391.236516
195,36,13624.934811
195,37,13434.440845
195,38,13266.742890
195,39,13151.628689
195,42,12737.383429
195,43,12652.074516
195,44,12585.423774
195,50,12471.207899
195,55,12379.112069
196,36,13624.934811
196,37,13434.440845
196,38,13266.742890
196,39,13151.628689
196,42,12737.383429
196,43,12652.074516
196,44,12585.423774
196,50,12471.207899
196,55,12379.112069
197,36,13581.840937
197,37,13425.856633
197,38,13266.742890
197,39,13137.087548
197,42,12717.298695
197,43,12650.396075
197,44,12575.409701
197,50,12458.315006
197,55,12377.090357
198,36,13581.840937
198,37,13425.856633
198,38,13266.742890
198,39,13120.310125
198,42,12717.298695
198,43,12650.396075
198,44,12575.409701
198,50,12458.315006
198,55,12377.090357
199,36,13581.840937
199,37,13422.082769
199,38,13250.031382
199,39,13099.632026
199,42,12717.298695
199,43,12650.396075
199,44,12568.923067
199,47,12512.746655
199,50,12457.556464
199,55,12377.090357
200,36,13581.840937
200,37,13422.082769
200,38,13250.031382
200,39,13099.632026
200,42,12717.298695
200,43,12650.396075
200,44,12568.923067
200,47,12512.746655
200,50,12457.556464
200,55,12377.090357
201,36,13581.840937
201,37,13422.082769
201,38,13250.031382
201,39,13075.585428
201,40,12952.529365
201,42,12636.458851
201,44,12568.923067
201,47,12512.746655
201,50,12457.556464
201,54,12352.959484
202,36,13581.840937
202,37,13422.082769
202,38,13250.031382
202,39,13075.585428
202,40,12952.529365
202,42,12636.458851
202,44,12568.923067
202,47,12512.746655
202,50,12457.556464
202,54,12352.959484
203,36,13557.925506
203,37,13422.082769
203,38,13229.599204
203,39,13000.397900
203,40,12915.002484
203,42,12609.826535
203,44,12557.630599
203,47,12498.801211
203,50,12457.556464
203,54,12352.959484
204,36,13557.925506
204,37,13422.082769
204,38,13229.599204
204,39,13000.397900
204,40,12915.002484
204,42,12609.826535
204,44,12557.630599
204,47,12498.801211
204,50,12457.556464
204,54,12352.959484
205,36,13557.925506
205,37,13400.773346
205,38,13229.599204
205,39,12993.595870
205,40,12915.002484
205,42,12605.270402
205,44,12554.025827
205,46,12533.668236
205,47,12496.356896
205,50,12457.556464
205,54,12325.465145
206,36,13557.925506
206,37,13400.773346
206,38,13229.599204
206,39,12993.595870
206,40,12915.002484
206,42,12605.270402
206,43,12572.289150
206,44,12554.025827
206,46,12533.668236
206,47,12496.356896
206,48,12493.096495
206,50,12457.556464
206,52,12353.002990
206,54,12325.465145
207,36,13557.925506
207,37,13400.773346
207,38,13229.599204
207,39,12993.595870
207,40,12915.002484
207,42,12605.270402
207,43,12572.289150
207,44,12554.025827
207,46,12533.668236
207,47,12492.819031
207,50,12453.625584
207,52,12353.002990
207,54,12324.670250
208,36,13557.925506
208,37,13400.773346
208,38,13229.599204
208,39,12993.595870
208,40,12915.002484
208,42,12605.270402
208,43,12572.289150
208,44,12554.025827
208,46,12533.668236
208,47,12492.819031
208,50,12453.625584
208,52,12353.002990
208,54,12324.670250
209,36,13557.925506
209,37,13400.773346
209,38,13229.599204
209,39,12990.832838
209,40,12915.002484
209,42,12605.270402
209,43,12560.293803
209,44,12525.201511
209,47,12492.819031
209,50,12453.625584
209,52,12353.002990
209,54,12324.670250
210,36,13557.925506
210,37,13400.773346
210,38,13229.599204
210,39,12947.363240
210,40,12915.002484
210,42,12605.270402
210,43,12560.293803
210,44,12525.201511
210,47,12492.819031
210,50,12453.625584
210,52,12353.002990
210,54,12324.670250
211,36,13557.925506
211,37,13400.773346
211,38,13197.381857
211,39,12917.420627
211,40,12796.053277
211,42,12601.471943
211,43,12555.778357
211,44,12518.462303
211,47,12492.819031
211,50,12445.943807
211,52,12339.322290
211,54,12324.670250
212,36,13557.925506
212,37,13400.773346
212,38,13197.381857
212,39,12917.420627
212,40,12796.053277
212,42,12601.471943
212,43,12555.778357
212,44,12518.462303
212,47,12482.186260
212,50,12445.943807
212,52,12339.322290
212,53,12326.065272
212,54,12324.670250
213,36,13557.925506
213,37,13365.753104
213,38,13197.381857
213,39,12917.420627
213,40,12783.970917
213,42,12588.259466
213,43,12555.778357
213,44,12467.396596
213,50,12445.943807
213,52,12339.322290
213,53,12326.065272
213,54,12295.100630
214,36,13557.925506
214,37,13344.415635
214,38,13197.381857
214,39,12834.662826
214,40,12783.970917
214,42,12588.259466
214,43,12555.778357
214,44,12467.396596
214,50,12445.943807
214,52,12339.322290
214,53,12326.065272
214,54,12295.100630
215,36,13557.925506
215,37,13318.413402
215,38,13196.426098
215,39,12834.662826
215,40,12778.514716
215,42,12588.259466
215,43,12549.093049
215,44,12467.396596
215,46,12465.655880
215,50,12444.946464
215,52,12329.577564
215,53,12323.380679
215,54,12295.100630
216,36,13306.196055
216,38,13196.426098
216,39,12834.662826
216,40,12778.514716
216,42,12588.259466
216,43,12549.093049
216,44,12467.396596
216,46,12465.655880
216,50,12444.946464
216,51,12366.112738
216,52,12329.577564
216,53,12323.380679
216,54,12287.276240
217,36,13272.686085
217,38,13196.426098
217,39,12834.662826
217,40,12778.514716
217,42,12588.259466
217,43,12539.093102
217,44,12442.265274
217,48,12428.783115
217,51,12358.102179
217,52,12329.577564
217,53,12323.380679
217,54,12287.189372
218,36,13272.686085
218,38,13196.426098
218,39,12834.662826
218,40,12778.514716
218,42,12549.253377
218,43,12539.093102
218,44,12442.265274
218,48,12428.783115
218,51,12358.102179
218,52,12329.577564
218,53,12323.380679
218,54,12287.189372
219,36,13272.686085
219,38,13196.426098
219,39,12834.662826
219,40,12768.007826
219,42,12507.592467
219,44,12421.425308
219,47,12391.157159
219,49,12378.207427
219,50,12304.543757
219,54,12287.189372
220,36,13272.686085
220,38,13196.426098
220,39,12834.662826
220,40,12768.007826
220,42,12507.592467
220,44,12421.425308
220,47,12391.157159
220,49,12378.207427
220,50,12304.543757
220,54,12258.411113
221,36,13272.686085
221,37,13147.615760
221,38,13136.584606
221,39,12774.186014
221,40,12601.122445
221,42,12507.592467
221,44,12420.674446
221,45,12403.287765
221,47,12391.157159
221,49,12378.207427
221,50,12304.543757
221,54,12258.411113
222,36,13272.686085
222,37,13147.615760
222,38,13099.000134
222,39,12774.186014
222,40,12601.122445
222,42,12507.592467
222,44,12420.674446
222,45,12403.287765
222,47,12391.157159
222,49,12378.207427
222,50,12304.543757
222,51,12299.308034
222,54,12258.411113
223,36,13272.686085
223,37,13147.615760
223,38,13099.000134
223,39,12774.186014
223,40,12531.645783
223,42,12499.075095
223,44,12409.126046
223,45,12403.287765
223,47,12389.352265
223,49,12378.207427
223,50,12304.543757
223,51,12270.522085
223,54,12258.411113
224,36,13272.686085
224,37,13147.615760
224,38,13099.000134
224,39,12774.186014
224,40,12531.645783
224,42,12499.075095
224,43,12376.509872
224,50,12304.543757
224,51,12270.522085
224,54,12258.411113
225,36,13272.686085
225,37,13134.212785
225,38,13083.002450
225,39,12774.186014
225,40,12529.080592
225,42,12498.599813
225,43,12347.252757
225,50,12304.543757
225,51,12270.522085
225,54,12258.411113
226,35,14108.701803
226,36,13272.686085
226,37,13134.212785
226,38,13083.002450
226,39,12774.186014
226,40,12529.080592
226,42,12498.599813
226,43,12347.252757
226,49,12346.898756
226,50,12304.543757
226,51,12270.522085
226,54,12258.411113
227,35,13764.903584
227,36,13272.686085
227,37,13134.212785
227,38,13083.002450
227,39,12738.375498
227,40,12529.080592
227,42,12498.599813
227,43,12347.190689
227,49,12312.624374
227,50,12304.543757
227,51,12270.509563
227,54,12258.411113
228,35,13764.903584
228,36,13272.686085
228,37,13134.212785
228,38,13083.002450
228,39,12738.375498
228,40,12529.080592
228,42,12498.599813
228,43,12347.190689
228,49,12312.624374
228,50,12304.543757
228,51,12270.509563
228,54,12258.411113
229,35,13764.903584
229,36,13272.686085
229,37,13134.212785
229,38,13070.253832
229,39,12738.375498
229,40,12529.080592
229,42,12498.599813
229,43,12340.454395
229,49,12310.533512
229,50,12299.282628
229,51,12267.268472
229,54,12258.411113
230,35,13764.903584
230,36,13226.915226
230,37,13134.212785
230,38,13070.253832
230,39,12738.375498
230,40,12529.080592
230,41,12514.141624
230,42,12498.599813
230,43,12340.454395
230,49,12310.533512
230,50,12299.282628
230,51,12267.268472
230,54,12258.411113
231,35,13764.903584
231,36,13226.915226
231,37,13105.938989
231,38,13017.552294
231,39,12713.185942
231,40,12529.080592
231,41,12509.845957
231,42,12486.609331
231,43,12340.454395
231,45,12321.682952
231,48,12261.139123
231,54,12242.492361
232,35,13764.903584
232,36,13226.915226
232,37,13105.938989
232,38,13017.552294
232,39,12713.185942
232,40,12529.080592
232,41,12509.845957
232,42,12486.609331
232,43,12340.454395
232,45,12321.682952
232,48,12261.139123
232,54,12242.492361
233,35,13764.903584
233,36,13226.915226
233,37,13105.938989
233,38,13017.552294
233,39,12712.441321
233,40,12529.080592
233,41,12455.135946
233,43,12340.454395
233,45,12321.682952
233,48,12244.391158
233,54,12242.492361
234,35,13764.903584
234,36,13226.915226
234,37,13105.938989
234,38,13017.552294
234,39,12712.441321
234,40,12529.080592
234,41,12455.135946
234,43,12340.454395
234,45,12321.280719
234,48,12244.391158
234,54,12242.492361
235,35,13764.903584
235,36,13226.915226
235,37,13104.518065
235,38,13011.880217
235,39,12712.441321
235,40,12484.234636
235,41,12445.546894
235,42,12376.692762
235,43,12313.669500
235,48,12244.391158
235,53,12229.956272
236,35,13764.903584
236,36,13226.915226
236,37,13104.518065
236,38,13011.880217
236,39,12712.441321
236,40,12484.234636
236,41,12445.546894
236,42,12376.692762
236,43,12313.669500
236,48,12244.391158
236,53,12229.956272
237,35,13764.903584
237,36,13167.022734
237,37,13104.518065
237,38,12961.972924
237,39,12712.441321
237,40,12484.234636
237,41,12436.513026
237,42,12365.122401
237,43,12313.669500
237,47,12277.447156
237,48,12241.959694
237,53,12229.956272
238,35,13674.260436
238,36,13167.022734
238,37,13104.518065
238,38,12936.934023
238,39,12712.441321
238,40,12484.234636
238,41,12436.513026
238,42,12365.122401
238,43,12313.669500
238,45,12303.585897
238,47,12277.447156
238,48,12241.959694
238,53,12229.956272
239,35,13674.260436
239,36,13167.022734
239,37,13104.518065
239,38,12936.934023
239,39,12696.222436
239,40,12477.767758
239,41,12436.513026
239,42,12365.122401
239,43,12272.913132
239,47,12264.679797
239,48,12231.236787
239,53,12229.956272
240,35,13495.075861
240,36,13167.022734
240,37,13104.518065
240,38,12936.934023
240,39,12696.222436
240,40,12477.767758
240,41,12436.513026
240,42,12365.122401
240,43,12272.913132
240,46,12254.881418
240,48,12231.236787
240,53,12229.956272
241,35,13495.075861
241,36,13167.022734
241,37,13100.210958
241,38,12837.449349
241,39,12694.729617
241,40,12467.882142
241,41,12431.249563
241,42,12356.734525
241,43,12272.913132
241,45,12223.938442
242,35,13495.075861
242,36,13167.022734
242,37,13100.210958
242,38,12837.449349
242,39,12694.729617
242,40,12467.882142
242,41,12285.951273
242,43,12272.913132
242,45,12223.938442
243,35,13495.075861
243,36,13161.636757
243,37,13100.210958
243,38,12837.449349
243,39,12694.729617
243,40,12465.690726
243,41,12285.951273
243,43,12272.913132
243,45,12223.938442
244,35,13495.075861
244,36,13161.636757
244,37,13100.210958
244,38,12837.449349
244,39,12694.729617
244,40,12465.690726
244,41,12285.951273
244,43,12272.913132
244,44,12238.975721
244,45,12223.938442
245,35,13495.075861
245,36,13135.818008
245,37,13040.692635
245,38,12800.989709
245,39,12673.246315
245,40,12465.690726
245,41,12285.951273
245,43,12272.913132
245,44,12226.214029
245,45,12223.938442
246,35,13495.075861
246,36,13135.818008
246,37,13040.692635
246,38,12800.989709
246,39,12673.246315
246,40,12465.690726
246,41,12285.951273
246,43,12272.913132
246,44,12226.214029
246,45,12223.938442
246,47,12210.381467
247,35,13495.075861
247,36,13132.298970
247,37,12996.201642
247,38,12800.989709
247,39,12673.246315
247,40,12458.820611
247,41,12284.527697
247,43,12250.162771
247,44,12218.888447
247,47,12210.381467
248,35,13495.075861
248,36,13132.298970
248,37,12996.201642
248,38,12800.989709
248,39,12673.246315
248,40,12458.820611
248,41,12284.527697
248,43,12250.162771
248,44,12218.888447
248,47,12210.381467
249,35,13494.195407
249,36,13132.298970
249,37,12996.201642
249,38,12800.989709
249,39,12673.246315
249,40,12451.977568
249,41,12284.527697
249,43,12240.228332
249,44,12160.995827
250,35,13494.195407
250,36,13132.298970
250,37,12996.201642
250,38,12800.989709
250,39,12673.246315
250,40,12451.977568
250,41,12284.527697
250,43,12240.228332
250,44,12160.995827
251,35,13494.195407
251,36,13126.861850
251,37,12944.670874
251,38,12800.989709
251,39,12660.383102
251,40,12451.977568
251,41,12284.527697
251,43,12240.228332
251,44,12160.995827
252,35,13494.195407
252,36,13126.861850
252,37,12944.670874
252,38,12800.989709
252,39,12660.383102
252,40,12420.478137
252,41,12284.527697
252,43,12240.228332
252,44,12160.995827
253,35,13486.470790
253,36,13095.304445
253,37,12864.051383
253,38,12800.989709
253,39,12660.383102
253,40,12420.345517
253,41,12284.527697
253,43,12230.974995
253,44,12160.995827
254,35,13486.470790
254,36,13095.304445
254,37,12864.051383
254,38,12749.617812
254,39,12650.926701
254,40,12420.345517
254,41,12284.527697
254,43,12230.974995
254,44,12160.995827
255,35,13438.154692
255,36,13068.361592
255,37,12864.051383
255,38,12738.649515
255,39,12650.926701
255,40,12310.221846
255,41,12284.527697
255,43,12218.207636
255,44,12160.995827
256,35,13438.154692
256,36,13068.361592
256,37,12864.051383
256,38,12738.649515
256,39,12624.262941
256,40,12310.221846
256,41,12240.274723
256,43,12218.207636
256,44,12160.995827
257,35,13432.717572
257,36,13068.361592
257,37,12843.185547
257,38,12737.442707
257,39,12606.334610
257,40,12310.221846
257,41,12220.703300
257,43,12218.207636
257,44,12156.804556
257,45,12146.894454
258,35,13432.717572
258,36,13068.361592
258,37,12843.185547
258,38,12737.442707
258,39,12606.334610
258,40,12310.221846
258,41,12220.703300
258,43,12218.207636
258,44,12156.804556
258,45,12146.894454
259,35,13411.878518
259,36,13068.361592
259,37,12843.185547
259,38,12732.447217
259,39,12602.087090
259,40,12310.221846
259,41,12218.397181
259,43,12218.207636
259,44,12153.788674
259,45,12140.666508
260,35,13411.878518
260,36,13068.361592
260,37,12843.185547
260,38,12732.447217
260,39,12602.087090
260,40,12310.221846
260,41,12218.397181
260,43,12218.207636
260,44,12153.788674
260,45,12140.666508
261,35,13411.878518
261,36,13068.361592
261,37,12841.308554
261,38,12724.940746
261,39,12602.087090
261,40,12309.649401
261,41,12218.397181
261,43,12218.207636
261,44,12153.788674
261,45,12140.666508
262,35,13411.878518
262,36,13068.361592
262,37,12841.308554
262,38,12724.940746
262,39,12602.087090
262,40,12309.649401
262,41,12218.397181
262,43,12218.207636
262,44,12153.788674
262,45,12140.666508
263,35,13411.617248
263,36,13068.361592
263,37,12841.308554
263,38,12724.940746
263,39,12564.479279
263,40,12306.123007
263,41,12218.397181
263,43,12218.207636
263,44,12134.268403
264,35,13411.617248
264,36,13068.361592
264,37,12841.308554
264,38,12724.940746
264,39,12564.479279
264,40,12306.123007
264,41,12218.397181
264,43,12218.207636
264,44,12134.268403
265,35,13411.617248
265,36,13068.361592
265,37,12821.199931
265,38,12649.589013
265,39,12561.462068
265,40,12292.696217
265,41,12218.397181
265,43,12218.207636
265,44,12133.964162
266,35,13411.617248
266,36,13068.361592
266,37,12821.199931
266,38,12649.589013
266,39,12561.462068
266,40,12292.696217
266,41,12218.397181
266,43,12218.207636
266,44,12133.964162
266,47,12106.669327
267,35,13411.617248
267,36,12980.184434
267,37,12821.199931
267,38,12649.589013
267,39,12561.446449
267,40,12292.696217
267,41,12216.295701
267,43,12195.780285
267,44,12132.289071
267,47,12105.112230
268,35,13411.617248
268,36,12980.184434
268,37,12821.199931
268,38,12622.703132
268,39,12561.446449
268,40,12292.696217
268,41,12216.295701
268,43,12195.780285
268,44,12132.289071
268,47,12105.112230
269,35,13411.617248
269,36,12946.508032
269,37,12821.199931
269,38,12622.703132
269,39,12561.446449
269,40,12289.761160
269,41,12216.295701
269,43,12186.757386
269,44,12132.289071
269,47,12095.956866
270,35,13411.617248
270,36,12946.508032
270,37,12821.199931
270,38,12622.703132
270,39,12561.446449
270,40,12289.761160
270,41,12216.295701
270,43,12186.757386
270,44,12132.289071
270,47,12095.956866
271,35,13383.556271
271,36,12946.508032
271,37,12821.199931
271,38,12589.720598
271,39,12561.446449
271,40,12284.319057
271,41,12216.295701
271,43,12186.757386
271,44,12132.289071
271,47,12095.479823
272,35,13383.556271
272,36,12946.508032
272,37,12821.199931
272,38,12589.720598
272,39,12561.446449
272,40,12236.412364
272,41,12216.295701
272,43,12186.757386
272,44,12132.289071
272,47,12095.479823
273,35,13383.556271
273,36,12946.508032
273,37,12774.066590
273,38,12581.507271
273,39,12561.446449
273,40,12236.412364
273,41,12216.295701
273,43,12186.757386
273,44,12132.289071
273,47,12095.479823
274,35,13383.556271
274,36,12946.508032
274,37,12774.066590
274,38,12581.507271
274,39,12561.446449
274,40,12236.412364
274,41,12190.736345
274,43,12186.757386
274,44,12132.289071
274,47,12095.479823
275,35,13383.556271
275,36,12906.268638
275,37,12771.867539
275,38,12576.408642
275,39,12545.911746
275,40,12236.412364
275,41,12190.736345
275,43,12169.618629
275,44,12132.289071
275,45,12095.756695
275,47,12095.479823
276,35,13383.556271
276,36,12906.268638
276,37,12771.867539
276,38,12576.408642
276,39,12418.109981
276,40,12236.412364
276,41,12190.736345
276,43,12169.618629
276,44,12132.289071
276,45,12095.756695
276,47,12095.479823
277,35,13383.556271
277,36,12843.892984
277,37,12771.867539
277,38,12565.915753
277,39,12414.231007
277,40,12227.723325
277,41,12190.736345
277,43,12169.494512
277,44,12130.173759
277,45,12095.756695
277,47,12095.479823
278,35,13383.556271
278,36,12843.892984
278,37,12771.867539
278,38,12565.915753
278,39,12414.231007
278,40,12227.723325
278,41,12183.298437
278,43,12169.494512
278,44,12130.173759
278,45,12095.756695
278,47,12095.479823
279,35,13231.985891
279,36,12815.667935
279,37,12757.854811
279,38,12565.915753
279,39,12391.018694
279,40,12227.723325
279,41,12183.298437
279,43,12168.815940
279,44,12127.577024
279,45,12095.756695
279,47,12095.479823
280,35,13231.985891
280,36,12815.667935
280,37,12757.854811
280,38,12565.915753
280,39,12391.018694
280,40,12227.723325
280,41,12183.298437
280,43,12168.815940
280,44,12127.577024
280,45,12095.756695
280,47,12095.479823
281,35,13231.985891
281,36,12771.729801
281,37,12757.854811
281,38,12565.915753
281,39,12387.618803
281,40,12226.664716
281,41,12178.178782
281,43,12168.815940
281,44,12127.577024
281,45,12084.600910
282,35,13231.985891
282,36,12771.729801
282,37,12757.854811
282,38,12565.915753
282,39,12374.986108
282,40,12226.664716
282,41,12178.178782
282,42,12173.629636
282,43,12168.815940
282,44,12127.577024
282,45,12084.600910
283,35,13231.985891
283,36,12771.729801
283,37,12757.854811
283,38,12534.938832
283,39,12374.986108
283,40,12226.664716
283,41,12163.006500
283,44,12123.314051
283,45,12081.018472
284,35,13231.985891
284,36,12771.729801
284,37,12757.854811
284,38,12534.938832
284,39,12374.986108
284,40,12226.664716
284,41,12163.006500
284,44,12123.314051
284,45,12081.018472
285,35,13230.970869
285,36,12766.343824
285,37,12732.273527
285,38,12534.938832
285,39,12312.136260
285,40,12226.664716
285,41,12163.006500
285,42,12153.337699
285,44,12114.313601
285,45,12081.018472
286,35,13230.970869
286,36,12766.343824
286,37,12732.273527
286,38,12534.938832
286,39,12312.136260
286,40,12226.664716
286,41,12163.006500
286,42,12129.153812
286,44,12114.313601
286,45,12081.018472
287,35,13228.441138
287,36,12753.850112
287,37,12728.426069
287,38,12534.938832
287,39,12304.827057
287,40,12183.123163
287,41,12163.006500
287,42,12125.627419
287,44,12109.316524
287,45,12081.018472
288,35,13228.441138
288,36,12753.850112
288,37,12728.426069
288,38,12534.938832
288,39,12304.827057
288,40,12183.123163
288,41,12163.006500
288,42,12125.627419
288,44,12109.316524
288,45,12081.018472
289,35,13192.466024
289,36,12753.850112
289,37,12728.426069
289,38,12497.342302
289,39,12303.790111
289,40,12183.123163
289,41,12162.317735
289,42,12125.627419
289,44,12109.316524
289,45,12081.018472
290,34,13689.668160
290,35,13192.466024
290,36,12753.850112
290,37,12728.426069
290,38,12497.342302
290,39,12303.790111
290,40,12183.123163
290,41,12158.345819
290,42,12125.627419
290,44,12109.316524
290,45,12081.018472
290,46,12075.313577
291,34,13689.668160
291,35,13192.466024
291,36,12747.635216
291,37,12721.515450
291,38,12437.572243
291,39,12302.947128
291,40,12183.123163
291,41,12158.345819
291,42,12109.657191
291,44,12107.469950
291,45,12081.018472
291,46,12066.379889
292,34,13689.668160
292,35,13192.466024
292,36,12747.635216
292,37,12721.515450
292,38,12437.572243
292,39,12302.947128
292,40,12183.123163
292,41,12158.345819
292,42,12109.657191
292,44,12088.325148
292,45,12065.392155
293,34,13689.668160
293,35,13192.466024
293,36,12747.635216
293,37,12721.515450
293,38,12434.732785
293,39,12301.169606
293,40,12183.123163
293,41,12155.912888
293,42,12109.657191
293,44,12088.291997
293,45,12027.815823
294,34,13689.668160
294,35,13192.466024
294,36,12747.635216
294,37,12721.515450
294,38,12349.135364
294,39,12162.681588
294,41,12132.530330
294,42,12109.657191
294,44,12088.291997
294,45,12027.815823
295,34,13507.431578
295,35,13192.466024
295,36,12729.292694
295,37,12716.116124
295,38,12348.550962
295,39,12161.230713
295,41,12132.530330
295,42,12109.657191
295,44,12087.401326
295,45,12014.227111
296,34,13507.431578
296,35,13192.466024
296,36,12729.292694
296,37,12716.116124
296,38,12348.550962
296,39,12161.230713
296,41,12132.530330
296,42,12109.657191
296,44,12087.401326
296,45,12014.227111
297,34,13475.358337
297,35,13140.501527
297,36,12729.292694
297,37,12716.116124
297,38,12348.550962
297,39,12161.230713
297,41,12131.403846
297,42,12104.215087
297,44,12074.633967
297,45,11997.186583
298,34,13475.358337
298,35,13140.501527
298,36,12729.292694
298,37,12716.116124
298,38,12348.550962
298,39,12161.230713
298,41,12131.403846
298,42,12104.215087
298,44,12074.633967
298,45,11997.186583
298,46,11996.299719
299,34,13475.358337
299,35,13084.923372
299,36,12729.292694
299,37,12716.116124
299,38,12348.550962
299,39,12161.230713
299,41,12122.176338
299,42,12104.215087
299,44,12074.633967
299,45,11997.186583
299,46,11996.299719
300,34,13475.358337
300,35,13084.923372
300,36,12729.292694
300,37,12716.116124
300,38,12348.550962
300,39,12161.230713
300,41,12122.176338
300,42,12104.215087
300,44,12074.633967
300,45,11997.186583
300,46,11996.299719
301,33,13668.649484
301,34,13475.358337
301,35,13084.923372
301,36,12673.320755
301,38,12340.639099
301,39,12160.297320
301,41,12122.176338
301,42,12104.215087
301,44,12074.004911
301,45,11997.186583
301,46,11996.299719
302,33,13668.649484
302,34,13475.358337
302,35,13084.923372
302,36,12673.320755
302,38,12340.639099
302,39,12160.297320
302,41,12122.176338
302,42,12104.215087
302,44,12074.004911
302,45,11963.860219
303,33,13640.131911
303,34,13470.832111
303,35,13031.262492
303,36,12673.320755
303,38,12302.675361
303,39,12160.297320
303,41,12122.176338
303,42,12048.554467
303,45,11963.860219
304,33,13640.131911
304,34,13470.832111
304,35,13031.262492
304,36,12673.320755
304,37,12618.997040
304,38,12302.675361
304,39,12160.297320
304,41,12122.176338
304,42,12048.554467
304,45,11963.860219
305,33,13584.553755
305,34,13470.832111
305,35,13030.636588
305,36,12612.619172
305,37,12602.935984
305,38,12302.675361
305,39,12159.280606
305,41,12122.176338
305,42,12048.554467
305,44,11934.819709
306,33,13584.553755
306,34,13470.832111
306,35,13030.636588
306,36,12537.017001
306,38,12302.675361
306,39,12159.280606
306,41,12122.176338
306,42,12048.554467
306,44,11934.819709
307,33,13577.272474
307,34,13455.864611
307,35,13029.377173
307,36,12537.017001
307,38,12302.675361
307,39,12147.129339
307,41,12122.176338
307,42,12048.554467
307,44,11934.819709
308,33,13577.272474
308,34,13455.864611
308,35,13014.601005
308,36,12537.017001
308,38,12302.675361
308,39,12147.129339
308,41,12122.176338
308,42,12048.554467
308,44,11934.819709
309,33,13541.297361
309,34,13383.805742
309,35,12988.405691
309,36,12537.017001
309,38,12280.588643
309,39,12143.064634
309,41,12119.717191
309,42,12046.452988
309,44,11934.819709
310,33,13541.297361
310,34,13383.805742
310,35,12988.405691
310,36,12471.637263
310,38,12280.588643
310,39,12143.064634
310,40,12139.163943
310,41,12119.717191
310,42,12046.452988
310,44,11934.819709
311,33,13541.297361
311,34,13367.634503
311,35,12958.408371
311,36,12471.637263
311,38,12279.116996
311,39,12143.064634
311,40,12139.163943
311,41,12119.717191
311,42,12038.053938
311,44,11934.819709
312,33,13541.297361
312,34,13367.634503
312,35,12958.408371
312,36,12471.637263
312,38,12279.116996
312,39,12143.064634
312,40,12139.163943
312,41,12119.717191
312,42,12038.053938
312,43,12017.689694
312,44,11934.819709
313,33,13541.297361
313,34,13367.634503
313,35,12941.735765
313,36,12453.365787
313,38,12279.116996
313,39,12139.156218
313,40,12134.622695
313,41,12104.828140
313,42,12038.053938
313,43,12017.321343
313,44,11934.819709
314,33,13541.297361
314,34,13367.634503
314,35,12941.735765
314,36,12453.365787
314,38,12279.116996
314,39,12139.156218
314,40,12134.622695
314,41,12092.033455
314,42,12038.053938
314,43,12017.321343
314,44,11934.819709
315,33,13466.588371
315,34,13347.023189
315,35,12936.105772
315,36,12453.365787
315,38,12278.428232
315,39,12139.156218
315,40,12134.622695
315,41,12092.033455
315,42,12038.053938
315,43,12017.321343
315,44,11934.819709
316,33,13466.588371
316,34,13347.023189
316,35,12936.105772
316,36,12453.365787
316,38,12278.428232
316,39,12139.156218
316,40,12134.622695
316,41,12092.033455
316,42,12038.053938
316,43,12017.321343
316,44,11934.819709
317,33,13466.588371
317,34,13347.023189
317,35,12936.105772
317,36,12445.854942
317,38,12278.428232
317,39,12129.535369
317,41,12081.806096
317,42,12038.053938
317,43,12017.321343
317,44,11934.819709
318,33,13466.588371
318,34,13347.023189
318,35,12936.105772
318,36,12445.854942
318,37,12389.692250
318,38,12278.428232
318,39,12129.535369
318,41,12081.806096
318,42,12038.053938
318,43,12017.321343
318,44,11934.819709
319,33,13466.588371
319,34,13314.384660
319,35,12885.131771
319,36,12445.854942
319,37,12379.274459
319,38,12272.138830
319,39,12129.535369
319,41,12081.806096
319,42,12037.375366
319,43,12017.321343
319,44,11929.007626
320,33,13466.588371
320,34,13314.384660
320,35,12885.131771
320,36,12445.854942
320,37,12379.274459
320,38,12272.138830
320,39,12129.535369
320,41,12081.806096
320,42,12037.375366
320,43,12017.321343
320,44,11929.007626
321,33,13466.588371
321,34,13314.384660
321,35,12872.886858
321,36,12445.854942
321,37,12379.274459
321,38,12272.138830
321,39,12129.535369
321,41,12081.806096
321,42,12037.375366
321,43,12010.953714
321,44,11929.007626
