Generation,NV,TOC
1,46,19208.069188
1,47,18892.587395
1,48,18617.147294
1,54,17479.496688
1,55,17277.816101
1,58,16841.361268
1,63,16219.206138
1,66,15901.090174
1,68,15733.496108
1,70,15515.142216
1,74,15305.891152
2,45,21765.144505
2,46,19189.891989
2,47,18539.281352
2,49,18471.400650
2,52,17990.037788
2,54,17479.496688
2,55,17277.816101
2,58,16841.361268
2,61,16415.030347
2,63,16219.206138
2,64,15832.897814
2,68,15733.496108
2,70,15515.142216
2,73,15243.472142
3,45,21765.144505
3,46,19189.891989
3,47,18539.281352
3,49,18471.400650
3,50,18026.570120
3,51,17555.369139
3,54,17479.496688
3,55,17277.816101
3,58,16034.002285
3,64,15832.897814
3,67,15757.931218
3,68,15733.496108
3,70,15515.142216
3,73,15243.472142
4,45,20250.897140
4,46,19189.891989
4,47,18539.281352
4,49,18471.400650
4,50,18026.570120
4,51,17555.369139
4,54,17479.496688
4,55,16855.413109
4,57,16820.257557
4,58,16034.002285
4,64,15832.897814
4,67,15757.931218
4,68,15733.496108
4,70,15515.142216
4,73,15243.472142
4,76,15228.132383
4,78,15136.974336
5,45,19839.917896
5,46,19189.891989
5,47,18539.281352
5,48,17522.882192
5,53,17492.281451
5,54,17479.496688
5,55,16855.413109
5,56,16789.682985
5,57,16505.822577
5,58,16034.002285
5,63,15726.585020
5,64,15672.154469
5,67,15662.217673
5,70,15515.142216
5,73,15243.472142
5,76,15228.132383
5,78,15136.974336
5,82,15132.607578
6,44,20405.290465
6,45,18411.486403
6,48,17522.882192
6,53,17492.281451
6,54,17261.867492
6,55,16855.413109
6,56,16789.682985
6,57,16505.822577
6,58,16034.002285
6,61,15849.165404
6,62,15704.666133
6,64,15672.154469
6,65,15465.011969
6,66,15337.152588
6,70,15335.097322
6,73,15243.472142
6,74,15211.271903
6,76,15102.838832
7,43,18746.967083
7,44,18555.957820
7,45,18140.459836
7,48,17522.882192
7,53,17492.281451
7,54,16493.307281
7,56,15925.125840
7,61,15783.421342
7,62,15492.653713
7,64,15239.797347
7,68,14904.654487
8,43,18746.967083
8,44,18555.957820
8,45,18140.459836
8,48,17522.882192
8,52,17364.024592
8,54,16493.307281
8,56,15925.125840
8,61,15783.421342
8,62,15492.653713
8,64,15239.797347
8,68,14904.654487
8,75,14805.929144
9,42,19842.659432
9,43,18746.967083
9,44,18555.957820
9,45,18140.459836
9,48,17226.307005
9,53,16346.371868
9,54,15865.292974
9,60,15472.088281
9,61,15128.676119
9,64,15090.798354
9,68,14830.154117
9,73,14601.662308
10,42,19842.659432
10,43,18746.967083
10,44,18555.957820
10,45,18140.459836
10,48,17226.307005
10,53,16346.371868
10,54,15865.292974
10,56,15504.931083
10,59,15303.787631
10,61,15128.676119
10,64,15090.798354
10,68,14830.154117
10,73,14601.662308
11,42,19842.659432
11,43,18746.967083
11,44,18555.957820
11,45,18140.459836
11,46,17714.738070
11,48,17056.892182
11,53,15764.966289
11,56,15339.940867
11,59,15254.817569
11,61,15024.439728
11,62,14969.780140
11,65,14941.236981
11,68,14741.038556
11,73,14480.849022
12,42,18098.182710
12,44,17862.016273
12,46,17714.738070
12,48,17056.892182
12,49,16149.177216
12,53,15764.966289
12,56,15339.940867
12,59,15254.817569
12,61,15024.439728
12,62,14969.780140
12,64,14946.661680
12,65,14941.236981
12,66,14861.089428
12,68,14741.038556
12,73,14480.849022
13,42,18098.182710
13,44,17681.096421
13,48,17056.892182
13,49,16149.177216
13,53,15764.966289
13,54,15540.128739
13,56,15339.940867
13,57,15091.636428
13,58,14801.058562
13,63,14681.023125
13,64,14645.540324
13,68,14540.610116
13,73,14411.962726
14,41,19234.356450
14,42,16834.587242
14,45,16152.836477
14,49,16149.177216
14,52,15662.850881
14,54,15540.128739
14,56,15118.989835
14,57,15091.636428
14,58,14801.058562
14,63,14681.023125
14,64,14645.540324
14,68,14540.610116
14,73,14411.962726
15,40,17269.096918
15,42,16834.587242
15,45,16152.836477
15,49,16149.177216
15,52,15662.850881
15,54,15540.128739
15,56,15025.293778
15,58,14801.058562
15,63,14681.023125
15,64,14645.540324
15,66,14553.840363
15,68,14540.610116
15,73,14411.962726
16,39,17485.775307
16,40,16908.660510
16,41,16907.665435
16,42,16448.164425
16,45,16152.836477
16,49,16149.177216
16,50,15749.906895
16,52,15662.850881
16,53,15047.192718
16,55,14927.499353
16,58,14742.811249
16,59,14716.783514
16,61,14359.537904
16,71,14240.053425
17,39,17485.775307
17,40,16908.660510
17,41,16907.665435
17,42,16448.164425
17,45,16152.836477
17,49,16149.177216
17,50,15749.906895
17,52,15662.850881
17,53,15047.192718
17,55,14927.499353
17,58,14742.811249
17,59,14716.783514
17,60,14096.305085
18,37,20523.447174
18,39,17485.775307
18,40,16908.660510
18,41,16141.621363
18,44,15976.495625
18,46,15523.328504
18,51,15113.220208
18,53,14942.697053
18,54,14208.194592
18,60,14029.327564
19,37,20523.447174
19,39,17485.775307
19,40,16908.660510
19,41,16141.621363
19,44,15976.495625
19,46,15523.328504
19,51,15113.220208
19,53,14942.697053
19,54,14208.194592
19,60,14029.327564
19,61,13982.721600
20,37,20523.447174
20,38,17718.002902
20,39,16696.303033
20,40,16092.655644
20,44,15976.495625
20,45,15461.643892
20,51,15015.690372
20,52,14824.883511
20,54,14106.118345
20,60,13897.238114
21,37,20523.447174
21,38,17718.002902
21,39,16696.303033
21,40,16092.655644
21,44,15976.495625
21,45,15461.643892
21,49,14911.900401
21,52,14824.883511
21,54,14106.118345
21,60,13897.238114
22,37,20523.447174
22,38,17718.002902
22,39,16503.098783
22,40,15918.068553
22,44,15357.093574
22,45,14717.994368
22,52,14702.966088
22,54,14103.093972
22,58,13765.607125
23,37,20523.447174
23,38,17669.313635
23,39,16503.098783
23,40,15918.068553
23,44,14825.404236
23,45,14717.994368
23,52,14702.966088
23,54,14103.093972
23,57,14069.728759
23,58,13765.607125
24,37,19637.758764
24,38,17426.940053
24,39,16331.072784
24,40,15918.068553
24,44,14678.022131
24,54,14042.761051
24,56,13990.254431
24,57,13681.569389
25,37,19637.758764
25,38,17284.611458
25,39,16331.072784
25,40,15918.068553
25,44,14678.022131
25,54,14042.761051
25,56,13990.254431
25,57,13681.569389
26,36,17758.273007
26,38,17138.385266
26,39,16267.434542
26,40,15918.068553
26,43,14643.155421
26,53,13863.010758
26,56,13575.844951
27,36,17189.649494
27,37,16850.320841
27,39,16267.434542
27,40,15918.068553
27,43,14643.155421
27,53,13863.010758
27,56,13575.844951
28,36,16910.917909
28,37,16691.807490
28,39,16214.487948
28,40,15824.810425
28,43,14598.216741
28,53,13813.750360
28,56,13507.156859
29,36,16910.917909
29,37,16691.807490
29,39,16214.487948
29,40,15824.810425
29,41,15723.992131
29,43,14598.216741
29,46,14461.999003
29,48,14196.931500
29,50,14103.136808
29,53,13663.552459
29,56,13507.156859
30,35,18258.539434
30,36,16910.917909
30,37,16521.455371
30,39,16150.147905
30,40,15548.442034
30,43,14598.216741
30,46,14338.676133
30,47,14152.176098
30,50,14095.050814
30,53,13570.032685
30,56,13448.361635
31,35,18258.539434
31,36,16910.917909
31,37,16521.455371
31,39,16150.147905
31,40,15548.442034
31,42,14739.367567
31,43,14598.216741
31,46,14338.676133
31,47,14152.176098
31,49,14134.648332
31,50,14095.050814
31,53,13570.032685
31,56,13448.361635
32,35,18258.539434
32,36,16910.917909
32,37,16521.455371
32,38,16052.490322
32,40,15548.442034
32,42,14739.367567
32,43,14568.890352
32,46,14188.999492
32,47,14084.646541
32,49,14055.362920
32,50,14035.906964
32,53,13528.669298
32,56,13448.361635
33,35,17505.882212
33,36,16910.917909
33,37,16521.455371
33,38,16052.490322
33,40,15548.442034
33,42,14739.367567
33,43,14568.890352
33,46,14188.999492
33,47,14084.646541
33,49,14055.362920
33,50,14035.906964
33,53,13528.669298
33,54,13422.779000
34,35,17505.882212
34,36,16910.917909
34,37,16521.455371
34,38,16052.490322
34,40,15548.442034
34,41,14656.675112
34,43,14568.890352
34,46,14090.439722
34,47,13928.527159
34,51,13861.639739
34,53,13462.800926
34,54,13364.495578
34,55,13360.025136
35,35,17505.882212
35,36,16910.917909
35,37,16521.455371
35,38,16052.490322
35,40,15548.442034
35,41,14656.675112
35,43,14568.890352
35,46,14090.439722
35,47,13928.527159
35,50,13890.714922
35,51,13861.639739
35,53,13462.800926
35,54,13364.495578
35,55,13360.025136
36,35,17505.882212
36,36,16910.917909
36,37,16521.455371
36,38,16052.490322
36,40,15548.442034
36,41,14656.675112
36,43,14532.817701
36,46,14090.439722
36,47,13874.146029
36,50,13844.490399
36,52,13426.342607
36,54,13364.495578
36,55,13262.742549
37,35,17505.882212
37,36,16821.620995
37,37,16450.861083
37,38,16052.490322
37,39,15895.894476
37,40,15548.442034
37,41,14656.675112
37,43,14532.817701
37,46,13854.243166
37,50,13844.490399
37,52,13426.342607
37,54,13364.495578
37,55,13262.742549
38,35,17153.174650
38,36,16821.620995
38,37,16001.457896
38,39,15874.944022
38,40,15513.804269
38,41,14655.310807
38,43,14532.522092
38,46,13781.472800
38,52,13402.385554
38,54,13182.149165
39,35,17153.174650
39,36,16680.878171
39,37,16001.457896
39,39,15567.552551
39,40,15513.804269
39,41,14655.310807
39,43,14145.194367
39,46,13666.706914
39,52,13402.385554
39,53,13349.520931
39,54,13157.400762
40,35,17153.174650
40,36,16291.260574
40,37,15977.288376
40,39,15345.750366
40,41,14600.487239
40,43,14032.867348
40,45,13518.261720
40,50,13248.813068
40,54,13141.315685
41,35,16907.751490
41,36,16291.260574
41,37,15977.288376
41,38,15541.768618
41,39,15345.750366
41,41,14600.487239
41,43,14032.867348
41,45,13518.261720
41,50,13248.813068
41,54,13141.315685
42,34,16763.901570
42,36,16216.418227
42,37,15231.658876
42,41,14600.487239
42,43,14032.867348
42,45,13369.852918
42,50,13245.560211
42,53,13118.888247
43,34,16763.901570
43,36,15950.025581
43,37,15231.658876
43,41,14600.487239
43,43,14032.867348
43,45,13369.852918
43,50,13245.560211
43,52,13133.078261
43,53,13118.888247
44,34,16763.901570
44,35,16432.643349
44,36,15751.025700
44,37,14889.768157
44,41,14506.602184
44,43,14006.391864
44,45,13357.894888
44,50,13244.424353
44,52,13037.506906
45,34,16763.901570
45,35,16432.643349
45,36,15751.025700
45,37,14889.768157
45,41,14506.602184
45,43,14006.391864
45,45,13357.894888
45,46,13308.028300
45,50,13244.424353
45,52,13037.506906
46,34,16763.901570
46,35,16148.956954
46,36,15685.122605
46,37,14817.140769
46,41,14465.028063
46,43,13984.896307
46,45,13328.353114
46,46,13288.380389
46,50,13211.936531
46,52,12999.891275
47,34,16763.901570
47,35,16148.956954
47,36,15685.122605
47,37,14817.140769
47,40,14709.868845
47,41,14465.028063
47,43,13984.896307
47,45,13328.353114
47,46,13288.380389
47,50,13211.936531
47,52,12999.891275
48,34,16091.185961
48,36,15644.896125
48,37,14771.772095
48,39,14397.071356
48,43,13952.886173
48,45,13315.412895
48,46,13258.811722
48,50,13195.180693
48,52,12999.673368
49,34,16091.185961
49,36,15644.896125
49,37,14771.772095
49,38,14710.410787
49,39,14397.071356
49,43,13859.286801
49,45,13315.412895
49,46,13258.811722
49,50,13195.180693
49,52,12999.673368
50,34,16091.185961
50,35,15875.741337
50,36,15644.896125
50,37,14715.544152
50,38,14574.686816
50,39,14397.071356
50,43,13779.822846
50,45,13297.100954
50,46,13236.226317
50,48,13159.450678
50,51,13064.441624
50,52,12999.673368
51,34,16091.185961
51,35,15843.519162
51,36,15644.896125
51,37,14486.152213
51,39,14397.071356
51,40,14310.630917
51,43,13779.822846
51,45,13297.100954
51,46,13236.226317
51,48,13159.450678
51,51,13064.441624
51,52,12999.673368
52,34,16091.185961
52,35,15843.519162
52,36,15574.111563
52,37,14486.152213
52,38,14352.630754
52,40,14208.717344
52,43,13779.822846
52,45,13182.231997
52,47,13105.166958
52,51,13051.120928
52,52,12974.290912
53,34,16091.185961
53,35,15750.705203
53,36,15574.111563
53,37,14486.152213
53,38,14352.630754
53,40,14208.717344
53,41,14184.872279
53,43,13779.822846
53,45,13182.231997
53,47,13105.166958
53,51,13051.120928
53,52,12974.290912
54,34,16091.185961
54,35,15750.705203
54,36,15574.111563
54,37,14463.932192
54,38,14213.593272
54,39,14213.209024
54,40,14113.362227
54,41,14064.541675
54,43,13746.676160
54,45,13180.986553
54,47,13087.160172
54,50,13018.511833
54,52,12971.462541
55,34,16091.185961
55,35,15674.270306
55,36,15404.466920
55,37,14463.932192
55,38,14213.593272
55,39,14213.209024
55,40,14113.362227
55,41,14064.541675
55,42,13811.012570
55,43,13746.676160
55,45,13105.748260
55,47,13023.625384
55,50,12911.188015
56,33,17455.179166
56,34,16091.185961
56,35,15365.746974
56,36,14444.296219
56,38,14068.737986
56,40,14025.573321
56,41,13914.675040
56,42,13442.303561
56,45,13097.202393
56,46,12937.825374
56,50,12905.784760
57,33,17455.179166
57,34,16091.185961
57,35,15365.746974
57,36,14444.296219
57,38,14068.737986
57,40,14025.573321
57,41,13914.675040
57,42,13442.303561
57,45,13097.202393
57,46,12937.825374
57,50,12905.784760
58,33,17455.179166
58,34,15984.164029
58,35,15257.880742
58,36,14444.296219
58,38,13803.267791
58,41,13430.615081
58,44,12991.529125
58,46,12872.875633
59,33,17455.179166
59,34,15984.164029
59,35,15257.880742
59,36,14444.296219
59,37,14394.360524
59,38,13803.267791
59,41,13430.615081
59,44,12991.529125
59,46,12872.875633
60,33,17218.399431
60,34,15918.298140
60,35,15161.729585
60,36,14444.296219
60,37,14394.360524
60,38,13675.017514
60,40,13407.713953
60,44,12943.745353
60,46,12863.865608
61,33,17218.399431
61,34,15918.298140
61,35,15161.729585
61,36,14444.296219
61,37,14394.360524
61,38,13675.017514
61,40,13407.713953
61,44,12943.745353
61,46,12863.865608
61,48,12836.934978
62,33,17073.042660
62,34,15733.793531
62,35,14362.551509
62,36,14230.713344
62,38,13628.387881
62,40,13407.713953
62,42,12812.827787
62,47,12749.904474
63,33,17073.042660
63,34,15733.793531
63,35,14362.551509
63,36,13836.257719
63,38,13628.387881
63,40,13407.713953
63,42,12812.827787
63,46,12761.584559
63,47,12749.904474
63,49,12738.107078
64,33,17073.042660
64,34,15703.118805
64,35,14362.551509
64,36,13836.257719
64,38,13628.387881
64,40,13407.713953
64,42,12812.827787
64,46,12761.584559
64,47,12749.904474
64,49,12738.107078
65,33,17073.042660
65,34,15563.519536
65,35,14246.062236
65,36,13797.682190
65,38,13620.454814
65,40,13407.713953
65,42,12812.827787
65,45,12698.336159
66,33,17027.886728
66,34,15563.519536
66,35,14246.062236
66,36,13797.682190
66,38,13620.454814
66,40,13407.713953
66,42,12812.827787
66,45,12698.336159
67,33,15776.060868
67,34,15419.142333
67,35,14152.261203
67,36,13793.392688
67,37,13495.059819
67,39,13406.932892
67,42,12812.827787
67,44,12764.852831
67,45,12690.541136
67,46,12641.337168
68,33,15776.060868
68,34,15398.790860
68,35,14152.261203
68,36,13793.392688
68,37,13495.059819
68,39,13406.932892
68,42,12812.827787
68,44,12764.852831
68,45,12660.031033
68,46,12641.337168
68,47,12592.892446
69,32,15674.684275
69,34,13788.875321
69,37,13453.232061
69,39,13371.797961
69,42,12812.827787
69,43,12626.313587
69,45,12625.042341
69,47,12573.141927
70,32,15674.684275
70,34,13788.875321
70,37,13453.232061
70,39,13371.797961
70,42,12812.827787
70,43,12626.313587
70,44,12560.563735
71,32,15644.928271
71,34,13737.391002
71,37,13449.807190
71,39,13371.797961
71,42,12574.473684
71,44,12526.839497
72,32,15644.928271
72,34,13737.391002
72,37,13449.807190
72,39,13371.797961
72,42,12574.473684
72,44,12526.839497
73,32,15551.483706
73,34,13733.348822
73,37,13407.905804
73,39,13371.797961
73,42,12574.473684
73,43,12516.329851
73,44,12467.614833
74,32,15551.483706
74,34,13733.348822
74,37,13407.905804
74,39,13371.797961
74,42,12574.473684
74,43,12516.329851
74,44,12467.614833
75,32,15540.957539
75,34,13708.027705
75,36,13551.743326
75,37,13368.551609
75,39,13341.038553
75,41,12800.957218
75,42,12543.173846
75,43,12505.013248
75,44,12455.268173
76,32,15540.957539
76,34,13708.027705
76,36,13551.743326
76,37,13368.551609
76,39,13341.038553
76,41,12800.957218
76,42,12543.173846
76,43,12505.013248
76,44,12455.268173
77,32,15445.138335
77,34,13660.665361
77,36,13551.743326
77,37,13296.384973
77,39,13083.176209
77,40,12769.115057
77,42,12508.927426
77,43,12503.909365
77,44,12443.406132
78,32,15445.138335
78,34,13660.665361
78,36,13551.743326
78,37,13296.384973
78,39,13083.176209
78,40,12769.115057
78,42,12508.927426
78,43,12503.909365
78,44,12443.406132
79,32,15381.220608
79,34,13629.653823
79,36,13432.780671
79,37,13269.831117
79,39,13043.722866
79,40,12764.880806
79,42,12508.396630
79,43,12490.590782
79,44,12435.278082
80,32,15381.220608
80,34,13629.653823
80,36,13432.780671
80,37,13269.831117
80,39,13043.722866
80,40,12764.880806
80,42,12508.396630
80,43,12453.674785
80,44,12435.278082
81,32,15381.220608
81,33,14984.230732
81,34,13629.653823
81,36,13370.661235
81,37,13241.565524
81,39,13037.781776
81,40,12756.643953
81,42,12508.396630
81,43,12420.639636
82,32,15381.220608
82,33,13782.341870
82,34,13627.909003
82,36,13370.661235
82,37,13241.565524
82,38,13202.947262
82,39,13037.781776
82,40,12756.643953
82,42,12508.396630
82,43,12420.639636
83,32,15381.220608
83,33,13782.341870
83,34,13618.888958
83,35,13458.500655
83,36,13351.320172
83,37,13240.211007
83,38,13019.356033
83,40,12699.383289
83,41,12454.594772
83,43,12420.639636
84,32,15381.220608
84,33,13782.341870
84,34,13618.888958
84,35,13458.500655
84,36,13295.521058
84,37,13240.211007
84,38,13019.356033
84,40,12699.383289
84,41,12454.594772
84,43,12420.639636
85,32,15228.316061
85,33,13741.207211
85,34,13608.495434
85,35,13416.412432
85,36,13245.900421
85,37,13187.983218
85,38,13019.356033
85,40,12674.380382
85,41,12450.336518
85,43,12406.985878
86,32,15228.316061
86,33,13741.207211
86,34,13608.495434
86,35,13324.176605
86,36,13245.900421
86,37,13187.983218
86,38,13019.356033
86,40,12674.380382
86,41,12450.336518
86,43,12406.985878
87,32,14025.782309
87,33,13685.635511
87,34,13550.151534
87,35,13287.745731
87,36,13098.648660
87,38,13019.356033
87,40,12617.907856
87,41,12430.648270
87,42,12364.257719
88,32,14025.782309
88,33,13685.635511
88,34,13550.151534
88,35,13287.745731
88,36,13098.648660
88,38,13019.356033
88,40,12617.907856
88,41,12430.648270
88,42,12364.257719
89,32,13934.947922
89,33,13646.073913
89,34,13342.378678
89,35,13276.355472
89,36,13082.865935
89,38,13019.356033
89,40,12612.092634
89,41,12420.302561
89,42,12364.193154
90,32,13934.947922
90,33,13646.073913
90,34,13342.378678
90,35,13276.355472
90,36,13082.865935
90,38,13019.356033
90,40,12612.092634
90,41,12420.302561
90,42,12364.193154
91,31,15523.552534
91,32,13861.504033
91,33,13527.064000
91,34,13265.613911
91,35,13251.861212
91,36,13058.601678
91,38,13007.690846
91,40,12589.643437
91,41,12418.547554
91,42,12354.254263
92,31,15523.552534
92,32,13861.504033
92,33,13527.064000
92,34,13265.613911
92,35,13251.861212
92,36,13058.601678
92,38,13007.690846
92,40,12589.643437
92,41,12418.547554
92,42,12354.254263
93,31,15523.552534
93,32,13861.504033
93,33,13471.408468
93,34,13255.823682
93,35,13211.371947
93,36,13058.419027
93,38,12962.614296
93,40,12573.277879
93,41,12415.635023
93,42,12339.300037
94,30,15581.673564
94,31,15523.552534
94,32,13861.504033
94,33,13471.408468
94,34,13255.823682
94,35,13183.103096
94,36,13058.419027
94,38,12962.614296
94,40,12573.277879
94,41,12415.635023
94,42,12339.300037
95,30,15581.673564
95,31,15523.552534
95,32,13842.097547
95,33,13471.408468
95,34,13255.823682
95,35,13007.259111
95,38,12949.719360
95,40,12524.159809
95,41,12388.925621
95,42,12339.300037
96,30,15425.940429
96,32,13842.097547
96,33,13471.408468
96,34,13255.823682
96,35,13007.259111
96,38,12949.719360
96,40,12524.159809
96,41,12388.925621
96,42,12339.300037
97,30,15338.674055
97,32,13842.097547
97,33,13457.267088
97,34,13131.331710
97,35,13007.259111
97,38,12949.627450
97,40,12522.572609
97,41,12378.705192
97,42,12339.300037
98,30,15338.674055
98,31,15319.611585
98,32,13842.097547
98,33,13457.267088
98,34,13131.331710
98,35,13007.259111
98,38,12949.627450
98,40,12522.572609
98,41,12378.705192
98,42,12339.300037
99,30,15278.553237
99,31,15266.864212
99,32,13626.727903
99,33,13420.230568
99,34,13121.842398
99,35,13007.259111
99,38,12941.977475
99,40,12518.140253
99,41,12336.227407
100,30,15278.553237
100,31,15212.160215
100,32,13626.727903
100,33,13420.230568
100,34,13121.842398
100,35,13007.259111
100,38,12941.977475
100,40,12518.140253
100,41,12336.227407
101,30,15268.941886
101,31,15097.562965
101,32,13625.377992
101,33,13381.577017
101,34,13090.635769
101,35,13004.705740
101,38,12941.977475
101,40,12511.763572
101,41,12330.974468
102,30,15268.941886
102,31,15097.562965
102,32,13625.377992
102,33,13381.577017
102,34,13090.635769
102,35,13004.705740
102,38,12941.977475
102,40,12511.763572
102,41,12330.974468
102,42,12324.083376
103,30,15207.539102
103,31,15089.929470
103,32,13575.247657
103,33,13374.013811
103,34,13072.018723
103,35,12993.589420
103,38,12806.410876
103,40,12475.931174
103,41,12330.953539
103,42,12317.377685
104,30,15207.539102
104,31,15089.929470
104,32,13575.247657
104,33,13374.013811
104,34,13072.018723
104,35,12993.589420
104,37,12976.043442
104,38,12806.410876
104,40,12475.931174
104,41,12330.953539
104,42,12317.377685
105,30,15207.539102
105,31,15030.043965
105,32,13536.421810
105,33,13362.556839
105,34,12972.617681
105,37,12966.710348
105,38,12706.072808
105,40,12296.955787
105,41,12254.601881
106,30,15207.539102
106,31,15030.043965
106,32,13536.421810
106,33,13362.556839
106,34,12972.617681
106,37,12966.710348
106,38,12706.072808
106,40,12296.955787
106,41,12254.601881
107,30,15195.655674
107,31,14956.769989
107,32,13530.422521
107,33,13362.556839
107,34,12972.617681
107,36,12927.571610
107,38,12706.072808
107,40,12296.149404
107,41,12254.601881
108,30,15195.655674
108,31,14851.034475
108,32,13530.422521
108,33,13362.556839
108,34,12972.617681
108,36,12927.571610
108,38,12706.072808
108,40,12296.149404
108,41,12254.601881
109,30,15154.717521
109,31,13829.354116
109,32,13527.751150
109,33,13342.867507
109,34,12972.617681
109,35,12903.294734
109,38,12694.603035
109,40,12282.549425
109,41,12250.373944
110,30,15154.717521
110,31,13829.354116
110,32,13349.130515
110,33,13342.867507
110,34,12972.617681
110,35,12903.294734
110,38,12694.603035
110,40,12282.549425
110,41,12215.680654
111,30,15150.624727
111,31,13829.354116
111,32,13249.139335
111,34,12960.291118
111,35,12835.891668
111,38,12693.703165
111,40,12282.549425
111,41,12209.855247
112,30,15150.624727
112,31,13829.354116
112,32,13249.139335
112,33,13224.553589
112,34,12960.291118
112,35,12835.891668
112,38,12693.703165
112,40,12282.549425
112,41,12209.855247
113,30,15150.624727
113,31,13810.077491
113,32,13248.012608
113,33,13224.102629
113,34,12948.093768
113,35,12827.782863
113,38,12693.703165
113,39,12231.440184
113,41,12207.838714
114,30,15150.624727
114,31,13810.077491
114,32,13097.234382
114,34,12948.093768
114,35,12827.782863
114,38,12693.703165
114,39,12231.440184
114,41,12204.892864
115,30,15109.484101
115,31,13778.809103
115,32,13088.660113
115,34,12928.425789
115,35,12824.381888
115,38,12693.703165
115,39,12220.005941
115,40,12192.722423
116,30,15109.484101
116,31,13778.809103
116,32,13088.660113
116,34,12883.649272
116,35,12637.864994
116,39,12220.005941
116,40,12192.722423
117,30,14881.328391
117,31,13763.216219
117,32,13088.660113
117,34,12796.125280
117,35,12624.161529
117,39,12219.873280
117,40,12187.160268
118,30,14881.328391
118,31,13763.216219
118,32,13088.660113
118,34,12796.125280
118,35,12624.161529
118,39,12219.873280
118,40,12187.160268
119,30,14881.328391
119,31,13706.495460
119,32,13085.744852
119,34,12761.985949
119,35,12624.161529
119,39,12219.873280
119,40,12187.160268
120,30,13704.447291
120,31,13500.223233
120,32,13085.744852
120,34,12761.985949
120,35,12624.161529
120,39,12219.873280
120,40,12187.160268
121,30,13564.244841
121,31,13481.733936
121,32,13078.853525
121,34,12759.550672
121,35,12600.578309
121,39,12205.164433
121,40,12186.877395
122,30,13564.244841
122,31,13481.733936
122,32,13078.853525
122,34,12759.550672
122,35,12600.578309
122,39,12172.024283
123,29,15795.894091
123,30,13488.999064
123,31,13481.733936
123,32,13050.640170
123,34,12735.738691
123,35,12579.855960
123,39,12171.297064
123,40,12131.159755
124,29,15795.894091
124,30,13488.999064
124,31,13481.733936
124,32,13050.640170
124,34,12735.738691
124,35,12579.855960
124,39,12171.297064
124,40,12131.159755
125,29,15536.212493
125,30,13325.755615
125,32,13035.969308
125,34,12733.952833
125,35,12579.855960
125,39,12102.461753
126,29,15536.212493
126,30,13325.755615
126,32,13035.969308
126,34,12733.952833
126,35,12519.153590
126,39,12102.461753
127,29,15536.212493
127,30,13318.279002
127,32,13032.222524
127,34,12713.856417
127,35,12509.741188
127,39,12102.461753
128,29,15536.212493
128,30,13318.279002
128,32,13032.222524
128,34,12713.856417
128,35,12492.009235
128,39,12102.461753
129,29,15485.715711
129,30,13250.064379
129,32,12996.264766
129,34,12713.280434
129,35,12485.693450
129,39,12071.871055
130,29,15485.715711
130,30,13250.064379
130,32,12996.264766
130,34,12713.280434
130,35,12485.693450
130,39,12071.871055
131,29,15469.645825
131,30,13243.698061
131,32,12994.899493
131,34,12712.537349
131,35,12442.769427
131,39,12063.495801
132,29,15469.645825
132,30,13243.698061
132,32,12994.899493
132,34,12712.537349
132,35,12442.769427
132,39,12063.495801
133,29,15423.760000
133,30,13218.136698
133,32,12711.052843
133,34,12447.982697
133,35,12414.997619
133,39,12063.495801
134,29,15423.760000
134,30,13218.136698
134,32,12711.052843
134,34,12447.982697
134,35,12414.997619
134,39,12063.495801
135,29,15098.648078
135,30,13188.715691
135,32,12689.621291
135,34,12447.512853
135,35,12403.306792
135,39,12063.495801
136,29,15098.648078
136,30,13188.715691
136,32,12652.508679
136,34,12447.512853
136,35,12403.306792
136,39,12063.495801
137,29,15098.648078
137,30,13157.121323
137,32,12638.164176
137,34,12447.512853
137,35,12395.039225
137,39,12063.495801
138,29,15098.648078
138,30,13157.121323
138,32,12638.164176
138,34,12447.512853
138,35,12395.039225
138,39,12063.495801
139,29,14872.234341
139,30,13027.187261
139,32,12607.935257
139,34,12423.367230
139,35,12394.682615
139,39,12058.027066
139,40,12042.719168
140,29,14872.234341
140,30,13027.187261
140,32,12607.935257
140,34,12423.367230
140,35,12394.682615
140,36,12368.271235
140,39,12058.027066
140,40,12042.719168
141,29,14858.003296
141,30,12991.827905
141,32,12570.957192
141,34,12412.786310
141,35,12376.005559
141,36,12345.714746
141,39,12055.174154
141,40,12011.939807
142,29,14858.003296
142,30,12991.827905
142,32,12570.957192
142,34,12412.786310
142,35,12376.005559
142,36,12315.103547
142,39,12055.174154
142,40,12011.939807
143,29,14474.818636
143,30,12903.732547
143,32,12570.616386
143,33,12480.734194
143,34,12382.326559
143,35,12376.005559
143,36,12315.103547
143,39,12049.447721
143,40,11990.991037
144,29,14474.818636
144,30,12903.732547
144,32,12465.245347
144,34,12382.326559
144,35,12376.005559
144,36,12315.103547
144,39,12049.447721
144,40,11990.991037
145,29,14430.107339
145,30,12894.209726
145,32,12394.083176
145,34,12382.326559
145,35,12368.044004
145,36,12304.134721
145,39,12016.631467
145,40,11987.213683
146,29,14430.107339
146,30,12894.209726
146,32,12394.083176
146,34,12382.326559
146,35,12368.044004
146,36,12304.134721
146,39,12016.631467
146,40,11987.213683
147,29,14360.625534
147,30,12890.226856
147,32,12331.187532
147,36,12304.134721
147,39,12013.840607
147,40,11948.549588
148,29,14360.625534
148,30,12890.226856
148,31,12767.362346
148,32,12331.187532
148,36,12304.134721
148,39,12013.840607
148,40,11948.549588
149,29,14268.532520
149,30,12890.226856
149,31,12701.183347
149,32,12324.517344
149,36,12304.134721
149,39,12002.397192
149,40,11948.549588
150,29,14268.532520
150,30,12890.226856
150,31,12701.183347
150,32,12324.517344
150,36,12304.134721
150,39,12002.397192
150,40,11948.549588
151,29,14194.836140
151,30,12884.966181
151,31,12701.183347
151,32,12324.517344
151,36,12304.134721
151,39,12002.397192
151,40,11948.442073
152,29,14194.836140
152,30,12884.966181
152,31,12701.183347
152,32,12275.780592
152,39,12002.397192
152,40,11948.442073
153,29,14193.184504
153,30,12883.597355
153,31,12686.570249
153,32,12267.472649
153,39,11995.144005
153,40,11933.942108
154,29,14193.184504
154,30,12883.597355
154,31,12686.570249
154,32,12267.472649
154,39,11995.144005
154,40,11933.942108
155,29,14163.094821
155,30,12841.904153
155,31,12567.150312
155,32,12265.700051
155,39,11995.144005
155,40,11921.343690
156,29,14163.094821
156,30,12841.904153
156,31,12567.150312
156,32,12265.700051
156,39,11995.144005
156,40,11921.343690
157,29,14163.094821
157,30,12841.904153
157,31,12566.987280
157,32,12263.574355
157,39,11994.146282
157,40,11921.343690
158,29,14163.094821
158,30,12841.904153
158,31,12566.987280
158,32,12259.041032
158,39,11994.146282
158,40,11921.343690
159,29,14155.958151
159,30,12841.904153
159,31,12561.743874
159,32,12259.041032
159,39,11992.531396
159,40,11919.744731
160,29,13086.098188
160,30,12681.821933
160,31,12561.743874
160,32,12259.041032
160,39,11992.531396
160,40,11919.744731
161,29,12994.505004
161,30,12623.453626
161,31,12534.048924
161,32,12237.079448
161,34,12198.664579
161,39,11992.531396
161,40,11916.572523
162,29,12994.505004
162,30,12623.453626
162,31,12534.048924
162,32,12237.079448
162,34,12198.664579
162,38,12137.565251
162,39,11992.531396
162,40,11916.572523
163,29,12959.954341
163,30,12580.168674
163,31,12480.045885
163,32,12234.697201
163,33,12189.682889
163,38,12043.381814
163,39,11889.559970
164,29,12959.954341
164,30,12580.168674
164,31,12480.045885
164,32,12234.697201
164,33,12189.682889
164,38,12043.381814
164,39,11889.559970
165,29,12931.663298
165,30,12561.585021
165,31,12460.536638
165,32,12234.697201
165,33,12189.682889
165,38,12013.241752
165,39,11882.654447
166,29,12931.663298
166,30,12561.585021
166,31,12460.536638
166,32,12234.697201
166,33,12189.682889
166,38,12013.241752
166,39,11882.654447
167,29,12913.664179
167,30,12540.276273
167,31,12447.925597
167,32,12234.650886
167,33,12177.825254
167,38,12013.241752
167,39,11878.637934
168,29,12913.664179
168,30,12540.276273
168,31,12447.925597
168,32,12234.650886
168,33,12177.825254
168,38,12013.241752
168,39,11878.637934
169,29,12893.824052
169,30,12540.276273
169,31,12401.669660
169,32,12228.893841
169,33,12177.825254
169,38,11994.354738
169,39,11838.359576
170,29,12768.207571
170,30,12483.341124
170,31,12401.669660
170,32,12228.893841
170,33,12177.825254
170,38,11994.354738
170,39,11838.359576
171,29,12682.858043
171,30,12454.057898
171,31,12387.200826
171,32,12223.508680
171,33,12165.454307
171,38,11994.354738
171,39,11834.956194
172,29,12682.858043
172,30,12454.057898
172,31,12387.200826
172,32,12223.508680
172,33,12165.454307
172,38,11994.354738
172,39,11834.956194
173,29,12670.787873
173,30,12447.542273
173,31,12368.997755
173,32,12151.893017
173,38,11993.190149
173,39,11834.000263
174,29,12670.787873
174,30,12447.542273
174,31,12368.997755
174,32,12151.893017
174,38,11993.190149
174,39,11834.000263
175,29,12638.651542
175,30,12447.542273
175,31,12368.997755
175,32,12151.253080
175,38,11992.098438
175,39,11834.000263
176,28,13201.606842
176,29,12638.651542
176,30,12447.542273
176,31,12368.997755
176,32,12151.253080
176,35,12148.294575
176,38,11992.098438
176,39,11834.000263
177,28,13165.296175
177,29,12636.774552
177,30,12336.257771
177,32,12151.083981
177,35,12138.979626
177,38,11992.098438
177,39,11832.086775
178,28,13165.296175
178,29,12636.774552
178,30,12336.257771
178,32,12110.307901
178,38,11992.098438
178,39,11832.086775
179,28,13130.938320
179,29,12576.971219
179,30,12328.865549
179,32,12093.275891
179,38,11967.465264
179,39,11811.269332
180,28,13130.938320
180,29,12576.971219
180,30,12328.865549
180,32,12093.275891
180,38,11967.465264
180,39,11811.269332
181,28,13117.446542
181,29,12568.891390
181,30,12290.734077
181,32,12093.275891
181,38,11967.006089
181,39,11774.880273
182,28,13117.446542
182,29,12568.891390
182,30,12290.734077
182,32,12093.275891
182,38,11967.006089
182,39,11774.880273
183,28,13096.479088
183,29,12568.891390
183,30,12290.734077
183,32,12089.446703
183,38,11945.419127
183,39,11772.910008
184,28,13096.479088
184,29,12483.430953
184,30,12266.553276
184,32,12089.446703
184,38,11945.419127
184,39,11772.910008
185,28,13086.007185
185,29,12482.431266
185,30,12254.304549
185,32,12087.791135
185,38,11943.064513
185,39,11767.401481
186,28,13086.007185
186,29,12482.431266
186,30,12253.096228
186,32,12087.791135
186,38,11943.064513
186,39,11767.401481
187,28,13080.634125
187,29,12459.855088
187,30,12247.855856
187,32,12078.128435
187,34,12056.660281
187,38,11943.064513
187,39,11747.565182
188,28,13080.634125
188,29,12459.855088
188,30,12247.855856
188,32,12078.128435
188,34,12056.660281
188,38,11943.064513
188,39,11747.565182
189,28,13029.921264
189,29,12459.855088
189,30,12247.855856
189,32,12070.613834
189,34,12056.660281
189,38,11717.236567
190,28,13029.921264
190,29,12459.855088
190,30,12247.855856
190,32,12070.613834
190,34,12011.334812
190,38,11717.236567
191,28,13017.592839
191,29,12301.829616
191,30,12239.197094
191,32,12067.378999
191,34,12005.240234
191,38,11717.236567
192,28,13017.592839
192,29,12261.787320
192,30,12239.197094
192,32,12000.354493
192,38,11717.236567
193,28,13009.606672
193,29,12254.511312
193,30,12239.197094
193,32,11991.359206
193,38,11717.236567
194,28,13009.606672
194,29,12254.511312
194,30,12239.197094
194,31,12087.072336
194,32,11991.359206
194,38,11717.236567
195,28,12979.911058
195,29,12204.122302
195,30,12186.649524
195,31,12015.547694
195,32,11991.359206
195,38,11717.236567
196,28,12979.911058
196,29,12204.122302
196,30,12163.592618
196,31,12015.547694
196,32,11991.359206
196,35,11986.002861
196,38,11717.236567
197,28,12940.902830
197,29,12197.482921
197,30,12136.209336
197,31,12005.679812
197,32,11991.359206
197,34,11980.300337
197,38,11717.236567
198,28,12940.902830
198,29,12182.497739
198,30,12136.209336
198,31,12005.679812
198,32,11991.359206
198,34,11980.300337
198,38,11704.039249
199,28,12939.825160
199,29,12172.583336
199,30,12128.238119
199,31,12005.105055
199,32,11986.024294
199,34,11977.468470
199,38,11704.039249
200,28,12913.059666
200,29,12172.583336
200,30,12128.238119
200,31,12005.105055
200,32,11986.024294
200,34,11977.468470
200,38,11704.039249
201,27,13801.132959
201,28,12910.894586
201,29,12168.975870
201,30,12128.151199
201,31,11984.145622
201,32,11948.056517
201,37,11685.397099
202,27,13801.132959
202,28,12910.894586
202,29,12168.975870
202,30,12128.151199
202,31,11984.145622
202,32,11948.056517
202,37,11685.397099
203,27,13782.448084
203,28,12905.307627
203,29,12156.071870
203,30,12093.989387
203,31,11984.145622
203,32,11942.135748
203,37,11665.814327
204,27,13782.448084
204,28,12905.307627
204,29,12156.071870
204,30,12093.989387
204,31,11984.145622
204,32,11942.135748
204,37,11665.814327
205,27,13609.733914
205,28,12888.843833
205,29,12156.071870
205,30,12083.728437
205,31,11984.145622
205,32,11939.229277
205,37,11665.814327
206,27,13609.733914
206,28,12877.021490
206,29,12156.071870
206,30,12083.728437
206,31,11984.145622
206,32,11939.229277
206,37,11665.814327
207,27,13573.269267
207,28,12862.203882
207,29,12156.071870
207,30,12079.592177
207,31,11974.311180
207,32,11939.229277
207,37,11662.811939
208,27,13573.269267
208,28,12862.203882
208,29,12055.645962
208,31,11974.311180
208,32,11939.229277
208,37,11599.060333
209,27,13566.241802
209,28,12823.008683
209,29,12055.645962
209,31,11974.311180
209,32,11939.229277
209,37,11598.184646
210,27,13566.241802
210,28,12823.008683
210,29,12055.645962
210,31,11974.311180
210,32,11939.229277
210,36,11696.080207
210,37,11598.097218
211,27,13083.676392
211,28,12823.008683
211,29,12053.686156
211,31,11972.341859
211,32,11921.909151
211,36,11652.615785
211,37,11595.615285
212,27,13083.676392
212,28,12823.008683
212,29,12053.686156
212,31,11972.341859
212,32,11921.909151
212,36,11652.615785
212,37,11595.615285
213,27,13054.252431
213,28,12802.826014
213,29,12049.621899
213,31,11900.712525
213,32,11895.593329
213,36,11652.615785
213,37,11595.615285
214,27,13054.252431
214,28,12802.826014
214,29,12002.026849
214,31,11900.712525
214,32,11895.593329
214,36,11652.615785
214,37,11595.615285
215,27,13054.252431
215,28,12774.336092
215,29,12002.026849
215,30,11852.067921
215,36,11652.402899
215,37,11592.251139
216,27,13054.252431
216,28,12774.336092
216,29,12002.026849
216,30,11852.067921
216,36,11652.402899
216,37,11588.366128
217,27,13028.107227
217,28,12760.728191
217,29,11822.797193
217,36,11650.006652
217,37,11582.588164
218,27,13016.435479
218,28,12760.728191
218,29,11822.797193
218,36,11650.006652
218,37,11582.588164
219,27,13015.663541
219,28,12752.177576
219,29,11820.305841
219,36,11647.340594
219,37,11582.588164
220,27,13015.663541
220,28,12752.177576
220,29,11820.305841
220,36,11647.340594
220,37,11582.588164
221,27,13014.069956
221,28,12749.888246
221,29,11817.682345
221,36,11646.202335
221,37,11563.542875
222,27,13014.069956
222,28,12749.888246
222,29,11817.682345
222,36,11646.202335
222,37,11563.542875
223,27,13013.392259
223,28,12728.645229
223,29,11800.823565
223,36,11646.202335
223,37,11553.182781
224,27,13013.392259
224,28,12728.645229
224,29,11800.823565
224,36,11646.202335
224,37,11553.182781
225,27,13013.392259
225,28,12702.979671
225,29,11791.989498
225,35,11612.488907
225,37,11553.182781
226,27,13013.392259
226,28,12702.979671
226,29,11791.989498
226,35,11612.488907
226,37,11553.182781
227,27,13007.134119
227,28,12702.979671
227,29,11790.233068
227,35,11601.554186
227,37,11541.650929
228,27,13007.134119
228,28,12702.979671
228,29,11790.233068
228,35,11601.554186
228,37,11541.650929
229,27,13007.134119
229,28,12691.969886
229,29,11780.225800
229,35,11601.554186
229,37,11541.633464
230,27,13007.134119
230,28,12691.969886
230,29,11776.844495
230,30,11751.339425
230,35,11601.554186
230,37,11531.486481
231,27,12995.851597
231,28,12689.206401
231,29,11776.844495
231,30,11742.751619
231,35,11594.567600
231,37,11528.634094
232,27,12995.851597
232,28,12689.206401
232,29,11776.844495
232,30,11742.751619
232,35,11594.567600
232,37,11528.634094
233,27,12991.854729
233,28,12689.206401
233,29,11724.989258
233,35,11584.513070
233,37,11521.322524
234,27,12991.854729
234,28,12689.206401
234,29,11724.989258
234,35,11584.513070
234,36,11574.480649
234,37,11521.322524
235,27,12986.995631
235,28,12685.992180
235,29,11724.989258
235,30,11682.113718
235,35,11576.376569
235,36,11574.480649
235,37,11519.610519
236,27,12986.995631
236,28,12685.992180
236,29,11724.989258
236,30,11643.086161
236,35,11576.376569
236,36,11574.480649
236,37,11519.610519
237,27,12986.995631
237,28,11734.921589
237,29,11713.962070
237,30,11643.086161
237,35,11576.376569
237,36,11574.480649
237,37,11519.610519
238,27,12986.995631
238,28,11734.921589
238,29,11713.605227
238,30,11643.086161
238,35,11576.376569
238,36,11574.480649
238,37,11519.610519
239,27,12986.995631
239,28,11697.727890
239,30,11632.543189
239,35,11576.312478
239,36,11574.124161
239,37,11519.610519
240,27,12986.995631
240,28,11697.727890
240,30,11632.543189
240,35,11576.312478
240,36,11574.124161
240,37,11519.610519
241,27,12986.995631
241,28,11697.727890
241,30,11632.543189
241,35,11576.312478
241,36,11574.124161
241,37,11519.610519
242,27,12936.791102
242,28,11683.362858
242,30,11632.543189
242,35,11576.312478
242,36,11556.799936
242,37,11510.381798
243,27,12936.791102
243,28,11683.362858
243,30,11632.543189
243,35,11576.312478
243,36,11556.799936
243,37,11510.381798
244,27,12931.881234
244,28,11679.006179
244,30,11627.238169
244,34,11519.086343
244,37,11497.918616
245,27,12931.881234
245,28,11679.006179
245,30,11627.238169
245,34,11519.086343
245,37,11497.918616
246,27,12931.881234
246,28,11665.604528
246,30,11612.655984
246,34,11518.950785
246,37,11492.388107
247,27,12931.881234
247,28,11665.604528
247,30,11612.655984
247,34,11518.950785
247,37,11492.388107
248,27,12931.881234
248,28,11665.604528
248,30,11589.317557
248,34,11518.950785
248,37,11492.388107
249,27,12787.785381
249,28,11665.604528
249,30,11589.317557
249,34,11518.950785
249,37,11492.388107
250,27,12663.620073
250,28,11663.703237
250,30,11588.619327
250,34,11487.777408
251,27,12663.620073
251,28,11663.703237
251,30,11588.619327
251,34,11487.777408
252,27,12662.478012
252,28,11658.301713
252,29,11655.639427
252,30,11561.216970
252,34,11484.159697
252,37,11473.945828
253,27,12662.478012
253,28,11658.301713
253,29,11655.639427
253,30,11561.216970
253,34,11484.159697
253,37,11473.945828
254,27,12662.478012
254,28,11651.535572
254,29,11647.673377
254,30,11559.903123
254,34,11484.023251
254,37,11473.945828
255,27,12662.478012
255,28,11651.535572
255,29,11647.673377
255,30,11559.903123
255,34,11484.023251
255,37,11473.945828
256,27,12662.478012
256,28,11643.964138
256,30,11559.323886
256,34,11478.614071
256,37,11473.300951
257,27,12662.478012
257,28,11643.964138
257,30,11559.323886
257,34,11478.614071
257,37,11473.300951
258,27,12662.274633
258,28,11643.964138
258,30,11541.727265
258,34,11478.614071
258,37,11463.445561
259,27,12662.274633
259,28,11643.964138
259,30,11541.727265
259,34,11478.614071
259,37,11458.840772
260,27,12662.274633
260,28,11643.964138
260,30,11532.921860
260,34,11468.820106
260,37,11454.113855
261,27,12662.274633
261,28,11643.964138
261,30,11532.921860
261,34,11468.820106
261,37,11454.113855
262,27,12660.721699
262,28,11633.463129
262,30,11518.480563
262,34,11460.868819
262,37,11453.999950
263,27,12660.721699
263,28,11633.463129
263,30,11518.480563
263,34,11460.868819
263,37,11453.999950
264,27,12660.721699
264,28,11619.888632
264,30,11518.480563
264,34,11460.868819
264,37,11453.999950
265,27,12660.721699
265,28,11619.888632
265,30,11518.480563
265,34,11460.868819
265,37,11453.999950
266,27,12660.721699
266,28,11619.888632
266,30,11515.650591
266,34,11449.054211
267,27,12583.631109
267,28,11615.030921
267,30,11515.650591
267,34,11449.054211
268,27,12549.280775
268,28,11612.065517
268,30,11509.670516
268,34,11445.751692
269,27,12549.280775
269,28,11593.991753
269,30,11509.670516
269,34,11445.751692
270,27,12490.388596
270,28,11593.873446
270,30,11500.583443
270,34,11445.201067
271,27,12490.388596
271,28,11566.853511
271,30,11500.583443
271,34,11445.201067
272,27,12168.002913
272,28,11552.478664
272,30,11500.583443
272,34,11444.989696
273,27,12168.002913
273,28,11545.764651
273,30,11500.583443
273,34,11444.989696
274,27,12167.615315
274,28,11545.764651
274,30,11493.293622
274,34,11444.704920
275,27,12167.615315
275,28,11545.764651
275,30,11461.976857
275,34,11444.704920
276,27,12167.615315
276,28,11531.000994
276,30,11452.809806
276,34,11440.128114
277,27,12167.615315
277,28,11531.000994
277,30,11452.809806
277,34,11440.128114
278,27,12162.706651
278,28,11514.409730
278,30,11438.833705
278,34,11433.470588
279,27,12162.706651
279,28,11514.409730
279,30,11438.833705
279,34,11433.470588
280,27,12150.910450
280,28,11514.409730
280,30,11430.688762
281,27,12150.910450
281,28,11514.409730
281,30,11430.688762
282,27,12147.227385
282,28,11499.588129
282,30,11417.131262
283,27,12147.227385
283,28,11499.588129
283,30,11417.131262
284,27,12147.227385
284,28,11499.588129
284,30,11417.131262
285,27,12147.227385
285,28,11499.588129
285,30,11417.131262
286,27,12145.497832
286,28,11499.588129
286,30,11417.047754
287,27,12145.497832
287,28,11482.430030
287,30,11417.047754
288,27,12140.114711
288,28,11482.394822
288,30,11416.332965
289,27,12140.114711
289,28,11482.394822
289,30,11416.332965
290,27,12123.078616
290,28,11482.394822
290,30,11416.332965
291,27,12123.078616
291,28,11482.394822
291,30,11416.332965
292,27,12101.933192
292,28,11482.394822
292,30,11416.247812
293,27,12101.933192
293,28,11482.394822
293,30,11416.247812
294,27,12101.933192
294,28,11482.394822
294,30,11416.247812
295,27,12101.933192
295,28,11482.394822
295,30,11416.247812
296,27,12101.933192
296,28,11482.394822
296,30,11406.210508
296,34,11396.224687
297,27,12101.933192
297,28,11482.394822
297,30,11406.210508
297,34,11396.224687
298,27,12101.351127
298,28,11450.198841
298,30,11392.489149
299,27,12101.351127
299,28,11450.198841
299,30,11392.489149
300,27,11450.401883
300,28,11450.198841
300,30,11392.489149
301,27,11450.401883
301,28,11437.134352
301,30,11392.489149
301,34,11390.155090
302,27,11449.728531
302,28,11436.517236
302,30,11384.759964
303,27,11449.728531
303,28,11436.517236
303,30,11384.759964
304,27,11445.375527
304,28,11435.985834
304,30,11378.842957
305,27,11445.375527
305,28,11435.985834
305,30,11378.842957
306,27,11445.375527
306,28,11426.763395
306,30,11377.638691
307,27,11435.032760
307,28,11426.763395
307,30,11377.638691
308,27,11434.589914
308,28,11424.417996
308,30,11377.638691
309,27,11434.589914
309,28,11424.417996
309,30,11377.638691
310,27,11434.589914
310,28,11424.417996
310,30,11377.545150
311,26,11531.421011
311,27,11434.589914
311,28,11417.072014
311,30,11377.545150
312,26,11510.746008
312,27,11434.589914
312,28,11415.912832
312,30,11363.590835
313,26,11510.746008
313,27,11434.589914
313,28,11415.912832
313,30,11363.590835
314,26,11510.746008
314,27,11413.960687
314,30,11339.820968
315,26,11510.746008
315,27,11413.960687
315,30,11339.820968
316,26,11510.281706
316,27,11412.917116
316,28,11393.089125
316,30,11339.820968
317,26,11510.281706
317,27,11410.569329
317,28,11393.089125
317,30,11339.820968
318,26,11475.486410
318,27,11410.569329
318,28,11393.089125
318,30,11339.820968
319,26,11446.649146
319,27,11410.569329
319,28,11393.089125
319,30,11339.820968
320,26,11444.893722
320,27,11406.420473
320,28,11390.932247
320,29,11344.448589
320,30,11339.820968
321,26,11444.893722
321,27,11406.420473
321,28,11390.932247
321,29,11344.448589
321,30,11339.820968
322,26,11444.893722
322,27,11406.420473
322,28,11387.991265
322,29,11332.074824
323,26,11444.893722
323,27,11406.420473
323,28,11387.991265
323,29,11332.074824
324,26,11420.641486
324,27,11398.199672
324,28,11371.468964
324,29,11332.074824
325,26,11420.641486
325,27,11398.199672
325,28,11371.468964
325,29,11332.074824
