Generation,NV,TOC
1,6,1348.449954
1,7,1179.998069
1,8,1052.439168
1,9,1031.396825
2,5,1667.469327
2,6,1196.951798
2,7,1068.826688
2,8,1021.703573
3,5,1589.390115
3,6,1196.951798
3,7,1068.826688
3,8,1021.703573
3,9,1012.750288
4,5,1589.390115
4,6,1196.951798
4,7,931.902079
4,8,930.838767
5,5,1048.049093
5,6,1003.391057
5,7,926.214248
6,5,931.377572
6,6,887.462927
7,5,918.964573
7,6,887.462927
8,5,903.805706
8,6,887.462927
9,4,1465.861603
9,5,886.392312
9,6,875.912668
10,4,1465.861603
10,5,886.392312
10,6,875.912668
11,4,1465.861603
11,5,839.672479
12,4,985.373504
12,5,839.672479
13,4,982.796668
13,5,839.672479
14,4,982.796668
14,5,839.672479
15,4,982.796668
15,5,835.984856
16,4,982.796668
16,5,835.984856
17,4,916.086216
17,5,835.984856
18,4,916.086216
18,5,835.984856
19,4,916.086216
19,5,835.984856
20,4,859.408860
20,5,835.984856
21,4,859.408860
21,5,835.984856
22,4,859.408860
22,5,835.984856
23,4,859.408860
23,5,835.984856
24,4,859.408860
24,5,835.984856
25,4,850.168092
25,5,835.984856
26,4,846.694138
26,5,835.984856
27,4,846.694138
27,5,835.984856
28,3,1064.541949
28,4,844.748344
28,5,835.984856
29,3,1064.541949
29,4,844.748344
29,5,835.984856
30,3,1064.541949
30,4,837.793286
30,5,835.984856
31,3,1064.541949
31,4,837.793286
31,5,835.984856
32,3,1064.541949
32,4,837.793286
32,5,835.984856
33,3,1064.541949
33,4,837.793286
33,5,835.984856
34,3,1064.541949
34,4,837.793286
34,5,834.048037
35,3,1064.541949
35,4,837.793286
35,5,834.048037
36,3,1064.541949
36,4,837.793286
36,5,834.048037
37,3,1064.541949
37,4,837.793286
37,5,834.048037
38,3,1058.604693
38,4,837.793286
38,5,834.048037
39,3,1058.604693
39,4,837.793286
39,5,834.048037
40,3,1058.604693
40,4,837.793286
40,5,834.048037
41,3,1058.604693
41,4,837.793286
41,5,834.048037
42,3,1058.604693
42,4,837.793286
42,5,834.048037
43,3,1058.604693
43,4,837.793286
43,5,830.000904
44,3,1058.604693
44,4,837.793286
44,5,830.000904
45,3,1058.604693
45,4,837.793286
45,5,830.000904
46,3,1058.604693
46,4,837.793286
46,5,830.000904
47,3,1058.604693
47,4,837.793286
47,5,830.000904
48,3,1058.604693
48,4,837.793286
48,5,830.000904
49,3,1058.604693
49,4,837.793286
49,5,830.000904
50,3,1058.604693
50,4,837.793286
50,5,830.000904
51,3,1058.604693
51,4,837.632191
51,5,830.000904
52,3,1058.604693
52,4,837.632191
52,5,830.000904
53,3,1058.604693
53,4,837.632191
53,5,830.000904
54,3,1058.604693
54,4,837.632191
54,5,830.000904
55,3,1058.604693
55,4,837.632191
55,5,829.597051
56,3,1058.604693
56,4,837.632191
56,5,829.597051
57,3,1036.451178
57,4,837.632191
57,5,829.597051
58,3,1036.451178
58,4,837.632191
58,5,829.597051
59,3,1036.451178
59,4,837.632191
59,5,829.597051
60,3,1036.451178
60,4,837.632191
60,5,829.597051
61,3,1014.714806
61,4,832.705964
61,5,829.597051
62,3,1014.714806
62,4,832.705964
62,5,827.967830
63,3,1014.714806
63,4,832.705964
63,5,827.967830
64,3,1014.714806
64,4,832.705964
64,5,827.967830
65,3,1014.714806
65,4,832.705964
65,5,827.967830
66,3,1014.714806
66,4,832.705964
66,5,827.967830
67,3,1014.714806
67,4,832.705964
67,5,827.967830
68,3,1014.714806
68,4,832.705964
68,5,827.028464
69,3,1014.714806
69,4,832.705964
69,5,827.028464
70,3,1014.714806
70,4,832.705964
70,5,825.594131
71,3,1014.714806
71,4,832.705964
71,5,825.594131
72,3,1014.714806
72,4,832.705964
72,5,825.594131
73,3,1014.714806
73,4,832.705964
73,5,825.594131
74,3,1014.714806
74,4,832.705964
74,5,825.594131
75,3,1014.714806
75,4,832.705964
75,5,825.594131
76,3,1014.714806
76,4,832.705964
76,5,825.594131
77,3,1014.714806
77,4,832.705964
77,5,825.594131
78,3,1014.714806
78,4,832.705964
78,5,825.594131
79,3,1014.714806
79,4,832.705964
79,5,825.594131
80,3,1014.714806
80,4,832.705964
80,5,825.594131
81,3,1014.714806
81,4,832.705964
81,5,825.594131
82,3,1014.714806
82,4,832.705964
82,5,825.594131
83,3,1014.714806
83,4,832.705964
83,5,825.594131
84,3,1014.714806
84,4,832.705964
84,5,825.594131
85,3,1014.714806
85,4,832.705964
85,5,825.594131
86,3,1014.714806
86,4,832.705964
86,5,825.594131
87,3,1014.714806
87,4,832.705964
87,5,825.594131
88,3,1014.714806
88,4,832.705964
88,5,825.594131
89,3,1014.714806
89,4,832.705964
89,5,825.594131
90,3,1014.714806
90,4,832.705964
90,5,825.594131
91,3,1014.714806
91,4,832.705964
91,5,825.594131
92,3,1014.714806
92,4,832.705964
92,5,825.594131
93,3,1014.714806
93,4,832.705964
93,5,825.594131
94,3,1014.714806
94,4,832.705964
94,5,825.594131
95,3,1014.714806
95,4,832.705964
95,5,825.031919
96,3,1014.714806
96,4,832.705964
96,5,825.031919
97,3,1014.714806
97,4,832.705964
97,5,825.031919
98,3,1014.714806
98,4,832.705964
98,5,825.031919
99,3,1014.714806
99,4,832.705964
99,5,825.031919
100,3,1014.714806
100,4,832.705964
100,5,825.031919
101,3,1014.714806
101,4,832.705964
101,5,825.031919
102,3,1014.714806
102,4,832.705964
102,5,825.031919
103,3,1014.714806
103,4,832.705964
103,5,825.031919
104,3,1014.714806
104,4,832.705964
104,5,825.031919
105,3,1014.714806
105,4,832.705964
105,5,825.031919
106,3,1014.714806
106,4,832.705964
106,5,825.031919
107,3,1014.714806
107,4,832.705964
107,5,825.031919
108,3,1014.714806
108,4,832.705964
108,5,825.031919
109,3,1014.714806
109,4,832.705964
109,5,825.031919
110,3,1014.714806
110,4,832.705964
110,5,825.031919
111,3,1014.714806
111,4,832.705964
111,5,825.031919
112,3,1014.714806
112,4,832.705964
112,5,825.031919
113,3,1014.714806
113,4,832.705964
113,5,825.031919
114,3,1014.714806
114,4,832.705964
114,5,825.031919
115,3,1014.714806
115,4,832.705964
115,5,825.031919
116,3,1014.714806
116,4,832.705964
116,5,825.031919
117,3,1014.714806
117,4,831.871926
117,5,825.031919
118,3,978.058999
118,4,831.871926
118,5,825.031919
119,3,978.058999
119,4,831.871926
119,5,825.031919
120,3,978.058999
120,4,831.871926
120,5,825.031919
121,3,978.058999
121,4,831.871926
121,5,825.031919
122,3,978.058999
122,4,831.871926
122,5,825.031919
123,3,978.058999
123,4,831.871926
123,5,825.031919
124,3,978.058999
124,4,831.871926
124,5,825.031919
125,3,978.058999
125,4,830.628648
125,5,825.031919
126,3,978.058999
126,4,830.628648
126,5,825.031919
127,3,978.058999
127,4,830.628648
127,5,825.031919
128,3,978.058999
128,4,830.628648
128,5,825.031919
129,3,978.058999
129,4,830.628648
129,5,825.031919
130,3,978.058999
130,4,830.628648
130,5,825.031919
131,3,978.058999
131,4,830.628648
131,5,825.031919
132,3,978.058999
132,4,830.628648
132,5,825.031919
133,3,978.058999
133,4,830.628648
133,5,825.031919
134,3,978.058999
134,4,830.628648
134,5,825.031919
135,3,978.058999
135,4,830.628648
135,5,825.031919
136,3,978.058999
136,4,830.628648
136,5,825.031919
137,3,978.058999
137,4,830.628648
137,5,825.031919
138,3,976.738979
138,4,830.628648
138,5,825.031919
139,3,976.738979
139,4,830.628648
139,5,825.031919
140,3,976.738979
140,4,830.628648
140,5,825.031919
141,3,976.738979
141,4,830.628648
141,5,825.031919
142,3,976.738979
142,4,830.628648
142,5,825.031919
143,3,976.738979
143,4,830.628648
143,5,825.031919
144,3,976.738979
144,4,830.628648
144,5,825.031919
145,3,976.738979
145,4,830.628648
145,5,825.031919
146,3,976.738979
146,4,830.628648
146,5,825.031919
147,3,976.738979
147,4,830.628648
147,5,825.031919
148,3,976.738979
148,4,830.628648
148,5,825.031919
149,3,976.738979
149,4,830.467553
149,5,825.031919
150,3,976.738979
150,4,830.467553
150,5,825.031919
151,3,976.738979
151,4,830.467553
151,5,825.031919
152,3,976.738979
152,4,830.467553
152,5,825.031919
153,3,976.738979
153,4,830.467553
153,5,825.031919
154,3,976.738979
154,4,830.467553
154,5,825.031919
155,3,976.738979
155,4,830.467553
155,5,825.031919
156,3,976.738979
156,4,830.467553
156,5,825.031919
157,3,976.738979
157,4,828.617908
157,5,825.031919
158,3,976.738979
158,4,828.617908
158,5,825.031919
159,3,976.738979
159,4,828.617908
159,5,825.031919
160,3,976.738979
160,4,828.617908
160,5,825.031919
161,3,976.738979
161,4,828.617908
161,5,825.031919
162,3,976.738979
162,4,828.617908
162,5,825.031919
163,3,976.738979
163,4,828.617908
163,5,825.031919
164,3,976.738979
164,4,828.617908
164,5,825.031919
165,3,976.738979
165,4,828.617908
165,5,825.031919
166,3,976.738979
166,4,828.617908
166,5,825.031919
167,3,976.738979
167,4,828.617908
167,5,825.031919
168,3,976.738979
168,4,828.617908
168,5,825.031919
169,3,976.738979
169,4,828.617908
169,5,825.031919
170,3,976.738979
170,4,828.617908
170,5,825.031919
171,3,976.738979
171,4,828.617908
171,5,825.031919
172,3,976.738979
172,4,828.617908
172,5,825.031919
173,3,976.738979
173,4,828.617908
173,5,825.031919
174,3,976.738979
174,4,828.617908
174,5,825.031919
175,3,976.738979
175,4,828.617908
175,5,825.031919
176,3,976.738979
176,4,828.617908
176,5,825.031919
177,3,976.738979
177,4,828.617908
177,5,825.031919
178,3,976.738979
178,4,828.617908
178,5,825.031919
179,3,976.738979
179,4,828.617908
179,5,825.031919
180,3,976.738979
180,4,828.617908
180,5,825.031919
181,3,976.738979
181,4,828.617908
181,5,825.031919
182,3,976.738979
182,4,828.617908
182,5,825.031919
183,3,976.738979
183,4,828.617908
183,5,825.031919
184,3,976.738979
184,4,828.617908
184,5,825.031919
185,3,976.738979
185,4,828.617908
185,5,825.031919
186,3,976.738979
186,4,828.617908
186,5,825.031919
187,3,976.738979
187,4,828.617908
187,5,825.031919
188,3,976.738979
188,4,828.617908
188,5,825.031919
189,3,976.738979
189,4,828.617908
189,5,825.031919
190,3,976.738979
190,4,828.617908
190,5,825.031919
191,3,976.738979
191,4,828.617908
191,5,825.031919
192,3,976.738979
192,4,828.617908
192,5,825.031919
193,3,976.738979
193,4,828.617908
193,5,825.031919
194,3,976.738979
194,4,828.617908
194,5,825.031919
195,3,976.738979
195,4,828.617908
195,5,825.031919
196,3,976.738979
196,4,828.617908
196,5,825.031919
197,3,976.738979
197,4,828.617908
197,5,825.031919
198,3,976.738979
198,4,828.617908
198,5,825.031919
199,3,976.738979
199,4,828.617908
199,5,825.031919
200,3,976.738979
200,4,828.617908
200,5,825.031919
201,3,976.738979
201,4,828.617908
201,5,825.031919
202,3,976.738979
202,4,828.617908
202,5,825.031919
203,3,976.738979
203,4,828.617908
203,5,825.031919
204,3,976.738979
204,4,828.617908
204,5,825.031919
205,3,976.738979
205,4,828.617908
205,5,825.031919
206,3,976.738979
206,4,828.617908
206,5,825.031919
207,3,976.738979
207,4,828.617908
207,5,825.031919
208,3,976.738979
208,4,828.617908
208,5,825.031919
209,3,976.738979
209,4,828.617908
209,5,825.031919
210,3,976.738979
210,4,828.617908
210,5,825.031919
211,3,976.738979
211,4,828.617908
211,5,825.031919
212,3,976.738979
212,4,828.617908
212,5,825.031919
213,3,976.738979
213,4,828.617908
213,5,825.031919
214,3,976.738979
214,4,828.617908
214,5,825.031919
215,3,976.738979
215,4,828.617908
215,5,825.031919
216,3,976.738979
216,4,828.617908
216,5,825.031919
217,3,976.738979
217,4,828.617908
217,5,825.031919
218,3,976.738979
218,4,828.617908
218,5,825.031919
219,3,976.738979
219,4,828.617908
219,5,825.031919
220,3,976.738979
220,4,828.617908
220,5,825.031919
221,3,976.738979
221,4,828.617908
221,5,825.031919
222,3,976.738979
222,4,828.617908
222,5,825.031919
223,3,976.738979
223,4,828.617908
223,5,825.031919
224,3,976.738979
224,4,828.617908
224,5,825.031919
225,3,976.738979
225,4,828.617908
225,5,825.031919
226,3,976.738979
226,4,828.617908
226,5,825.031919
227,3,976.738979
227,4,828.617908
227,5,825.031919
228,3,976.738979
228,4,828.617908
228,5,825.031919
229,3,976.738979
229,4,828.617908
229,5,825.031919
230,3,976.738979
230,4,828.617908
230,5,825.031919
231,3,976.738979
231,4,828.617908
231,5,825.031919
232,3,976.738979
232,4,828.617908
232,5,825.031919
233,3,976.738979
233,4,828.617908
233,5,825.031919
234,3,976.738979
234,4,828.617908
234,5,825.031919
235,3,976.738979
235,4,828.617908
235,5,825.031919
236,3,976.738979
236,4,828.617908
236,5,825.031919
237,3,976.738979
237,4,828.617908
237,5,825.031919
238,3,976.738979
238,4,828.617908
238,5,825.031919
239,3,976.738979
239,4,828.617908
239,5,825.031919
240,3,976.738979
240,4,828.617908
240,5,825.031919
241,3,976.738979
241,4,828.617908
241,5,825.031919
242,3,976.738979
242,4,828.617908
242,5,825.031919
243,3,976.738979
243,4,828.617908
243,5,825.031919
244,3,976.738979
244,4,828.617908
244,5,825.031919
245,3,976.738979
245,4,828.617908
245,5,825.031919
246,3,976.738979
246,4,828.617908
246,5,825.031919
247,3,976.738979
247,4,828.617908
247,5,825.031919
248,3,976.738979
248,4,828.617908
248,5,825.031919
249,3,976.738979
249,4,828.617908
249,5,825.031919
250,3,976.738979
250,4,828.617908
250,5,825.031919
251,3,976.738979
251,4,828.617908
251,5,825.031919
252,3,976.738979
252,4,828.617908
252,5,825.031919
253,3,976.738979
253,4,828.617908
253,5,825.031919
254,3,976.738979
254,4,828.617908
254,5,825.031919
255,3,976.738979
255,4,828.617908
255,5,825.031919
256,3,976.738979
256,4,828.617908
256,5,825.031919
257,3,976.738979
257,4,828.617908
257,5,825.031919
258,3,976.738979
258,4,828.617908
258,5,825.031919
259,3,976.738979
259,4,828.617908
259,5,825.031919
260,3,976.738979
260,4,828.617908
260,5,825.031919
261,3,976.738979
261,4,828.617908
261,5,825.031919
262,3,976.738979
262,4,828.617908
262,5,825.031919
263,3,976.738979
263,4,828.617908
263,5,825.031919
264,3,976.738979
264,4,828.617908
264,5,825.031919
265,3,976.738979
265,4,828.617908
265,5,825.031919
266,3,976.738979
266,4,828.617908
266,5,825.031919
267,3,976.738979
267,4,828.617908
267,5,825.031919
268,3,976.738979
268,4,828.617908
268,5,825.031919
269,3,976.738979
269,4,828.617908
269,5,825.031919
270,3,976.738979
270,4,828.617908
270,5,825.031919
271,3,976.738979
271,4,828.617908
271,5,825.031919
272,3,976.738979
272,4,828.617908
272,5,825.031919
273,3,976.738979
273,4,828.617908
273,5,825.031919
274,3,976.738979
274,4,828.617908
274,5,825.031919
275,3,976.738979
275,4,828.617908
275,5,825.031919
276,3,976.738979
276,4,828.617908
276,5,825.031919
277,3,976.738979
277,4,828.617908
277,5,825.031919
278,3,976.738979
278,4,828.617908
278,5,825.031919
279,3,976.738979
279,4,828.617908
279,5,825.031919
280,3,976.738979
280,4,828.617908
280,5,825.031919
281,3,976.738979
281,4,828.617908
281,5,825.031919
282,3,976.738979
282,4,828.617908
282,5,825.031919
283,3,976.738979
283,4,828.617908
283,5,825.031919
284,3,976.738979
284,4,828.617908
284,5,825.031919
285,3,976.738979
285,4,828.617908
285,5,825.031919
286,3,976.738979
286,4,828.617908
286,5,825.031919
287,3,976.738979
287,4,828.617908
287,5,825.031919
288,3,976.738979
288,4,828.617908
288,5,825.031919
289,3,976.738979
289,4,828.617908
289,5,825.031919
290,3,976.738979
290,4,828.617908
290,5,825.031919
291,3,976.738979
291,4,828.617908
291,5,825.031919
292,3,976.738979
292,4,828.617908
292,5,825.031919
293,3,976.738979
293,4,828.617908
293,5,825.031919
294,3,976.738979
294,4,828.617908
294,5,825.031919
295,3,976.738979
295,4,828.617908
295,5,825.031919
296,3,976.738979
296,4,828.617908
296,5,825.031919
297,3,976.738979
297,4,828.617908
297,5,825.031919
298,3,976.738979
298,4,828.617908
298,5,825.031919
299,3,976.738979
299,4,828.617908
299,5,825.031919
300,3,976.738979
300,4,828.617908
300,5,825.031919
301,3,976.738979
301,4,828.617908
301,5,825.031919
302,3,976.738979
302,4,828.617908
302,5,825.031919
303,3,976.738979
303,4,828.617908
303,5,825.031919
304,3,976.738979
304,4,828.617908
304,5,825.031919
305,3,976.738979
305,4,828.617908
305,5,825.031919
306,3,976.738979
306,4,828.617908
306,5,825.031919
307,3,976.738979
307,4,828.617908
307,5,825.031919
308,3,976.738979
308,4,828.617908
308,5,825.031919
309,3,976.738979
309,4,828.617908
309,5,825.031919
310,3,976.738979
310,4,828.617908
310,5,825.031919
311,3,976.738979
311,4,828.617908
311,5,825.031919
312,3,976.738979
312,4,828.617908
312,5,825.031919
313,3,976.738979
313,4,828.617908
313,5,825.031919
314,3,976.738979
314,4,828.617908
314,5,825.031919
315,3,976.149877
315,4,828.617908
315,5,825.031919
316,3,976.149877
316,4,828.617908
316,5,825.031919
317,3,976.149877
317,4,828.617908
317,5,825.031919
318,3,976.149877
318,4,828.617908
318,5,825.031919
319,3,976.149877
319,4,828.617908
319,5,825.031919
320,3,976.149877
320,4,828.617908
320,5,825.031919
321,3,976.149877
321,4,828.617908
321,5,825.031919
322,3,976.149877
322,4,828.617908
322,5,825.031919
323,3,976.149877
323,4,828.617908
323,5,825.031919
324,3,976.149877
324,4,828.617908
324,5,825.031919
325,3,976.149877
325,4,828.617908
325,5,825.031919
326,3,976.149877
326,4,828.617908
326,5,825.031919
327,3,976.149877
327,4,828.617908
327,5,825.031919
328,3,976.149877
328,4,828.617908
328,5,825.031919
329,3,976.149877
329,4,828.617908
329,5,825.031919
