Generation,NV,TOC
1,16,5367.517700
1,17,5023.515971
1,24,4804.740479
1,25,4475.981524
1,26,4450.002060
1,32,4392.986631
1,33,4318.665435
1,39,4235.223287
1,40,4232.377147
1,44,4183.677539
1,46,4175.215511
1,49,4026.263410
2,16,5367.517700
2,17,5023.515971
2,18,4923.905780
2,19,4831.315854
2,20,4800.445138
2,21,4290.728597
2,24,4156.642984
2,37,4119.501476
2,40,4091.494726
2,49,4026.263410
2,50,3955.444718
2,51,3930.322981
3,15,5243.955537
3,17,5023.515971
3,18,4923.905780
3,19,4672.974829
3,21,4290.728597
3,23,4192.655495
3,24,4156.642984
3,27,4077.390370
3,30,4056.914139
3,32,3924.888809
3,41,3859.070065
3,47,3855.901734
4,15,5243.955537
4,17,4967.773664
4,18,4923.905780
4,19,4672.974829
4,21,4290.728597
4,23,4192.655495
4,24,4156.642984
4,26,4112.713694
4,27,4077.390370
4,30,4056.914139
4,31,3932.312511
4,32,3924.888809
4,34,3893.264104
4,35,3804.747102
4,40,3801.613861
4,41,3785.700712
5,15,5243.955537
5,17,4800.627822
5,19,4672.974829
5,21,4290.728597
5,22,4018.931690
5,24,3996.697295
5,25,3958.943831
5,31,3867.106746
5,35,3773.809276
5,36,3678.086512
6,15,5243.955537
6,17,4691.985913
6,19,4672.974829
6,20,4256.694800
6,22,4018.931690
6,24,3911.346893
6,25,3810.181855
6,26,3763.883260
6,28,3696.009170
6,32,3692.193611
6,35,3679.622781
6,36,3678.086512
7,15,5243.955537
7,16,4932.590120
7,17,4691.985913
7,19,4672.974829
7,20,4256.694800
7,21,4241.403692
7,22,4018.931690
7,23,4016.079814
7,24,3911.346893
7,25,3810.181855
7,26,3763.883260
7,28,3696.009170
7,30,3598.173464
7,32,3577.328259
7,37,3544.349326
8,15,5243.955537
8,16,4560.825654
8,17,4362.367618
8,20,4196.762977
8,21,3997.059646
8,24,3911.346893
8,25,3678.880587
8,26,3637.908381
8,28,3590.091243
8,32,3577.328259
8,37,3544.349326
9,15,4829.352120
9,16,4507.640394
9,17,4362.367618
9,18,3996.560171
9,24,3911.346893
9,25,3678.880587
9,26,3637.908381
9,28,3590.091243
9,31,3498.983777
10,15,4829.352120
10,16,4507.640394
10,17,4362.367618
10,18,3996.560171
10,22,3867.012812
10,25,3678.880587
10,26,3637.908381
10,28,3590.091243
10,31,3498.983777
11,15,4598.825932
11,16,4354.887995
11,18,3996.560171
11,22,3867.012812
11,24,3760.094374
11,25,3677.044145
11,26,3623.870921
11,28,3590.091243
11,30,3564.123190
11,31,3498.983777
12,14,4741.433178
12,15,4303.026120
12,16,4116.318365
12,18,3843.840505
12,24,3535.440355
12,31,3498.983777
13,14,4741.433178
13,15,4263.373338
13,16,4116.318365
13,17,4070.225566
13,18,3843.840505
13,22,3692.652318
13,23,3679.887552
13,24,3535.440355
13,31,3483.351981
14,14,4647.651840
14,15,4233.976320
14,16,3963.097711
14,18,3593.757176
14,20,3527.706465
14,22,3486.797400
14,24,3415.838953
15,14,4169.987864
15,15,4000.176730
15,16,3963.097711
15,17,3913.598569
15,18,3593.757176
15,20,3527.706465
15,22,3463.848411
15,24,3415.838953
15,25,3343.389483
15,26,3300.429732
16,14,4169.987864
16,15,3937.067674
16,17,3848.745037
16,18,3509.932318
16,20,3477.163317
16,21,3472.272536
16,22,3451.176364
16,24,3415.838953
16,25,3343.389483
16,26,3300.429732
17,14,4169.987864
17,15,3808.642936
17,18,3509.932318
17,20,3477.163317
17,21,3472.272536
17,22,3451.176364
17,23,3442.316185
17,24,3415.838953
17,25,3343.389483
17,26,3300.429732
18,13,4658.378583
18,14,4169.987864
18,15,3808.642936
18,18,3509.932318
18,20,3477.163317
18,21,3472.272536
18,22,3451.176364
18,23,3442.316185
18,24,3333.875209
18,26,3300.429732
19,13,4398.228856
19,14,4169.987864
19,15,3686.934922
19,18,3509.932318
19,20,3477.163317
19,21,3472.272536
19,22,3451.176364
19,23,3442.316185
19,24,3333.875209
19,26,3300.429732
20,13,4398.228856
20,14,4105.422378
20,15,3600.364646
20,18,3509.932318
20,20,3477.163317
20,21,3411.919952
20,24,3333.875209
20,26,3227.885122
21,13,4077.988286
21,15,3580.359444
21,16,3456.331840
21,21,3411.919952
21,24,3333.875209
21,26,3227.885122
22,13,4077.988286
22,15,3580.359444
22,16,3456.331840
22,19,3429.905464
22,21,3411.919952
22,24,3333.875209
22,25,3309.999113
22,26,3227.885122
23,13,4077.988286
23,14,4011.593690
23,15,3580.359444
23,16,3456.331840
23,19,3429.905464
23,21,3357.866498
23,24,3333.875209
23,25,3309.999113
23,26,3227.885122
24,13,4077.988286
24,14,3777.884949
24,15,3580.359444
24,16,3456.331840
24,19,3329.417020
24,25,3309.999113
24,26,3227.885122
24,28,3220.379314
25,13,4077.988286
25,14,3777.884949
25,15,3580.359444
25,16,3456.331840
25,18,3343.310325
25,19,3329.417020
25,25,3277.187054
25,26,3227.885122
25,28,3220.379314
26,13,4075.914254
26,14,3777.884949
26,15,3580.359444
26,16,3456.331840
26,18,3343.310325
26,19,3329.417020
26,20,3252.677420
26,24,3216.283499
27,13,3708.432397
27,15,3580.359444
27,16,3456.331840
27,18,3343.310325
27,19,3258.067727
27,20,3252.677420
27,23,3198.159985
28,13,3708.432397
28,14,3676.789554
28,15,3556.140476
28,16,3456.331840
28,17,3328.843655
28,19,3256.694102
28,20,3252.677420
28,22,3213.395939
28,23,3176.288531
29,12,4019.319016
29,13,3708.432397
29,14,3676.789554
29,15,3556.140476
29,16,3456.331840
29,17,3328.843655
29,18,3265.948759
29,19,3256.694102
29,20,3252.677420
29,22,3213.395939
29,23,3176.288531
30,12,4019.319016
30,13,3708.432397
30,14,3676.789554
30,15,3556.140476
30,16,3456.331840
30,17,3328.843655
30,18,3265.948759
30,19,3195.371686
30,23,3176.288531
31,12,4019.319016
31,13,3708.432397
31,14,3574.342665
31,15,3556.140476
31,16,3456.331840
31,17,3328.843655
31,18,3265.948759
31,19,3195.371686
31,23,3176.288531
32,12,3998.621041
32,13,3708.432397
32,14,3574.342665
32,15,3556.140476
32,16,3456.331840
32,17,3328.843655
32,18,3265.948759
32,19,3195.371686
32,23,3176.288531
33,12,3998.621041
33,13,3708.432397
33,14,3574.342665
33,15,3523.862022
33,16,3456.331840
33,17,3328.843655
33,18,3265.948759
33,19,3195.371686
33,23,3176.288531
33,27,3172.857810
34,12,3998.621041
34,13,3708.432397
34,14,3574.342665
34,15,3523.862022
34,16,3456.331840
34,17,3328.686717
34,18,3265.948759
34,19,3195.371686
34,23,3176.288531
34,27,3172.857810
35,12,3998.621041
35,13,3708.432397
35,14,3574.342665
35,15,3447.120586
35,16,3395.280579
35,17,3328.686717
35,18,3265.948759
35,19,3195.371686
35,23,3176.288531
35,25,3155.180108
35,28,3154.454276
36,12,3998.621041
36,13,3708.432397
36,14,3574.342665
36,15,3447.120586
36,16,3395.280579
36,17,3328.686717
36,18,3265.948759
36,19,3195.371686
36,21,3143.204247
36,28,3142.784035
37,12,3998.621041
37,13,3606.347851
37,14,3474.945930
37,15,3447.120586
37,16,3395.280579
37,17,3328.686717
37,18,3265.948759
37,19,3195.371686
37,21,3143.204247
37,22,3108.273802
38,12,3998.621041
38,13,3505.419041
38,14,3474.945930
38,15,3447.120586
38,16,3395.280579
38,17,3328.686717
38,18,3265.948759
38,19,3195.371686
38,21,3143.204247
38,22,3108.273802
39,12,3998.621041
39,13,3505.419041
39,14,3474.945930
39,15,3447.120586
39,16,3395.280579
39,17,3328.686717
39,18,3265.948759
39,19,3080.401297
39,20,3056.748859
40,12,3980.112426
40,13,3505.419041
40,14,3474.945930
40,15,3447.120586
40,16,3395.280579
40,17,3320.894598
40,18,3265.948759
40,19,3080.401297
40,20,3056.748859
41,12,3913.217374
41,13,3471.055500
41,14,3465.230261
41,15,3447.120586
41,16,3395.280579
41,17,3320.894598
41,18,3265.948759
41,19,3080.401297
41,20,3056.748859
42,11,3774.081041
42,13,3471.055500
42,14,3465.230261
42,15,3300.211520
42,18,3265.948759
42,19,3080.401297
42,20,3000.876423
43,11,3774.081041
43,13,3457.858967
43,15,3300.211520
43,18,3265.948759
43,19,3080.401297
43,20,3000.876423
44,11,3774.081041
44,13,3457.858967
44,15,3300.211520
44,18,3222.659254
44,19,3080.401297
44,20,3000.876423
45,11,3774.081041
45,13,3457.858967
45,15,3300.211520
45,17,3220.766207
45,18,3204.472906
45,19,3080.401297
45,20,3000.876423
46,11,3713.271838
46,13,3457.858967
46,14,3430.476963
46,15,3300.211520
46,17,3220.766207
46,18,3204.472906
46,19,3080.401297
46,20,2981.645805
47,11,3713.271838
47,13,3457.858967
47,14,3326.658267
47,15,3300.211520
47,17,3158.162774
47,19,3036.035931
47,20,2981.645805
48,11,3713.271838
48,13,3457.858967
48,14,3326.658267
48,15,3300.211520
48,16,3203.390417
48,17,3158.162774
48,19,3036.035931
48,20,2981.645805
49,11,3713.271838
49,13,3457.858967
49,14,3326.658267
49,15,3256.345800
49,16,3203.390417
49,17,3158.162774
49,19,3036.035931
49,20,2981.645805
50,11,3713.271838
50,13,3457.858967
50,14,3326.658267
50,15,3256.345800
50,16,3203.390417
50,17,3158.162774
50,18,3118.929146
50,19,3036.035931
50,20,2981.645805
51,11,3713.271838
51,13,3457.858967
51,14,3326.658267
51,15,3256.345800
51,16,3166.709973
51,17,3158.162774
51,18,3118.929146
51,19,3036.035931
51,20,2981.645805
52,11,3674.147868
52,13,3423.423681
52,14,3326.658267
52,15,3256.345800
52,16,3166.709973
52,17,3137.599778
52,18,3118.929146
52,19,3036.035931
52,20,2981.645805
53,11,3599.241323
53,13,3423.423681
53,14,3326.658267
53,15,3256.345800
53,16,3166.709973
53,17,3137.599778
53,18,3118.929146
53,19,3036.035931
53,20,2981.645805
54,11,3591.359962
54,13,3423.423681
54,14,3326.658267
54,15,3256.345800
54,16,3166.709973
54,17,3112.258700
54,19,3036.035931
54,20,2981.645805
55,11,3539.101724
55,13,3339.654330
55,14,3318.140540
55,15,3096.913006
55,19,3029.737972
55,20,2959.277596
56,11,3539.101724
56,12,3446.681687
56,13,3339.654330
56,14,3318.140540
56,15,3096.913006
56,19,3029.737972
56,20,2959.277596
57,11,3539.101724
57,12,3446.681687
57,13,3339.654330
57,14,3318.140540
57,15,3096.913006
57,19,3029.737972
57,20,2959.277596
58,11,3454.715368
58,12,3446.681687
58,13,3339.654330
58,14,3318.140540
58,15,3096.913006
58,19,3029.737972
58,20,2942.668244
59,11,3454.715368
59,12,3341.875257
59,13,3339.654330
59,14,3223.959630
59,15,3096.913006
59,18,3047.104384
59,19,3029.737972
59,20,2942.668244
60,11,3454.715368
60,12,3341.875257
60,13,3339.654330
60,14,3223.959630
60,15,3096.913006
60,18,3047.104384
60,19,3029.737972
60,20,2942.668244
61,11,3400.700251
61,12,3263.104587
61,14,3223.959630
61,15,3096.913006
61,17,3094.968952
61,18,3047.104384
61,19,3029.737972
61,20,2942.668244
62,11,3400.700251
62,12,3263.104587
62,14,3223.959630
62,15,3096.913006
62,17,3094.968952
62,18,3047.104384
62,19,3029.737972
62,20,2942.668244
63,11,3400.700251
63,12,3263.104587
63,14,3223.959630
63,15,3096.913006
63,17,3094.968952
63,18,3047.104384
63,19,3029.737972
63,20,2942.668244
64,11,3400.700251
64,12,3263.104587
64,14,3223.959630
64,15,3096.913006
64,17,3094.968952
64,18,3002.716516
64,20,2942.668244
64,21,2941.469453
65,11,3400.700251
65,12,3263.104587
65,14,3106.249881
65,15,3096.913006
65,17,3094.968952
65,18,3002.716516
65,20,2942.668244
65,21,2941.469453
66,11,3400.700251
66,12,3263.104587
66,14,3106.249881
66,15,3096.913006
66,17,3094.968952
66,18,3002.716516
66,20,2942.668244
66,21,2941.469453
66,22,2934.798294
67,11,3400.700251
67,12,3263.104587
67,14,3106.249881
67,15,3096.913006
67,17,3094.968952
67,18,3002.716516
67,20,2932.976622
68,11,3400.700251
68,12,3263.104587
68,14,3106.249881
68,15,3096.913006
68,17,3054.151585
68,18,3002.716516
68,19,2984.457874
68,20,2932.976622
68,21,2881.660931
69,11,3379.947167
69,12,3263.104587
69,14,3106.249881
69,15,3096.913006
69,16,3082.331605
69,17,3054.151585
69,18,3002.716516
69,19,2984.457874
69,20,2862.330548
70,11,3379.947167
70,12,3217.539001
70,14,3106.249881
70,15,3096.913006
70,16,3082.331605
70,17,3054.151585
70,18,3002.716516
70,19,2852.126581
71,11,3309.458553
71,12,3217.539001
71,14,3106.249881
71,15,3078.922920
71,17,3054.151585
71,18,3002.716516
71,19,2852.126581
72,11,3309.458553
72,12,3217.539001
72,13,3152.043630
72,14,3103.984247
72,15,3078.922920
72,16,3070.463564
72,17,3044.131324
72,18,3002.716516
72,19,2852.126581
73,11,3309.458553
73,12,3217.539001
73,13,3152.043630
73,14,3103.984247
73,15,3078.922920
73,16,3070.463564
73,17,3044.131324
73,18,3002.716516
73,19,2852.126581
74,11,3309.458553
74,12,3217.539001
74,13,3129.286897
74,14,3103.984247
74,15,3078.922920
74,16,3070.463564
74,17,3044.131324
74,18,3002.716516
74,19,2852.126581
75,11,3309.458553
75,12,3147.773360
75,13,3129.286897
75,14,3095.443445
75,15,3078.922920
75,16,3022.411806
75,17,2969.220432
75,19,2826.304595
76,11,3247.956006
76,12,3147.773360
76,13,3129.286897
76,14,3060.936165
76,16,3022.411806
76,17,2969.220432
76,19,2826.304595
77,11,3247.956006
77,12,3147.773360
77,13,3041.827337
77,16,3011.694062
77,17,2969.220432
77,19,2826.304595
78,11,3247.956006
78,12,3147.773360
78,13,2986.414370
78,17,2969.220432
78,19,2826.304595
79,11,3247.956006
79,12,3147.773360
79,13,2986.414370
79,17,2969.220432
79,19,2826.304595
80,11,3247.956006
80,12,3111.754153
80,13,2986.414370
80,17,2969.220432
80,19,2826.304595
81,11,3247.956006
81,12,3111.754153
81,13,2986.414370
81,17,2969.220432
81,19,2826.304595
82,10,3621.975767
82,11,3247.956006
82,12,3111.754153
82,13,2986.414370
82,17,2969.220432
82,19,2826.304595
82,20,2825.917685
83,10,3621.975767
83,11,3247.956006
83,12,3111.754153
83,13,2986.414370
83,17,2969.220432
83,19,2826.304595
83,20,2816.567066
84,10,3621.975767
84,11,3247.956006
84,12,3111.754153
84,13,2986.414370
84,17,2969.220432
84,18,2835.259133
84,19,2826.304595
84,20,2816.567066
85,10,3621.975767
85,11,3247.956006
85,12,3111.754153
85,13,2986.414370
85,17,2969.220432
85,18,2835.259133
85,19,2826.304595
85,20,2816.567066
86,10,3621.975767
86,11,3247.956006
86,12,3111.754153
86,13,2986.414370
86,17,2969.220432
86,18,2835.259133
86,19,2826.304595
86,20,2816.567066
87,10,3602.710615
87,11,3247.956006
87,12,3111.754153
87,13,2986.414370
87,17,2969.220432
87,18,2835.259133
87,19,2826.304595
87,20,2816.567066
88,10,3602.710615
88,11,3247.956006
88,12,3111.754153
88,13,2986.414370
88,17,2968.086990
88,18,2814.898965
89,10,3453.298951
89,11,3247.956006
89,12,3111.754153
89,13,2986.414370
89,17,2963.500762
89,18,2814.898965
90,10,3453.298951
90,11,3183.318751
90,12,3110.685673
90,13,2976.983714
90,17,2963.500762
90,18,2814.898965
91,10,3453.298951
91,11,3183.318751
91,12,3110.685673
91,13,2938.780688
91,18,2814.898965
92,10,3453.298951
92,11,3174.667034
92,12,3110.685673
92,13,2938.780688
92,17,2902.105155
92,18,2814.898965
93,10,3453.298951
93,11,3174.667034
93,12,3110.685673
93,13,2938.780688
93,17,2902.105155
93,18,2814.898965
94,10,3453.298951
94,11,3174.667034
94,12,3110.685673
94,13,2938.780688
94,17,2902.105155
94,18,2814.898965
95,10,3453.298951
95,11,3169.253971
95,12,3105.647037
95,13,2938.780688
95,17,2902.105155
95,18,2809.162050
96,10,3401.680591
96,11,3169.253971
96,12,3105.647037
96,13,2938.780688
96,17,2902.105155
96,18,2805.908882
97,10,3317.569510
97,11,3169.253971
97,12,3105.647037
97,13,2938.780688
97,17,2902.105155
97,18,2805.908882
98,10,3317.569510
98,11,3128.327699
98,12,3105.647037
98,13,2866.326252
98,15,2858.153527
98,18,2805.908882
99,10,3317.569510
99,11,3128.327699
99,12,3105.647037
99,13,2866.326252
99,15,2858.153527
99,18,2805.908882
100,10,3317.569510
100,11,3128.327699
100,12,3085.874949
100,13,2866.326252
100,15,2858.153527
100,18,2805.908882
101,10,3272.528477
101,11,3128.327699
101,12,3033.033675
101,13,2866.326252
101,15,2858.153527
101,18,2805.908882
102,10,3272.528477
102,11,3128.327699
102,12,3033.033675
102,13,2866.326252
102,15,2858.153527
102,18,2805.908882
103,10,3272.528477
103,11,3128.327699
103,12,3033.033675
103,13,2866.326252
103,15,2858.153527
103,17,2830.591986
103,18,2805.908882
104,10,3272.528477
104,11,3128.327699
104,12,3004.040450
104,13,2864.251756
104,15,2858.153527
104,17,2830.591986
104,18,2805.908882
105,10,3272.528477
105,11,3128.327699
105,12,3004.040450
105,13,2863.907913
105,15,2858.153527
105,17,2830.591986
105,18,2805.908882
105,20,2805.739661
106,10,3272.528477
106,11,3128.327699
106,12,3004.040450
106,13,2863.907913
106,15,2858.153527
106,17,2830.591986
106,18,2805.908882
106,20,2805.739661
107,10,3272.528477
107,11,3128.327699
107,12,3004.040450
107,13,2863.907913
107,15,2858.153527
107,17,2830.591986
107,18,2805.908882
107,20,2805.739661
108,10,3272.528477
108,11,3128.327699
108,12,3004.040450
108,13,2863.907913
108,15,2858.153527
108,17,2830.591986
108,18,2805.908882
108,20,2805.739661
109,10,3272.528477
109,11,3128.327699
109,12,3004.040450
109,13,2863.907913
109,15,2858.153527
109,17,2830.591986
109,18,2805.908882
109,20,2805.739661
110,10,3250.817778
110,11,3128.327699
110,12,3004.040450
110,13,2863.907913
110,15,2858.153527
110,17,2830.591986
110,18,2805.908882
110,20,2805.739661
111,10,3209.244964
111,11,3128.327699
111,12,3004.040450
111,13,2854.219765
111,17,2830.591986
111,18,2805.908882
111,20,2805.739661
112,10,3209.244964
112,11,3118.048659
112,12,3004.040450
112,13,2851.304836
112,17,2830.591986
112,18,2805.908882
112,20,2805.739661
113,10,3209.244964
113,11,3105.375751
113,12,3004.040450
113,13,2851.304836
113,17,2830.591986
113,18,2805.908882
113,20,2805.739661
114,10,3209.244964
114,11,3075.020522
114,12,2989.777365
114,13,2851.304836
114,17,2830.591986
114,18,2805.908882
114,20,2805.739661
115,10,3209.244964
115,11,3075.020522
115,12,2989.777365
115,13,2830.740170
115,17,2830.591986
115,18,2798.683544
116,10,3209.244964
116,11,3075.020522
116,12,2966.665287
116,13,2830.740170
116,17,2809.912968
116,18,2798.683544
117,10,3186.229764
117,11,3075.020522
117,12,2966.665287
117,13,2830.740170
117,17,2809.912968
117,18,2798.683544
118,10,3186.229764
118,11,3075.020522
118,12,2966.665287
118,13,2830.740170
118,17,2809.912968
118,18,2798.683544
119,10,3186.229764
119,11,3075.020522
119,12,2966.665287
119,13,2830.740170
119,17,2809.912968
119,18,2798.683544
120,9,3898.898773
120,10,3174.348027
120,11,3075.020522
120,12,2966.665287
120,13,2830.740170
120,17,2809.912968
120,18,2798.683544
121,9,3898.898773
121,10,3129.778845
121,11,3075.020522
121,12,2966.665287
121,13,2830.740170
121,17,2809.912968
121,18,2798.683544
122,9,3898.898773
122,10,3129.778845
122,11,3075.020522
122,12,2966.665287
122,13,2814.388702
122,17,2809.912968
122,18,2798.683544
123,9,3898.898773
123,10,3129.778845
123,11,3075.020522
123,12,2966.665287
123,13,2814.388702
123,17,2809.912968
123,18,2798.683544
124,9,3816.187888
124,10,3129.778845
124,11,3075.020522
124,12,2966.665287
124,13,2814.388702
124,17,2809.912968
124,18,2798.683544
125,9,3816.187888
125,10,3129.778845
125,11,3075.020522
125,12,2966.665287
125,13,2814.388702
125,17,2809.912968
125,18,2798.683544
126,9,3816.187888
126,10,3129.778845
126,11,3075.020522
126,12,2966.665287
126,13,2814.388702
126,17,2809.912968
126,18,2798.683544
127,9,3816.187888
127,10,3129.778845
127,11,3075.020522
127,12,2966.665287
127,13,2814.388702
127,17,2809.912968
127,18,2798.683544
128,9,3816.187888
128,10,3129.778845
128,11,3075.020522
128,12,2966.665287
128,13,2814.388702
128,17,2809.912968
128,18,2798.683544
129,9,3816.187888
129,10,3129.778845
129,11,3075.020522
129,12,2966.665287
129,13,2792.701483
130,9,3816.187888
130,10,3129.778845
130,11,3075.020522
130,12,2966.665287
130,13,2792.701483
131,9,3531.160429
131,10,3129.778845
131,11,3075.020522
131,12,2966.665287
131,13,2792.701483
132,9,3531.160429
132,10,3129.778845
132,11,3075.020522
132,12,2966.665287
132,13,2792.701483
133,9,3531.160429
133,10,3129.778845
133,11,3047.983377
133,12,2966.665287
133,13,2792.701483
134,9,3531.160429
134,10,3129.778845
134,11,3047.983377
134,12,2966.665287
134,13,2792.701483
135,9,3501.259741
135,10,3129.778845
135,11,3047.983377
135,12,2966.665287
135,13,2792.701483
136,9,3426.984746
136,10,3129.778845
136,11,3047.983377
136,12,2966.665287
136,13,2792.701483
137,9,3426.984746
137,10,3110.019152
137,11,3047.983377
137,12,2879.039724
137,13,2792.701483
138,9,3426.984746
138,10,3110.019152
138,11,3047.983377
138,12,2879.039724
138,13,2792.701483
139,9,3402.487268
139,10,3110.019152
139,11,3047.983377
139,12,2879.039724
139,13,2792.701483
140,9,3314.259389
140,10,3110.019152
140,11,3047.983377
140,12,2879.039724
140,13,2792.701483
141,9,3314.259389
141,10,3110.019152
141,11,3047.983377
141,12,2879.039724
141,13,2792.701483
142,9,3295.122666
142,10,3071.990096
142,11,3016.622756
142,12,2879.039724
142,13,2792.701483
143,9,3295.122666
143,10,3071.990096
143,11,3011.545284
143,12,2879.039724
143,13,2792.701483
143,14,2791.667946
144,9,3295.122666
144,10,3071.990096
144,11,3011.545284
144,12,2879.039724
144,13,2768.679274
145,9,3295.122666
145,10,3026.300928
145,11,3011.545284
145,12,2879.039724
145,13,2768.679274
146,9,3274.625152
146,10,3026.300928
146,11,3011.545284
146,12,2879.039724
146,13,2768.679274
147,9,3210.825392
147,10,3026.232463
147,11,3011.545284
147,12,2849.616820
147,13,2768.679274
148,9,3210.825392
148,10,3026.232463
148,11,3011.545284
148,12,2849.616820
148,13,2768.679274
149,9,3157.247038
149,10,3026.232463
149,11,3011.545284
149,12,2849.616820
149,13,2760.938557
150,9,3157.247038
150,10,3026.232463
150,11,3011.545284
150,12,2849.616820
150,13,2760.938557
151,9,3153.660955
151,10,3026.232463
151,11,3011.545284
151,12,2849.616820
151,13,2760.938557
152,9,3126.183989
152,10,3026.232463
152,11,2981.632347
152,12,2849.616820
152,13,2760.938557
153,9,3037.396341
153,10,3026.232463
153,11,2981.632347
153,12,2849.616820
153,13,2760.938557
154,9,3037.396341
154,10,3026.232463
154,11,2981.632347
154,12,2849.616820
154,13,2760.938557
155,9,3037.396341
155,10,3026.232463
155,11,2963.500631
155,12,2849.616820
155,13,2760.938557
156,9,3037.396341
156,10,2949.004798
156,12,2849.616820
156,13,2760.938557
157,9,3037.396341
157,10,2949.004798
157,12,2849.616820
157,13,2760.938557
158,9,3037.396341
158,10,2933.104913
158,12,2820.045100
158,13,2760.938557
159,9,3037.396341
159,10,2933.104913
159,11,2930.697348
159,12,2820.045100
159,13,2760.938557
160,9,3037.396341
160,10,2933.104913
160,11,2930.697348
160,12,2820.045100
160,13,2760.938557
161,9,2993.630526
161,10,2933.104913
161,11,2930.697348
161,12,2820.045100
161,13,2760.938557
162,9,2993.630526
162,10,2933.104913
162,11,2930.697348
162,12,2818.469750
162,13,2760.938557
163,9,2974.566849
163,10,2933.104913
163,11,2930.697348
163,12,2818.469750
163,13,2760.938557
164,9,2974.566849
164,10,2933.104913
164,11,2930.697348
164,12,2786.816804
164,13,2760.938557
165,9,2974.566849
165,10,2854.365511
165,12,2786.816804
165,13,2760.938557
166,9,2974.566849
166,10,2854.365511
166,12,2786.816804
166,13,2760.938557
167,9,2972.850661
167,10,2854.365511
167,12,2786.816804
167,13,2760.938557
168,9,2972.850661
168,10,2854.365511
168,12,2766.276875
168,13,2760.938557
169,9,2972.850661
169,10,2854.365511
169,12,2741.182587
170,9,2972.850661
170,10,2854.365511
170,12,2741.182587
171,9,2972.850661
171,10,2854.365511
171,12,2741.182587
172,9,2972.850661
172,10,2854.365511
172,11,2843.542916
172,12,2712.993851
173,9,2966.753111
173,10,2854.365511
173,11,2843.542916
173,12,2712.993851
174,9,2939.041437
174,10,2848.248067
174,11,2843.542916
174,12,2712.993851
175,9,2939.041437
175,10,2848.248067
175,11,2843.542916
175,12,2712.993851
176,9,2929.117358
176,10,2848.248067
176,11,2843.542916
176,12,2712.993851
177,9,2920.851344
177,10,2848.248067
177,11,2843.542916
177,12,2712.993851
178,9,2920.851344
178,10,2848.248067
178,11,2843.542916
178,12,2712.993851
179,9,2920.851344
179,10,2848.248067
179,11,2843.542916
179,12,2712.993851
180,9,2906.780181
180,10,2848.248067
180,11,2843.542916
180,12,2704.988230
181,9,2906.780181
181,10,2848.248067
181,11,2843.542916
181,12,2704.988230
182,9,2906.780181
182,10,2848.248067
182,11,2843.542916
182,12,2704.988230
183,9,2906.780181
183,10,2848.248067
183,11,2839.772542
183,12,2704.988230
184,9,2906.780181
184,10,2848.248067
184,11,2839.772542
184,12,2704.988230
185,9,2906.780181
185,10,2848.248067
185,11,2839.772542
185,12,2704.988230
186,9,2885.406275
186,10,2848.248067
186,11,2839.772542
186,12,2704.988230
187,9,2885.086172
187,10,2848.248067
187,11,2839.772542
187,12,2704.988230
188,9,2885.086172
188,10,2848.248067
188,11,2839.772542
188,12,2701.035057
189,9,2885.086172
189,10,2848.248067
189,11,2839.772542
189,12,2701.035057
190,9,2885.086172
190,10,2844.356698
190,11,2839.772542
190,12,2701.035057
191,9,2878.294378
191,10,2844.356698
191,11,2839.772542
191,12,2701.035057
192,9,2878.294378
192,10,2844.356698
192,11,2839.772542
192,12,2701.035057
193,9,2878.294378
193,10,2844.356698
193,11,2839.772542
193,12,2701.035057
194,9,2878.294378
194,10,2844.356698
194,11,2839.772542
194,12,2701.035057
195,9,2859.710914
195,10,2844.356698
195,11,2837.385667
195,12,2701.035057
196,9,2859.710914
196,10,2832.564666
196,12,2701.035057
197,9,2859.710914
197,10,2832.564666
197,12,2701.035057
198,9,2859.710914
198,10,2832.564666
198,12,2701.035057
199,9,2841.851737
199,10,2832.564666
199,12,2701.035057
200,9,2840.533601
200,10,2832.564666
200,12,2701.035057
201,9,2840.533601
201,10,2832.564666
201,12,2701.035057
202,9,2840.533601
202,10,2832.564666
202,12,2701.035057
203,9,2840.533601
203,10,2821.500612
203,12,2701.035057
204,9,2824.676241
204,10,2821.500612
204,12,2701.035057
205,9,2824.676241
205,10,2821.500612
205,12,2701.035057
206,9,2823.090311
206,10,2821.500612
206,12,2701.035057
207,9,2820.219590
207,10,2818.118918
207,12,2701.035057
208,9,2820.219590
208,10,2818.118918
208,12,2701.035057
209,9,2820.219590
209,10,2816.258452
209,12,2701.035057
210,9,2817.124024
210,10,2816.258452
210,12,2701.035057
211,9,2817.124024
211,10,2816.258452
211,11,2812.957627
211,12,2701.035057
212,9,2810.824866
212,11,2810.471693
212,12,2701.035057
213,9,2810.824866
213,11,2810.471693
213,12,2701.035057
214,9,2799.257880
214,12,2701.035057
215,9,2799.257880
215,12,2701.035057
216,9,2785.061147
216,12,2701.035057
217,9,2785.061147
217,12,2701.035057
218,9,2785.061147
218,12,2701.035057
219,9,2772.596022
219,12,2701.035057
220,9,2772.596022
220,12,2701.035057
221,9,2772.596022
221,12,2701.035057
222,9,2772.596022
222,12,2700.976788
223,9,2772.596022
223,12,2700.976788
224,9,2772.596022
224,11,2753.875258
224,12,2700.976788
225,9,2772.596022
225,10,2740.758884
225,12,2700.976788
226,9,2747.691596
226,10,2740.758884
226,12,2700.976788
227,9,2747.691596
227,10,2740.758884
227,12,2700.976788
228,9,2747.691596
228,10,2740.758884
228,12,2700.976788
229,9,2747.691596
229,10,2740.758884
229,12,2700.976788
230,9,2747.691596
230,10,2740.758884
230,12,2700.976788
231,9,2747.691596
231,10,2740.758884
231,12,2700.976788
232,9,2747.691596
232,10,2740.758884
232,12,2700.976788
233,9,2747.691596
233,10,2740.758884
233,12,2700.976788
234,9,2747.691596
234,10,2740.758884
234,12,2700.976788
235,9,2747.691596
235,10,2740.758884
235,12,2700.976788
236,9,2747.691596
236,10,2740.758884
236,12,2700.976788
237,9,2747.691596
237,10,2740.758884
237,12,2700.976788
238,9,2747.691596
238,10,2740.758884
238,12,2700.976788
239,9,2747.691596
239,10,2740.758884
239,12,2700.976788
240,9,2747.691596
240,10,2740.758884
240,12,2700.976788
241,9,2747.691596
241,10,2740.758884
241,12,2700.976788
242,9,2747.691596
242,10,2740.758884
242,12,2700.159456
243,9,2747.691596
243,10,2740.758884
243,12,2700.159456
244,9,2747.691596
244,10,2740.758884
244,12,2700.159456
245,9,2747.691596
245,10,2740.758884
245,12,2700.159456
246,9,2747.691596
246,10,2740.758884
246,12,2700.159456
247,9,2747.691596
247,10,2740.758884
247,12,2700.159456
248,9,2747.691596
248,10,2740.758884
248,12,2700.159456
249,9,2747.691596
249,10,2740.758884
249,12,2700.159456
250,9,2747.691596
250,10,2740.758884
250,12,2700.159456
251,9,2747.691596
251,10,2740.758884
251,12,2700.159456
252,9,2747.691596
252,10,2740.758884
252,12,2700.159456
253,9,2745.316628
253,10,2740.758884
253,12,2700.159456
254,9,2745.316628
254,10,2740.758884
254,12,2700.159456
255,9,2745.316628
255,10,2740.758884
255,12,2700.159456
256,9,2745.316628
256,10,2740.527749
256,11,2739.065144
256,12,2700.159456
257,9,2744.432805
257,10,2740.527749
257,11,2739.065144
257,12,2700.159456
258,9,2744.432805
258,10,2740.527749
258,11,2739.065144
258,12,2700.159456
259,9,2744.432805
259,10,2739.558309
259,11,2739.065144
259,12,2700.159456
260,9,2744.432805
260,10,2726.280994
260,12,2700.159456
261,9,2744.432805
261,10,2723.455821
261,12,2700.159456
262,9,2744.432805
262,10,2723.455821
262,12,2699.725917
263,9,2744.432805
263,10,2723.455821
263,12,2699.725917
264,9,2739.099546
264,10,2723.455821
264,12,2699.725917
265,9,2736.200697
265,10,2723.455821
265,12,2699.725917
266,9,2736.200697
266,10,2723.455821
266,12,2699.725917
267,9,2736.200697
267,10,2710.898548
267,12,2699.725917
268,9,2736.200697
268,10,2710.898548
268,12,2699.725917
269,9,2733.162271
269,10,2710.898548
269,12,2699.725917
270,9,2733.162271
270,10,2710.898548
270,12,2699.725917
271,9,2733.162271
271,10,2702.115492
271,12,2699.725917
272,9,2733.162271
272,10,2702.115492
272,12,2699.725917
273,9,2733.105132
273,10,2702.115492
273,12,2699.725917
274,9,2733.105132
274,10,2702.115492
274,12,2699.725917
275,9,2733.105132
275,10,2702.115492
275,12,2699.725917
276,9,2733.105132
276,10,2702.115492
276,12,2699.725917
277,9,2733.105132
277,10,2702.115492
277,12,2699.725917
278,9,2733.105132
278,10,2702.115492
278,12,2699.725917
279,9,2733.105132
279,10,2702.115492
279,12,2699.725917
280,9,2733.105132
280,10,2702.115492
280,12,2699.725917
281,9,2733.105132
281,10,2702.115492
281,12,2699.725917
282,9,2733.105132
282,10,2702.115492
282,12,2699.189237
283,9,2733.105132
283,10,2702.115492
283,12,2699.189237
284,9,2733.105132
284,10,2702.115492
284,12,2699.189237
285,9,2726.558049
285,10,2702.115492
285,12,2699.189237
286,9,2726.558049
286,10,2702.115492
286,12,2699.189237
287,9,2726.500910
287,10,2702.115492
287,12,2699.189237
288,9,2726.500910
288,10,2702.115492
288,12,2699.189237
289,9,2724.158723
289,10,2702.115492
289,12,2699.189237
290,9,2724.158723
290,10,2702.115492
290,12,2699.189237
291,9,2724.158723
291,10,2702.115492
291,12,2699.189237
292,9,2724.158723
292,10,2702.115492
292,12,2699.189237
293,9,2724.158723
293,10,2702.115492
293,12,2699.189237
294,9,2724.158723
294,10,2702.115492
294,12,2699.189237
295,9,2724.158723
295,10,2702.115492
295,12,2699.189237
296,9,2724.158723
296,10,2702.115492
296,12,2699.189237
297,9,2720.010103
297,10,2702.115492
297,12,2699.189237
298,9,2720.010103
298,10,2702.115492
298,12,2699.189237
299,9,2720.010103
299,10,2702.115492
299,12,2699.189237
300,9,2720.010103
300,10,2702.115492
300,12,2699.189237
301,9,2720.010103
301,10,2702.115492
301,12,2699.189237
302,9,2720.010103
302,10,2702.115492
302,12,2699.189237
303,9,2720.010103
303,10,2697.774575
304,9,2720.010103
304,10,2697.774575
305,9,2720.010103
305,10,2697.774575
306,9,2720.010103
306,10,2697.774575
307,9,2720.010103
307,10,2697.774575
308,9,2720.010103
308,10,2697.774575
309,9,2720.010103
309,10,2697.774575
310,9,2720.010103
310,10,2697.774575
311,9,2720.010103
311,10,2697.774575
312,9,2720.010103
312,10,2697.774575
313,9,2720.010103
313,10,2697.774575
314,9,2720.010103
314,10,2697.774575
315,9,2720.010103
315,10,2697.774575
316,9,2720.010103
316,10,2697.774575
317,9,2720.010103
317,10,2697.774575
318,9,2720.010103
318,10,2697.774575
319,9,2720.010103
319,10,2697.774575
320,9,2720.010103
320,10,2697.774575
321,9,2720.010103
321,10,2697.774575
322,9,2720.010103
322,10,2697.774575
323,9,2720.010103
323,10,2697.774575
324,9,2720.010103
324,10,2697.774575
325,9,2720.010103
325,10,2697.774575
326,9,2720.010103
326,10,2697.774575
327,9,2720.010103
327,10,2697.774575
328,9,2720.010103
328,10,2697.774575
329,9,2720.010103
329,10,2697.774575
330,9,2720.010103
330,10,2697.774575
331,9,2720.010103
331,10,2697.774575
