Generation,NV,TOC
1,52,21960.085380
1,65,20859.913443
1,67,20351.174049
1,69,18703.734037
2,52,21960.085380
2,53,20979.876687
2,60,19689.068224
2,69,18703.734037
2,70,18679.047907
2,72,18469.604407
3,52,21533.687097
3,53,20979.876687
3,59,20054.326483
3,60,19689.068224
3,68,18660.360935
3,69,18233.267385
3,70,18156.397988
4,51,21040.626804
4,53,20979.876687
4,55,20186.901952
4,56,19774.321842
4,60,19689.068224
4,61,19526.606681
4,63,19412.743663
4,64,18732.956405
4,67,17661.255508
4,68,17391.063516
5,48,20924.929770
5,52,19885.664680
5,56,19774.321842
5,57,18770.834828
5,64,18732.956405
5,66,17775.200494
5,67,17579.266124
5,68,17391.063516
6,48,20924.929770
6,51,19611.372526
6,55,18664.640436
6,56,18553.395086
6,62,17058.611284
6,65,16824.481301
7,48,20924.929770
7,49,19082.378364
7,55,18664.640436
7,56,18553.395086
7,61,17905.869859
7,62,17058.611284
7,65,16824.481301
8,47,21762.911449
8,48,20924.929770
8,49,19082.378364
8,51,18297.031834
8,56,17271.641783
8,62,17058.611284
8,65,16824.481301
9,47,20492.064363
9,48,20422.584258
9,49,19082.378364
9,51,18297.031834
9,53,17585.570942
9,54,17024.737940
9,63,16835.985950
9,65,16824.481301
10,45,22073.519327
10,47,20492.064363
10,48,19677.465790
10,49,19082.378364
10,51,17575.793713
10,54,17024.737940
10,58,16844.411908
10,60,16768.610143
10,63,16706.201440
10,66,16542.202010
11,45,22073.519327
11,47,20492.064363
11,48,18039.016870
11,51,17575.793713
11,54,17024.737940
11,58,16844.411908
11,60,16768.610143
11,63,16706.201440
11,66,16542.202010
12,45,22073.519327
12,46,20287.214180
12,47,18936.368554
12,48,18039.016870
12,50,17796.146388
12,51,17575.793713
12,54,17024.737940
12,55,16998.125948
12,56,16936.579611
12,57,16706.993584
12,61,16506.671740
12,63,16355.050833
12,64,16065.005723
13,45,21767.650063
13,46,20287.214180
13,47,18830.255924
13,48,18039.016870
13,50,17796.146388
13,51,17575.793713
13,53,16947.759532
13,55,16458.479856
13,63,16253.378772
13,64,16065.005723
14,45,21767.650063
14,46,20287.214180
14,47,18830.255924
14,48,18039.016870
14,50,17400.608804
14,53,16947.759532
14,55,16458.479856
14,63,16253.378772
14,64,16065.005723
15,45,21767.650063
15,46,19222.200605
15,47,18830.255924
15,48,18039.016870
15,50,17400.608804
15,51,17315.138410
15,53,16947.759532
15,55,16458.479856
15,63,16253.378772
15,64,16065.005723
15,67,16041.112461
16,45,21767.650063
16,46,19222.200605
16,47,18830.255924
16,48,18039.016870
16,50,17400.608804
16,51,17315.138410
16,53,16947.759532
16,54,16851.646159
16,55,16458.479856
16,57,16319.949951
16,61,16264.902291
16,63,16220.843505
16,64,16065.005723
16,65,15916.803954
17,45,18664.286758
17,46,18399.376972
17,48,17860.171623
17,50,17400.608804
17,51,17031.455495
17,53,16947.759532
17,54,16851.646159
17,55,16291.623169
17,60,16203.386778
17,61,16053.182460
17,62,15970.304390
17,65,15916.803954
18,45,18664.286758
18,46,17942.803409
18,48,17860.171623
18,50,17262.700903
18,51,17031.455495
18,53,16947.759532
18,54,16851.646159
18,55,16291.623169
18,59,16095.317769
18,61,15954.865072
18,65,15916.803954
19,45,17145.575246
19,48,16662.039006
19,51,16644.962224
19,53,15859.797193
19,57,15644.475117
19,59,15606.988257
19,61,15455.961339
20,45,17145.575246
20,48,16662.039006
20,51,16469.538118
20,52,16159.956658
20,53,15859.797193
20,55,15690.933386
20,57,15644.475117
20,59,15606.988257
20,60,15345.479261
21,43,17601.957075
21,45,17145.575246
21,48,16662.039006
21,51,16270.471978
21,52,16159.956658
21,53,15859.797193
21,55,15690.933386
21,57,15644.475117
21,59,15606.988257
21,60,15345.479261
22,43,17601.957075
22,45,17145.575246
22,48,16662.039006
22,51,16270.471978
22,52,16159.956658
22,53,15859.797193
22,55,15690.933386
22,57,15644.475117
22,59,15522.714435
22,60,15345.479261
23,43,17601.957075
23,45,16873.821869
23,46,16355.471546
23,50,16201.516546
23,51,15864.636821
23,53,15219.489595
23,58,15030.369533
24,43,17601.957075
24,45,16873.821869
24,46,16355.471546
24,50,15855.123919
24,53,15219.489595
24,58,15030.369533
25,43,17601.957075
25,44,17371.639931
25,45,16873.821869
25,46,16355.471546
25,49,15868.571727
25,50,15554.497615
25,53,15219.489595
25,58,15030.369533
26,43,17601.957075
26,44,15935.892980
26,49,15789.754583
26,50,15554.497615
26,52,15266.144986
26,53,15219.489595
26,54,15044.961178
26,58,15030.369533
27,42,15621.823083
27,45,15431.361879
27,52,14890.571362
27,56,14858.006567
28,42,15621.823083
28,45,15139.002310
28,48,14970.004590
28,49,14864.069460
28,56,14858.006567
29,41,17122.279152
29,42,15621.823083
29,44,15523.285136
29,45,15139.002310
29,48,14970.004590
29,49,14864.069460
29,56,14858.006567
30,41,17122.279152
30,42,15621.823083
30,44,15447.798717
30,45,15126.457373
30,48,14970.004590
30,49,14864.069460
30,56,14858.006567
31,41,17122.279152
31,42,15621.823083
31,44,15447.798717
31,45,15126.457373
31,47,14967.854273
31,49,14819.374523
32,41,17122.279152
32,42,15621.823083
32,44,15447.798717
32,45,15126.457373
32,47,14967.854273
32,49,14819.374523
33,40,17010.690835
33,42,15519.814941
33,44,14882.285180
33,45,14754.947501
33,46,14365.005000
34,40,15715.689292
34,42,15519.814941
34,44,14882.285180
34,45,14754.947501
34,46,14365.005000
35,40,15715.689292
35,42,15519.814941
35,44,14861.995120
35,45,14754.947501
35,46,14365.005000
36,40,15715.689292
36,42,15519.814941
36,43,15114.193564
36,44,14861.995120
36,45,14754.947501
36,46,14365.005000
37,39,17065.336765
37,40,15705.661127
37,42,14978.866160
37,44,14786.245768
37,45,14657.418434
37,46,14339.846591
38,39,15777.059347
38,40,15626.204002
38,41,15503.413003
38,42,14978.866160
38,44,14786.245768
38,45,14657.418434
38,46,14339.846591
39,39,15777.059347
39,40,15626.204002
39,41,15503.413003
39,42,14878.900644
39,44,14786.245768
39,45,14657.418434
39,46,14339.846591
39,51,14256.472983
40,39,15777.059347
40,40,15625.431352
40,41,15503.413003
40,42,14829.300975
40,44,14786.245768
40,45,14657.418434
40,46,14339.846591
40,47,14337.835386
40,50,14187.504076
41,39,15564.688808
41,40,15430.084552
41,41,14534.476458
41,46,14270.389610
41,47,14234.733511
41,49,14140.747328
42,39,14741.953062
42,41,14534.476458
42,45,14394.158702
42,46,14231.293829
42,49,14140.747328
42,50,14124.505911
43,38,15009.149765
43,39,14741.953062
43,40,14668.500541
43,41,14534.476458
43,45,14256.438390
43,46,14194.132545
43,49,14140.747328
43,50,14124.505911
44,38,14970.396958
44,39,14741.953062
44,40,14668.500541
44,41,14534.476458
44,45,14256.438390
44,46,14194.132545
44,49,14140.747328
44,50,14124.505911
45,38,14961.875483
45,39,14690.371399
45,40,14660.987418
45,41,14522.205709
45,43,14258.005039
45,45,14229.537088
45,46,14194.132545
45,47,14113.142723
45,50,14035.411854
46,37,15084.616298
46,38,14961.875483
46,39,14690.371399
46,40,14660.987418
46,41,14522.205709
46,43,14258.005039
46,44,14101.027569
46,50,14035.411854
47,37,15084.616298
47,38,14957.593844
47,39,14690.371399
47,40,14660.987418
47,41,14522.205709
47,43,14258.005039
47,44,14101.027569
47,48,14099.664399
47,50,14035.411854
48,37,15084.616298
48,38,14787.246963
48,39,14690.371399
48,40,14622.306705
48,41,14522.205709
48,43,14258.005039
48,44,14101.027569
48,48,14099.664399
48,50,14035.411854
49,37,14989.506013
49,38,14307.157685
49,41,14222.653408
49,44,14086.375024
49,50,14019.293465
50,37,14989.506013
50,38,14307.157685
50,39,14131.448779
50,44,14086.375024
50,50,14019.293465
51,36,16103.753854
51,37,14746.749742
51,38,14307.157685
51,39,14131.448779
51,43,14044.462931
51,50,14019.293465
52,36,15149.066896
52,37,14746.749742
52,38,14307.157685
52,39,14131.448779
52,43,14044.462931
52,50,14019.293465
53,36,15149.066896
53,37,14585.334540
53,38,14307.157685
53,39,14131.448779
53,40,14033.663141
53,47,13992.578625
54,36,15149.066896
54,37,14585.334540
54,38,14307.157685
54,39,14131.448779
54,40,14033.663141
54,47,13992.578625
55,36,14932.525170
55,37,14372.688846
55,38,14307.157685
55,39,14075.389080
55,40,14031.497470
55,45,13910.832011
56,35,15099.025347
56,36,14932.525170
56,37,14372.688846
56,38,14307.157685
56,39,14075.389080
56,40,14031.497470
56,45,13910.832011
57,35,15099.025347
57,36,14932.525170
57,37,14372.688846
57,38,14307.157685
57,39,14075.389080
57,40,14031.497470
57,45,13910.832011
58,35,15099.025347
58,36,14845.744077
58,37,14372.688846
58,38,14307.157685
58,39,14011.014707
58,40,13987.631342
58,45,13910.832011
59,35,15090.020639
59,36,14817.846945
59,37,14276.598509
59,38,14237.181545
59,39,14005.715381
59,40,13935.547522
59,44,13867.242221
59,45,13838.861399
60,35,15090.020639
60,36,14507.772971
60,37,14276.598509
60,38,14237.181545
60,39,14005.715381
60,40,13935.547522
60,42,13889.171359
60,44,13777.899813
61,35,15037.668775
61,36,14498.178057
61,37,14096.037768
61,38,14086.287803
61,39,13950.329654
61,40,13935.547522
61,42,13889.171359
61,44,13777.899813
61,45,13761.434342
62,35,15024.492867
62,36,14476.872530
62,37,14096.037768
62,38,14086.287803
62,39,13950.329654
62,40,13904.586665
62,42,13889.171359
62,44,13777.899813
62,45,13761.434342
63,35,14983.076375
63,36,14421.317817
63,37,14057.733150
63,39,13937.609879
63,40,13795.385421
63,44,13777.899813
63,45,13735.504595
64,35,14983.076375
64,36,14421.317817
64,37,14015.128035
64,39,13833.604201
64,40,13795.385421
64,44,13777.899813
64,45,13735.504595
65,35,14983.076375
65,36,14421.317817
65,37,14015.128035
65,39,13833.604201
65,40,13795.385421
65,42,13754.431013
65,45,13735.504595
66,35,14438.695027
66,36,14421.317817
66,37,14015.128035
66,38,13918.129363
66,39,13833.604201
66,40,13795.385421
66,42,13703.891981
67,33,15354.263894
67,34,14880.151010
67,35,14438.695027
67,36,14336.336270
67,37,13983.312591
67,38,13806.361993
67,40,13787.271668
67,42,13664.838624
67,43,13639.967170
68,33,15354.263894
68,34,14880.151010
68,35,14438.695027
68,36,14319.604976
68,37,13983.312591
68,38,13806.361993
68,40,13787.271668
68,42,13664.838624
68,43,13639.967170
69,33,15331.163263
69,34,14644.836956
69,35,14438.695027
69,36,14319.604976
69,37,13983.312591
69,38,13806.361993
69,39,13788.905704
69,40,13761.234139
69,42,13664.838624
69,43,13625.664511
70,33,15331.163263
70,34,14644.836956
70,35,14438.695027
70,36,14319.604976
70,37,13983.312591
70,38,13806.361993
70,39,13788.905704
70,40,13761.234139
70,42,13634.566367
70,43,13625.664511
71,33,15331.163263
71,34,14571.980429
71,35,14438.695027
71,36,14319.604976
71,37,13945.649126
71,38,13800.396358
71,39,13766.836151
71,40,13696.494272
71,42,13633.101555
71,43,13620.334359
72,33,15331.163263
72,34,14571.980429
72,35,14438.695027
72,36,14319.604976
72,37,13945.649126
72,38,13800.396358
72,39,13748.694177
72,40,13696.494272
72,41,13618.704768
73,33,15331.163263
73,34,14571.980429
73,35,14438.695027
73,36,14319.604976
73,37,13945.649126
73,38,13630.813272
73,41,13618.704768
74,33,15331.163263
74,34,14571.980429
74,35,14438.695027
74,36,14319.604976
74,37,13945.649126
74,38,13630.813272
74,41,13618.704768
74,42,13617.909907
75,32,15163.518944
75,34,14542.815782
75,35,14438.695027
75,36,14310.939051
75,37,13918.604044
75,38,13611.216934
75,39,13601.851368
76,32,15163.518944
76,34,14542.815782
76,35,14438.695027
76,36,14310.939051
76,37,13918.604044
76,38,13611.216934
76,39,13540.234473
77,32,15163.518944
77,34,14442.962397
77,35,14424.310219
77,36,14310.939051
77,37,13918.604044
77,38,13569.196376
77,39,13540.234473
78,32,15163.518944
78,34,14442.962397
78,35,14424.310219
78,36,14248.329778
78,37,13918.604044
78,38,13569.196376
78,39,13540.234473
79,32,15074.261517
79,34,14402.260281
79,36,14243.408699
79,37,13906.669100
79,38,13562.044624
79,39,13540.234473
80,32,15074.261517
80,34,14402.260281
80,36,14243.408699
80,37,13906.669100
80,38,13562.044624
80,39,13540.234473
81,32,15074.261517
81,34,14291.779765
81,36,14243.408699
81,37,13906.669100
81,38,13562.044624
81,39,13540.234473
81,41,13489.585807
82,32,15074.261517
82,34,14291.779765
82,35,14139.128511
82,36,14039.079821
82,37,13906.669100
82,38,13562.044624
82,39,13540.234473
82,40,13470.668564
83,32,15067.077589
83,34,14115.165926
83,35,14103.124819
83,36,14011.702344
83,37,13893.352216
83,38,13553.811665
83,39,13491.275754
83,40,13468.794126
84,32,15067.077589
84,34,14115.165926
84,35,13992.525553
84,36,13912.905921
84,37,13887.753353
84,38,13553.811665
84,39,13491.275754
84,40,13468.794126
85,32,15067.077589
85,34,14115.165926
85,35,13932.860657
85,36,13912.905921
85,37,13735.733984
85,38,13553.811665
85,39,13491.275754
85,40,13468.794126
86,32,15067.077589
86,33,14773.990265
86,34,14115.165926
86,35,13932.860657
86,36,13912.905921
86,37,13735.733984
86,38,13553.811665
86,39,13491.275754
86,40,13468.794126
87,32,14874.255863
87,33,14725.738815
87,34,14038.170587
87,35,13910.900529
87,36,13870.824413
87,37,13732.880266
87,38,13553.811665
87,39,13415.668360
88,32,14874.255863
88,33,14725.738815
88,34,14038.170587
88,35,13910.900529
88,36,13870.824413
88,37,13732.880266
88,38,13553.811665
88,39,13415.668360
89,32,14874.255863
89,33,14725.738815
89,34,14038.170587
89,35,13910.900529
89,36,13825.662547
89,37,13732.880266
89,38,13553.811665
89,39,13415.668360
89,41,13405.670023
90,32,14874.255863
90,33,14725.738815
90,34,14038.170587
90,35,13910.900529
90,36,13782.182551
90,37,13685.739801
90,38,13553.811665
90,39,13415.668360
90,41,13384.267806
91,32,14873.379806
91,33,14574.798218
91,34,13829.429636
91,36,13764.607860
91,37,13644.475938
91,38,13550.931259
91,39,13413.337018
91,41,13378.844072
92,32,14873.379806
92,33,14557.193716
92,34,13829.429636
92,36,13753.252551
92,37,13644.475938
92,38,13522.444455
92,39,13388.321415
92,41,13378.844072
93,32,14873.379806
93,33,14557.193716
93,34,13829.429636
93,36,13753.252551
93,37,13644.475938
93,38,13522.444455
93,39,13388.321415
93,41,13378.844072
94,32,14873.379806
94,33,14288.285513
94,34,13829.429636
94,36,13753.252551
94,37,13631.876591
94,38,13522.444455
94,39,13371.032874
95,32,14822.971811
95,33,14220.143015
95,34,13813.099006
95,36,13579.366732
95,38,13513.733313
95,39,13366.249849
96,32,14822.971811
96,33,14220.143015
96,34,13813.099006
96,36,13579.366732
96,38,13513.733313
96,39,13366.249849
96,40,13364.192260
97,32,14822.971811
97,33,14220.143015
97,34,13813.099006
97,36,13579.366732
97,38,13439.539546
97,39,13366.249849
97,40,13364.192260
97,41,13359.707614
98,32,14549.315747
98,33,14220.143015
98,34,13813.099006
98,36,13579.366732
98,38,13439.539546
98,39,13366.249849
98,40,13364.192260
98,41,13342.607527
99,32,14539.448042
99,33,14031.320833
99,34,13811.050491
99,35,13546.220759
99,38,13426.713405
99,39,13363.905536
99,41,13338.308836
99,42,13312.481838
100,32,14539.448042
100,33,14031.320833
100,34,13811.050491
100,35,13546.220759
100,38,13426.713405
100,39,13363.905536
100,41,13319.201610
100,42,13312.481838
101,32,14539.448042
101,33,14031.320833
101,34,13776.205664
101,35,13546.220759
101,38,13426.713405
101,39,13363.905536
101,41,13319.201610
101,42,13312.481838
101,44,13288.627749
102,32,14539.448042
102,33,14031.320833
102,34,13776.205664
102,35,13546.220759
102,38,13375.136590
102,39,13363.905536
102,40,13303.049426
102,44,13288.627749
103,32,14421.651095
103,33,14020.653511
103,34,13774.440928
103,35,13546.066728
103,38,13366.080134
103,39,13355.772040
103,40,13269.939818
104,32,14421.651095
104,33,14020.653511
104,34,13774.440928
104,35,13546.066728
104,38,13331.581699
104,40,13269.939818
105,32,14421.651095
105,33,13883.262953
105,34,13774.440928
105,35,13546.066728
105,38,13331.581699
105,40,13269.939818
106,32,14421.651095
106,33,13818.006064
106,34,13769.803715
106,35,13546.066728
106,38,13331.581699
106,40,13269.939818
106,41,13235.355068
107,32,14376.998932
107,33,13779.820611
107,34,13494.864854
107,37,13460.723659
107,38,13322.939907
107,40,13262.475795
107,41,13204.105391
108,32,14376.998932
108,33,13779.820611
108,34,13494.864854
108,35,13488.590493
108,37,13460.723659
108,38,13322.939907
108,40,13262.475795
108,41,13204.105391
109,32,14376.998932
109,33,13779.820611
109,34,13494.864854
109,35,13488.590493
109,37,13460.723659
109,38,13322.939907
109,40,13262.475795
109,41,13204.105391
110,32,14376.998932
110,33,13779.820611
110,34,13494.864854
110,35,13488.590493
110,37,13460.723659
110,38,13322.939907
110,39,13306.030338
110,40,13262.475795
110,41,13204.105391
111,32,14359.529575
111,33,13736.441905
111,34,13481.894898
111,37,13421.326527
111,38,13303.939334
111,39,13279.345664
111,40,13237.366457
111,41,13204.105391
112,32,14257.315234
112,33,13736.441905
112,34,13481.894898
112,35,13476.281540
112,36,13442.166089
112,37,13421.326527
112,38,13303.939334
112,39,13279.345664
112,40,13237.366457
112,41,13204.105391
113,31,14537.644813
113,32,14257.315234
113,33,13736.441905
113,34,13481.894898
113,35,13356.170769
113,38,13303.939334
113,39,13279.345664
113,40,13237.366457
113,41,13204.105391
114,31,14537.644813
114,32,14257.315234
114,33,13715.850631
114,34,13481.894898
114,35,13356.170769
114,38,13268.124760
114,40,13237.366457
114,41,13204.105391
115,31,14465.312037
115,32,14175.557439
115,33,13702.820693
115,34,13433.181763
115,35,13348.504315
115,38,13213.691760
115,41,13191.264518
116,31,14324.006752
116,32,14175.557439
116,33,13619.150425
116,34,13433.181763
116,35,13348.504315
116,38,13213.691760
116,41,13191.264518
117,31,14324.006752
117,32,14175.557439
117,33,13617.421314
117,34,13433.181763
117,35,13348.504315
117,38,13213.691760
117,41,13191.264518
118,31,14324.006752
118,32,14175.557439
118,33,13617.421314
118,34,13433.181763
118,35,13348.504315
118,38,13213.691760
118,41,13166.874462
119,31,14164.951120
119,32,13921.298469
119,33,13611.824111
119,34,13380.227968
119,35,13333.073746
119,38,13155.103193
120,31,14164.951120
120,32,13921.298469
120,33,13610.550193
120,34,13380.227968
120,35,13333.073746
120,38,13155.103193
121,31,14164.951120
121,32,13921.298469
121,33,13608.636198
121,34,13380.227968
121,35,13333.073746
121,38,13155.103193
122,31,14164.951120
122,32,13921.298469
122,33,13549.236275
122,34,13380.227968
122,35,13333.073746
122,38,13155.103193
122,39,13145.237063
123,31,14130.085840
123,32,13884.480835
123,33,13498.895411
123,34,13370.303530
123,35,13326.819465
123,37,13312.439184
123,38,13145.888093
123,39,13133.220941
123,42,13131.989554
124,31,14130.085840
124,32,13884.480835
124,33,13498.895411
124,34,13337.879744
124,35,13326.819465
124,37,13312.439184
124,38,13137.669508
124,39,13133.220941
124,42,13131.989554
125,31,14130.085840
125,32,13884.480835
125,33,13498.895411
125,34,13224.048931
125,38,13137.669508
125,39,13116.468668
126,31,14130.085840
126,32,13879.106177
126,33,13498.895411
126,34,13224.048931
126,38,13137.669508
126,39,13116.468668
126,40,13081.125688
127,31,14128.976406
127,32,13866.032864
127,33,13489.074460
127,34,13198.781721
127,38,13087.481547
127,40,13081.125688
128,31,14128.976406
128,32,13866.032864
128,33,13284.837745
128,34,13198.781721
128,38,13087.481547
128,40,13081.125688
129,31,14128.976406
129,32,13863.531172
129,33,13284.837745
129,34,13198.781721
129,36,13177.158350
129,38,13017.160822
130,31,14128.976406
130,32,13863.531172
130,33,13284.837745
130,34,13198.781721
130,36,13177.158350
130,37,13086.209920
130,38,13017.160822
131,31,14121.529284
131,32,13404.250121
131,33,13241.536952
131,34,13115.753587
131,37,13082.386168
131,38,13017.160822
132,31,14121.529284
132,32,13404.250121
132,33,13241.536952
132,34,13115.753587
132,37,13082.386168
132,38,13017.160822
133,30,14440.804590
133,31,14121.529284
133,32,13404.250121
133,33,13223.812630
133,34,13115.753587
133,37,13048.914410
133,38,13017.160822
134,30,14440.804590
134,31,14121.529284
134,32,13404.250121
134,33,13223.812630
134,34,13115.753587
134,37,13048.914410
134,38,13017.160822
135,30,14290.475950
135,31,14077.681206
135,32,13367.530649
135,33,13223.812630
135,34,13085.561127
135,37,13048.914410
135,38,13015.326878
136,30,14290.475950
136,31,14077.681206
136,32,13367.530649
136,33,13223.812630
136,34,13085.561127
136,36,13082.654470
136,37,13048.914410
136,38,13015.326878
137,30,14290.475950
137,31,14077.681206
137,32,13367.530649
137,33,13179.900352
137,34,13085.561127
137,36,13082.654470
137,37,13048.914410
137,38,13015.326878
138,30,14290.475950
138,31,14077.681206
138,32,13367.530649
138,33,13179.900352
138,34,13085.561127
138,36,13001.389674
139,30,14289.833988
139,31,14077.681206
139,32,13350.900140
139,33,13165.660155
139,34,13084.206779
139,36,12983.452179
140,30,14289.833988
140,31,14077.681206
140,32,13350.900140
140,33,13165.660155
140,34,13084.206779
140,36,12983.452179
141,30,14289.833988
141,31,14077.681206
141,32,13350.900140
141,33,13165.660155
141,34,13084.206779
141,36,12983.452179
142,30,14289.833988
142,31,14077.681206
142,32,13350.900140
142,33,13165.660155
142,34,13084.206779
142,36,12983.452179
143,30,14238.154035
143,31,14058.924672
143,32,13350.900140
143,33,13163.102073
143,34,13079.535119
143,36,12939.834072
144,30,14232.306665
144,31,14058.924672
144,32,13350.900140
144,33,13163.102073
144,34,13079.535119
144,36,12939.834072
145,30,14157.432442
145,31,14058.924672
145,32,13350.900140
145,33,13163.102073
145,34,13079.535119
145,36,12939.834072
146,30,14157.432442
146,31,14058.924672
146,32,13350.900140
146,33,13163.102073
146,34,13079.535119
146,36,12939.834072
147,30,14157.432442
147,31,14052.803604
147,32,13280.741553
147,33,13159.132325
147,34,13052.938425
147,36,12938.837936
148,30,14111.799162
148,31,14052.803604
148,32,13280.741553
148,33,13159.132325
148,34,13052.938425
148,36,12938.837936
149,30,13946.306987
149,32,13280.741553
149,33,13159.132325
149,34,13052.938425
149,36,12938.837936
150,30,13946.306987
150,32,13280.741553
150,33,13159.132325
150,34,13052.938425
150,36,12938.837936
151,30,13946.306987
151,32,13274.534609
151,33,13125.488524
151,34,13052.938425
151,36,12933.198449
152,30,13811.813880
152,32,13246.846235
152,33,13125.488524
152,34,13052.938425
152,36,12933.198449
153,30,13811.813880
153,32,13246.846235
153,33,13125.488524
153,34,13052.938425
153,36,12933.198449
154,30,13730.887658
154,32,13246.846235
154,33,13125.488524
154,34,13052.938425
154,36,12933.198449
155,30,13693.665793
155,32,13238.793609
155,33,13095.787971
155,34,13045.088810
155,36,12933.198449
155,37,12919.060504
156,30,13693.665793
156,32,13238.793609
156,33,13095.787971
156,34,13045.088810
156,36,12933.198449
156,37,12919.060504
156,38,12879.170893
157,30,13693.665793
157,31,13581.891718
157,32,13238.793609
157,33,13095.787971
157,34,13045.088810
157,36,12933.198449
157,37,12919.060504
157,38,12879.170893
158,30,13566.266221
158,31,13459.780737
158,32,13238.793609
158,33,13095.787971
158,34,13045.088810
158,35,12944.498250
158,36,12933.198449
158,37,12889.829916
158,38,12879.170893
159,30,13566.266221
159,31,13441.524995
159,32,13209.894744
159,33,13091.401317
159,34,13030.924309
159,35,12944.498250
159,36,12929.302902
159,37,12853.320351
160,30,13566.266221
160,31,13441.524995
160,32,13209.894744
160,33,13091.401317
160,34,13030.924309
160,35,12944.498250
160,36,12929.302902
160,37,12853.320351
161,30,13566.266221
161,31,13441.524995
161,32,13209.894744
161,33,13091.401317
161,34,13030.924309
161,35,12944.498250
161,36,12929.302902
161,37,12853.320351
162,30,13566.266221
162,31,13441.524995
162,32,13209.894744
162,33,13091.401317
162,34,13030.924309
162,35,12944.498250
162,36,12929.302902
162,37,12853.320351
163,30,13542.374445
163,31,13441.145900
163,32,13201.051515
163,33,13050.482287
163,34,12999.988264
163,35,12907.654267
163,37,12832.446066
164,29,13779.774762
164,30,13542.374445
164,31,13441.145900
164,32,13201.051515
164,33,13050.482287
164,34,12999.988264
164,35,12907.654267
164,36,12881.151653
164,37,12832.446066
165,29,13779.774762
165,30,13542.374445
165,31,13441.145900
165,32,13201.051515
165,33,12964.104491
165,35,12907.654267
165,36,12766.791955
166,29,13779.774762
166,30,13542.374445
166,31,13428.755580
166,32,13201.051515
166,33,12964.104491
166,35,12907.654267
166,36,12766.791955
167,29,13735.018941
167,30,13537.505734
167,31,13404.987001
167,32,13184.792513
167,33,12964.104491
167,35,12885.877926
167,36,12761.243412
167,37,12753.729413
168,29,13735.018941
168,30,13536.052450
168,31,13404.987001
168,32,13184.792513
168,33,12964.104491
168,35,12885.877926
168,36,12761.243412
168,37,12753.729413
169,29,13735.018941
169,30,13536.052450
169,31,13404.987001
169,32,13184.792513
169,33,12964.104491
169,35,12885.877926
169,36,12761.243412
169,37,12753.729413
170,29,13735.018941
170,30,13536.052450
170,31,13404.987001
170,32,13184.792513
170,33,12892.954501
170,35,12885.877926
170,36,12761.243412
170,37,12753.729413
171,29,13720.556792
171,30,13423.821625
171,31,13403.691675
171,32,13152.340197
171,33,12879.781851
171,36,12755.928442
171,37,12751.143905
172,29,13589.937490
172,30,13423.821625
172,31,13403.691675
172,32,13152.340197
172,33,12879.781851
172,34,12833.503127
172,36,12733.185983
173,29,13589.937490
173,30,13423.821625
173,31,13403.691675
173,32,13152.340197
173,33,12879.781851
173,34,12833.503127
173,36,12733.185983
174,29,13589.937490
174,30,13412.058997
174,31,13403.691675
174,32,13152.340197
174,33,12879.781851
174,34,12833.503127
174,35,12747.333069
174,36,12733.185983
175,29,13478.892710
175,30,13384.511190
175,32,13108.198685
175,33,12879.742154
175,34,12820.807105
175,35,12730.162249
176,29,13478.892710
176,30,13384.511190
176,31,13345.211064
176,32,13108.198685
176,33,12879.742154
176,34,12820.807105
176,35,12730.162249
177,29,13478.892710
177,30,13379.980603
177,31,13345.211064
177,32,13108.198685
177,33,12879.742154
177,34,12820.807105
177,35,12730.162249
178,29,13478.892710
178,30,13379.980603
178,31,13345.211064
178,32,13108.198685
178,33,12879.742154
178,34,12820.807105
178,35,12730.162249
179,29,13437.048956
179,30,13379.980603
179,31,13341.424404
179,32,13107.835862
179,33,12866.322448
179,34,12820.807105
179,35,12719.875743
180,29,13437.048956
180,30,13351.850165
180,31,13341.424404
180,32,13107.835862
180,33,12866.322448
180,34,12820.807105
180,35,12719.875743
181,29,13423.161994
181,30,13351.850165
181,31,13341.424404
181,32,13107.835862
181,33,12866.322448
181,34,12820.807105
181,35,12719.875743
182,29,13423.161994
182,30,13351.850165
182,31,13341.424404
182,32,13107.835862
182,33,12866.322448
182,34,12820.807105
182,35,12719.875743
183,29,13409.155451
183,30,13312.047420
183,32,13102.210175
183,33,12795.220581
183,35,12706.988429
184,29,13409.155451
184,30,13312.047420
184,32,13102.210175
184,33,12795.220581
184,35,12706.988429
185,29,13379.631711
185,30,13312.047420
185,31,13301.840028
185,32,13102.210175
185,33,12795.220581
185,35,12706.988429
186,29,13307.579162
186,31,13301.840028
186,32,13102.210175
186,33,12795.220581
186,35,12706.988429
187,29,13209.879758
187,32,13097.221861
187,33,12795.220581
187,35,12687.232239
188,29,13209.879758
188,32,13097.221861
188,33,12795.220581
188,35,12687.232239
189,29,13179.895357
189,32,13097.221861
189,33,12795.220581
189,34,12786.996190
189,35,12687.232239
190,29,13179.895357
190,31,13159.116596
190,32,13097.221861
190,33,12795.220581
190,34,12786.996190
190,35,12687.232239
191,29,13173.453307
191,30,13151.190834
191,31,13039.541178
191,33,12789.485018
191,34,12751.679849
191,35,12687.232239
192,29,13173.453307
192,30,13137.172245
192,31,13039.541178
192,33,12789.485018
192,34,12751.679849
192,35,12687.232239
193,29,13173.453307
193,30,13137.172245
193,31,13039.541178
193,33,12712.763765
193,35,12687.232239
194,29,13173.453307
194,30,13137.172245
194,31,13039.541178
194,33,12712.763765
194,35,12664.031476
195,29,13172.628289
195,30,13137.172245
195,31,12963.633322
195,33,12700.308333
195,34,12692.226510
195,35,12659.172407
196,29,13156.963007
196,30,13137.172245
196,31,12963.633322
196,33,12700.308333
196,34,12692.226510
196,35,12659.172407
197,29,13140.335929
197,30,13137.172245
197,31,12963.633322
197,33,12700.200310
197,34,12692.226510
197,35,12659.172407
198,29,13140.335929
198,30,13120.957327
198,31,12963.633322
198,33,12700.200310
198,34,12692.226510
198,35,12659.172407
199,29,13132.442147
199,30,13120.957327
199,31,12963.617908
199,33,12700.200310
199,34,12686.001967
199,35,12652.531403
199,37,12636.698338
200,29,13132.442147
200,30,13120.957327
200,31,12963.617908
200,33,12700.200310
200,34,12685.848914
200,35,12652.531403
200,37,12636.698338
201,29,13123.579267
201,30,13081.914617
201,31,12963.617908
201,33,12700.200310
201,34,12685.848914
201,35,12652.531403
201,37,12636.698338
202,28,13080.527296
202,31,12963.617908
202,33,12700.200310
202,34,12678.220909
202,35,12652.531403
202,37,12636.698338
203,28,13073.300754
203,29,13031.455431
203,30,13030.201148
203,31,12938.520967
203,33,12689.414159
203,34,12664.466428
203,35,12652.531403
203,37,12632.436579
204,28,13046.342315
204,29,13031.455431
204,30,13030.201148
204,31,12938.520967
204,33,12689.414159
204,34,12664.466428
204,35,12652.531403
204,37,12632.436579
205,28,13046.342315
205,29,13003.784782
205,30,12996.992282
205,31,12938.520967
205,33,12689.414159
205,34,12664.466428
205,35,12652.531403
205,37,12632.436579
206,28,13046.342315
206,29,13003.784782
206,30,12996.992282
206,31,12938.520967
206,33,12689.414159
206,34,12664.466428
206,35,12652.531403
206,37,12632.436579
207,28,13040.329128
207,29,12956.465117
207,31,12938.520967
207,33,12675.948996
207,34,12664.466428
207,35,12623.275618
208,28,13040.329128
208,29,12911.022707
208,33,12675.948996
208,34,12664.466428
208,35,12623.233431
209,28,13040.329128
209,29,12911.022707
209,33,12675.948996
209,34,12664.466428
209,35,12623.233431
210,28,13021.069169
210,29,12911.022707
210,33,12675.948996
210,34,12664.466428
210,35,12589.715131
211,28,12968.787578
211,29,12911.022707
211,30,12884.935900
211,33,12672.686718
211,34,12626.498026
211,35,12587.707185
212,28,12968.787578
212,29,12911.022707
212,30,12884.935900
212,33,12672.686718
212,34,12626.498026
212,35,12587.707185
213,28,12968.787578
213,29,12911.022707
213,30,12884.935900
213,33,12672.686718
213,34,12626.498026
213,35,12587.707185
214,28,12968.787578
214,29,12911.022707
214,30,12884.935900
214,33,12672.686718
214,34,12626.498026
214,35,12587.707185
215,28,12952.868959
215,29,12889.673753
215,30,12884.699598
215,31,12867.780018
215,33,12672.686718
215,34,12609.054854
215,35,12575.040633
216,28,12884.178543
216,31,12867.780018
216,33,12672.686718
216,34,12609.054854
216,35,12575.040633
217,28,12884.178543
217,30,12878.507719
217,31,12867.780018
217,33,12549.452966
218,28,12884.178543
218,30,12839.101977
218,33,12549.452966
219,28,12878.041077
219,30,12839.101977
219,33,12503.624830
220,28,12862.017028
220,30,12839.101977
220,33,12503.624830
221,28,12862.017028
221,30,12839.101977
221,33,12503.624830
222,28,12862.017028
222,30,12839.101977
222,33,12503.624830
223,28,12856.853004
223,30,12827.225460
223,33,12503.624830
224,28,12856.853004
224,29,12852.999001
224,30,12827.225460
224,33,12503.624830
225,28,12856.853004
225,29,12852.999001
225,30,12827.225460
225,33,12503.624830
226,28,12856.827693
226,29,12852.999001
226,30,12827.225460
226,33,12503.624830
226,36,12475.122119
227,28,12848.103103
227,30,12757.133892
227,33,12500.379974
227,35,12457.723403
228,27,13238.566200
228,28,12848.103103
228,30,12757.133892
228,33,12500.379974
228,35,12457.723403
229,27,13238.566200
229,28,12848.103103
229,29,12810.802212
229,30,12757.133892
229,33,12500.379974
229,35,12457.723403
230,27,13157.354719
230,28,12848.103103
230,29,12810.802212
230,30,12757.133892
230,33,12500.379974
230,35,12457.723403
231,27,13157.354719
231,28,12795.827615
231,29,12789.062945
231,30,12757.133892
231,33,12496.065677
231,35,12449.789136
232,27,13157.354719
232,28,12795.827615
232,29,12768.764282
232,30,12735.645091
232,33,12496.065677
232,35,12449.789136
233,27,13157.354719
233,28,12795.827615
233,29,12768.764282
233,30,12735.645091
233,33,12496.065677
233,35,12449.789136
234,27,13157.354719
234,28,12795.827615
234,29,12768.764282
234,30,12735.645091
234,33,12496.065677
234,35,12449.789136
235,27,13150.358648
235,28,12795.827615
235,29,12752.841916
235,30,12693.545174
235,33,12495.583205
235,35,12449.789136
235,36,12432.359993
236,27,13150.358648
236,28,12795.827615
236,29,12752.841916
236,30,12693.545174
236,33,12495.583205
236,35,12449.789136
236,36,12432.359993
237,27,13101.154799
237,28,12795.827615
237,29,12752.841916
237,30,12693.545174
237,33,12495.583205
237,34,12482.326279
237,35,12449.789136
237,36,12432.359993
238,27,13101.154799
238,28,12795.827615
238,29,12752.841916
238,30,12693.545174
238,33,12495.583205
238,34,12482.326279
238,35,12431.408076
238,37,12417.690517
239,27,13038.443781
239,28,12779.687919
239,29,12744.311885
239,30,12692.762733
239,33,12471.313461
239,34,12467.309997
239,35,12431.122411
239,36,12416.695127
240,27,13019.241775
240,28,12779.687919
240,29,12744.311885
240,30,12692.762733
240,33,12471.313461
240,34,12467.309997
240,35,12431.122411
240,36,12416.695127
241,27,13019.241775
241,28,12779.687919
241,29,12744.311885
241,30,12692.762733
241,33,12471.313461
241,34,12467.309997
241,35,12431.122411
241,36,12416.695127
242,27,13019.241775
242,28,12779.687919
242,29,12744.311885
242,30,12692.762733
242,33,12471.313461
242,34,12467.309997
242,35,12431.122411
242,36,12416.695127
243,27,13019.241775
243,28,12754.367597
243,29,12744.311885
243,30,12687.779342
243,31,12675.333254
243,33,12468.019742
243,34,12467.309997
243,35,12420.162398
243,36,12416.695127
244,27,13019.241775
244,28,12754.367597
244,29,12744.311885
244,30,12687.779342
244,31,12675.333254
244,33,12468.019742
244,34,12467.309997
244,35,12420.162398
244,36,12416.695127
245,27,13011.154536
245,28,12754.367597
245,29,12744.311885
245,30,12678.793843
245,31,12675.333254
245,33,12468.019742
245,34,12456.620072
245,35,12414.824587
246,27,13011.154536
246,28,12754.367597
246,29,12696.372655
246,30,12678.793843
246,31,12675.333254
246,33,12468.019742
246,34,12456.620072
246,35,12414.824587
247,27,13011.154536
247,28,12754.367597
247,29,12678.520482
247,30,12667.575363
247,33,12451.587008
247,34,12429.614915
247,35,12413.529756
248,27,13011.154536
248,28,12754.367597
248,29,12678.520482
248,30,12667.575363
248,33,12451.587008
248,34,12429.614915
248,35,12413.529756
249,27,13011.154536
249,28,12731.553659
249,29,12678.520482
249,30,12667.575363
249,33,12451.587008
249,34,12429.614915
249,35,12413.529756
250,27,13011.154536
250,28,12731.553659
250,29,12678.520482
250,30,12667.575363
250,33,12451.587008
250,34,12429.614915
250,35,12413.529756
251,27,12972.251949
251,28,12690.547026
251,29,12662.647818
251,30,12660.177187
251,32,12522.995312
251,33,12451.587008
251,34,12429.614915
251,35,12413.529756
252,27,12972.251949
252,28,12690.547026
252,29,12662.647818
252,30,12660.177187
252,32,12522.995312
252,33,12451.587008
252,34,12429.614915
252,35,12413.529756
253,27,12954.836786
253,28,12690.547026
253,29,12651.995126
253,30,12627.650074
253,32,12522.995312
253,33,12451.587008
253,34,12429.614915
253,35,12413.529756
254,27,12824.529028
254,28,12690.547026
254,29,12651.995126
254,30,12625.036613
254,32,12522.995312
254,33,12451.587008
254,34,12429.614915
254,35,12413.529756
254,36,12409.132580
255,27,12818.436233
255,28,12690.411610
255,29,12617.820744
255,30,12555.076035
255,32,12522.995312
255,33,12451.587008
255,34,12429.614915
255,35,12398.985090
256,27,12728.236993
256,28,12690.411610
256,29,12617.820744
256,30,12555.076035
256,32,12522.995312
256,33,12451.587008
256,34,12429.614915
256,35,12398.985090
257,27,12728.236993
257,28,12670.632700
257,29,12617.820744
257,30,12555.076035
257,32,12522.995312
257,33,12451.587008
257,34,12429.614915
257,35,12398.985090
258,27,12728.236993
258,28,12670.632700
258,29,12617.820744
258,30,12555.076035
258,32,12522.995312
258,33,12451.587008
258,34,12429.614915
258,35,12398.985090
259,27,12706.175961
259,28,12670.632700
259,29,12610.791363
259,30,12555.076035
259,32,12507.861210
259,33,12440.877126
259,34,12383.910437
260,27,12706.175961
260,28,12670.632700
260,29,12610.791363
260,30,12555.076035
260,32,12507.861210
260,33,12440.877126
260,34,12383.910437
260,36,12375.299038
261,27,12706.175961
261,28,12670.632700
261,29,12610.791363
261,30,12555.076035
261,32,12507.861210
261,33,12440.877126
261,34,12383.910437
261,36,12375.299038
262,27,12706.175961
262,28,12670.632700
262,29,12610.791363
262,30,12555.076035
262,32,12507.861210
262,33,12440.877126
262,34,12383.910437
262,36,12375.299038
263,27,12706.175961
263,28,12669.853572
263,29,12610.317738
263,30,12550.387025
263,32,12483.601112
263,33,12440.877126
263,34,12382.468391
263,36,12374.693180
264,27,12706.175961
264,28,12645.614422
264,29,12610.317738
264,30,12550.387025
264,32,12483.601112
264,33,12440.877126
264,34,12382.468391
264,36,12374.693180
265,27,12706.175961
265,28,12645.614422
265,29,12610.317738
265,30,12550.387025
265,32,12483.601112
265,33,12440.877126
265,34,12382.468391
265,36,12374.693180
266,27,12706.175961
266,28,12645.614422
266,29,12610.317738
266,30,12550.387025
266,32,12483.601112
266,33,12440.877126
266,34,12382.468391
266,36,12374.693180
267,27,12706.175961
267,28,12643.288257
267,29,12605.553676
267,30,12547.000228
267,32,12436.363521
267,34,12371.635444
267,36,12369.363734
268,27,12706.175961
268,28,12643.288257
268,29,12605.262309
268,30,12527.115087
268,32,12436.363521
268,34,12371.635444
268,36,12369.363734
269,27,12706.175961
269,28,12643.288257
269,29,12605.262309
269,30,12527.115087
269,32,12436.363521
269,34,12371.635444
269,36,12369.363734
270,27,12706.175961
270,28,12643.288257
270,29,12599.671553
270,30,12527.115087
270,32,12436.363521
270,34,12371.635444
270,36,12369.363734
271,27,12705.266763
271,28,12620.901195
271,29,12572.805164
271,30,12479.845405
271,32,12435.405185
271,34,12368.269215
271,36,12357.440735
272,27,12705.266763
272,28,12620.901195
272,29,12572.805164
272,30,12457.123889
272,32,12435.405185
272,34,12368.269215
272,36,12357.440735
273,27,12690.547896
273,28,12620.901195
273,29,12572.805164
273,30,12457.123889
273,32,12435.405185
273,34,12368.269215
273,36,12357.440735
274,27,12690.547896
274,28,12620.901195
274,29,12572.805164
274,30,12457.123889
274,32,12435.405185
274,34,12368.269215
274,36,12357.440735
275,27,12689.087062
275,28,12607.412975
275,29,12420.003516
275,34,12368.269215
275,36,12355.608912
276,27,12689.087062
276,28,12607.412975
276,29,12420.003516
276,34,12368.269215
276,36,12355.608912
277,27,12671.956780
277,28,12607.412975
277,29,12420.003516
277,34,12368.269215
277,36,12355.608912
278,27,12671.956780
278,28,12607.412975
278,29,12416.194210
278,34,12368.269215
278,36,12355.608912
279,27,12670.684985
279,28,12603.118276
279,29,12416.194210
279,34,12368.219353
279,36,12333.197747
279,37,12323.545704
280,27,12670.684985
280,28,12603.118276
280,29,12416.194210
280,34,12368.219353
280,36,12328.875487
280,37,12323.545704
281,27,12670.684985
281,28,12603.118276
281,29,12416.194210
281,34,12368.219353
281,36,12328.875487
281,37,12323.545704
282,26,13202.292041
282,27,12659.692109
282,28,12603.118276
282,29,12416.194210
282,34,12368.219353
282,36,12328.875487
282,37,12323.545704
283,26,13201.309226
283,27,12648.589436
283,28,12602.217442
283,29,12416.194210
283,34,12366.454626
283,36,12324.804856
283,37,12312.343416
284,26,13201.309226
284,27,12648.589436
284,28,12602.217442
284,29,12416.194210
284,34,12366.454626
284,36,12324.804856
284,37,12312.343416
285,26,13197.792807
285,27,12648.589436
285,28,12602.217442
285,29,12416.194210
285,34,12366.454626
285,36,12324.804856
285,37,12312.343416
286,26,13197.792807
286,27,12648.589436
286,28,12602.217442
286,29,12414.045323
286,34,12366.454626
286,36,12324.804856
286,37,12312.343416
287,26,13173.365718
287,27,12648.589436
287,28,12602.217442
287,29,12413.447541
287,34,12352.755771
287,36,12321.545695
287,37,12312.343416
287,38,12285.093166
288,26,13173.365718
288,27,12648.589436
288,28,12602.217442
288,29,12412.692103
288,32,12388.627168
288,34,12352.755771
288,36,12321.545695
288,37,12312.343416
288,38,12285.093166
289,26,12935.626545
289,27,12648.589436
289,28,12602.217442
289,29,12412.692103
289,31,12363.961187
289,34,12352.755771
289,36,12293.140064
289,38,12285.093166
290,26,12891.646671
290,27,12648.589436
290,28,12602.217442
290,29,12412.692103
290,31,12363.961187
290,34,12352.755771
290,36,12293.140064
290,38,12285.093166
291,26,12886.388829
291,27,12648.589436
291,28,12602.217442
291,29,12400.655212
291,31,12363.961187
291,34,12352.755771
291,36,12291.123021
291,38,12271.135175
292,26,12886.388829
292,27,12648.589436
292,28,12602.217442
292,29,12400.655212
292,31,12363.961187
292,34,12352.755771
292,36,12291.123021
292,38,12271.135175
293,26,12886.388829
293,27,12648.589436
293,28,12602.217442
293,29,12400.655212
293,31,12363.961187
293,32,12308.429967
293,36,12291.123021
293,38,12271.135175
294,26,12886.388829
294,27,12648.589436
294,28,12602.217442
294,29,12400.655212
294,31,12363.961187
294,32,12308.429967
294,36,12291.123021
294,38,12271.135175
295,26,12884.957923
295,27,12638.321008
295,28,12602.217442
295,29,12397.748839
295,31,12363.961187
295,32,12308.429967
295,36,12287.856429
295,38,12270.637554
296,26,12884.957923
296,27,12638.321008
296,28,12602.217442
296,29,12397.748839
296,31,12363.961187
296,32,12308.429967
296,34,12284.717503
296,38,12270.637554
297,26,12884.957923
297,27,12638.321008
297,28,12602.217442
297,29,12397.748839
297,31,12363.961187
297,32,12308.429967
297,34,12284.717503
297,38,12270.637554
298,26,12884.957923
298,27,12630.331977
298,28,12602.217442
298,29,12397.748839
298,31,12363.961187
298,32,12308.429967
298,34,12284.717503
298,38,12270.637554
299,26,12858.508651
299,27,12592.435398
299,29,12389.331811
299,31,12363.961187
299,32,12297.224375
299,34,12284.717503
299,38,12270.637554
300,26,12858.508651
300,27,12592.435398
300,29,12387.750810
300,31,12363.961187
300,32,12295.271040
300,34,12284.717503
300,38,12270.637554
301,26,12858.508651
301,27,12592.435398
301,29,12378.596501
301,31,12363.961187
301,32,12295.271040
301,34,12284.717503
301,36,12276.858582
301,38,12270.637554
302,26,12858.508651
302,27,12592.435398
302,29,12378.596501
302,31,12363.961187
302,32,12295.271040
302,34,12284.717503
302,36,12276.858582
302,38,12270.637554
303,26,12857.723338
303,27,12592.435398
303,29,12378.596501
303,31,12362.467989
303,32,12294.725034
303,34,12278.236555
303,36,12261.794213
303,37,12255.510602
304,26,12857.723338
304,27,12592.435398
304,29,12378.596501
304,31,12362.467989
304,32,12294.725034
304,34,12278.236555
304,36,12261.794213
304,37,12255.510602
305,26,12857.723338
305,27,12592.435398
305,29,12360.901680
305,32,12294.725034
305,34,12278.236555
305,36,12261.794213
305,37,12255.510602
306,26,12840.004010
306,27,12592.435398
306,29,12360.901680
306,32,12294.725034
306,34,12278.236555
306,36,12261.794213
306,37,12255.510602
307,26,12826.749297
307,27,12576.390309
307,29,12356.182590
307,32,12284.976853
307,34,12278.236555
307,36,12261.794213
307,37,12252.645280
308,26,12826.749297
308,27,12576.390309
308,29,12356.182590
308,32,12270.315348
308,36,12261.794213
308,37,12252.645280
309,26,12826.749297
309,27,12576.390309
309,29,12356.182590
309,31,12349.879022
309,32,12270.315348
309,36,12261.794213
309,37,12252.645280
310,26,12826.749297
310,27,12576.390309
310,29,12356.182590
310,31,12349.879022
310,32,12270.315348
310,36,12261.794213
310,37,12252.645280
311,26,12572.415382
311,29,12356.182590
311,31,12349.879022
311,32,12270.315348
311,36,12254.705428
311,37,12252.645280
312,26,12572.415382
312,29,12356.182590
312,31,12349.879022
312,32,12270.315348
312,36,12254.705428
312,37,12252.645280
313,26,12572.415382
313,29,12356.182590
313,31,12349.879022
313,32,12270.315348
313,36,12254.705428
313,37,12252.645280
314,26,12572.415382
314,29,12356.182590
314,31,12349.879022
314,32,12270.315348
314,36,12254.705428
314,37,12252.645280
315,26,12571.943706
315,29,12356.182590
315,31,12340.292506
315,32,12270.299321
315,36,12235.505273
316,26,12571.943706
316,29,12356.182590
316,31,12340.292506
316,32,12270.299321
316,36,12235.505273
317,26,12571.943706
317,27,12547.871308
317,29,12356.182590
317,31,12340.292506
317,32,12270.299321
317,36,12235.505273
318,26,12571.943706
318,27,12547.871308
318,29,12356.182590
318,31,12340.292506
318,32,12270.299321
318,36,12235.505273
319,26,12544.924182
319,29,12330.273058
319,32,12268.779837
319,36,12232.732433
320,26,12544.924182
320,28,12524.039416
320,29,12330.273058
320,32,12268.779837
320,36,12232.732433
321,26,12544.924182
321,28,12524.039416
321,29,12330.273058
321,31,12318.495649
321,32,12268.779837
321,36,12232.732433
322,26,12544.924182
322,28,12524.039416
322,29,12330.273058
322,31,12318.495649
322,32,12268.779837
322,36,12232.732433
323,26,12542.887872
323,27,12539.535126
323,28,12524.039416
323,29,12324.407885
323,31,12318.318433
323,32,12251.867962
323,36,12232.732433
324,26,12542.887872
324,27,12539.535126
324,28,12524.039416
324,29,12324.407885
324,31,12318.318433
324,32,12251.867962
324,36,12232.732433
325,26,12542.887872
325,27,12539.535126
325,28,12524.039416
325,29,12324.407885
325,31,12318.318433
325,32,12251.867962
325,36,12232.732433
326,26,12542.887872
326,27,12539.535126
326,28,12524.039416
326,29,12324.407885
326,31,12318.318433
326,32,12251.867962
326,36,12232.732433
327,26,12542.887872
327,27,12539.535126
327,28,12373.116196
327,29,12324.407885
327,31,12318.318433
327,32,12250.394966
327,36,12232.732433
328,26,12542.887872
328,27,12539.385368
328,28,12342.330431
328,29,12324.407885
328,31,12318.318433
328,32,12250.394966
328,36,12232.732433
