Generation,NV,TOC
1,44,19405.657940
1,45,17836.764085
1,47,16549.779606
1,55,15276.268924
1,59,14841.898581
1,66,14282.892635
1,67,14093.829297
1,68,14061.917220
1,71,13468.906012
1,75,13415.900352
1,78,13187.653401
1,79,13142.567762
2,43,17452.232791
2,47,16549.779606
2,51,15811.408378
2,53,15391.482191
2,55,15276.268924
2,57,15142.741003
2,59,14841.898581
2,61,14819.630685
2,63,14311.453880
2,66,14282.892635
2,67,14093.829297
2,68,14061.917220
2,71,13468.906012
2,73,13326.747242
2,78,13187.653401
2,79,13142.567762
3,43,17452.232791
3,47,16549.779606
3,50,16507.533847
3,51,15811.408378
3,53,15391.482191
3,55,15276.268924
3,57,15142.741003
3,59,14841.898581
3,61,14819.630685
3,63,14311.453880
3,66,14282.892635
3,67,14093.829297
3,68,14008.579127
3,71,13468.906012
3,73,13326.747242
3,77,13285.908321
3,78,13187.653401
3,79,13142.567762
4,43,17452.232791
4,45,16161.830968
4,51,15811.408378
4,53,15391.482191
4,55,15276.268924
4,57,15142.741003
4,59,14067.058706
4,67,13721.606967
4,69,13546.159205
4,70,13348.535508
4,72,13109.378729
4,77,13079.668373
4,78,13070.454934
5,43,17452.232791
5,44,16270.836444
5,45,16161.830968
5,46,16027.718409
5,49,15912.715588
5,51,15811.408378
5,53,15391.482191
5,55,15276.268924
5,57,14870.271486
5,58,14530.122246
5,59,14067.058706
5,67,13721.606967
5,69,13546.159205
5,70,13348.535508
5,72,13109.378729
5,77,12978.713775
6,42,17262.892184
6,44,16270.836444
6,45,16010.887192
6,47,15905.363364
6,49,15429.596908
6,52,14308.127609
6,59,14067.058706
6,61,14028.934176
6,67,13721.606967
6,69,13546.159205
6,70,13348.535508
6,71,13160.178956
6,72,13109.378729
6,75,13008.471305
6,77,12978.713775
7,42,17262.892184
7,43,17008.436747
7,44,16270.836444
7,45,16010.887192
7,47,15905.363364
7,48,15543.172834
7,49,14553.420962
7,52,14308.127609
7,54,14248.348475
7,57,14025.409294
7,58,13998.101988
7,60,13989.362876
7,66,13446.173711
7,69,13060.749712
7,73,12829.101195
8,42,17262.892184
8,43,16494.898914
8,44,16047.383877
8,45,16010.887192
8,46,15761.640862
8,47,15127.172027
8,49,14553.420962
8,52,14308.127609
8,54,14231.528070
8,57,14025.409294
8,58,13998.101988
8,60,13989.362876
8,61,13884.310645
8,62,13787.727068
8,63,13615.116573
8,64,13612.637512
8,66,13446.173711
8,68,13439.860051
8,69,13060.749712
8,73,12829.101195
9,42,17262.892184
9,43,16494.898914
9,44,16047.383877
9,45,16010.887192
9,46,15761.640862
9,47,15127.172027
9,49,14553.420962
9,52,14308.127609
9,54,14231.528070
9,57,14025.409294
9,58,13921.569855
9,61,13579.358136
9,66,13427.832269
9,67,13372.614005
9,68,13227.045299
9,69,13060.749712
9,71,12987.153195
9,73,12829.101195
10,42,17262.892184
10,43,16494.898914
10,44,15553.237284
10,47,15127.172027
10,49,14553.420962
10,52,14308.127609
10,54,14231.528070
10,55,14178.323529
10,56,14110.790011
10,57,14025.409294
10,58,13858.773521
10,60,13462.519737
10,66,13427.832269
10,67,13372.614005
10,68,13227.045299
10,69,13060.749712
10,70,12988.128569
10,71,12987.153195
10,73,12829.101195
11,42,17017.103576
11,43,16494.898914
11,44,15553.237284
11,47,15127.172027
11,49,14553.420962
11,51,14359.707203
11,52,14308.127609
11,53,14293.043836
11,54,14231.528070
11,55,14178.323529
11,56,14110.790011
11,57,14025.409294
11,58,13858.773521
11,59,13485.096773
11,60,13462.519737
11,63,13447.300363
11,66,13427.832269
11,67,13093.913898
11,68,13072.341474
11,69,12988.055005
11,70,12940.268420
11,71,12818.302809
12,42,16393.842598
12,43,16228.726797
12,44,15553.237284
12,45,15343.703910
12,47,15119.992075
12,49,14553.420962
12,51,14359.707203
12,52,14268.516712
12,54,14192.418724
12,55,13811.616949
12,59,13485.096773
12,60,13462.519737
12,63,13447.300363
12,65,13211.868483
12,67,13093.913898
12,68,13072.341474
12,69,12988.055005
12,70,12940.268420
12,71,12818.302809
13,42,16393.842598
13,43,16228.726797
13,44,15475.278038
13,45,15343.703910
13,47,15119.992075
13,49,14553.420962
13,51,14339.459762
13,52,14268.516712
13,54,13864.722970
13,55,13811.616949
13,57,13791.638706
13,58,13571.492966
13,59,13400.893898
13,61,13279.723693
13,65,13150.186784
13,66,13036.162790
13,67,12894.088140
13,69,12808.420336
13,71,12792.155998
14,39,15953.745493
14,40,15816.335064
14,44,15475.278038
14,45,15203.926211
14,46,15185.830634
14,47,15119.992075
14,48,14487.482630
14,51,14339.459762
14,52,14268.516712
14,54,13864.722970
14,55,13811.616949
14,57,13791.638706
14,58,13571.492966
14,59,13400.893898
14,61,13279.723693
14,63,13219.580975
14,65,13136.718097
14,66,13036.162790
14,67,12894.088140
14,69,12808.420336
14,71,12792.155998
15,39,15953.745493
15,40,15816.335064
15,44,15475.278038
15,45,15203.926211
15,46,15185.830634
15,47,14466.903728
15,51,14339.459762
15,52,14268.516712
15,54,13864.722970
15,55,13811.616949
15,57,13791.638706
15,58,13508.894387
15,59,13292.623163
15,61,13279.723693
15,63,13219.580975
15,65,13112.648695
15,66,13036.162790
15,67,12894.088140
15,69,12808.420336
15,71,12792.155998
16,39,15953.745493
16,40,15816.335064
16,42,15659.850955
16,44,14915.737127
16,45,14640.462809
16,46,14301.861264
16,51,13538.226103
16,57,13410.113348
16,59,13145.722282
16,60,13140.551933
16,63,12972.889436
16,66,12857.628059
16,69,12788.103699
16,71,12729.684771
17,39,15953.745493
17,40,15816.335064
17,42,15659.850955
17,44,14796.421746
17,45,14640.462809
17,46,14301.861264
17,51,13538.226103
17,55,13289.328255
17,59,13145.722282
17,60,13140.551933
17,63,12972.889436
17,65,12947.342477
17,66,12857.628059
17,69,12788.103699
17,71,12729.684771
18,39,15953.745493
18,40,15816.335064
18,41,15775.813446
18,42,15409.417815
18,44,14796.421746
18,45,14640.462809
18,46,14301.861264
18,51,13538.226103
18,54,13447.857046
18,55,13289.328255
18,59,13145.722282
18,60,13140.551933
18,62,12819.838715
18,69,12788.103699
18,71,12729.684771
19,39,15953.745493
19,40,15816.335064
19,41,15376.799540
19,42,15283.656054
19,43,15213.588721
19,44,14796.421746
19,45,14640.462809
19,46,13974.863862
19,50,13970.632538
19,51,13538.226103
19,54,13435.355186
19,55,13289.328255
19,56,13267.873751
19,59,13145.722282
19,60,13140.551933
19,61,12829.927884
19,62,12819.838715
19,69,12788.103699
19,71,12729.684771
20,39,15953.745493
20,40,15816.335064
20,41,15321.748863
20,42,15027.060280
20,44,14687.050882
20,45,14640.462809
20,46,13974.863862
20,50,13970.632538
20,51,13538.226103
20,54,13435.355186
20,55,13289.115374
20,56,13267.873751
20,58,13080.155631
20,61,12829.927884
20,62,12819.838715
20,68,12691.310904
21,39,15953.745493
21,40,15816.335064
21,41,14978.978988
21,42,14965.743522
21,43,14784.170414
21,44,14361.815174
21,46,13974.863862
21,49,13618.677034
21,51,13538.226103
21,52,13506.333515
21,53,13397.452136
21,55,13289.115374
21,56,13267.873751
21,58,13080.155631
21,61,12788.380191
21,68,12691.310904
22,39,15953.745493
22,40,15816.335064
22,41,14978.978988
22,42,14320.467428
22,44,14222.419047
22,46,13974.863862
22,48,13572.543230
22,51,13538.226103
22,52,13083.462110
22,56,13047.173495
22,59,12658.143601
23,39,15953.745493
23,40,15413.346673
23,41,14693.617145
23,42,14320.467428
23,43,14241.101489
23,44,13956.728240
23,48,13572.543230
23,51,13538.226103
23,52,13083.462110
23,54,13075.853761
23,55,13055.133727
23,56,13047.173495
23,59,12658.143601
24,39,15841.537553
24,40,15413.346673
24,41,14638.797570
24,42,14320.467428
24,43,14241.101489
24,44,13956.728240
24,48,13572.543230
24,51,13538.226103
24,52,13083.462110
24,54,13075.853761
24,55,13055.133727
24,56,13047.173495
24,59,12658.143601
25,39,15841.537553
25,40,15413.346673
25,41,14196.602451
25,43,13770.415494
25,46,13724.538945
25,47,13395.078927
25,49,12861.873168
25,59,12622.713242
25,60,12433.187047
26,39,15320.376618
26,41,14196.602451
26,43,13770.415494
26,46,13646.763603
26,47,13395.078927
26,49,12861.873168
26,59,12622.713242
26,60,12433.187047
27,38,16481.846450
27,39,15320.376618
27,40,15023.424654
27,41,14196.602451
27,43,13770.415494
27,46,13646.763603
27,47,13234.225527
27,49,12861.873168
27,52,12711.254994
27,59,12622.713242
27,60,12433.187047
28,38,16481.846450
28,39,15114.765137
28,40,15023.424654
28,41,14196.602451
28,43,13770.415494
28,46,13646.763603
28,47,13234.225527
28,49,12861.873168
28,52,12711.254994
28,53,12710.385219
28,59,12622.713242
28,60,12433.187047
29,38,16208.337573
29,39,14923.671492
29,41,14196.602451
29,43,13770.415494
29,46,13362.833554
29,47,13234.225527
29,49,12861.873168
29,52,12711.254994
29,53,12691.311925
29,59,12622.713242
29,60,12433.187047
30,38,16122.046897
30,39,14923.671492
30,40,14188.546895
30,43,13770.415494
30,44,13463.929405
30,45,13328.555811
30,47,13120.750034
30,49,12821.805185
30,52,12697.068964
30,53,12644.122916
30,59,12599.177998
30,60,12385.882043
31,38,16122.046897
31,39,14923.671492
31,40,14188.546895
31,41,14144.899689
31,43,13770.415494
31,44,13463.929405
31,45,13328.555811
31,47,13120.750034
31,49,12821.805185
31,52,12697.068964
31,53,12644.122916
31,56,12460.010959
31,60,12385.882043
32,38,16122.046897
32,39,14923.671492
32,40,14188.546895
32,41,14144.899689
32,42,14050.434291
32,43,13770.415494
32,44,13463.929405
32,45,13328.555811
32,46,13213.879553
32,47,13120.750034
32,49,12821.805185
32,52,12697.068964
32,53,12644.122916
32,56,12460.010959
32,60,12325.575500
33,38,16122.046897
33,39,14923.671492
33,40,14188.546895
33,41,14144.899689
33,42,14004.870518
33,43,13770.415494
33,44,13368.387767
33,45,13131.735477
33,47,13120.750034
33,49,12821.805185
33,52,12697.068964
33,53,12644.122916
33,56,12460.010959
33,60,12325.575500
34,38,15950.223713
34,39,14923.671492
34,40,14188.546895
34,41,14144.899689
34,42,13650.709631
34,44,13337.273057
34,45,13127.531488
34,47,13002.929445
34,49,12821.805185
34,50,12724.737816
34,51,12599.831365
34,55,12456.353393
34,60,12304.053242
35,38,15950.223713
35,39,14298.887863
35,40,14188.546895
35,41,13603.821336
35,44,13337.273057
35,45,13127.531488
35,46,13087.500351
35,47,13002.929445
35,49,12821.805185
35,50,12724.737816
35,51,12599.831365
35,55,12456.353393
35,60,12304.053242
36,38,15950.223713
36,39,14298.887863
36,40,14188.546895
36,41,13591.321736
36,44,13337.273057
36,45,13127.531488
36,46,13087.500351
36,47,13002.929445
36,49,12821.805185
36,50,12724.737816
36,51,12599.831365
36,55,12456.353393
36,57,12208.388385
37,38,15950.223713
37,39,14298.887863
37,40,14188.546895
37,41,13591.321736
37,43,13580.273733
37,44,13337.273057
37,45,13127.531488
37,46,13087.500351
37,47,12809.873835
37,50,12724.737816
37,51,12599.831365
37,55,12456.353393
37,57,12208.388385
37,58,12188.313169
37,59,12177.488390
38,37,16028.202934
38,38,15484.282792
38,39,14298.887863
38,40,13361.436760
38,44,13337.273057
38,45,13127.531488
38,46,13068.185489
38,47,12761.266566
38,49,12644.040018
38,51,12518.110095
38,55,12388.211507
38,56,12142.599324
38,58,12129.775263
39,37,16028.202934
39,38,15484.282792
39,39,14172.479809
39,40,13361.436760
39,43,13185.234238
39,45,13127.531488
39,46,12959.728344
39,47,12761.266566
39,49,12644.040018
39,51,12518.110095
39,53,12336.646147
39,56,12142.599324
39,58,12129.775263
40,37,15833.111485
40,38,14271.189656
40,39,14172.479809
40,40,13361.436760
40,41,13336.068004
40,43,13178.790237
40,45,13036.583124
40,46,12959.728344
40,47,12761.266566
40,49,12644.040018
40,51,12518.110095
40,53,12336.646147
40,56,12142.599324
40,58,12122.275206
41,37,15760.089532
41,38,14271.189656
41,39,14172.479809
41,40,13361.436760
41,41,13209.736768
41,43,13178.790237
41,45,13036.583124
41,46,12734.444929
41,47,12636.440432
41,49,12622.676366
41,50,12599.469386
41,51,12518.110095
41,52,12313.338921
41,56,12142.599324
41,57,12085.779257
42,37,14933.054345
42,38,14202.495024
42,39,13767.045278
42,40,13361.436760
42,41,13209.736768
42,43,13178.790237
42,45,12878.468700
42,46,12734.444929
42,47,12636.440432
42,49,12622.676366
42,50,12599.469386
42,51,12518.110095
42,52,12313.338921
42,56,12142.599324
42,57,12052.364866
43,37,14933.054345
43,38,14202.495024
43,39,13767.045278
43,40,13337.107699
43,41,13203.274072
43,42,12969.764925
43,45,12878.468700
43,46,12734.444929
43,47,12636.440432
43,49,12622.676366
43,50,12599.469386
43,51,12018.062002
44,37,14464.153194
44,38,13991.626477
44,39,13450.990926
44,40,13237.942992
44,41,13137.704993
44,42,12945.294992
44,43,12934.350341
44,44,12865.400850
44,45,12721.290274
44,46,12604.212878
44,47,12415.327001
44,50,11932.957372
45,36,14946.040021
45,37,14464.153194
45,38,13858.557526
45,39,13391.516518
45,40,13237.942992
45,41,13137.704993
45,42,12945.294992
45,43,12934.350341
45,44,12865.400850
45,45,12721.290274
45,46,12604.212878
45,47,12415.327001
45,50,11932.957372
45,54,11890.365126
46,36,14946.040021
46,37,14464.153194
46,38,13858.557526
46,39,13391.516518
46,40,13237.942992
46,41,13077.215794
46,42,12945.294992
46,43,12907.219436
46,44,12506.804110
46,47,12415.327001
46,50,11839.875678
47,36,14923.241467
47,37,14464.153194
47,38,13694.507735
47,39,13147.407525
47,41,12943.160951
47,42,12865.281891
47,44,12506.804110
47,45,12432.727968
47,47,12376.453991
47,50,11822.886493
48,36,14923.241467
48,37,13679.811247
48,39,13147.407525
48,41,12943.160951
48,42,12506.204655
48,45,12432.727968
48,46,12393.483626
48,47,12376.453991
48,49,12237.454706
48,50,11822.886493
49,36,14923.241467
49,37,13679.811247
49,39,13147.407525
49,41,12775.473474
49,42,12506.204655
49,44,12331.592066
49,49,12237.454706
49,50,11822.886493
50,36,13854.916576
50,37,13566.982342
50,39,13120.092852
50,40,12651.643988
50,42,12477.097992
50,44,12331.592066
50,49,12203.162770
50,50,11820.327057
51,36,13854.916576
51,37,13566.982342
51,38,13396.175356
51,39,13120.092852
51,40,12495.057788
51,42,12477.097992
51,44,12331.592066
51,49,12203.162770
51,50,11820.327057
52,35,14688.373038
52,36,13854.916576
52,37,13566.982342
52,38,13353.894263
52,39,12991.379142
52,40,12495.057788
52,42,12477.097992
52,44,12331.592066
52,49,12203.162770
52,50,11820.327057
53,34,14737.328460
53,35,14688.373038
53,36,13793.184082
53,37,13480.918073
53,38,13338.719477
53,39,12970.819264
53,40,12483.689358
53,42,12449.891973
53,43,12312.768557
53,47,12096.277698
53,50,11801.070166
53,55,11792.007719
54,34,14737.328460
54,35,14688.373038
54,36,13793.184082
54,37,13225.815152
54,38,13106.842715
54,39,12970.819264
54,40,12483.689358
54,42,12449.891973
54,43,12312.768557
54,47,12096.277698
54,48,12022.495241
54,50,11801.070166
54,55,11792.007719
55,34,14737.328460
55,35,14676.092913
55,36,13793.184082
55,37,13225.815152
55,38,13106.842715
55,39,12970.819264
55,40,12483.689358
55,42,12449.891973
55,43,12312.768557
55,47,12096.277698
55,48,12022.495241
55,50,11801.070166
55,54,11798.256718
55,55,11792.007719
56,34,14737.328460
56,35,14676.092913
56,36,13793.184082
56,37,13199.454733
56,38,12831.180285
56,40,12481.065413
56,41,12418.795949
56,43,12289.374552
56,47,12034.683435
56,48,11961.352406
56,50,11800.426012
56,52,11765.067868
56,55,11760.385454
57,34,14737.328460
57,35,14543.047939
57,36,13793.184082
57,37,13199.454733
57,38,12714.886980
57,40,12481.065413
57,41,12418.795949
57,43,12289.374552
57,47,12034.683435
57,48,11961.352406
57,50,11800.426012
57,52,11765.067868
57,55,11760.385454
58,33,15229.008476
58,34,14737.328460
58,35,14186.314528
58,36,13793.184082
58,37,13199.454733
58,38,12714.886980
58,39,12655.168180
58,40,12481.065413
58,41,12418.795949
58,43,12289.374552
58,47,12034.683435
58,48,11961.352406
58,50,11800.426012
58,52,11765.067868
58,55,11760.385454
59,33,15229.008476
59,34,14737.328460
59,35,14186.314528
59,36,13137.804492
59,38,12714.886980
59,39,12633.150914
59,40,12442.370848
59,41,12416.714020
59,43,12288.376096
59,47,12034.683435
59,48,11845.735532
59,49,11785.654636
59,50,11720.239762
60,33,15229.008476
60,34,14663.193698
60,35,14186.314528
60,36,13028.316543
60,38,12714.886980
60,39,12633.150914
60,40,12442.370848
60,41,12329.383043
60,43,12288.376096
60,46,12151.035447
60,47,12034.683435
60,48,11845.735532
60,49,11785.654636
60,50,11720.239762
61,33,15229.008476
61,34,14211.662022
61,35,14186.314528
61,36,13028.316543
61,38,12714.886980
61,39,12633.150914
61,40,12442.370848
61,41,12329.383043
61,43,12288.376096
61,46,12151.035447
61,47,12034.683435
61,48,11845.735532
61,49,11785.654636
61,50,11720.239762
62,33,15229.008476
62,34,14211.662022
62,35,14186.314528
62,36,13028.316543
62,37,12979.165693
62,38,12714.886980
62,39,12633.150914
62,40,12436.024989
62,41,12326.548651
62,43,12218.517343
62,46,12142.420735
62,47,12000.377155
62,48,11824.275636
62,49,11785.654636
62,50,11720.239762
63,33,15229.008476
63,34,14211.662022
63,35,14186.314528
63,36,13028.316543
63,37,12979.165693
63,38,12714.886980
63,39,12633.150914
63,40,12436.024989
63,41,12326.548651
63,43,12218.517343
63,45,12122.455269
63,47,12000.377155
63,48,11824.275636
63,49,11785.654636
63,50,11719.486758
64,33,15229.008476
64,34,14211.662022
64,35,14186.314528
64,36,13010.678023
64,37,12899.511146
64,38,12714.886980
64,39,12633.150914
64,40,12392.468610
64,41,12326.548651
64,43,12218.517343
64,45,12122.455269
64,47,12000.377155
64,48,11824.275636
64,49,11785.654636
64,50,11719.486758
65,33,15229.008476
65,34,14211.662022
65,35,14186.314528
65,36,12989.373374
65,37,12899.511146
65,38,12714.886980
65,39,12633.150914
65,40,12392.468610
65,41,12307.217035
65,42,12276.928202
65,43,12218.517343
65,45,12060.324750
65,47,11951.600373
65,48,11824.275636
65,49,11778.857295
65,50,11705.709510
66,33,14994.978287
66,34,14211.662022
66,35,13963.947713
66,36,12989.373374
66,37,12843.487040
66,38,12714.886980
66,39,12633.150914
66,40,12392.468610
66,41,12268.662049
66,43,12218.517343
66,45,12060.324750
66,47,11951.600373
66,48,11824.275636
66,49,11778.857295
66,50,11705.709510
67,33,14994.978287
67,34,14211.662022
67,35,13963.947713
67,36,12989.373374
67,37,12843.487040
67,38,12714.886980
67,39,12633.150914
67,40,12392.468610
67,41,12268.662049
67,42,12216.232487
67,45,12060.324750
67,47,11951.600373
67,48,11824.275636
67,49,11778.857295
67,50,11705.709510
68,33,14568.979368
68,34,14211.662022
68,35,12836.571824
68,37,12807.408750
68,38,12668.535482
68,39,12629.631291
68,40,12392.468610
68,41,12184.669971
68,44,12026.122030
68,47,11751.308602
68,49,11689.604151
69,33,14545.600785
69,34,14211.662022
69,35,12836.571824
69,36,12814.443700
69,37,12807.408750
69,38,12668.535482
69,39,12629.631291
69,40,12392.468610
69,41,12184.669971
69,44,12026.122030
69,47,11751.308602
69,49,11689.604151
69,50,11683.084798
70,33,14545.600785
70,34,14211.662022
70,35,12836.571824
70,36,12814.443700
70,37,12807.408750
70,38,12668.535482
70,39,12629.631291
70,40,12323.274155
70,41,12184.669971
70,44,12026.122030
70,47,11751.308602
70,49,11689.604151
70,50,11683.084798
71,33,14420.251827
71,34,14211.662022
71,35,12836.571824
71,36,12708.801091
71,38,12539.172270
71,40,12323.274155
71,41,12184.669971
71,44,12007.679730
71,45,11730.708455
71,47,11713.188466
71,49,11580.191610
72,33,14420.251827
72,34,14211.662022
72,35,12836.571824
72,36,12708.801091
72,38,12539.172270
72,40,12323.274155
72,41,12184.669971
72,44,11871.285984
72,45,11730.708455
72,47,11713.188466
72,49,11580.191610
73,33,14420.251827
73,34,14076.891966
73,35,12836.571824
73,36,12708.801091
73,38,12395.796612
73,40,12323.274155
73,41,12184.669971
73,44,11871.285984
73,45,11730.708455
73,47,11713.188466
73,49,11580.191610
74,33,14420.251827
74,34,14076.891966
74,35,12836.571824
74,36,12670.208167
74,37,12446.279511
74,38,12219.812233
74,39,12177.420861
74,41,12062.764236
74,44,11772.217954
74,45,11700.498937
74,49,11546.314607
75,33,14269.120470
75,34,14036.051146
75,35,12836.571824
75,36,12670.208167
75,37,12446.279511
75,38,12219.812233
75,39,12177.420861
75,41,12062.764236
75,44,11607.361791
75,49,11546.314607
76,33,14138.671074
76,34,13612.925412
76,35,12836.571824
76,36,12633.573403
76,37,12446.279511
76,38,12219.812233
76,39,12177.420861
76,41,12044.984301
76,44,11607.361791
76,49,11546.314607
77,33,14026.235257
77,34,13493.105218
77,35,12815.438745
77,36,12525.358992
77,37,12441.913163
77,38,12188.860767
77,39,12159.209998
77,41,11985.031424
77,44,11583.505760
77,48,11530.742816
78,33,14026.235257
78,34,13223.117502
78,35,12815.438745
78,36,12525.358992
78,37,12441.913163
78,38,12188.860767
78,39,12159.209998
78,41,11985.031424
78,44,11583.505760
78,48,11530.742816
79,33,13548.852852
79,34,13117.761063
79,35,12815.438745
79,36,12525.358992
79,37,12441.913163
79,38,12188.860767
79,39,12159.209998
79,41,11985.031424
79,44,11583.505760
79,48,11530.742816
80,33,13548.852852
80,34,13024.801700
80,35,12616.309421
80,36,12442.581737
80,37,12357.062108
80,38,12165.596142
80,39,12131.154840
80,41,11925.739018
80,44,11583.505760
80,48,11530.742816
81,33,13548.852852
81,34,13024.801700
81,35,12455.095629
81,36,12442.581737
81,37,12357.062108
81,38,12165.596142
81,39,12131.154840
81,41,11925.739018
81,44,11583.505760
81,48,11530.742816
82,33,13548.852852
82,34,13024.801700
82,35,12455.095629
82,36,12442.581737
82,37,12357.062108
82,38,12165.596142
82,39,12131.154840
82,41,11925.739018
82,44,11583.505760
82,45,11529.964257
83,33,13505.800502
83,34,12805.174166
83,35,12422.496867
83,37,12308.635287
83,38,12139.668273
83,39,12064.978157
83,41,11921.148590
83,44,11549.220488
83,45,11513.479612
84,33,13238.175263
84,34,12805.174166
84,35,12304.905697
84,38,12091.113514
84,39,12064.978157
84,41,11921.148590
84,44,11494.892990
85,33,13238.175263
85,34,12805.174166
85,35,12304.905697
85,36,12293.252492
85,38,12091.113514
85,39,12064.978157
85,41,11921.148590
85,44,11494.892990
86,33,13069.495685
86,34,12291.273048
86,35,12266.914767
86,38,12091.113514
86,39,12044.127181
86,41,11910.685945
86,43,11553.713752
86,44,11480.065914
87,32,12762.879244
87,34,12291.273048
87,35,12266.914767
87,36,12239.216958
87,38,12091.113514
87,39,12044.127181
87,41,11910.685945
87,43,11553.713752
87,44,11480.065914
88,32,12762.879244
88,34,12291.273048
88,35,12266.914767
88,36,12239.216958
88,37,12182.811443
88,38,12091.113514
88,39,12044.127181
88,41,11910.685945
88,43,11553.713752
88,44,11480.065914
89,32,12762.879244
89,34,12234.575619
89,35,12156.693106
89,37,12025.891119
89,40,11855.631400
89,42,11553.186375
89,44,11458.355468
90,32,12762.879244
90,34,12234.575619
90,35,12156.693106
90,37,12025.891119
90,40,11855.631400
90,42,11553.186375
90,44,11458.355468
90,45,11451.392746
91,32,12478.894513
91,34,12158.386618
91,35,12156.693106
91,36,12127.734024
91,37,12025.891119
91,40,11855.631400
91,42,11553.186375
91,44,11458.355468
91,45,11451.392746
92,32,12461.305941
92,34,12110.185273
92,36,12108.691584
92,37,12025.891119
92,40,11853.522421
92,42,11518.399258
92,44,11458.355468
92,45,11422.280346
93,32,12461.305941
93,34,12110.185273
93,35,12079.181825
93,37,12025.891119
93,40,11853.522421
93,42,11518.399258
93,44,11458.151778
93,45,11399.362958
94,32,12461.305941
94,34,12110.185273
94,35,12079.181825
94,37,12025.891119
94,40,11853.522421
94,42,11518.399258
94,44,11449.056960
94,45,11399.362958
95,32,12408.854110
95,34,12101.736606
95,35,12070.702425
95,37,11986.109191
95,40,11810.978035
95,42,11518.399258
95,44,11348.775494
96,32,12408.854110
96,34,12101.736606
96,35,12008.035535
96,37,11986.109191
96,39,11848.778897
96,40,11810.978035
96,42,11518.399258
96,43,11501.263150
96,44,11348.775494
97,32,12408.854110
97,33,12321.649357
97,34,12101.736606
97,35,12008.035535
97,37,11986.109191
97,39,11848.778897
97,40,11810.978035
97,42,11518.399258
97,43,11501.263150
97,44,11348.775494
97,47,11340.577233
98,32,12408.854110
98,33,12321.649357
98,34,12086.425061
98,35,12005.161274
98,36,11968.485089
98,39,11707.116535
98,40,11641.004069
98,42,11487.675152
98,43,11440.102316
98,44,11338.429233
98,46,11311.875462
99,32,12377.510479
99,33,12307.475901
99,34,12086.425061
99,35,12005.161274
99,36,11952.936117
99,39,11707.116535
99,40,11641.004069
99,41,11588.854412
99,42,11487.675152
99,43,11440.102316
99,44,11338.429233
99,46,11311.875462
100,30,13205.857413
100,32,12350.068062
100,33,12307.475901
100,34,12072.841555
100,35,12005.161274
100,36,11949.615879
100,39,11707.116535
100,40,11641.004069
100,41,11574.777496
100,42,11487.675152
100,43,11440.102316
100,44,11338.429233
100,46,11311.875462
101,30,13205.857413
101,32,12350.068062
101,33,12260.966166
101,34,12045.049803
101,35,11914.368884
101,39,11690.314753
101,40,11627.023509
101,41,11558.837640
101,42,11480.674412
101,43,11439.230484
101,44,11332.794336
101,46,11309.964691
102,30,13205.857413
102,31,13183.439047
102,32,12350.068062
102,33,12260.966166
102,34,12045.049803
102,35,11902.493371
102,39,11690.314753
102,40,11627.023509
102,41,11558.837640
102,42,11480.674412
102,43,11397.233239
102,44,11332.794336
102,46,11309.964691
103,30,13205.857413
103,31,13183.439047
103,32,12350.068062
103,33,12248.068943
103,34,12045.049803
103,35,11902.493371
103,39,11690.314753
103,40,11627.023509
103,41,11558.837640
103,42,11480.674412
103,43,11397.233239
103,44,11332.794336
103,46,11309.964691
104,30,13205.857413
104,31,13183.439047
104,32,12270.544279
104,33,12246.562676
104,34,12031.213194
104,35,11875.113940
104,39,11684.695622
104,40,11610.937947
104,41,11558.837640
104,42,11480.674412
104,43,11348.226102
104,44,11311.740886
104,46,11306.387298
105,30,13205.857413
105,31,13183.439047
105,32,12270.544279
105,33,12127.242243
105,34,12031.213194
105,35,11875.113940
105,39,11684.695622
105,40,11610.937947
105,41,11479.027671
105,42,11377.390945
105,43,11348.226102
105,44,11311.740886
105,46,11306.387298
106,30,13205.857413
106,31,13014.406844
106,32,12270.544279
106,33,12127.242243
106,34,12031.213194
106,35,11863.859614
106,39,11684.695622
106,40,11610.937947
106,41,11479.027671
106,42,11377.390945
106,43,11348.226102
106,44,11311.740886
106,46,11306.387298
107,30,13205.857413
107,31,13014.406844
107,32,12270.544279
107,33,12101.649161
107,34,12007.720604
107,35,11863.859614
107,39,11682.332174
107,40,11595.815527
107,41,11479.027671
107,42,11373.070628
107,43,11348.226102
107,44,11307.233587
107,46,11295.293434
108,30,13205.857413
108,31,13014.406844
108,32,12270.544279
108,33,12101.649161
108,34,12007.720604
108,35,11863.859614
108,39,11682.332174
108,40,11588.604306
108,41,11479.027671
108,42,11373.070628
108,43,11348.226102
108,44,11307.233587
108,46,11295.293434
109,30,13205.857413
109,31,13014.406844
109,32,12270.544279
109,33,12101.649161
109,34,12007.720604
109,35,11863.859614
109,39,11682.332174
109,40,11588.604306
109,41,11479.027671
109,42,11373.070628
109,43,11333.231694
109,44,11307.233587
109,46,11295.293434
110,30,13205.857413
110,31,13014.406844
110,32,12270.544279
110,33,12094.724341
110,34,12007.720604
110,35,11862.519843
110,39,11644.959518
110,40,11543.426011
110,41,11477.162743
110,42,11331.985460
110,44,11286.729318
111,30,13205.857413
111,31,13014.406844
111,32,12270.544279
111,33,12094.724341
111,34,12007.720604
111,35,11862.519843
111,39,11644.959518
111,40,11539.006510
111,41,11477.162743
111,42,11331.985460
111,44,11286.729318
112,30,12908.662737
112,32,12270.544279
112,33,12094.724341
112,34,11946.861131
112,35,11816.318118
112,39,11644.959518
112,40,11539.006510
112,41,11477.162743
112,42,11331.985460
112,44,11286.729318
113,30,12908.662737
113,32,12249.217031
113,33,12075.983821
113,34,11946.375339
113,35,11816.318118
113,39,11641.744804
113,40,11539.006510
113,41,11477.162743
113,42,11330.536335
113,44,11272.570139
114,30,12908.662737
114,32,12162.627786
114,33,12046.111847
114,34,11946.375339
114,35,11816.318118
114,39,11641.744804
114,40,11539.006510
114,41,11441.928300
114,42,11330.536335
114,44,11272.570139
115,30,12908.662737
115,32,12162.627786
115,33,12046.111847
115,34,11946.375339
115,35,11816.318118
115,39,11641.744804
115,40,11539.006510
115,41,11441.928300
115,42,11330.536335
115,44,11272.570139
116,30,12881.259235
116,32,12140.268830
116,33,12045.534537
116,34,11920.019009
116,35,11764.006854
116,39,11641.744804
116,40,11530.802771
116,41,11428.630047
116,42,11319.315197
116,44,11259.236526
117,30,12881.259235
117,32,12140.268830
117,33,12045.491900
117,34,11857.891359
117,35,11764.006854
117,39,11641.744804
117,40,11530.802771
117,41,11428.630047
117,42,11319.315197
117,44,11259.236526
118,30,12881.259235
118,31,12517.442822
118,32,12140.268830
118,33,12045.491900
118,34,11857.891359
118,35,11764.006854
118,39,11641.744804
118,40,11530.802771
118,41,11419.409306
118,42,11319.315197
118,44,11259.236526
119,30,12881.259235
119,31,12487.528963
119,32,12136.476911
119,33,12039.863727
119,34,11827.527587
119,35,11751.022358
119,39,11607.986606
119,40,11530.802771
119,41,11409.043886
119,42,11319.315197
119,44,11240.539155
120,30,12881.259235
120,31,12056.624466
120,32,11937.971779
120,34,11827.527587
120,35,11751.022358
120,39,11607.986606
120,40,11525.094900
120,41,11409.043886
120,42,11319.315197
120,44,11240.539155
121,30,12881.259235
121,31,12056.624466
121,32,11937.971779
121,34,11827.527587
121,35,11751.022358
121,39,11607.986606
121,40,11525.094900
121,41,11383.594504
121,42,11319.315197
121,44,11240.539155
122,30,12881.259235
122,31,12042.521227
122,32,11937.971779
122,34,11827.527587
122,35,11733.832571
122,36,11726.446519
122,39,11588.957879
122,40,11291.869415
122,44,11234.838498
123,30,12881.259235
123,31,12042.521227
123,32,11937.971779
123,34,11806.901725
123,35,11733.832571
123,36,11726.446519
123,39,11588.957879
123,40,11291.869415
123,42,11274.942023
123,44,11234.838498
124,29,14624.218490
124,30,12881.259235
124,31,12042.521227
124,32,11937.971779
124,33,11862.549764
124,34,11750.598787
124,35,11733.832571
124,36,11726.446519
124,39,11588.957879
124,40,11291.869415
124,42,11274.942023
124,44,11234.838498
125,29,14624.218490
125,30,12881.259235
125,31,12042.521227
125,32,11937.971779
125,33,11828.017950
125,34,11750.598787
125,35,11733.832571
125,36,11726.446519
125,39,11588.957879
125,40,11291.869415
125,42,11274.942023
125,44,11234.838498
126,29,14624.218490
126,30,12881.259235
126,31,12042.521227
126,32,11937.971779
126,33,11828.017950
126,34,11676.763984
126,39,11588.957879
126,40,11291.869415
126,42,11274.942023
126,43,11266.780295
126,44,11234.838498
127,29,14624.218490
127,30,12881.259235
127,31,12042.521227
127,32,11937.971779
127,33,11828.017950
127,34,11676.763984
127,39,11588.957879
127,40,11291.869415
127,42,11274.942023
127,43,11266.780295
127,44,11234.838498
128,29,14624.218490
128,30,12881.259235
128,31,12042.521227
128,32,11937.971779
128,33,11828.017950
128,34,11676.763984
128,35,11659.866757
128,39,11588.957879
128,40,11291.869415
128,42,11274.942023
128,43,11266.780295
128,44,11234.838498
129,29,14624.218490
129,30,12881.259235
129,31,12040.291193
129,32,11909.471921
129,33,11828.017950
129,34,11676.763984
129,35,11650.034552
129,38,11538.243075
129,40,11291.869415
129,42,11264.657126
129,44,11218.204937
130,29,14624.218490
130,30,12858.943418
130,31,12040.291193
130,32,11909.471921
130,33,11755.309594
130,34,11676.763984
130,35,11650.034552
130,38,11538.243075
130,39,11386.643026
130,40,11291.869415
130,42,11264.657126
130,44,11218.204937
131,29,14624.218490
131,30,12611.499110
131,31,12040.291193
131,32,11909.471921
131,33,11755.309594
131,34,11676.763984
131,35,11650.034552
131,36,11631.083186
131,38,11538.243075
131,39,11386.643026
131,40,11291.869415
131,42,11264.657126
131,44,11218.204937
132,29,14624.218490
132,30,12611.499110
132,31,12040.291193
132,32,11909.471921
132,33,11755.309594
132,34,11676.763984
132,35,11620.894797
132,38,11538.243075
132,39,11386.643026
132,40,11291.869415
132,42,11264.657126
132,44,11218.204937
133,29,14624.218490
133,30,12611.499110
133,31,12037.250881
133,32,11909.471921
133,33,11755.309594
133,34,11676.763984
133,35,11620.894797
133,38,11538.243075
133,39,11386.643026
133,40,11291.869415
133,42,11264.657126
133,44,11218.204937
134,29,14624.218490
134,30,12611.499110
134,31,11923.122976
134,32,11898.687238
134,33,11755.309594
134,34,11671.859513
134,35,11616.220116
134,38,11538.243075
134,39,11365.044070
134,40,11287.984607
134,42,11264.657126
134,43,11212.009408
135,29,12520.471275
135,31,11923.122976
135,32,11898.687238
135,33,11755.309594
135,34,11671.859513
135,35,11616.220116
135,38,11538.243075
135,39,11365.044070
135,40,11287.984607
135,42,11228.015898
135,43,11212.009408
136,29,12520.471275
136,31,11923.122976
136,32,11898.687238
136,33,11753.086583
136,34,11671.859513
136,35,11616.220116
136,37,11568.053853
136,38,11538.243075
136,39,11365.044070
136,40,11287.984607
136,42,11228.015898
136,43,11212.009408
137,29,12432.013732
137,31,11892.939850
137,32,11730.021587
137,34,11671.756668
137,35,11608.727889
137,37,11556.675648
137,38,11521.249293
137,39,11365.044070
137,40,11264.775190
137,42,11225.267679
137,43,11190.996592
138,29,12432.013732
138,31,11892.939850
138,32,11730.021587
138,33,11714.048290
138,34,11671.756668
138,35,11608.727889
138,37,11556.675648
138,38,11521.249293
138,39,11365.044070
138,40,11264.775190
138,42,11225.267679
138,43,11190.996592
139,29,12432.013732
139,31,11892.939850
139,32,11730.021587
139,33,11714.048290
139,34,11671.756668
139,35,11608.727889
139,37,11556.675648
139,38,11521.249293
139,39,11365.044070
139,40,11264.775190
139,42,11225.267679
139,43,11190.996592
140,29,12432.013732
140,31,11718.524849
140,33,11710.982674
140,34,11671.485002
140,35,11587.729210
140,37,11552.750729
140,38,11505.244151
140,39,11351.096339
140,40,11264.775190
140,42,11224.990326
140,43,11167.726955
141,29,12432.013732
141,30,12167.984021
141,31,11718.524849
141,33,11710.982674
141,34,11671.485002
141,35,11587.729210
141,37,11552.750729
141,38,11505.244151
141,39,11351.096339
141,40,11264.775190
141,42,11224.990326
141,43,11167.726955
142,29,12324.338205
142,30,12167.984021
142,31,11718.524849
142,33,11700.651996
142,34,11671.485002
142,35,11587.729210
142,36,11570.406153
142,37,11552.750729
142,38,11505.244151
142,39,11351.096339
142,40,11264.775190
142,42,11224.990326
142,43,11167.726955
143,29,12253.986560
143,30,12083.266074
143,31,11718.524849
143,33,11697.396257
143,34,11659.423312
143,35,11560.271790
143,37,11552.750729
143,38,11454.749926
143,39,11344.132374
143,40,11250.818851
143,42,11135.524372
144,29,12253.986560
144,30,11621.554355
144,35,11560.271790
144,37,11552.750729
144,38,11454.749926
144,39,11344.132374
144,40,11250.818851
144,42,11135.524372
145,29,12253.986560
145,30,11621.554355
145,35,11560.271790
145,37,11552.750729
145,38,11454.749926
145,39,11344.132374
145,40,11250.818851
145,42,11135.524372
146,29,12149.968583
146,30,11619.031936
146,31,11599.911702
146,35,11556.204304
146,37,11526.172810
146,38,11454.749926
146,39,11344.132374
146,40,11232.087260
146,42,11135.076754
147,29,12149.968583
147,30,11619.031936
147,31,11599.911702
147,35,11556.204304
147,37,11490.636605
147,38,11454.749926
147,39,11344.132374
147,40,11232.087260
147,42,11135.076754
148,29,12149.968583
148,30,11619.031936
148,31,11599.911702
148,35,11556.204304
148,37,11457.243976
148,38,11454.749926
148,39,11344.132374
148,40,11232.087260
148,42,11135.076754
149,29,12126.809465
149,30,11604.227189
149,31,11581.433797
149,33,11531.367992
149,37,11457.243976
149,38,11442.134356
149,39,11190.924389
149,41,11112.871165
150,29,12126.809465
150,30,11604.227189
150,31,11581.433797
150,33,11531.367992
150,37,11457.243976
150,38,11442.134356
150,39,11190.924389
150,41,11112.871165
151,29,12085.974705
151,30,11586.047019
151,31,11581.433797
151,32,11567.648372
151,33,11531.367992
151,34,11520.291222
151,37,11457.243976
151,38,11442.134356
151,39,11190.924389
151,41,11112.871165
152,29,11604.560405
152,30,11586.047019
152,31,11515.964973
152,34,11511.891881
152,36,11444.657360
152,38,11426.662634
152,39,11190.924389
152,41,11074.665077
153,29,11604.560405
153,30,11586.047019
153,31,11515.964973
153,34,11511.891881
153,36,11444.657360
153,38,11419.592040
153,39,11190.924389
153,41,10996.431598
154,29,11604.560405
154,30,11586.047019
154,31,11515.964973
154,34,11511.891881
154,36,11444.657360
154,38,11419.592040
154,39,11190.924389
154,41,10996.431598
155,29,11600.573599
155,30,11575.467432
155,31,11509.532345
155,34,11506.432539
155,36,11426.961474
155,38,11419.592040
155,39,11190.229939
155,41,10996.431598
156,29,11600.573599
156,30,11575.467432
156,31,11509.532345
156,33,11484.421830
156,36,11426.961474
156,38,11419.592040
156,39,11190.229939
156,41,10996.431598
157,29,11600.573599
157,30,11575.467432
157,31,11509.532345
157,33,11484.421830
157,34,11480.560728
157,35,11475.881887
157,36,11426.961474
157,38,11419.592040
157,39,11190.229939
157,41,10996.431598
158,29,11591.811488
158,30,11571.257149
158,31,11504.112643
158,33,11481.270304
158,34,11480.165346
158,35,11413.371301
158,38,11411.396596
158,39,11189.463589
158,41,10991.095023
159,29,11591.811488
159,30,11571.257149
159,31,11504.112643
159,33,11444.419288
159,35,11413.371301
159,38,11347.740164
159,39,11189.463589
159,41,10991.095023
160,29,11591.811488
160,30,11571.257149
160,31,11504.112643
160,33,11444.419288
160,35,11413.371301
160,37,11399.770296
160,38,11347.740164
160,39,11189.463589
160,41,10991.095023
161,29,11590.012878
161,30,11565.748280
161,31,11503.934595
161,32,11434.897103
161,35,11369.170206
161,38,11335.537947
161,39,11189.463589
161,41,10991.095023
162,29,11554.853276
162,30,11551.742729
162,31,11503.934595
162,32,11434.897103
162,35,11369.170206
162,38,11335.537947
162,39,11189.463589
162,41,10991.095023
163,29,11554.853276
163,30,11551.742729
163,31,11503.934595
163,32,11434.897103
163,34,11412.464713
163,35,11369.170206
163,38,11335.537947
163,39,11189.463589
163,41,10946.617942
164,29,11536.582274
164,31,11473.790638
164,32,11399.350658
164,35,11364.664673
164,38,11182.201011
164,41,10946.617942
165,29,11536.582274
165,31,11473.790638
165,32,11399.350658
165,35,11364.664673
165,38,11182.201011
165,41,10946.617942
166,29,11536.582274
166,31,11473.790638
166,32,11399.350658
166,35,11364.664673
166,38,11182.201011
166,41,10946.617942
167,29,11534.839620
167,31,11460.391317
167,32,11392.659145
167,35,11323.862638
167,38,11173.202921
167,40,10931.424820
168,28,12813.793555
168,29,11534.839620
168,30,11526.767234
168,31,11460.391317
168,32,11392.659145
168,33,11369.991099
168,35,11323.862638
168,36,11305.954896
168,38,11173.202921
168,40,10931.424820
169,28,12813.793555
169,29,11534.839620
169,30,11526.767234
169,31,11460.391317
169,32,11392.659145
169,33,11369.991099
169,35,11323.862638
169,36,11305.954896
169,38,11173.202921
169,40,10931.424820
170,28,12732.953608
170,29,11531.873710
170,30,11518.209213
170,31,11460.391317
170,32,11383.848417
170,33,11366.531742
170,35,11317.121070
170,36,11305.954896
170,38,11170.541997
170,40,10928.899761
171,28,12732.953608
171,29,11531.873710
171,30,11496.950428
171,31,11460.391317
171,32,11383.848417
171,33,11366.531742
171,35,11317.121070
171,36,11305.954896
171,38,11148.120557
171,40,10928.899761
172,28,12732.953608
172,29,11531.873710
172,30,11496.950428
172,31,11460.391317
172,32,11383.848417
172,33,11366.531742
172,35,11317.121070
172,36,11258.944440
172,38,11148.120557
172,39,10983.223902
172,40,10928.899761
173,28,12732.953608
173,29,11531.873710
173,30,11493.559545
173,31,11448.197147
173,32,11349.654397
173,33,11344.669320
173,34,11317.471570
173,35,11317.121070
173,36,11258.944440
173,38,11148.120557
173,39,10970.262662
173,40,10928.899761
174,28,12732.953608
174,29,11531.873710
174,30,11493.559545
174,31,11448.197147
174,32,11349.654397
174,33,11344.669320
174,34,11317.471570
174,35,11317.121070
174,36,11258.944440
174,38,11148.120557
174,39,10935.404144
174,40,10928.899761
175,28,11900.858356
175,29,11531.873710
175,30,11493.559545
175,31,11448.197147
175,32,11349.654397
175,33,11344.669320
175,34,11317.471570
175,35,11283.461789
175,36,11258.944440
175,38,11148.120557
175,39,10935.404144
175,40,10928.899761
176,28,11879.532735
176,29,11531.873710
176,30,11493.559545
176,31,11446.213861
176,32,11347.085821
176,33,11342.079701
176,34,11317.180215
176,35,11282.581314
176,36,11258.944440
176,38,11116.966520
176,39,10935.404144
176,40,10905.006881
177,28,11879.532735
177,29,11531.873710
177,30,11493.559545
177,31,11446.213861
177,32,11347.085821
177,33,11342.079701
177,34,11315.694734
177,35,11282.581314
177,36,11247.691893
177,38,11116.966520
177,39,10935.404144
177,40,10905.006881
178,28,11879.532735
178,29,11531.873710
178,30,11493.559545
178,31,11446.213861
178,32,11347.085821
178,33,11302.035478
178,35,11254.592318
178,36,11247.691893
178,38,11116.966520
178,39,10935.404144
178,40,10905.006881
178,43,10897.144122
179,28,11879.532735
179,29,11531.873710
179,30,11443.576163
179,32,11342.312048
179,33,11302.035478
179,34,11243.236389
179,36,11229.297183
179,38,11116.952245
179,39,10935.404144
179,40,10905.006881
179,43,10897.144122
180,28,11879.532735
180,29,11531.873710
180,30,11374.433587
180,31,11355.643856
180,32,11342.312048
180,33,11302.035478
180,34,11243.236389
180,36,11229.297183
180,38,11116.952245
180,39,10935.404144
180,40,10905.006881
180,43,10897.144122
181,28,11879.532735
181,29,11531.873710
181,30,11374.433587
181,31,11355.643856
181,32,11342.312048
181,33,11302.035478
181,34,11243.236389
181,36,11229.297183
181,38,11116.952245
181,39,10935.404144
181,40,10905.006881
181,42,10863.270714
182,28,11879.532735
182,29,11531.873710
182,30,11374.433587
182,31,11351.132768
182,32,11322.718525
182,33,11302.035478
182,34,11233.090543
182,36,11207.253404
182,38,11101.221004
182,39,10917.270104
182,40,10899.213962
182,42,10863.270714
183,28,11879.532735
183,29,11531.873710
183,30,11374.433587
183,31,11351.132768
183,32,11322.718525
183,33,11302.035478
183,34,11233.090543
183,36,11207.253404
183,38,11101.221004
183,39,10917.270104
183,40,10899.213962
183,42,10863.270714
184,28,11879.532735
184,29,11531.873710
184,30,11374.433587
184,31,11351.132768
184,32,11322.718525
184,33,11302.035478
184,34,11233.090543
184,36,11207.253404
184,38,11101.221004
184,39,10917.270104
184,40,10899.213962
184,42,10863.270714
185,28,11879.532735
185,29,11531.873710
185,30,11339.879619
185,32,11206.607818
185,35,11160.901143
185,38,11092.287055
185,39,10911.961559
185,40,10875.511097
185,42,10856.639792
186,28,11879.532735
186,29,11495.532671
186,30,11339.879619
186,32,11206.607818
186,35,11160.901143
186,38,11092.287055
186,39,10911.961559
186,40,10875.511097
186,42,10856.639792
187,28,11879.532735
187,29,11495.532671
187,30,11339.879619
187,32,11206.607818
187,35,11160.901143
187,38,11092.287055
187,39,10911.961559
187,40,10875.511097
187,42,10856.639792
188,28,11771.803776
188,29,11480.764172
188,30,11339.879619
188,32,11204.656082
188,35,11160.901143
188,38,11091.918869
188,39,10865.892800
188,42,10854.405292
189,28,11657.039291
189,29,11461.259997
189,30,11339.879619
189,32,11204.656082
189,35,11160.901143
189,38,11091.918869
189,39,10865.892800
189,41,10853.135988
190,28,11657.039291
190,29,11461.259997
190,30,11339.879619
190,31,11323.346044
190,32,11204.656082
190,35,11160.901143
190,38,11091.918869
190,39,10865.892800
190,41,10853.135988
191,28,11600.158303
191,29,11431.614872
191,30,11295.613456
191,32,11196.596731
191,35,11160.880552
191,38,11006.786144
191,39,10862.616964
191,41,10846.266378
191,43,10845.786967
192,28,11580.631309
192,29,11431.614872
192,30,11295.613456
192,32,11196.596731
192,35,11160.880552
192,38,11006.786144
192,39,10862.616964
192,41,10846.266378
192,43,10845.786967
193,28,11580.631309
193,29,11431.614872
193,30,11287.031143
193,32,11196.596731
193,35,11160.880552
193,38,11006.786144
193,39,10862.616964
193,41,10846.266378
193,43,10845.786967
194,28,11577.648219
194,29,11431.614872
194,30,11279.599217
194,32,11176.997083
194,35,11160.668586
194,38,11006.786144
194,39,10849.210052
194,41,10846.266378
194,42,10844.041569
195,28,11577.648219
195,29,11431.614872
195,30,11279.599217
195,32,11176.997083
195,35,11160.668586
195,38,11006.786144
195,39,10849.210052
195,41,10846.266378
195,42,10844.041569
196,28,11577.648219
196,29,11431.614872
196,30,11279.599217
196,32,11176.283576
196,35,11160.668586
196,38,10940.065175
196,39,10849.210052
196,41,10846.266378
196,42,10844.041569
197,28,11573.215135
197,29,11422.852761
197,30,11277.411029
197,32,11176.283576
197,35,11146.751366
197,37,10929.171157
197,38,10831.659332
198,28,11573.215135
198,29,11422.852761
198,30,11277.411029
198,32,11176.283576
198,33,11171.538503
198,35,11146.751366
198,37,10929.171157
198,38,10831.659332
199,28,11573.215135
199,29,11422.852761
199,30,11277.411029
199,31,11251.457415
199,32,11176.283576
199,33,11171.538503
199,34,11167.509250
199,35,11146.751366
199,37,10929.171157
199,38,10831.659332
200,28,11520.244846
200,29,11422.852761
200,30,11262.333268
200,31,11251.269338
200,32,11168.805247
200,33,11148.575051
200,34,11147.587857
200,35,11146.751366
200,37,10873.709922
200,38,10831.659332
201,28,11520.244846
201,29,11422.852761
201,30,11262.333268
201,31,11251.269338
201,32,11167.382801
201,33,11148.575051
201,34,11147.587857
201,35,11146.751366
201,37,10872.445059
201,38,10831.659332
201,40,10818.404487
202,28,11520.244846
202,29,11422.852761
202,30,11262.333268
202,31,11251.269338
202,32,11167.382801
202,33,11148.575051
202,34,11139.835225
202,37,10869.203663
202,38,10831.659332
202,40,10818.404487
203,28,11516.984697
203,29,11415.802164
203,30,11230.499368
203,31,11163.161244
203,32,11131.923188
203,37,10869.203663
203,38,10804.158613
204,28,11516.984697
204,29,11415.802164
204,30,11230.499368
204,31,11163.161244
204,32,11131.923188
204,37,10856.947809
204,38,10804.158613
205,28,11516.984697
205,29,11415.802164
205,30,11230.499368
205,31,11163.161244
205,32,11131.923188
205,37,10856.947809
205,38,10804.158613
206,28,11512.568206
206,29,11407.056419
206,30,11177.683405
206,31,11159.588593
206,32,11131.923188
206,37,10763.703842
207,28,11512.568206
207,29,11213.182027
207,30,11177.683405
207,31,11159.588593
207,32,11131.923188
207,37,10763.703842
208,28,11512.568206
208,29,11213.182027
208,30,11177.683405
208,31,11159.588593
208,32,11131.923188
208,37,10751.670272
209,27,11585.499575
209,28,11508.698238
209,29,11209.404158
209,30,11175.348328
209,31,11153.986916
209,32,11131.321550
209,37,10744.909112
210,27,11585.499575
210,28,11508.698238
210,29,11209.404158
210,30,11175.348328
210,31,11153.986916
210,32,11131.321550
210,37,10744.909112
211,27,11585.499575
211,28,11508.698238
211,29,11209.404158
211,30,11175.348328
211,31,11153.986916
211,32,11131.321550
211,36,10826.338901
211,37,10744.909112
212,27,11581.343729
212,28,11505.332271
212,29,11209.348544
212,30,11175.090850
212,31,11149.509647
212,32,11116.121341
212,35,11067.531428
212,36,10766.799337
212,37,10741.731411
213,27,11581.343729
213,28,11505.332271
213,29,11209.348544
213,30,11175.090850
213,31,11149.509647
213,32,11116.121341
213,33,11090.401349
213,35,11067.531428
213,36,10766.799337
213,37,10741.731411
214,27,11581.343729
214,28,11505.332271
214,29,11209.348544
214,30,11175.090850
214,31,11149.509647
214,32,11116.121341
214,33,11090.401349
214,35,11067.531428
214,36,10766.799337
214,37,10741.731411
214,38,10734.759491
215,27,11581.343729
215,28,11505.332271
215,29,11188.577467
215,30,11156.170177
215,31,11144.452692
215,32,11091.386461
215,33,11059.506767
215,36,10766.799337
215,37,10738.708996
215,38,10730.670537
216,27,11581.343729
216,28,11505.332271
216,29,11188.577467
216,30,11156.170177
216,31,11144.452692
216,32,11091.386461
216,33,11059.506767
216,36,10766.799337
216,37,10738.708996
216,38,10730.670537
217,27,11581.343729
217,28,11505.332271
217,29,11188.577467
217,30,11156.170177
217,31,11144.452692
217,32,11079.783689
217,33,11059.506767
217,36,10766.799337
217,37,10738.708996
217,38,10730.670537
218,27,11539.032673
218,28,11504.474284
218,29,11157.235995
218,30,11151.390930
218,31,11144.218589
218,32,11079.783689
218,33,11053.357528
218,36,10752.132795
218,37,10738.708996
218,38,10727.424412
219,27,11539.032673
219,28,11504.474284
219,29,11148.491319
219,30,11113.707330
219,32,11079.783689
219,33,11053.357528
219,36,10752.132795
219,37,10725.943452
220,27,11539.032673
220,28,11504.474284
220,29,11145.041795
220,30,11113.707330
220,32,11079.783689
220,33,11053.357528
220,36,10752.132795
220,37,10725.943452
221,27,11512.270357
221,28,11499.206342
221,29,11142.551066
221,30,11112.642553
221,32,11050.574194
221,35,10975.092060
221,36,10752.132795
221,37,10709.360532
222,27,11512.270357
222,28,11240.786167
222,29,11142.551066
222,30,11112.642553
222,32,11050.574194
222,35,10975.092060
222,36,10752.132795
222,37,10709.360532
223,27,11512.270357
223,28,11240.786167
223,29,11142.551066
223,30,11112.642553
223,32,11050.574194
223,35,10924.608725
223,36,10752.132795
223,37,10709.360532
224,27,11213.619473
224,29,11136.148007
224,30,11090.929664
224,32,11037.259572
224,35,10878.364578
224,36,10751.775706
224,37,10707.024650
225,26,12123.485925
225,27,11213.619473
225,29,11136.148007
225,30,11090.929664
225,32,11037.259572
225,33,11033.277906
225,35,10878.364578
225,36,10751.775706
225,37,10707.024650
226,26,12123.485925
226,27,11213.619473
226,29,11136.148007
226,30,11090.929664
226,31,11036.628592
226,33,11033.277906
226,35,10878.364578
226,36,10751.775706
226,37,10707.024650
227,26,12123.485925
227,27,11189.828966
227,28,11132.031779
227,29,11106.800404
227,30,11090.929664
227,31,11034.433710
227,33,11014.885321
227,34,11007.362425
227,35,10856.775823
227,36,10751.775706
227,37,10707.024650
228,26,12123.485925
228,27,11189.828966
228,28,11132.031779
228,29,11106.800404
228,30,11090.929664
228,31,11034.433710
228,33,11014.885321
228,34,11007.362425
228,35,10856.775823
228,36,10751.775706
228,37,10707.024650
229,26,12123.485925
229,27,11189.828966
229,28,11132.031779
229,29,11106.800404
229,30,11090.929664
229,31,11034.433710
229,33,11014.885321
229,34,11007.362425
229,35,10856.775823
229,36,10751.775706
229,37,10707.024650
230,26,11720.382112
230,27,11179.108159
230,28,11102.184254
230,29,11099.909812
230,30,11088.491341
230,31,11032.343348
230,33,10983.418305
230,35,10850.601668
230,36,10750.810967
230,37,10707.024650
230,39,10694.915017
231,26,11720.382112
231,27,11144.920733
231,28,11102.184254
231,29,11099.909812
231,30,11088.491341
231,31,11032.343348
231,33,10983.418305
231,35,10850.601668
231,36,10750.810967
231,37,10707.024650
231,39,10694.915017
232,26,11707.022234
232,27,11090.561673
232,30,11088.491341
232,31,11032.343348
232,33,10983.418305
232,35,10850.601668
232,36,10748.230898
232,37,10707.024650
232,39,10694.915017
233,26,11684.433187
233,27,11080.624811
233,30,11076.108999
233,31,11030.525283
233,33,10979.884550
233,35,10850.601668
233,36,10745.280999
233,37,10704.552796
233,39,10694.915017
234,26,11684.433187
234,27,11080.624811
234,30,11076.108999
234,31,11030.525283
234,32,11016.862817
234,33,10979.884550
234,35,10850.601668
234,36,10745.280999
234,37,10704.552796
234,39,10694.915017
235,26,11684.433187
235,27,11080.624811
235,30,11076.108999
235,31,11030.525283
235,32,11016.862817
235,33,10979.884550
235,35,10850.601668
235,36,10745.280999
235,37,10704.552796
235,39,10694.915017
236,26,11680.826042
236,27,11073.288239
236,31,11007.081212
236,32,10976.822079
236,35,10821.947917
236,36,10726.676201
236,37,10704.552796
236,39,10694.588620
237,26,11680.826042
237,27,11073.288239
237,31,11007.081212
237,32,10976.822079
237,35,10821.947917
237,36,10726.676201
237,37,10704.552796
237,39,10694.588620
238,26,11680.826042
238,27,11073.288239
238,31,11007.081212
238,32,10976.822079
238,35,10821.947917
238,36,10726.676201
238,37,10704.552796
238,39,10694.588620
239,26,11667.791148
239,27,11073.212597
239,31,10968.853623
239,35,10691.687686
240,26,11667.791148
240,27,11073.212597
240,28,11073.180751
240,30,11036.967572
240,31,10968.853623
240,35,10691.687686
241,26,11667.791148
241,27,11071.607732
241,30,11036.967572
241,31,10968.853623
241,35,10691.687686
242,26,11667.791148
242,27,11015.153378
242,31,10967.989326
242,35,10683.011997
243,26,11667.791148
243,27,11015.153378
243,31,10967.989326
243,35,10683.011997
244,26,11667.791148
244,27,11015.153378
244,31,10967.989326
244,35,10683.011997
244,36,10652.380086
245,26,11667.791148
245,27,11010.957613
245,31,10965.519546
245,35,10681.784546
245,36,10651.381889
246,26,11667.791148
246,27,11010.957613
246,31,10965.519546
246,35,10681.784546
246,36,10651.381889
246,37,10625.054683
247,26,11667.791148
247,27,11010.957613
247,31,10965.519546
247,35,10681.784546
247,36,10651.381889
247,37,10625.054683
248,26,11667.603442
248,27,11003.742566
248,31,10955.409809
248,35,10625.960041
248,37,10625.054683
249,26,11667.603442
249,27,11003.742566
249,31,10955.409809
249,35,10625.960041
249,37,10625.054683
250,26,11667.603442
250,27,11003.742566
250,31,10955.409809
250,35,10625.960041
250,36,10611.472275
251,26,11667.603442
251,27,11003.742566
251,30,10965.143001
251,31,10953.587507
251,35,10609.864217
251,36,10604.133695
252,26,11667.603442
252,27,11003.742566
252,30,10965.143001
252,31,10953.587507
252,35,10609.864217
252,36,10604.133695
253,26,11667.603442
253,27,11003.742566
253,30,10965.143001
253,31,10953.587507
253,35,10609.864217
253,36,10604.133695
254,26,11659.782007
254,27,11003.742566
254,30,10965.143001
254,31,10940.600709
254,34,10608.282391
254,35,10576.170480
255,26,11659.782007
255,27,11003.742566
255,30,10965.143001
255,31,10940.600709
255,34,10608.282391
255,35,10576.170480
256,26,11659.782007
256,27,11003.742566
256,29,11001.083648
256,30,10965.143001
256,31,10940.600709
256,34,10608.282391
256,35,10576.170480
257,26,11654.570166
257,27,11001.364072
257,29,10947.492681
257,31,10933.751332
257,34,10600.220452
257,35,10576.170480
258,26,11654.570166
258,27,11001.364072
258,28,10997.630579
258,29,10947.492681
258,31,10933.751332
258,34,10600.220452
258,35,10576.170480
259,26,11638.966705
259,27,11001.364072
259,28,10997.630579
259,29,10947.492681
259,31,10933.751332
259,34,10600.220452
259,35,10576.170480
260,26,11616.011819
260,27,10989.946957
260,29,10940.264861
260,31,10933.563255
260,34,10598.521281
260,35,10555.409634
261,26,11616.011819
261,27,10989.946957
261,29,10940.264861
261,31,10933.563255
261,34,10598.521281
261,35,10555.409634
262,26,11616.011819
262,27,10989.946957
262,29,10940.264861
262,31,10933.563255
262,34,10598.521281
262,35,10555.409634
263,26,11602.235691
263,27,10980.504024
263,28,10977.361341
263,29,10927.491368
263,31,10926.201972
263,34,10598.521281
263,35,10552.594902
264,26,11602.235691
264,27,10980.504024
264,28,10977.361341
264,29,10927.491368
264,31,10926.201972
264,34,10598.521281
264,35,10552.594902
265,26,11602.235691
265,27,10957.646457
265,29,10927.491368
265,31,10926.201972
265,34,10598.521281
265,35,10552.594902
266,26,11602.235691
266,27,10952.071088
266,29,10916.989877
266,34,10598.479444
266,35,10549.720119
267,26,10996.191318
267,27,10952.071088
267,29,10916.989877
267,34,10598.479444
267,35,10549.720119
268,26,10996.191318
268,27,10952.071088
268,29,10916.989877
268,34,10598.479444
268,35,10549.720119
269,26,10995.372255
269,27,10952.071088
269,29,10916.989877
269,34,10597.582962
269,35,10549.029947
270,26,10995.372255
270,27,10952.071088
270,28,10939.359474
270,29,10916.989877
270,33,10606.812301
270,34,10597.582962
270,35,10549.029947
271,26,10995.372255
271,27,10931.403269
271,29,10916.989877
271,33,10606.812301
271,34,10597.582962
271,35,10549.029947
272,26,10986.572380
272,27,10921.737688
272,29,10916.791748
272,33,10604.093317
272,34,10588.737714
272,35,10549.029947
273,26,10986.572380
273,27,10921.737688
273,29,10916.791748
273,33,10604.093317
273,34,10588.737714
273,35,10549.029947
274,26,10986.572380
274,27,10921.737688
274,29,10916.791748
274,33,10604.093317
274,34,10588.737714
274,35,10549.029947
275,26,10983.235311
275,27,10920.143046
275,28,10918.613382
275,29,10912.457108
275,32,10900.337755
275,33,10604.093317
275,34,10585.917046
275,35,10549.029947
276,26,10983.235311
276,27,10915.605280
276,29,10912.457108
276,32,10900.337755
276,33,10604.093317
276,34,10585.917046
276,35,10549.029947
277,26,10983.235311
277,27,10915.605280
277,29,10912.457108
277,32,10900.337755
277,33,10604.093317
277,34,10585.917046
277,35,10549.029947
278,26,10977.851016
278,27,10904.411353
278,32,10898.527949
278,33,10604.093317
278,34,10585.171629
278,35,10546.812913
279,26,10977.851016
279,27,10904.411353
279,32,10898.527949
279,33,10604.093317
279,34,10585.171629
279,35,10546.812913
280,25,11594.881160
280,26,10977.851016
280,27,10904.411353
280,32,10898.527949
280,33,10604.093317
280,34,10585.171629
280,35,10546.812913
281,25,11594.881160
281,26,10966.932820
281,27,10895.107731
281,32,10886.989225
281,33,10599.544223
281,34,10585.171629
281,35,10546.178775
282,25,11594.881160
282,26,10966.932820
282,27,10895.107731
282,32,10886.989225
282,33,10599.544223
282,34,10585.171629
282,35,10546.178775
283,25,11594.881160
283,26,10966.932820
283,27,10895.107731
283,32,10886.989225
283,33,10599.544223
283,34,10585.171629
283,35,10546.178775
284,25,11594.881160
284,26,10955.379581
284,27,10894.318900
284,32,10877.568954
284,33,10597.859550
284,34,10567.445537
284,35,10546.178775
285,25,11594.881160
285,26,10955.379581
285,27,10894.318900
285,29,10887.082816
285,32,10877.568954
285,33,10597.859550
285,34,10567.445537
285,35,10546.178775
286,25,11594.881160
286,26,10955.379581
286,27,10894.318900
286,29,10887.082816
286,32,10877.568954
286,33,10597.859550
286,34,10567.445537
286,35,10546.178775
287,25,11569.263017
287,26,10893.930550
287,27,10872.130653
287,33,10597.859550
287,34,10567.445537
287,35,10546.178775
288,25,11569.263017
288,26,10893.930550
288,27,10872.130653
288,33,10597.859550
288,34,10567.445537
288,35,10546.178775
289,25,11569.263017
289,26,10893.930550
289,27,10872.130653
289,33,10597.859550
289,34,10567.445537
289,35,10546.178775
290,25,11569.263017
290,26,10893.867312
290,27,10869.649730
290,33,10597.859550
290,34,10565.383037
290,35,10546.178775
291,25,11569.263017
291,26,10878.432121
291,27,10863.119445
291,33,10555.643355
291,35,10546.178775
292,25,11569.263017
292,26,10878.432121
292,27,10863.119445
292,33,10555.643355
292,35,10546.178775
293,25,11568.053789
293,26,10877.531260
293,27,10860.015041
293,28,10849.150729
293,33,10555.643355
293,35,10546.178775
294,25,11568.053789
294,26,10877.531260
294,27,10860.015041
294,28,10849.150729
294,33,10555.643355
294,35,10546.178775
295,25,11568.053789
295,26,10877.531260
295,27,10857.231896
295,28,10849.150729
295,29,10820.907826
295,33,10555.643355
295,35,10546.178775
296,25,11567.901454
296,26,10869.215483
296,27,10843.805909
296,28,10826.511637
296,29,10812.794489
296,33,10555.643355
296,35,10534.839961
297,25,11567.901454
297,26,10869.215483
297,27,10843.805909
297,28,10826.511637
297,29,10812.794489
297,33,10555.643355
297,34,10523.444936
298,25,11567.901454
298,26,10869.215483
298,27,10843.805909
298,28,10826.511637
298,29,10812.794489
298,33,10555.643355
298,34,10523.444936
299,25,11566.596933
299,26,10862.509370
299,27,10843.805909
299,28,10826.282905
299,29,10803.269124
299,33,10552.296931
299,34,10516.713251
300,25,11566.596933
300,26,10862.509370
300,27,10843.805909
300,28,10826.282905
300,29,10803.269124
300,33,10534.062048
300,34,10516.713251
301,25,11566.596933
301,26,10862.509370
301,27,10843.805909
301,28,10826.282905
301,29,10803.269124
301,30,10789.267882
301,33,10534.062048
301,34,10516.713251
302,25,11563.656329
302,26,10862.509370
302,27,10838.732934
302,28,10826.282905
302,29,10802.460459
302,30,10784.973126
302,33,10533.487051
302,34,10514.040357
303,25,11563.656329
303,26,10862.509370
303,27,10838.732934
303,28,10826.282905
303,29,10802.460459
303,30,10784.973126
303,33,10533.487051
303,34,10494.798019
304,25,11563.656329
304,26,10862.509370
304,27,10838.732934
304,28,10826.282905
304,29,10802.460459
304,30,10784.973126
304,32,10753.309710
304,33,10533.487051
304,34,10490.423075
305,25,11563.656329
305,26,10861.692498
305,27,10820.695702
305,29,10763.841104
305,32,10753.309710
305,33,10533.131937
305,34,10484.862758
306,25,11563.656329
306,26,10861.692498
306,27,10820.695702
306,28,10811.713277
306,29,10763.841104
306,32,10753.309710
306,33,10533.131937
306,34,10484.862758
307,25,11563.656329
307,26,10861.692498
307,27,10820.695702
307,28,10811.713277
307,29,10763.841104
307,32,10753.309710
307,33,10533.131937
307,34,10484.862758
308,25,11563.656329
308,26,10854.547310
308,27,10820.017908
308,28,10811.713277
308,29,10757.004482
308,32,10753.309710
308,33,10533.131937
308,34,10484.862758
309,25,11563.656329
309,26,10854.547310
309,27,10820.017908
309,28,10811.713277
309,29,10757.004482
309,32,10753.309710
309,33,10533.131937
309,34,10484.862758
310,25,11246.857878
310,26,10854.547310
310,27,10820.017908
310,28,10811.713277
310,29,10757.004482
310,32,10753.309710
310,33,10533.131937
310,34,10484.862758
311,25,11226.963900
311,26,10848.454623
311,27,10814.800739
311,28,10811.585337
311,29,10754.484916
311,32,10745.922283
311,33,10523.655671
311,34,10479.341440
312,25,11226.963900
312,26,10848.454623
312,27,10814.800739
312,28,10811.585337
312,29,10754.484916
312,32,10745.922283
312,33,10523.655671
312,34,10479.341440
313,25,11226.963900
313,26,10848.454623
313,27,10814.800739
313,28,10811.585337
313,29,10754.484916
313,32,10745.922283
313,33,10523.655671
313,34,10479.341440
314,25,11210.156264
314,26,10833.527395
314,27,10802.694383
314,29,10754.463498
314,32,10743.838174
314,33,10516.523926
314,34,10477.967765
315,25,11210.156264
315,26,10833.527395
315,27,10802.694383
315,29,10754.463498
315,32,10743.838174
315,33,10516.523926
315,34,10477.967765
316,25,11210.156264
316,26,10833.527395
316,27,10802.694383
316,29,10754.463498
316,32,10743.838174
316,33,10516.523926
316,34,10477.967765
317,25,11206.633348
317,26,10829.319309
317,27,10793.725775
317,29,10743.656538
317,32,10741.969338
317,33,10511.927202
317,34,10476.841540
318,25,11062.613232
318,26,10829.319309
318,27,10793.725775
318,29,10743.656538
318,32,10741.969338
318,33,10511.927202
318,34,10476.841540
319,25,11062.613232
319,26,10829.319309
319,27,10793.725775
319,29,10743.656538
319,32,10741.969338
319,33,10511.927202
319,34,10476.841540
320,25,11060.176196
320,26,10829.319309
320,27,10793.725775
320,29,10738.714445
320,33,10511.482849
320,34,10475.537360
321,25,11060.176196
321,26,10829.319309
321,27,10793.725775
321,29,10738.714445
321,32,10692.881294
321,33,10511.482849
321,34,10475.537360
322,25,11060.176196
322,26,10829.319309
322,27,10793.725775
322,29,10738.714445
322,32,10692.881294
322,33,10511.482849
322,34,10475.537360
323,25,11047.750684
323,26,10816.668165
323,27,10786.839211
323,29,10737.418818
323,32,10692.881294
323,33,10511.482849
323,34,10475.537360
324,25,11047.750684
324,26,10816.668165
324,27,10786.839211
324,29,10737.418818
324,32,10692.881294
324,33,10511.482849
324,34,10475.537360
325,25,11047.750684
325,26,10816.668165
325,27,10786.839211
325,28,10781.002149
325,29,10737.418818
325,32,10692.881294
325,33,10511.482849
325,34,10461.851174
326,25,11047.750684
326,26,10800.861194
326,27,10786.839211
326,28,10769.916620
326,29,10736.688591
326,32,10689.362163
326,33,10511.482849
326,34,10461.851174
