Generation,NV,TOC
1,11,3149.866189
1,13,2375.556556
1,15,2250.077839
1,16,1985.323921
2,11,3149.866189
2,13,2375.556556
2,15,2039.222894
2,16,1985.323921
3,11,3149.866189
3,13,2213.058575
3,14,1958.936186
3,15,1954.104245
4,11,3149.866189
4,12,2773.155486
4,13,2213.058575
4,14,1947.330382
4,15,1914.455685
5,10,3367.457922
5,11,3114.050400
5,12,2773.155486
5,13,2213.058575
5,14,1947.330382
5,15,1895.747559
6,10,3367.457922
6,11,2772.512945
6,12,2373.884882
6,13,2213.058575
6,14,1947.330382
6,15,1895.747559
7,10,2277.921845
7,12,2055.188224
7,13,1861.220925
7,14,1858.656480
8,10,2141.090694
8,12,2035.463267
8,13,1861.220925
8,14,1857.373036
9,10,2141.090694
9,11,2021.765098
9,13,1857.670756
9,14,1857.373036
10,9,2845.730573
10,10,2141.090694
10,11,2021.765098
10,13,1832.353098
11,9,2384.953404
11,10,2119.419602
11,11,2020.251945
11,12,1999.199897
11,13,1832.353098
12,9,2384.953404
12,10,2119.419602
12,11,1992.712214
12,12,1839.227720
12,13,1832.353098
12,15,1788.963972
13,8,2827.244679
13,9,2162.158957
13,10,2119.419602
13,11,1992.712214
13,12,1839.227720
13,13,1804.864172
13,15,1788.963972
14,8,2827.244679
14,9,2162.158957
14,10,2107.947818
14,11,1785.235969
14,15,1749.454002
15,8,2827.244679
15,9,2162.158957
15,10,2107.947818
15,11,1785.235969
15,15,1749.454002
16,8,2359.506371
16,9,2162.158957
16,10,2072.434816
16,11,1785.235969
16,13,1781.471261
16,15,1749.454002
17,8,2151.242086
17,10,2072.434816
17,11,1785.235969
17,13,1781.471261
17,14,1766.531311
17,15,1749.454002
18,8,2151.242086
18,9,1986.402472
18,10,1935.219303
18,11,1785.235969
18,13,1775.016052
18,14,1766.531311
18,15,1749.454002
19,7,2527.859154
19,8,2151.242086
19,9,1986.402472
19,10,1935.219303
19,11,1785.235969
19,12,1763.686779
19,15,1749.454002
20,7,2527.859154
20,8,2151.242086
20,9,1986.402472
20,10,1935.219303
20,11,1758.966533
20,12,1747.752327
21,7,2527.859154
21,8,2151.242086
21,9,1986.402472
21,10,1935.219303
21,11,1731.681513
22,7,2527.859154
22,8,2151.242086
22,9,1911.076603
22,10,1892.520945
22,11,1731.681513
23,7,2527.859154
23,8,2106.802511
23,9,1876.520988
23,11,1731.681513
24,7,2215.088413
24,8,2050.292813
24,9,1874.973784
24,10,1854.946656
24,11,1721.477951
25,7,2215.088413
25,8,2050.292813
25,9,1867.897343
25,10,1854.946656
25,11,1721.477951
26,7,2215.088413
26,8,2050.292813
26,9,1867.897343
26,10,1854.946656
26,11,1721.477951
27,7,2215.088413
27,8,2050.292813
27,9,1867.897343
27,10,1822.305511
27,11,1721.477951
28,7,2215.088413
28,8,2050.292813
28,9,1867.897343
28,10,1807.493549
28,11,1721.477951
28,12,1720.943051
29,7,2215.088413
29,8,2050.292813
29,9,1867.897343
29,10,1807.493549
29,11,1720.462603
29,12,1716.269081
30,7,2118.442783
30,8,1954.775914
30,9,1786.823820
30,10,1779.337584
30,11,1720.462603
30,12,1716.269081
31,7,2118.442783
31,8,1954.775914
31,9,1747.333806
31,11,1720.462603
31,12,1706.058835
32,7,2118.442783
32,8,1954.775914
32,9,1747.333806
32,11,1720.462603
32,12,1703.257240
33,7,2118.442783
33,8,1954.775914
33,9,1747.333806
33,11,1691.613478
34,7,2057.959962
34,8,1912.357114
34,9,1737.550148
34,11,1686.763142
35,7,2057.959962
35,8,1782.319526
35,9,1737.550148
35,11,1686.763142
36,7,2057.959962
36,8,1782.319526
36,9,1706.079348
36,10,1660.867775
37,7,2057.959962
37,8,1782.319526
37,9,1706.079348
37,10,1660.867775
38,7,2057.959962
38,8,1782.319526
38,9,1706.079348
38,10,1660.867775
39,7,2057.959962
39,8,1782.319526
39,9,1706.079348
39,10,1660.867775
40,7,2019.848640
40,8,1782.319526
40,9,1706.079348
40,10,1660.867775
40,11,1645.677736
41,7,2019.848640
41,8,1782.319526
41,9,1706.079348
41,10,1660.867775
41,11,1645.677736
42,7,2019.848640
42,8,1782.319526
42,9,1706.079348
42,10,1660.867775
42,11,1645.677736
43,7,2019.848640
43,8,1782.319526
43,9,1706.079348
43,10,1660.867775
43,11,1645.677736
44,7,2000.819906
44,8,1763.369579
44,9,1706.079348
44,10,1637.024303
45,7,2000.819906
45,8,1763.369579
45,9,1706.079348
45,10,1637.024303
46,7,2000.819906
46,8,1763.369579
46,9,1706.079348
46,10,1637.024303
47,7,1961.233169
47,8,1763.369579
47,9,1706.079348
47,10,1637.024303
48,7,1961.233169
48,8,1763.369579
48,9,1706.079348
48,10,1637.024303
49,7,1961.233169
49,8,1763.369579
49,9,1706.079348
49,10,1637.024303
50,7,1961.233169
50,8,1763.369579
50,9,1682.391508
50,10,1637.024303
51,7,1961.233169
51,8,1763.369579
51,9,1682.391508
51,10,1637.024303
52,7,1961.233169
52,8,1763.369579
52,9,1682.391508
52,10,1637.024303
53,7,1961.233169
53,8,1763.369579
53,9,1682.391508
53,10,1637.024303
54,7,1961.233169
54,8,1763.369579
54,9,1682.391508
54,10,1637.024303
55,7,1930.043361
55,8,1763.369579
55,9,1682.391508
55,10,1637.024303
56,7,1930.043361
56,8,1763.369579
56,9,1682.391508
56,10,1637.024303
57,7,1900.315598
57,8,1723.573763
57,9,1682.391508
57,10,1637.024303
58,7,1867.908334
58,8,1723.573763
58,9,1682.391508
58,10,1637.024303
59,7,1867.908334
59,8,1703.195651
59,9,1682.391508
59,10,1637.024303
60,7,1867.908334
60,8,1703.195651
60,9,1682.391508
60,10,1637.024303
61,7,1826.520883
61,8,1703.195651
61,9,1682.391508
61,10,1637.024303
62,7,1826.024828
62,8,1703.195651
62,9,1682.391508
62,10,1637.024303
63,7,1796.242615
63,8,1703.195651
63,9,1682.391508
63,10,1637.024303
64,7,1784.878990
64,8,1697.932769
64,9,1656.472764
64,10,1637.024303
65,7,1784.878990
65,8,1688.065328
65,9,1656.472764
65,10,1637.024303
66,7,1784.878990
66,8,1688.065328
66,9,1656.472764
66,10,1637.024303
67,7,1784.878990
67,8,1688.065328
67,9,1656.472764
67,10,1637.024303
68,7,1784.878990
68,8,1688.065328
68,9,1656.472764
68,10,1637.024303
69,7,1784.878990
69,8,1688.065328
69,9,1656.472764
69,10,1634.298384
70,7,1784.878990
70,8,1688.065328
70,9,1656.472764
70,10,1634.298384
71,7,1780.912162
71,8,1688.065328
71,9,1656.472764
71,10,1634.298384
72,7,1780.912162
72,8,1688.065328
72,9,1656.472764
72,10,1631.497401
73,7,1755.033572
73,8,1676.952635
73,9,1656.472764
73,10,1631.497401
74,7,1724.747225
74,8,1676.952635
74,9,1649.889782
74,10,1631.497401
75,7,1724.747225
75,8,1676.952635
75,9,1649.889782
75,10,1631.497401
76,7,1724.747225
76,8,1676.952635
76,9,1649.889782
76,10,1621.973966
77,7,1707.168418
77,8,1676.952635
77,9,1624.325289
77,10,1620.798385
78,7,1707.168418
78,8,1676.952635
78,9,1624.325289
78,10,1620.798385
79,7,1707.168418
79,8,1676.952635
79,9,1624.325289
79,10,1620.798385
80,7,1707.168418
80,8,1676.952635
80,9,1624.325289
80,10,1620.798385
81,7,1693.628877
81,8,1676.952635
81,9,1624.325289
81,10,1620.798385
82,7,1693.628877
82,8,1676.952635
82,9,1624.325289
82,10,1620.798385
83,7,1684.240966
83,8,1676.952635
83,9,1624.325289
83,10,1620.798385
84,7,1684.240966
84,8,1676.952635
84,9,1624.325289
84,10,1620.798385
85,7,1684.240966
85,8,1676.952635
85,9,1624.325289
85,10,1620.798385
86,7,1684.240966
86,8,1676.952635
86,9,1623.476163
86,10,1620.798385
87,7,1661.903717
87,9,1623.476163
87,10,1620.798385
88,7,1658.118240
88,9,1623.476163
88,10,1620.798385
89,7,1658.118240
89,9,1623.476163
89,10,1620.798385
90,7,1657.034838
90,9,1623.476163
90,10,1620.798385
91,7,1657.034838
91,8,1655.594027
91,9,1623.476163
91,10,1620.798385
92,7,1657.034838
92,8,1655.594027
92,9,1623.476163
92,10,1620.798385
93,6,2031.123052
93,7,1656.642515
93,8,1655.594027
93,9,1620.263477
94,6,2031.123052
94,7,1648.738904
94,9,1620.263477
95,6,2031.123052
95,7,1648.738904
95,9,1620.263477
96,6,2031.123052
96,7,1648.738904
96,9,1620.263477
97,6,2031.123052
97,7,1648.738904
97,9,1620.263477
98,6,2031.123052
98,7,1648.738904
98,9,1620.263477
99,6,2031.123052
99,7,1648.738904
99,8,1635.683976
99,9,1620.263477
100,6,2031.123052
100,7,1648.738904
100,8,1635.683976
100,9,1620.263477
101,6,2031.123052
101,7,1648.738904
101,8,1635.683976
101,9,1620.263477
102,6,2020.174518
102,7,1648.738904
102,8,1635.683976
102,9,1620.263477
103,6,2020.174518
103,7,1648.738904
103,8,1635.683976
103,9,1620.263477
104,6,1920.202132
104,7,1648.738904
104,8,1635.683976
104,9,1620.263477
105,6,1882.190010
105,7,1648.738904
105,8,1635.683976
105,9,1620.263477
106,6,1882.190010
106,7,1648.738904
106,8,1635.683976
106,9,1620.263477
107,6,1882.190010
107,7,1648.738904
107,8,1635.683976
107,9,1616.918214
108,6,1826.745073
108,7,1648.738904
108,8,1635.683976
108,9,1616.918214
109,6,1826.745073
109,7,1648.738904
109,8,1635.683976
109,9,1616.918214
110,6,1818.881291
110,7,1647.659065
110,8,1635.683976
110,9,1616.918214
111,6,1818.881291
111,7,1647.659065
111,8,1635.683976
111,9,1616.918214
112,6,1818.881291
112,7,1647.659065
112,8,1625.720624
112,9,1616.918214
113,6,1818.770946
113,7,1647.659065
113,8,1625.720624
113,9,1616.918214
114,6,1818.770946
114,7,1647.659065
114,8,1625.160114
114,9,1616.918214
115,6,1818.770946
115,7,1647.659065
115,8,1625.160114
115,9,1616.918214
116,6,1818.770946
116,7,1647.659065
116,8,1625.160114
116,9,1616.918214
117,6,1818.770946
117,7,1646.582276
117,8,1625.160114
117,9,1616.918214
118,6,1818.770946
118,7,1646.582276
118,8,1625.160114
118,9,1616.918214
119,6,1818.770946
119,7,1646.582276
119,8,1625.160114
119,9,1616.918214
120,6,1818.770946
120,7,1646.582276
120,8,1625.160114
120,9,1616.918214
121,6,1811.858196
121,7,1646.582276
121,8,1625.160114
121,9,1616.918214
122,6,1811.858196
122,7,1646.582276
122,8,1625.160114
122,9,1616.918214
123,6,1801.660288
123,7,1646.582276
123,8,1625.160114
123,9,1616.918214
124,6,1801.660288
124,7,1646.582276
124,8,1625.160114
124,9,1616.918214
125,6,1801.549943
125,7,1646.582276
125,8,1625.160114
125,9,1616.918214
126,6,1801.549943
126,7,1646.582276
126,8,1625.160114
126,9,1616.918214
127,6,1801.549943
127,7,1646.582276
127,8,1625.160114
127,9,1616.918214
128,6,1801.549943
128,7,1646.582276
128,8,1625.160114
128,9,1616.918214
129,6,1801.549943
129,7,1646.582276
129,8,1614.327571
130,6,1801.549943
130,7,1643.167932
130,8,1614.327571
131,6,1801.549943
131,7,1643.167932
131,8,1614.327571
132,6,1801.549943
132,7,1643.167932
132,8,1614.327571
133,6,1801.549943
133,7,1643.167932
133,8,1614.327571
134,6,1801.549943
134,7,1643.167932
134,8,1614.327571
135,6,1801.549943
135,7,1643.167932
135,8,1614.327571
136,6,1801.549943
136,7,1643.167932
136,8,1614.327571
137,6,1801.549943
137,7,1643.167932
137,8,1614.327571
138,6,1801.549943
138,7,1643.167932
138,8,1614.327571
139,6,1801.549943
139,7,1643.167932
139,8,1614.327571
140,6,1801.549943
140,7,1643.167932
140,8,1614.327571
141,6,1801.549943
141,7,1643.167932
141,8,1614.327571
142,6,1801.549943
142,7,1643.167932
142,8,1614.327571
143,6,1801.549943
143,7,1643.167932
143,8,1614.327571
144,6,1801.549943
144,7,1643.167932
144,8,1614.327571
145,6,1801.549943
145,7,1643.167932
145,8,1614.327571
146,6,1801.549943
146,7,1643.167932
146,8,1614.327571
147,6,1747.625482
147,7,1643.167932
147,8,1614.327571
148,6,1747.625482
148,7,1643.167932
148,8,1614.327571
149,6,1747.625482
149,7,1643.167932
149,8,1612.345460
150,6,1747.625482
150,7,1643.167932
150,8,1612.345460
151,6,1747.625482
151,7,1643.167932
151,8,1612.345460
152,6,1747.625482
152,7,1643.167932
152,8,1612.345460
153,6,1747.625482
153,7,1643.167932
153,8,1612.345460
154,6,1747.625482
154,7,1643.167932
154,8,1612.345460
155,6,1747.625482
155,7,1643.167932
155,8,1612.345460
156,6,1747.625482
156,7,1643.167932
156,8,1612.345460
157,6,1747.625482
157,7,1643.167932
157,8,1612.345460
158,6,1747.625482
158,7,1643.167932
158,8,1612.345460
159,6,1747.625482
159,7,1643.167932
159,8,1612.345460
160,6,1747.625482
160,7,1643.167932
160,8,1612.345460
161,6,1747.625482
161,7,1643.167932
161,8,1612.345460
162,6,1747.625482
162,7,1643.167932
162,8,1612.345460
163,6,1747.625482
163,7,1643.167932
163,8,1612.345460
164,6,1747.625482
164,7,1643.167932
164,8,1612.345460
165,6,1747.625482
165,7,1643.167932
165,8,1612.345460
166,6,1747.625482
166,7,1643.167932
166,8,1612.345460
167,6,1747.625482
167,7,1643.167932
167,8,1612.345460
168,6,1747.625482
168,7,1643.167932
168,8,1612.345460
169,6,1747.625482
169,7,1643.167932
169,8,1612.345460
170,6,1747.625482
170,7,1643.167932
170,8,1612.345460
171,6,1747.625482
171,7,1643.167932
171,8,1612.345460
172,6,1747.625482
172,7,1643.167932
172,8,1612.345460
173,6,1747.625482
173,7,1643.167932
173,8,1612.345460
174,6,1747.625482
174,7,1643.167932
174,8,1612.345460
175,6,1747.625482
175,7,1643.167932
175,8,1612.345460
176,6,1747.625482
176,7,1643.167932
176,8,1612.345460
177,6,1747.625482
177,7,1643.167932
177,8,1612.345460
178,6,1747.625482
178,7,1643.167932
178,8,1612.345460
179,6,1747.625482
179,7,1643.167932
179,8,1612.345460
180,6,1747.625482
180,7,1643.167932
180,8,1612.345460
181,6,1747.625482
181,7,1643.167932
181,8,1612.345460
182,6,1747.625482
182,7,1643.167932
182,8,1612.345460
183,6,1747.625482
183,7,1643.167932
183,8,1612.345460
184,6,1747.625482
184,7,1643.167932
184,8,1612.345460
185,6,1747.625482
185,7,1643.167932
185,8,1612.345460
186,6,1747.625482
186,7,1643.167932
186,8,1612.345460
187,6,1747.625482
187,7,1643.167932
187,8,1612.345460
188,6,1747.625482
188,7,1643.167932
188,8,1612.345460
189,6,1747.625482
189,7,1643.167932
189,8,1612.345460
190,6,1747.625482
190,7,1643.167932
190,8,1612.345460
191,6,1747.625482
191,7,1643.167932
191,8,1612.345460
192,6,1747.625482
192,7,1643.167932
192,8,1612.345460
193,6,1747.625482
193,7,1643.167932
193,8,1612.345460
194,6,1747.625482
194,7,1643.167932
194,8,1612.345460
195,6,1747.625482
195,7,1643.167932
195,8,1612.345460
196,6,1747.625482
196,7,1643.167932
196,8,1612.345460
197,6,1747.625482
197,7,1643.167932
197,8,1612.345460
198,6,1747.625482
198,7,1643.167932
198,8,1612.345460
199,6,1747.625482
199,7,1643.167932
199,8,1612.345460
200,6,1747.625482
200,7,1643.167932
200,8,1612.345460
201,6,1747.625482
201,7,1643.167932
201,8,1612.345460
202,6,1747.625482
202,7,1643.167932
202,8,1612.345460
203,6,1747.625482
203,7,1643.167932
203,8,1612.345460
204,6,1747.625482
204,7,1643.167932
204,8,1612.345460
205,6,1747.625482
205,7,1643.167932
205,8,1612.345460
206,6,1747.625482
206,7,1643.167932
206,8,1612.345460
207,6,1747.625482
207,7,1643.167932
207,8,1612.345460
208,6,1712.466531
208,7,1643.167932
208,8,1612.345460
209,6,1712.466531
209,7,1643.167932
209,8,1612.345460
210,6,1712.466531
210,7,1643.167932
210,8,1612.345460
211,6,1712.466531
211,7,1643.167932
211,8,1612.345460
212,6,1712.466531
212,7,1643.167932
212,8,1612.345460
213,6,1712.466531
213,7,1643.167932
213,8,1612.345460
214,6,1712.466531
214,7,1643.167932
214,8,1612.345460
215,6,1712.466531
215,7,1643.167932
215,8,1612.345460
216,6,1712.466531
216,7,1643.167932
216,8,1612.345460
217,6,1712.466531
217,7,1643.167932
217,8,1612.345460
218,6,1712.466531
218,7,1643.167932
218,8,1612.345460
219,6,1712.466531
219,7,1643.167932
219,8,1612.345460
220,6,1712.466531
220,7,1643.167932
220,8,1612.345460
221,6,1712.466531
221,7,1643.167932
221,8,1612.345460
222,6,1712.466531
222,7,1643.167932
222,8,1612.345460
223,6,1712.466531
223,7,1643.167932
223,8,1612.345460
224,6,1712.466531
224,7,1643.167932
224,8,1612.345460
225,6,1712.466531
225,7,1643.167932
225,8,1612.345460
226,6,1712.466531
226,7,1643.167932
226,8,1612.345460
227,6,1712.466531
227,7,1643.167932
227,8,1612.345460
228,6,1712.466531
228,7,1643.167932
228,8,1612.345460
229,6,1712.466531
229,7,1643.167932
229,8,1612.345460
230,6,1712.466531
230,7,1643.167932
230,8,1612.345460
231,6,1712.466531
231,7,1643.167932
231,8,1612.345460
232,6,1712.466531
232,7,1643.167932
232,8,1612.345460
233,6,1710.683041
233,7,1643.167932
233,8,1612.345460
234,6,1710.683041
234,7,1643.167932
234,8,1612.345460
235,6,1710.683041
235,7,1643.167932
235,8,1612.345460
236,6,1710.683041
236,7,1643.167932
236,8,1612.345460
237,6,1710.683041
237,7,1643.167932
237,8,1612.345460
238,6,1710.683041
238,7,1643.167932
238,8,1612.345460
239,6,1710.683041
239,7,1643.167932
239,8,1612.345460
240,6,1710.683041
240,7,1643.167932
240,8,1612.345460
241,6,1710.683041
241,7,1643.167932
241,8,1612.345460
242,6,1710.683041
242,7,1643.167932
242,8,1612.345460
243,6,1710.683041
243,7,1643.167932
243,8,1612.345460
244,6,1710.683041
244,7,1643.167932
244,8,1612.345460
245,6,1710.683041
245,7,1643.167932
245,8,1612.345460
246,6,1710.683041
246,7,1643.167932
246,8,1612.345460
247,6,1710.683041
247,7,1643.167932
247,8,1612.345460
248,6,1710.683041
248,7,1643.167932
248,8,1612.345460
249,6,1710.683041
249,7,1643.167932
249,8,1612.345460
250,6,1710.683041
250,7,1643.167932
250,8,1612.345460
251,6,1710.683041
251,7,1643.167932
251,8,1612.345460
252,6,1710.683041
252,7,1643.167932
252,8,1612.345460
253,6,1710.683041
253,7,1643.167932
253,8,1612.345460
254,6,1710.683041
254,7,1623.734212
254,8,1612.345460
255,6,1710.683041
255,7,1623.734212
255,8,1612.345460
256,6,1710.683041
256,7,1621.510511
256,8,1612.345460
257,6,1710.683041
257,7,1615.218219
257,8,1612.345460
258,6,1710.683041
258,7,1615.218219
258,8,1612.345460
259,6,1710.683041
259,7,1615.218219
259,8,1612.345460
260,6,1710.683041
260,7,1615.218219
260,8,1612.345460
261,6,1710.683041
261,7,1605.635650
262,6,1710.670099
262,7,1605.635650
263,6,1710.670099
263,7,1605.635650
264,6,1710.670099
264,7,1605.635650
265,6,1710.670099
265,7,1605.635650
266,6,1710.670099
266,7,1605.635650
267,6,1710.670099
267,7,1605.635650
268,6,1710.670099
268,7,1605.635650
269,6,1710.670099
269,7,1605.635650
270,6,1710.670099
270,7,1605.635650
271,6,1710.670099
271,7,1605.635650
272,6,1710.670099
272,7,1605.635650
273,6,1710.670099
273,7,1605.635650
274,6,1710.670099
274,7,1605.635650
275,6,1710.670099
275,7,1605.635650
276,6,1710.670099
276,7,1605.635650
277,6,1710.670099
277,7,1605.635650
278,6,1710.670099
278,7,1605.635650
279,6,1709.645989
279,7,1605.635650
280,6,1709.645989
280,7,1605.635650
281,6,1709.645989
281,7,1605.635650
282,6,1709.645989
282,7,1605.635650
283,6,1709.645989
283,7,1605.635650
284,6,1709.645989
284,7,1605.635650
285,6,1709.645989
285,7,1605.635650
286,6,1709.645989
286,7,1605.635650
287,6,1709.645989
287,7,1605.635650
288,6,1709.645989
288,7,1605.635650
289,6,1709.645989
289,7,1605.635650
290,6,1709.645989
290,7,1605.635650
291,6,1709.645989
291,7,1605.635650
292,6,1709.645989
292,7,1605.635650
293,6,1709.645989
293,7,1605.635650
294,6,1709.645989
294,7,1605.635650
295,6,1709.645989
295,7,1605.635650
296,6,1709.645989
296,7,1605.635650
297,6,1709.645989
297,7,1605.635650
298,6,1709.645989
298,7,1605.635650
299,6,1709.645989
299,7,1605.635650
300,6,1709.645989
300,7,1605.635650
301,6,1709.645989
301,7,1605.635650
302,6,1707.469327
302,7,1605.635650
303,6,1707.469327
303,7,1605.635650
304,6,1707.469327
304,7,1605.635650
305,6,1707.469327
305,7,1605.635650
306,6,1707.469327
306,7,1605.635650
307,6,1707.469327
307,7,1605.635650
308,6,1707.469327
308,7,1605.635650
309,6,1707.469327
309,7,1605.635650
310,6,1707.469327
310,7,1605.635650
311,6,1707.469327
311,7,1605.635650
312,6,1707.469327
312,7,1605.635650
313,6,1707.469327
313,7,1605.635650
314,6,1707.469327
314,7,1605.635650
315,6,1707.469327
315,7,1605.635650
316,6,1707.469327
316,7,1605.635650
317,6,1707.469327
317,7,1605.635650
318,6,1707.469327
318,7,1605.635650
319,6,1707.469327
319,7,1605.635650
320,6,1707.469327
320,7,1605.635650
321,6,1707.469327
321,7,1605.635650
322,6,1707.469327
322,7,1605.635650
323,6,1707.469327
323,7,1605.635650
324,6,1707.469327
324,7,1605.635650
325,6,1707.469327
325,7,1605.635650
326,6,1707.469327
326,7,1605.635650
327,6,1707.469327
327,7,1605.635650
328,6,1707.469327
328,7,1605.635650
329,6,1707.469327
329,7,1605.635650
330,6,1707.469327
330,7,1605.635650
331,6,1707.469327
331,7,1605.635650
