Generation,NV,TOC
1,46,19258.903559
1,47,18395.944886
1,53,18288.129766
1,55,17501.750341
1,56,16907.036112
1,61,16703.699999
1,62,16447.105542
1,64,15850.407865
1,67,15727.385849
1,72,15319.804117
1,75,15177.738385
1,76,14997.473447
1,80,14823.295192
1,85,14634.074786
1,87,14593.319971
1,88,14292.602900
1,91,14217.578601
1,93,14165.527153
1,104,14126.054740
1,111,13683.564415
2,46,18998.860156
2,47,18395.944886
2,52,18340.635677
2,53,17865.477493
2,54,17081.441069
2,56,16907.036112
2,59,16240.429667
2,61,15643.112625
2,65,15365.752985
2,71,15233.468878
2,74,15003.307776
2,76,14997.473447
2,77,14989.037772
2,78,14664.978950
2,79,14570.421138
2,83,14288.255436
2,91,14217.578601
2,93,14165.527153
2,104,14126.054740
2,111,13683.564415
3,44,19748.432988
3,45,19263.703294
3,46,18998.860156
3,47,18395.944886
3,51,18113.556620
3,52,18077.295331
3,53,17865.477493
3,54,16274.810423
3,59,16240.429667
3,61,15643.112625
3,64,15399.278362
3,65,15365.752985
3,71,15233.468878
3,74,15003.307776
3,75,14960.335122
3,78,14664.978950
3,79,14570.421138
3,80,14569.311455
3,83,14288.255436
3,91,14217.578601
3,93,14165.527153
3,104,14126.054740
3,106,13877.833606
3,108,13872.256002
3,109,13713.716397
3,111,13683.564415
4,44,19683.103259
4,45,19263.703294
4,46,18998.860156
4,47,18395.944886
4,50,18080.636291
4,52,18077.295331
4,53,17865.477493
4,54,16274.810423
4,59,16240.429667
4,60,15805.619199
4,61,15643.112625
4,64,15399.278362
4,65,15365.752985
4,71,15233.468878
4,74,15003.307776
4,75,14960.335122
4,76,14511.639705
4,83,14288.255436
4,91,14217.578601
4,92,14103.780420
4,106,13877.833606
4,108,13872.256002
4,109,13713.716397
4,110,13631.678035
5,44,19683.103259
5,45,19263.703294
5,46,18998.860156
5,47,18395.944886
5,48,18330.025067
5,49,18193.792710
5,50,18080.636291
5,52,17852.550865
5,53,17595.644534
5,54,16274.810423
5,59,15832.130096
5,60,15805.619199
5,61,15643.112625
5,62,15450.662712
5,63,15341.909982
5,68,15157.736841
5,74,14892.104836
5,75,14474.767579
5,83,14256.775249
5,84,14135.986600
5,90,14003.708860
5,103,13712.450062
5,107,13632.457029
5,108,13547.645248
5,111,13513.993122
6,44,19683.103259
6,45,19263.703294
6,46,18998.860156
6,47,18395.944886
6,48,17449.540229
6,54,16274.810423
6,57,15934.680066
6,59,15832.130096
6,60,15744.993605
6,61,15261.029497
6,64,14895.843846
6,68,14848.846111
6,70,14558.435166
6,74,14086.893989
6,87,14042.190127
6,89,13746.468676
6,91,13708.112113
6,106,13700.991733
6,107,13632.457029
6,108,13547.645248
6,111,13513.993122
7,43,20438.377492
7,44,19462.582393
7,45,19263.703294
7,46,18729.798074
7,47,18395.944886
7,48,17449.540229
7,54,16274.810423
7,56,15951.849574
7,57,15934.680066
7,59,15454.014737
7,61,15261.029497
7,62,15036.108317
7,64,14895.843846
7,66,14384.494494
7,74,14086.893989
7,87,14042.190127
7,89,13746.468676
7,91,13708.112113
7,105,13679.187036
7,107,13632.457029
7,108,13547.645248
7,111,13513.993122
8,43,20438.377492
8,44,19462.582393
8,45,19263.703294
8,46,18729.798074
8,47,18395.944886
8,48,17449.540229
8,54,16241.439799
8,56,15951.849574
8,57,15934.680066
8,59,15454.014737
8,60,14959.649092
8,62,14769.103179
8,66,14384.494494
8,72,14269.967554
8,74,14086.893989
8,86,14031.969297
8,87,13866.685045
8,89,13746.468676
8,91,13708.112113
8,103,13646.646290
8,105,13507.870622
9,43,20438.377492
9,44,19462.582393
9,45,19263.703294
9,46,18729.798074
9,47,18395.944886
9,48,17449.540229
9,49,17193.279421
9,54,16241.439799
9,56,15951.849574
9,57,15934.680066
9,59,15454.014737
9,60,14959.649092
9,62,14769.103179
9,66,14384.494494
9,72,14062.925187
9,74,14033.059255
9,80,13862.208290
9,85,13756.143119
9,89,13581.970527
9,103,13426.354795
10,43,20438.377492
10,44,19232.217244
10,46,18729.798074
10,47,17966.189391
10,48,17449.540229
10,49,17193.279421
10,53,16570.234591
10,54,16241.439799
10,55,15825.844521
10,56,15763.596346
10,59,15454.014737
10,60,14959.649092
10,61,14899.236697
10,62,14769.103179
10,66,14384.494494
10,72,14062.925187
10,74,14033.059255
10,80,13862.208290
10,85,13756.143119
10,89,13581.970527
10,103,13426.354795
11,43,20438.377492
11,44,19232.217244
11,45,18479.674213
11,47,17966.189391
11,48,17449.540229
11,49,17193.279421
11,53,16570.234591
11,54,16241.439799
11,55,15825.844521
11,56,15763.596346
11,59,15454.014737
11,60,14959.649092
11,61,14899.236697
11,62,14652.885209
11,65,14286.959627
11,71,13984.957973
11,72,13940.669926
11,77,13692.187190
11,89,13401.675413
11,103,13357.186517
12,43,20438.377492
12,44,19232.217244
12,45,18015.746855
12,46,17975.062607
12,47,17966.189391
12,48,17235.932427
12,49,17193.279421
12,51,16677.980383
12,53,16570.234591
12,54,15997.065700
12,55,15825.844521
12,56,15763.596346
12,57,15413.341942
12,58,15300.116572
12,60,14959.649092
12,61,14669.840993
12,62,14652.885209
12,65,14286.959627
12,69,14176.291493
12,71,13984.957973
12,72,13940.669926
12,77,13692.187190
12,89,13401.675413
12,103,13357.186517
13,43,20041.157150
13,44,19232.217244
13,45,18015.746855
13,46,17975.062607
13,47,17966.189391
13,48,17235.932427
13,49,17193.279421
13,50,16985.256241
13,51,16677.980383
13,53,16570.234591
13,54,15997.065700
13,55,15825.844521
13,56,15568.958692
13,57,15413.341942
13,58,15300.116572
13,60,14959.649092
13,61,14669.840993
13,62,14652.885209
13,63,14591.129354
13,65,14286.959627
13,69,14176.291493
13,71,13984.957973
13,72,13940.669926
13,77,13692.187190
13,85,13511.444171
13,89,13401.675413
13,103,13357.186517
14,43,20041.157150
14,44,19209.728697
14,45,18015.746855
14,46,17975.062607
14,47,17966.189391
14,48,17235.932427
14,49,17193.279421
14,50,16973.432350
14,51,16677.980383
14,53,16570.234591
14,54,15997.065700
14,55,15825.844521
14,56,15360.087156
14,57,15294.546086
14,60,14551.439058
14,65,14207.249907
14,67,14024.982589
14,71,13921.230636
14,77,13692.187190
14,83,13465.597110
14,89,13379.340196
14,93,13187.789127
15,42,19434.672364
15,43,19319.108995
15,44,19209.728697
15,45,18015.746855
15,46,17870.779060
15,47,17816.561310
15,48,17235.932427
15,49,16399.474498
15,51,15383.298052
15,56,14892.412022
15,60,14551.439058
15,63,14466.297580
15,65,14207.249907
15,67,14024.982589
15,68,13964.731040
15,71,13921.230636
15,77,13692.187190
15,83,13465.597110
15,89,13379.340196
15,93,13187.789127
16,42,19434.672364
16,43,19319.108995
16,44,19166.838135
16,45,18015.746855
16,46,16637.540142
16,49,16399.474498
16,51,15383.298052
16,56,14892.412022
16,60,14475.888935
16,61,14393.392599
16,65,14146.176927
16,67,13881.679873
16,68,13852.397428
16,69,13691.304669
16,76,13606.579738
16,82,13380.407444
16,89,13370.168908
16,92,13159.217568
17,42,19434.672364
17,43,19319.108995
17,44,18951.606988
17,45,18015.746855
17,46,16637.540142
17,48,15892.574793
17,50,15843.720182
17,51,15383.298052
17,54,15235.950992
17,55,15152.743758
17,56,14892.412022
17,60,14314.568410
17,63,14224.874188
17,65,13956.666557
17,67,13881.679873
17,68,13852.397428
17,69,13691.304669
17,76,13606.579738
17,77,13540.443969
17,82,13380.407444
17,89,13370.168908
17,92,13159.217568
18,42,19434.672364
18,43,19319.108995
18,44,18951.606988
18,45,18015.746855
18,46,16637.540142
18,48,15892.574793
18,50,15843.720182
18,51,15383.298052
18,54,15235.950992
18,55,15152.743758
18,56,14892.412022
18,60,14314.568410
18,63,14058.426618
18,65,13715.063709
18,68,13639.457292
18,75,13495.385539
18,76,13463.696420
18,81,13346.226725
18,89,13293.840051
18,91,13087.478030
18,95,13085.235617
19,42,19434.672364
19,43,19319.108995
19,44,18951.606988
19,45,17922.598118
19,46,16637.540142
19,48,15892.574793
19,50,15843.720182
19,51,15383.298052
19,54,15235.950992
19,55,15152.743758
19,56,14892.412022
19,60,14314.568410
19,63,14058.426618
19,65,13715.063709
19,68,13639.457292
19,75,13495.385539
19,76,13463.696420
19,81,13346.226725
19,86,13278.034193
19,91,13087.478030
19,95,13085.235617
19,96,13067.346115
20,42,19434.672364
20,43,19319.108995
20,44,18951.606988
20,45,17922.598118
20,46,16637.540142
20,48,15892.574793
20,50,15843.720182
20,51,15383.298052
20,54,15235.950992
20,55,15152.743758
20,56,14892.412022
20,60,14314.568410
20,63,13652.570733
20,67,13522.679097
20,75,13480.543163
20,76,13385.649431
20,80,13265.755326
20,84,13234.458899
20,90,13042.736911
20,93,13003.955169
20,96,12947.052030
21,42,19434.672364
21,43,18905.848287
21,44,18333.307382
21,45,17922.598118
21,46,16637.540142
21,48,15892.574793
21,50,15843.720182
21,51,15383.298052
21,54,15235.950992
21,55,15152.743758
21,56,14892.412022
21,60,14314.568410
21,63,13652.570733
21,64,13621.271401
21,67,13522.679097
21,75,13391.610904
21,76,13385.649431
21,80,13265.755326
21,84,13234.458899
21,87,13222.203327
21,90,13042.736911
21,93,13003.955169
21,96,12947.052030
22,42,19434.672364
22,43,18905.848287
22,44,18333.307382
22,45,17922.598118
22,46,16637.540142
22,48,15892.574793
22,50,15843.720182
22,51,15383.298052
22,52,15345.408286
22,54,15235.950992
22,55,15152.743758
22,56,14892.412022
22,60,14314.568410
22,63,13652.570733
22,64,13621.271401
22,67,13522.679097
22,69,13444.200172
22,75,13337.439532
22,80,13220.939352
22,84,13192.383132
22,85,13180.751257
22,89,12967.308992
22,92,12946.627896
22,95,12929.691443
23,41,19669.926938
23,42,19434.672364
23,43,18854.641863
23,44,18333.307382
23,45,17922.598118
23,46,16637.540142
23,48,15892.574793
23,50,15843.720182
23,51,15383.298052
23,52,15345.408286
23,54,15235.950992
23,55,15152.743758
23,56,14892.412022
23,60,14314.568410
23,63,13652.570733
23,64,13621.271401
23,67,13522.679097
23,69,13444.200172
23,75,13337.439532
23,80,13220.939352
23,84,13192.383132
23,85,13180.751257
23,88,12980.309030
23,89,12967.308992
23,92,12946.627896
23,95,12929.691443
24,41,19669.926938
24,42,19434.672364
24,43,18854.641863
24,44,18333.307382
24,45,17922.598118
24,46,16637.540142
24,48,15892.574793
24,50,15830.789374
24,51,15383.298052
24,52,15345.408286
24,54,15083.802832
24,56,14892.412022
24,57,14711.217007
24,60,14314.568410
24,63,13652.570733
24,64,13621.271401
24,67,13522.679097
24,69,13444.200172
24,73,13308.170696
24,76,13220.612533
24,78,13124.799047
24,88,12941.258015
24,92,12906.440452
25,41,19669.926938
25,42,19434.672364
25,43,18854.641863
25,44,18213.183038
25,45,17905.711223
25,46,16637.540142
25,47,16069.072316
25,48,15892.574793
25,50,15578.397004
25,51,15383.298052
25,52,15345.408286
25,53,15035.624948
25,54,14916.656710
25,56,14892.412022
25,57,14711.217007
25,60,14314.568410
25,62,14243.350061
25,63,13652.570733
25,64,13621.271401
25,67,13522.679097
25,69,13444.200172
25,71,13328.250228
25,73,13308.170696
25,76,13220.612533
25,78,13124.799047
25,88,12941.258015
25,92,12906.440452
26,41,19669.926938
26,42,19434.672364
26,43,18854.641863
26,44,18067.554603
26,45,17905.711223
26,46,16180.271945
26,47,16069.072316
26,48,15892.574793
26,50,15578.397004
26,51,15383.298052
26,52,15345.408286
26,53,15035.624948
26,54,14717.431818
26,56,14694.914322
26,60,14314.568410
26,62,13550.211642
26,66,13492.954233
26,69,13444.200172
26,70,13142.863328
26,78,13122.623662
26,87,12896.861221
26,92,12883.832672
27,41,19669.926938
27,42,19434.672364
27,43,18531.174377
27,44,18067.554603
27,45,17820.336433
27,46,16180.271945
27,47,16069.072316
27,48,15717.892901
27,50,15578.397004
27,51,15383.298052
27,52,15345.408286
27,53,15035.624948
27,54,14717.431818
27,56,14694.914322
27,57,14612.604634
27,59,14609.585152
27,60,14314.568410
27,62,13550.211642
27,66,13492.954233
27,69,13444.200172
27,70,13142.863328
27,75,13057.787319
27,87,12896.861221
27,92,12883.832672
28,41,19669.926938
28,42,19434.672364
28,43,18531.174377
28,44,18067.554603
28,45,16318.149058
28,46,16084.146612
28,47,16069.072316
28,48,15717.892901
28,50,15578.397004
28,51,15383.298052
28,52,15145.588251
28,53,15035.624948
28,54,14717.431818
28,56,14694.914322
28,57,14526.098932
28,59,14114.929150
28,61,13416.811585
28,67,13138.468432
28,70,13131.857222
28,75,13039.618385
28,87,12853.168340
29,41,19669.926938
29,42,19434.672364
29,43,18531.174377
29,44,18067.554603
29,45,16318.149058
29,46,16084.146612
29,47,15854.091787
29,48,15717.892901
29,50,15173.666445
29,52,15007.172570
29,53,14974.969341
29,54,14717.431818
29,56,14694.914322
29,57,14526.098932
29,59,14114.929150
29,61,13416.811585
29,67,13138.468432
29,70,13131.857222
29,75,13039.618385
29,87,12853.168340
29,90,12842.407633
30,41,19669.926938
30,42,19434.672364
30,43,18531.174377
30,44,18067.554603
30,45,16318.149058
30,46,16084.146612
30,47,15791.756686
30,48,15643.940572
30,50,15173.666445
30,52,15007.172570
30,53,14525.098710
30,58,14065.398931
30,61,13372.638656
30,67,13119.830894
30,70,13065.750246
30,75,12962.335920
30,87,12824.685881
30,89,12813.507692
31,41,19669.926938
31,42,19434.672364
31,43,18531.174377
31,44,18067.554603
31,45,16318.149058
31,46,16084.146612
31,47,15791.756686
31,48,15643.940572
31,49,15471.979809
31,50,15173.666445
31,52,15007.172570
31,53,14525.098710
31,58,14065.398931
31,61,13372.638656
31,67,13119.830894
31,70,13065.750246
31,75,12962.335920
31,87,12824.685881
31,89,12813.507692
32,41,19669.926938
32,42,19035.455718
32,43,18531.174377
32,44,18067.554603
32,45,16318.149058
32,46,16084.146612
32,47,15791.756686
32,48,15615.259162
32,49,15471.979809
32,50,15173.666445
32,52,14919.124412
32,53,14444.117979
32,58,13876.266390
32,60,13328.507475
32,67,13119.830894
32,70,13024.502707
32,75,12945.914415
32,87,12753.906461
33,41,19669.926938
33,42,19035.455718
33,43,18448.656994
33,44,16914.952760
33,45,15360.397264
33,50,15173.666445
33,51,15082.813042
33,52,14919.124412
33,53,14444.117979
33,58,13876.266390
33,60,13328.507475
33,67,13119.830894
33,70,13024.502707
33,75,12945.914415
33,87,12753.906461
33,89,12747.664023
34,41,19669.926938
34,42,19035.455718
34,43,18225.748267
34,44,16914.952760
34,45,15360.397264
34,48,14606.297208
34,50,14385.033934
34,58,13876.266390
34,60,13328.507475
34,67,13119.830894
34,70,13024.502707
34,75,12945.914415
34,87,12753.906461
34,89,12746.367711
35,41,18683.276474
35,42,18601.453785
35,43,18163.264897
35,44,16914.952760
35,45,15332.911205
35,48,14606.297208
35,50,14385.033934
35,57,14281.014222
35,58,13876.266390
35,60,13328.507475
35,67,13119.830894
35,70,13024.502707
35,75,12945.914415
35,87,12753.906461
35,89,12746.367711
36,41,18362.453356
36,43,18133.696429
36,44,16914.952760
36,45,15332.911205
36,46,15282.426623
36,48,14606.297208
36,50,14311.930258
36,51,14167.526700
36,58,13787.875218
36,60,13265.623021
36,66,13005.831071
36,70,12983.320622
36,75,12945.914415
36,85,12677.871143
37,41,18362.453356
37,43,16946.498467
37,44,16914.952760
37,45,15332.911205
37,46,15282.426623
37,47,14924.076069
37,48,14606.297208
37,50,14311.930258
37,51,14167.526700
37,58,13787.875218
37,59,13513.491380
37,60,13265.623021
37,66,13005.831071
37,70,12983.320622
37,75,12945.914415
37,85,12677.871143
38,41,18362.453356
38,42,18203.672400
38,43,16946.498467
38,44,16914.952760
38,45,15332.911205
38,46,15282.426623
38,47,14924.076069
38,48,14606.297208
38,50,14311.930258
38,51,14167.526700
38,56,13758.619875
38,59,13487.771905
38,60,13254.840122
38,61,13031.517342
38,66,12859.053191
38,84,12666.989413
39,41,18362.453356
39,42,16595.496319
39,43,16461.784453
39,45,15332.911205
39,46,15282.426623
39,47,14924.076069
39,48,14606.297208
39,50,14311.930258
39,51,14167.526700
39,55,13880.986426
39,56,13758.619875
39,59,13487.771905
39,60,13254.840122
39,61,13031.517342
39,66,12859.053191
39,71,12817.078644
39,84,12666.989413
40,41,18362.453356
40,42,16595.496319
40,43,16349.999813
40,45,15332.911205
40,46,15282.426623
40,47,14924.076069
40,48,14606.297208
40,50,14311.930258
40,51,14167.526700
40,55,13633.943657
40,59,13487.771905
40,60,13225.644338
40,61,13005.395515
40,66,12796.491432
40,69,12766.420045
40,72,12698.500734
40,84,12619.609333
41,41,18362.453356
41,42,16595.496319
41,43,16313.519148
41,45,15332.911205
41,46,15282.426623
41,47,14924.076069
41,48,14606.297208
41,50,14311.930258
41,51,14167.526700
41,53,14150.350377
41,55,13633.943657
41,57,13548.004390
41,59,13487.771905
41,60,13225.644338
41,61,13005.395515
41,66,12796.491432
41,69,12766.420045
41,72,12698.500734
41,84,12619.609333
42,41,18362.453356
42,42,16595.496319
42,43,16313.519148
42,44,16082.974214
42,45,15332.911205
42,46,15282.426623
42,47,14924.076069
42,48,14606.297208
42,50,14311.930258
42,51,14167.526700
42,52,14118.579213
42,55,13589.331441
42,57,13428.576638
42,59,13334.388601
42,60,13220.292460
42,61,12990.354491
42,66,12793.533569
42,69,12766.420045
42,72,12698.500734
42,84,12581.951075
43,39,17818.068757
43,42,16595.496319
43,43,16313.519148
43,44,15616.936122
43,45,15332.911205
43,46,15282.426623
43,47,14924.076069
43,48,14606.297208
43,50,14311.930258
43,51,14167.526700
43,52,14118.579213
43,55,13589.331441
43,57,13428.576638
43,58,13371.710632
43,59,13325.107648
43,60,13220.292460
43,61,12990.354491
43,66,12793.533569
43,69,12766.420045
43,72,12698.500734
43,75,12670.098615
43,84,12581.951075
44,39,17818.068757
44,42,16595.496319
44,43,16313.519148
44,44,15616.936122
44,45,15332.911205
44,46,15282.426623
44,47,14924.076069
44,48,14606.297208
44,50,14311.930258
44,51,14167.526700
44,52,14118.579213
44,55,13589.331441
44,57,13246.907968
44,60,13173.830294
44,61,12941.340662
44,64,12837.635721
44,66,12744.734223
44,70,12616.399938
44,74,12594.121350
44,83,12529.425299
45,39,17818.068757
45,42,16595.496319
45,43,16313.519148
45,44,15616.936122
45,45,15332.911205
45,46,15282.426623
45,47,14924.076069
45,48,14606.297208
45,50,14311.930258
45,51,14167.526700
45,52,14118.579213
45,55,13589.331441
45,57,13246.907968
45,59,13123.884571
45,61,12941.340662
45,64,12837.635721
45,66,12744.734223
45,70,12616.399938
45,74,12594.121350
45,83,12529.425299
46,39,17818.068757
46,42,16595.496319
46,43,16313.519148
46,44,15616.936122
46,45,15332.911205
46,46,15282.426623
46,47,14924.076069
46,48,14606.297208
46,49,14307.523465
46,51,14167.526700
46,52,13912.513413
46,55,13589.331441
46,57,13246.907968
46,59,13121.486529
46,60,12865.949138
46,62,12794.331303
46,66,12730.211074
46,68,12480.525312
47,39,17818.068757
47,42,16504.113953
47,43,16313.519148
47,44,15616.936122
47,45,15332.911205
47,46,15282.426623
47,47,14924.076069
47,48,14606.297208
47,49,14307.523465
47,51,14167.526700
47,52,13912.513413
47,55,13589.331441
47,57,13246.907968
47,59,13121.486529
47,60,12865.949138
47,61,12821.166744
47,62,12794.331303
47,63,12789.005270
47,66,12723.047417
47,68,12480.525312
48,39,17818.068757
48,42,16504.113953
48,43,16313.519148
48,44,15616.936122
48,45,15332.911205
48,46,15282.426623
48,47,14730.094701
48,48,14606.297208
48,49,14307.523465
48,51,13852.823342
48,55,13589.331441
48,57,13192.255859
48,58,13026.900894
48,59,12772.059064
48,60,12763.194916
48,63,12725.899801
48,66,12621.946505
48,68,12470.841247
49,39,17818.068757
49,40,17539.076435
49,42,16504.113953
49,43,16313.519148
49,44,15616.936122
49,45,15332.911205
49,46,15240.481789
49,47,14730.094701
49,48,14606.297208
49,49,14307.523465
49,51,13852.823342
49,54,13850.735632
49,55,13589.331441
49,57,13192.255859
49,58,13026.900894
49,59,12699.746852
49,65,12560.122746
49,68,12470.841247
50,39,17818.068757
50,40,17368.830671
50,41,17303.454305
50,42,16504.113953
50,43,16231.467470
50,44,15616.936122
50,45,15332.911205
50,46,14557.621550
50,48,14104.325323
50,49,14083.218822
50,51,13852.823342
50,54,13727.534436
50,55,13264.300846
50,57,13179.150781
50,58,13002.288138
50,59,12696.197732
50,65,12507.576045
50,68,12446.956160
51,39,17501.355631
51,40,17368.830671
51,41,17303.454305
51,42,16504.113953
51,43,16039.983334
51,44,15616.936122
51,45,15332.911205
51,46,14557.621550
51,48,14104.325323
51,49,14083.218822
51,50,13916.491730
51,51,13852.823342
51,52,13481.531352
51,55,13232.117989
51,57,13090.127358
51,58,13002.288138
51,59,12696.197732
51,64,12621.941860
51,65,12507.576045
51,68,12446.956160
52,39,17501.355631
52,40,17368.830671
52,41,17303.454305
52,42,16504.113953
52,43,16039.983334
52,44,15616.936122
52,45,15332.911205
52,46,14557.621550
52,48,13925.954180
52,50,13840.899752
52,51,13839.252656
52,52,13467.816007
52,54,13214.390401
52,56,12985.783771
52,59,12605.348344
52,62,12400.273416
53,39,17501.355631
53,40,17368.830671
53,41,17220.526115
53,42,16504.113953
53,43,16039.983334
53,44,15616.936122
53,45,15332.911205
53,46,14557.621550
53,48,13925.954180
53,50,13840.899752
53,51,13839.252656
53,52,13467.816007
53,54,13214.390401
53,56,12985.783771
53,59,12605.348344
53,60,12559.954060
53,62,12400.273416
53,63,12358.314406
54,39,17501.355631
54,40,17368.830671
54,41,17220.526115
54,42,16504.113953
54,43,16039.983334
54,44,15616.936122
54,45,15332.911205
54,46,14557.621550
54,47,13771.598341
54,52,13461.067707
54,54,13214.390401
54,56,12978.155162
54,59,12605.348344
54,60,12528.151759
54,62,12400.273416
54,63,12328.120359
55,39,17501.355631
55,40,17368.830671
55,41,17153.351135
55,42,16504.113953
55,43,16039.983334
55,44,15616.936122
55,45,15332.911205
55,46,14557.621550
55,47,13771.598341
55,52,13461.067707
55,54,13214.390401
55,56,12978.155162
55,58,12792.915846
55,59,12605.348344
55,60,12528.151759
55,62,12400.273416
55,63,12328.120359
56,39,17501.355631
56,40,17298.906031
56,41,17153.351135
56,42,16504.113953
56,43,16039.983334
56,44,15616.936122
56,45,15332.911205
56,46,14414.384681
56,47,13647.711537
56,50,13451.766650
56,53,13161.703386
56,56,12978.155162
56,58,12591.849527
56,60,12494.173390
56,61,12267.587331
57,39,17501.355631
57,40,17298.906031
57,41,17035.381992
57,42,16504.113953
57,43,16039.983334
57,44,15399.614870
57,45,15332.911205
57,46,14414.384681
57,47,13647.711537
57,50,13451.766650
57,53,13161.703386
57,56,12978.155162
57,57,12945.234437
57,58,12591.849527
57,60,12494.173390
57,61,12267.587331
57,64,12168.327832
58,39,17501.355631
58,40,17298.906031
58,41,17035.381992
58,42,16504.113953
58,43,16039.983334
58,44,14636.958188
58,46,14414.384681
58,47,13640.812725
58,50,13404.018501
58,52,13098.533453
58,56,12742.723804
58,58,12544.960118
58,60,12488.430764
58,61,12232.059165
58,64,12146.801053
59,39,17501.355631
59,40,17298.906031
59,41,16998.922661
59,42,16371.489044
59,43,16039.983334
59,44,14636.958188
59,46,14333.058206
59,47,13640.812725
59,50,13404.018501
59,52,13098.533453
59,56,12742.723804
59,58,12544.960118
59,60,12488.430764
59,61,12232.059165
59,64,12146.801053
60,39,17501.355631
60,40,17298.906031
60,41,16998.922661
60,42,16371.489044
60,43,16039.983334
60,44,14636.958188
60,45,14228.148310
60,47,13603.169062
60,48,13398.422143
60,52,13031.308386
60,56,12687.542716
60,58,12493.540361
60,59,12212.029535
60,63,12111.553298
61,39,17501.355631
61,40,17298.906031
61,41,16998.922661
61,42,16371.489044
61,43,16039.983334
61,44,14636.958188
61,45,14228.148310
61,47,13603.169062
61,48,13398.422143
61,52,13031.308386
61,56,12687.542716
61,58,12493.540361
61,59,12212.029535
61,63,12111.553298
62,39,17501.355631
62,40,17298.906031
62,41,16998.922661
62,42,16371.489044
62,43,16039.983334
62,44,14210.324778
62,47,13601.940660
62,48,13326.172269
62,52,12995.965710
62,54,12946.670264
62,55,12639.514347
62,58,12493.540361
62,59,12206.550784
62,62,12052.752251
63,39,17501.355631
63,40,17298.906031
63,41,16998.922661
63,42,16371.489044
63,43,16039.983334
63,44,14210.324778
63,47,13601.940660
63,48,13326.172269
63,52,12995.965710
63,54,12946.670264
63,55,12639.514347
63,58,12493.540361
63,59,12206.550784
63,62,12052.752251
63,64,12017.699013
64,39,17501.355631
64,40,17298.906031
64,41,16998.922661
64,42,16137.508487
64,43,16039.983334
64,44,14210.324778
64,47,13601.940660
64,48,13310.241694
64,51,12947.101431
64,54,12911.768951
64,55,12639.514347
64,58,12430.265103
64,59,12206.092577
64,61,12025.921924
64,64,11996.020929
65,39,17501.355631
65,40,16778.139713
65,42,16137.508487
65,43,14602.641040
65,44,14210.324778
65,46,14148.248741
65,47,13601.940660
65,48,13310.241694
65,51,12947.101431
65,54,12911.768951
65,55,12639.514347
65,58,12430.265103
65,59,12206.092577
65,61,12025.921924
65,64,11996.020929
66,39,17501.355631
66,40,16778.139713
66,42,16137.508487
66,43,14602.641040
66,44,14210.324778
66,45,14131.005010
66,47,13434.230231
66,48,13260.890038
66,51,12947.101431
66,54,12911.768951
66,55,12639.514347
66,58,12430.265103
66,59,12206.092577
66,61,12001.872808
66,64,11979.594316
67,39,17501.355631
67,40,16778.139713
67,42,16137.508487
67,43,14602.641040
67,44,14210.324778
67,45,14131.005010
67,46,14058.536643
67,47,13434.230231
67,48,13260.890038
67,51,12947.101431
67,52,12594.970358
67,58,12430.265103
67,59,12206.092577
67,61,12001.872808
67,64,11979.594316
68,39,17501.355631
68,40,16778.139713
68,42,16087.812231
68,43,14602.641040
68,44,14210.324778
68,45,14014.277285
68,47,13372.227835
68,48,13260.057680
68,50,12836.397192
68,52,12492.467701
68,58,12207.523086
68,59,12159.755526
68,60,11970.880443
69,39,17501.355631
69,40,16778.139713
69,42,16087.812231
69,43,14602.641040
69,44,14210.324778
69,45,14014.277285
69,47,13372.227835
69,48,13260.057680
69,50,12836.397192
69,52,12492.467701
69,58,12207.523086
69,59,12159.755526
69,60,11970.880443
70,39,17501.355631
70,40,16778.139713
70,42,16087.812231
70,43,14519.584459
70,44,14061.708847
70,45,13876.704354
70,47,13311.678322
70,48,13260.057680
70,50,12792.091465
70,52,12427.172824
70,58,12112.423577
70,60,11947.870541
71,39,17501.355631
71,40,16778.139713
71,41,16500.514637
71,42,15965.466019
71,43,14519.584459
71,44,14061.708847
71,45,13876.704354
71,47,13311.678322
71,48,13260.057680
71,50,12792.091465
71,52,12427.172824
71,57,12339.120281
71,58,12112.423577
71,60,11947.870541
72,39,17501.355631
72,40,16778.139713
72,41,16500.514637
72,42,15965.466019
72,43,14394.669158
72,44,14013.356791
72,45,13876.704354
72,47,13311.678322
72,48,13249.874052
72,50,12750.677739
72,52,12397.546814
72,57,12339.120281
72,58,12101.387581
72,60,11918.254077
73,39,17501.355631
73,40,16778.139713
73,41,16500.514637
73,42,15965.466019
73,43,14394.669158
73,44,14013.356791
73,45,13876.704354
73,47,13311.678322
73,48,13249.874052
73,50,12750.677739
73,52,12397.546814
73,57,12339.120281
73,58,12101.387581
73,60,11918.254077
74,39,17501.355631
74,40,16778.139713
74,41,16500.514637
74,42,15561.813879
74,43,14394.669158
74,44,13986.280981
74,45,13806.845661
74,47,13276.101126
74,48,13232.307144
74,50,12749.872445
74,52,12370.632599
74,57,12302.868854
74,58,12084.412959
74,60,11892.738465
75,39,17483.858657
75,40,16778.139713
75,41,16500.514637
75,42,15561.813879
75,43,14394.669158
75,44,13986.280981
75,45,13806.845661
75,47,13276.101126
75,48,13232.307144
75,50,12749.872445
75,52,12370.632599
75,57,12302.868854
75,58,12068.523649
75,60,11892.738465
75,65,11858.639361
76,39,17483.858657
76,40,16778.139713
76,41,16500.514637
76,42,15561.813879
76,43,14394.669158
76,44,13975.403140
76,45,13711.983398
76,47,13273.526912
76,48,13045.973932
76,50,12671.420523
76,52,12364.589179
76,57,12280.840206
76,58,12050.382157
76,60,11880.482320
76,64,11813.313389
77,39,17483.858657
77,40,16778.139713
77,41,16500.514637
77,42,15561.813879
77,43,14394.669158
77,44,13975.403140
77,45,13613.751980
77,47,13273.526912
77,48,12843.417084
77,50,12671.420523
77,52,12364.589179
77,57,12280.840206
77,58,12050.382157
77,59,11905.488615
77,60,11880.482320
77,64,11800.487718
78,39,17483.858657
78,40,16778.139713
78,41,16386.986331
78,42,15561.813879
78,43,14394.669158
78,44,13462.350660
78,47,13271.430044
78,48,12737.286318
78,50,12671.420523
78,52,12364.589179
78,56,12147.252443
78,57,12005.614811
78,58,11882.462983
78,60,11880.482320
78,64,11798.836829
79,39,17483.858657
79,40,16778.139713
79,41,16386.986331
79,42,15561.813879
79,43,14394.669158
79,44,13462.350660
79,47,13271.430044
79,48,12737.286318
79,50,12671.420523
79,52,12364.589179
79,56,11777.928838
80,39,17483.858657
80,40,16778.139713
80,41,15941.343901
80,42,15443.007600
80,43,14394.669158
80,44,13418.889246
80,47,13271.430044
80,48,12639.880496
80,52,12359.240294
80,55,12308.697458
80,56,11773.408488
81,39,17483.858657
81,40,16778.139713
81,41,15941.343901
81,42,15443.007600
81,43,14394.669158
81,44,13418.889246
81,47,13271.430044
81,48,12639.880496
81,52,12359.240294
81,55,12093.847670
81,56,11773.408488
82,39,17483.858657
82,40,16605.652303
82,41,15831.938881
82,42,15271.642373
82,43,14311.516563
82,44,13418.889246
82,47,13271.430044
82,48,12628.217815
82,52,12347.346947
82,55,12091.099373
82,56,11759.332791
83,39,17483.858657
83,40,16605.652303
83,41,15831.938881
83,42,15271.642373
83,43,14311.516563
83,44,13418.889246
83,47,13271.430044
83,48,12628.217815
83,49,12591.079562
83,52,12347.346947
83,55,12091.099373
83,56,11759.332791
84,39,17427.458190
84,40,16605.652303
84,41,15576.733439
84,42,15045.774721
84,43,14200.557228
84,44,13308.985964
84,47,13271.430044
84,48,12617.597361
84,49,12585.620861
84,52,12344.674363
84,55,12081.333181
84,56,11759.332791
85,39,16879.448616
85,40,16605.652303
85,41,15576.733439
85,42,15045.774721
85,43,14200.557228
85,44,13308.985964
85,47,13271.430044
85,48,12586.787762
85,49,12585.620861
85,50,12560.182787
85,52,12344.674363
85,55,12081.333181
85,56,11759.332791
86,39,16879.448616
86,40,16329.685584
86,41,15576.733439
86,42,14940.718935
86,43,14200.557228
86,44,13308.985964
86,47,13193.501720
86,48,12586.787762
86,49,12585.620861
86,50,12538.362495
86,52,12344.674363
86,55,12067.077576
86,56,11759.332791
87,39,16879.448616
87,40,16329.685584
87,41,15576.733439
87,42,14940.718935
87,43,14200.557228
87,44,13308.985964
87,47,13193.501720
87,48,12586.787762
87,49,12585.620861
87,50,12538.362495
87,52,12344.674363
87,55,12052.993471
87,56,11759.332791
88,39,16879.448616
88,40,16329.685584
88,41,15576.733439
88,42,14940.718935
88,43,13158.507657
88,45,12864.905824
88,48,12586.787762
88,49,12569.666047
88,50,12256.371516
88,54,11992.782214
88,55,11793.157945
88,56,11759.332791
89,39,16879.448616
89,40,16329.685584
89,41,15576.733439
89,42,14940.718935
89,43,13158.507657
89,45,12864.905824
89,48,12586.787762
89,49,12569.666047
89,50,12256.371516
89,51,12158.556280
89,54,11992.782214
89,55,11793.157945
89,56,11759.332791
90,39,16879.448616
90,40,16329.685584
90,41,15576.733439
90,42,14679.475567
90,43,13158.507657
90,44,12713.021374
90,48,12510.558777
90,50,12256.371516
90,51,12133.785981
90,54,11979.364604
90,55,11793.157945
90,56,11757.264024
91,39,16558.977679
91,40,16329.685584
91,41,15576.733439
91,42,14679.475567
91,43,13158.507657
91,44,12713.021374
91,48,12510.558777
91,50,12256.371516
91,51,12133.785981
91,53,12021.271090
91,54,11979.364604
91,55,11793.157945
91,56,11757.264024
92,39,16558.977679
92,40,16329.685584
92,41,15576.733439
92,42,13106.105742
92,44,12651.541656
92,48,12476.115445
92,49,12231.940522
92,51,12133.785981
92,52,12013.319552
92,53,11946.994196
92,54,11921.732737
92,55,11793.157945
92,56,11756.248821
93,39,16558.977679
93,40,16232.683846
93,41,15531.314870
93,42,13106.105742
93,44,12651.541656
93,48,12476.115445
93,49,12231.940522
93,51,12133.785981
93,52,12013.319552
93,53,11946.994196
93,54,11921.732737
93,55,11793.157945
93,56,11756.248821
94,39,16558.977679
94,40,16047.463951
94,41,15531.314870
94,42,13106.105742
94,44,12617.399815
94,48,12349.253231
94,49,12198.895587
94,51,12055.726976
94,52,12009.090216
94,53,11924.416997
94,54,11921.732737
94,55,11745.539712
94,58,11706.231097
95,39,16558.977679
95,40,16012.570960
95,41,15531.314870
95,42,13106.105742
95,43,12964.637421
95,44,12617.399815
95,47,12181.499200
95,51,12055.726976
95,52,12009.090216
95,53,11924.416997
95,54,11777.217549
95,55,11745.539712
95,58,11706.231097
96,39,16558.977679
96,40,16012.570960
96,41,13817.993664
96,42,12904.306952
96,44,12617.399815
96,46,12168.484203
96,51,12055.726976
96,52,12009.090216
96,53,11731.373983
96,54,11704.343369
97,39,16558.977679
97,40,16012.570960
97,41,13817.993664
97,42,12904.306952
97,44,12617.399815
97,46,12168.484203
97,51,12055.726976
97,52,12009.090216
97,53,11731.373983
97,54,11704.343369
98,39,16558.977679
98,40,15816.265002
98,41,13640.470276
98,42,12856.863310
98,44,12567.263881
98,46,12166.061418
98,50,12066.580749
98,51,12055.726976
98,52,11946.753658
98,53,11720.484984
98,54,11694.149316
99,38,16978.846664
99,39,16558.977679
99,40,15816.265002
99,41,13640.470276
99,42,12856.863310
99,44,12567.263881
99,46,12166.061418
99,50,12066.580749
99,51,12055.726976
99,52,11886.350761
99,53,11718.098691
99,54,11694.149316
100,38,16978.846664
100,39,16558.977679
100,40,15515.796588
100,41,12584.389485
100,44,12563.500978
100,46,12122.701871
100,50,12066.580749
100,51,11845.209230
100,52,11673.731092
101,38,16978.846664
101,39,16558.977679
101,40,15515.796588
101,41,12584.389485
101,44,12563.500978
101,46,12122.701871
101,50,12066.580749
101,51,11845.209230
101,52,11673.731092
102,38,16747.460346
102,39,16336.513948
102,40,15515.796588
102,41,12553.894212
102,46,12106.767551
102,50,12066.580749
102,51,11841.568029
102,52,11673.731092
103,38,16747.460346
103,39,16202.157208
103,40,15515.796588
103,41,12553.894212
103,46,12106.767551
103,50,12066.580749
103,51,11841.568029
103,52,11673.731092
103,54,11660.162317
104,38,16131.567327
104,40,15384.579756
104,41,12553.894212
104,46,12060.154904
104,50,11831.101742
104,52,11663.526585
104,53,11616.230960
105,38,16131.567327
105,39,12713.146123
105,41,12553.894212
105,46,12060.154904
105,48,11921.068563
105,50,11831.101742
105,52,11663.526585
105,53,11616.230960
106,38,16023.862084
106,39,12545.438514
106,41,12536.700897
106,44,12261.330703
106,46,12060.154904
106,48,11883.063404
106,50,11822.760817
106,52,11662.459914
106,53,11614.829080
107,38,16023.862084
107,39,12545.438514
107,41,12536.700897
107,44,12261.330703
107,46,12060.154904
107,48,11883.063404
107,50,11822.760817
107,52,11662.459914
107,53,11614.829080
108,38,15953.211354
108,39,12515.289188
108,44,12230.425508
108,45,12088.075708
108,46,12054.787822
108,48,11825.645111
108,50,11822.760817
108,52,11662.459914
108,53,11611.717014
109,38,15953.211354
109,39,12515.289188
109,41,12286.114765
109,44,12230.425508
109,45,12071.086315
109,46,12054.787822
109,48,11825.645111
109,50,11822.760817
109,52,11662.459914
109,53,11611.717014
109,54,11603.075903
110,38,13443.197650
110,39,12445.140272
110,41,12286.114765
110,43,12263.389217
110,44,12230.425508
110,45,12071.086315
110,46,12054.787822
110,47,12039.420966
110,48,11825.645111
110,50,11822.760817
110,52,11662.459914
110,53,11611.717014
110,54,11603.075903
111,38,13443.197650
111,39,12445.140272
111,41,12286.114765
111,42,12269.305544
111,43,12232.888163
111,44,12230.332708
111,45,12071.086315
111,46,12046.539513
111,47,12004.554355
111,48,11818.148510
111,52,11647.788676
111,53,11588.157349
112,38,13443.197650
112,39,12445.140272
112,40,12405.650098
112,41,12251.272825
112,43,12232.888163
112,44,12230.332708
112,45,12071.086315
112,46,12046.539513
112,47,12004.554355
112,48,11818.148510
112,52,11647.788676
112,53,11588.157349
113,38,12713.716429
113,39,12445.140272
113,40,12405.650098
113,41,12234.800210
113,42,12197.686691
113,45,12071.086315
113,46,12046.539513
113,47,11957.484017
113,48,11818.148510
113,51,11779.927904
113,52,11645.186190
113,53,11588.157349
113,54,11564.433340
114,38,12713.716429
114,39,12445.140272
114,40,12405.650098
114,41,12234.800210
114,42,12089.381234
114,45,12071.086315
114,46,12046.539513
114,47,11939.442529
114,48,11818.148510
114,50,11767.042351
114,52,11645.186190
114,53,11588.157349
114,54,11564.433340
115,38,12713.716429
115,39,12445.140272
115,40,12405.650098
115,41,12230.107319
115,42,12062.479960
115,46,11776.233952
115,50,11767.042351
115,51,11642.648843
115,53,11579.687830
115,54,11564.433340
116,38,12713.716429
116,39,12445.140272
116,40,12405.650098
116,41,12230.107319
116,42,12062.479960
116,44,11975.123778
116,46,11776.233952
116,50,11767.042351
116,51,11642.648843
116,53,11579.687830
116,54,11564.433340
117,37,15369.000684
117,38,12713.716429
117,39,12430.517546
117,40,12405.650098
117,41,12211.740170
117,42,12038.128801
117,43,11958.319141
117,46,11751.347529
117,50,11742.155928
117,51,11636.698872
117,53,11579.687830
117,54,11559.806693
118,37,15369.000684
118,38,12713.716429
118,39,12430.517546
118,40,12405.650098
118,41,12211.740170
118,42,12038.128801
118,43,11957.074785
118,46,11751.347529
118,50,11742.155928
118,51,11636.698872
118,53,11579.687830
118,54,11559.806693
119,37,13532.395342
119,38,12713.716429
119,39,12404.980364
119,40,12379.472831
119,41,12211.740170
119,42,12026.947196
119,43,11936.129210
119,46,11723.246801
119,51,11636.698872
119,52,11552.573303
120,37,13532.395342
120,38,12713.716429
120,39,12404.980364
120,40,12379.472831
120,41,12211.740170
120,42,12026.947196
120,43,11936.129210
120,46,11723.246801
120,51,11636.698872
120,52,11552.573303
121,37,13532.395342
121,38,12713.716429
121,39,12394.297619
121,40,12378.001283
121,41,12211.740170
121,42,12026.835374
121,43,11934.577233
121,46,11696.967073
121,51,11613.715386
121,52,11501.877028
122,37,13286.927800
122,38,12600.872210
122,39,12394.297619
122,40,12378.001283
122,41,12211.740170
122,42,12026.835374
122,43,11934.577233
122,46,11696.967073
122,51,11613.715386
122,52,11501.877028
123,37,13240.569730
123,38,12591.525087
123,39,12393.657534
123,40,12378.001283
123,41,12143.062865
123,42,12017.901631
123,43,11934.577233
123,46,11696.967073
123,51,11606.705109
123,52,11479.270784
124,37,13174.083581
124,38,12591.525087
124,39,12393.657534
124,40,12378.001283
124,41,12143.062865
124,42,12017.901631
124,43,11934.577233
124,45,11885.374888
124,46,11696.967073
124,51,11606.705109
124,52,11479.270784
125,36,15222.205190
125,37,13174.083581
125,38,12559.038546
125,39,12381.373930
125,40,12377.632069
125,41,12143.062865
125,42,11999.081620
125,43,11919.327338
125,45,11885.374888
125,46,11696.967073
125,51,11601.572758
125,52,11473.918343
126,36,15222.205190
126,37,13174.083581
126,38,12559.038546
126,39,12381.373930
126,40,12377.632069
126,41,12131.633474
126,42,11999.081620
126,43,11919.327338
126,45,11885.374888
126,46,11696.967073
126,51,11601.572758
126,52,11473.918343
127,36,15222.205190
127,37,13152.602778
127,38,12559.038546
127,39,12381.373930
127,40,11975.827013
127,42,11925.836493
127,43,11913.142530
127,45,11884.404646
127,46,11696.967073
127,51,11587.463857
127,52,11460.665899
128,36,13582.077519
128,37,13152.602778
128,38,12559.038546
128,39,12381.373930
128,40,11975.827013
128,42,11925.836493
128,43,11913.142530
128,45,11884.404646
128,46,11696.967073
128,51,11587.463857
128,52,11460.665899
129,36,13582.077519
129,37,13139.316013
129,38,12512.592520
129,39,12367.510579
129,40,11974.733950
129,42,11853.601718
129,46,11696.830744
129,51,11587.463857
129,52,11460.665899
130,36,13582.077519
130,37,13139.316013
130,38,12512.592520
130,39,12367.510579
130,40,11974.733950
130,42,11853.601718
130,46,11696.830744
130,49,11604.292121
130,51,11587.463857
130,52,11460.665899
131,36,13582.077519
131,37,13114.289765
131,38,12512.592520
131,39,12367.510579
131,40,11972.550626
131,42,11844.681787
131,46,11696.830744
131,49,11550.269097
131,52,11460.665899
132,36,13582.077519
132,37,13114.289765
132,38,12512.592520
132,39,12367.510579
132,40,11972.550626
132,42,11844.681787
132,44,11834.790854
132,46,11696.830744
132,49,11550.269097
132,52,11460.665899
133,36,13386.909991
133,37,13114.289765
133,38,12512.592520
133,39,12367.510579
133,40,11951.723162
133,42,11835.612732
133,44,11834.790854
133,46,11696.830744
133,49,11550.269097
133,52,11460.665899
134,36,13386.909991
134,37,13114.289765
134,38,12512.592520
134,39,12094.696797
134,40,11951.723162
134,41,11873.201387
134,42,11835.612732
134,44,11834.790854
134,46,11696.830744
134,49,11550.269097
134,52,11460.665899
135,35,14279.296175
135,36,13386.909991
135,37,13114.289765
135,38,12500.379101
135,39,12070.351597
135,40,11938.649372
135,41,11870.416472
135,42,11835.612732
135,44,11826.239806
135,46,11696.830744
135,47,11671.410446
135,48,11541.582483
135,52,11459.962907
136,35,14279.296175
136,36,13386.909991
136,37,13114.289765
136,38,12500.379101
136,39,12070.351597
136,40,11938.649372
136,41,11870.416472
136,42,11835.612732
136,44,11826.239806
136,45,11798.715847
136,46,11696.830744
136,47,11671.410446
136,48,11541.582483
136,52,11459.962907
137,35,14279.296175
137,36,13386.909991
137,37,13047.553273
137,38,12500.379101
137,39,12070.351597
137,40,11936.524805
137,41,11870.056342
137,42,11835.612732
137,44,11826.239806
137,45,11765.143548
137,46,11683.636255
137,47,11654.393575
137,48,11516.642632
137,52,11449.014474
138,35,14279.296175
138,36,13386.909991
138,37,13047.553273
138,38,12500.379101
138,39,12070.351597
138,40,11936.524805
138,41,11870.056342
138,42,11835.612732
138,44,11826.239806
138,45,11765.143548
138,46,11683.636255
138,47,11654.393575
138,48,11516.642632
138,52,11449.014474
139,35,14279.296175
139,36,13386.909991
139,37,13039.293549
139,38,12500.379101
139,39,12058.486369
139,40,11930.270160
139,41,11795.258340
139,44,11744.441803
139,46,11673.843320
139,47,11651.059692
139,48,11500.342974
139,52,11449.014474
140,35,14158.436931
140,36,13386.909991
140,37,13039.293549
140,38,12500.379101
140,39,12058.486369
140,40,11856.860949
140,41,11795.258340
140,44,11744.441803
140,46,11673.843320
140,47,11651.059692
140,48,11500.342974
140,52,11449.014474
141,35,13881.121090
141,36,13386.909991
141,37,12987.995060
141,38,12485.045042
141,39,12058.486369
141,40,11854.574136
141,41,11753.454867
141,44,11744.441803
141,46,11672.762143
141,47,11651.059692
141,48,11487.607433
141,52,11449.014474
142,35,13881.121090
142,36,13386.909991
142,37,12987.995060
142,38,12485.045042
142,39,12058.486369
142,40,11854.574136
142,41,11753.454867
142,44,11744.441803
142,46,11672.762143
142,47,11651.059692
142,48,11487.607433
142,52,11449.014474
143,35,13881.121090
143,36,13386.909991
143,37,12987.995060
143,38,12448.350113
143,39,11900.815323
143,40,11829.121936
143,41,11753.028493
143,42,11720.674242
143,46,11648.292484
143,47,11645.887516
143,48,11485.618890
143,52,11449.014474
144,35,13881.121090
144,36,13386.909991
144,37,12987.995060
144,38,12307.062374
144,39,11900.815323
144,40,11829.121936
144,41,11753.028493
144,42,11720.674242
144,46,11648.292484
144,47,11645.887516
144,48,11485.618890
144,52,11449.014474
145,35,13881.121090
145,36,13386.909991
145,37,12927.308008
145,38,12293.470181
145,39,11900.815323
145,40,11829.121936
145,41,11748.239733
145,42,11720.674242
145,46,11648.292484
145,47,11645.887516
145,48,11451.971199
145,52,11449.014474
146,35,13881.121090
146,36,13386.909991
146,37,12927.308008
146,38,12293.470181
146,39,11900.815323
146,40,11829.121936
146,41,11748.239733
146,42,11720.674242
146,46,11648.292484
146,47,11645.887516
146,48,11451.971199
146,52,11449.014474
147,35,13881.121090
147,36,13386.909991
147,37,12904.765272
147,38,12255.533826
147,39,11872.960733
147,40,11679.659572
147,46,11648.292484
147,47,11629.629391
147,48,11451.971199
147,50,11414.625322
148,34,15640.381925
148,35,13881.121090
148,36,13386.909991
148,37,12904.765272
148,38,12255.533826
148,39,11872.960733
148,40,11679.659572
148,46,11648.292484
148,47,11629.629391
148,48,11451.971199
148,50,11414.625322
149,34,15640.381925
149,35,13531.968659
149,36,13265.032120
149,37,12904.765272
149,38,12240.207443
149,39,11803.089216
149,40,11679.659572
149,46,11647.743704
149,47,11592.159388
149,48,11447.725904
149,50,11414.625322
150,34,15640.381925
150,35,13531.968659
150,36,13265.032120
150,37,12791.065932
150,38,12240.207443
150,39,11791.371180
150,40,11679.659572
150,46,11647.743704
150,47,11592.159388
150,48,11447.725904
150,50,11414.625322
151,34,15640.381925
151,35,13485.012467
151,36,13240.368165
151,37,12791.065932
151,38,12240.012124
151,39,11765.983380
151,40,11670.817487
151,46,11647.743704
151,47,11567.849919
151,48,11426.363695
151,50,11411.942393
152,34,15640.381925
152,35,13485.012467
152,36,12648.445057
152,38,12240.012124
152,39,11765.983380
152,40,11670.817487
152,46,11647.743704
152,47,11567.849919
152,48,11426.363695
152,50,11411.942393
153,34,15249.883317
153,35,13366.274690
153,36,12648.445057
153,38,12235.399350
153,39,11763.509111
153,40,11659.384202
153,46,11647.743704
153,47,11567.789220
153,48,11426.363695
153,50,11411.942393
154,34,15249.883317
154,35,13366.274690
154,36,12648.445057
154,38,12235.399350
154,39,11763.509111
154,40,11659.384202
154,46,11647.743704
154,47,11567.789220
154,48,11426.363695
154,50,11411.942393
155,34,15093.290604
155,35,13354.662480
155,36,12648.445057
155,38,12216.861932
155,39,11617.128952
155,43,11616.164789
155,47,11543.035381
155,48,11426.363695
155,50,11409.905568
156,34,15093.290604
156,35,13354.662480
156,36,12648.445057
156,38,12216.861932
156,39,11617.128952
156,43,11616.164789
156,47,11543.035381
156,48,11426.363695
156,50,11409.905568
157,34,15008.341904
157,35,13251.085134
157,36,12607.281747
157,38,12138.396635
157,39,11608.350022
157,40,11578.802614
157,47,11542.630463
157,48,11421.501442
157,50,11409.905568
158,34,15008.341904
158,35,13251.085134
158,36,12607.281747
158,38,12138.396635
158,39,11608.350022
158,40,11578.802614
158,47,11542.630463
158,48,11421.501442
158,50,11409.905568
159,34,14910.830631
159,35,13185.913284
159,36,12597.617148
159,38,12138.396635
159,39,11601.876250
159,40,11575.509472
159,47,11542.630463
159,48,11421.432400
159,50,11409.905568
160,34,14910.830631
160,35,13185.913284
160,36,12597.617148
160,38,12138.396635
160,39,11601.876250
160,40,11575.509472
160,47,11542.630463
160,48,11421.432400
160,50,11409.905568
161,34,14821.845425
161,35,13164.488530
161,36,12582.996499
161,38,12138.396635
161,39,11601.876250
161,40,11569.839323
161,47,11541.256201
161,48,11393.381424
162,34,14821.845425
162,35,13164.488530
162,36,12582.996499
162,38,11750.727297
162,39,11601.876250
162,40,11569.839323
162,47,11541.256201
162,48,11393.381424
163,34,14809.715835
163,35,13152.255526
163,36,12582.996499
163,38,11710.930726
163,39,11591.082607
163,40,11569.574571
163,44,11467.690931
163,48,11393.151389
164,34,14809.715835
164,35,13024.101455
164,36,12582.996499
164,38,11710.930726
164,39,11591.082607
164,40,11569.574571
164,44,11467.690931
164,48,11393.151389
165,34,14784.733887
165,35,12553.562953
165,38,11710.548075
165,39,11547.772977
165,44,11465.329006
165,48,11393.151389
166,34,14784.733887
166,35,12553.562953
166,38,11710.548075
166,39,11547.090926
166,44,11465.329006
166,48,11393.151389
167,34,14157.458068
167,35,12525.349913
167,38,11679.807504
167,39,11545.320428
167,43,11452.286516
167,47,11380.856276
168,34,14157.458068
168,35,12525.349913
168,37,12409.394459
168,38,11679.807504
168,39,11545.320428
168,43,11452.286516
168,47,11380.856276
169,34,13472.440064
169,35,12496.398147
169,37,12389.553449
169,38,11644.474996
169,39,11545.320428
169,40,11533.247975
169,43,11452.286516
169,47,11380.856276
170,34,13472.440064
170,35,12496.398147
170,37,12389.553449
170,38,11644.474996
170,39,11545.320428
170,40,11533.247975
170,42,11520.255363
170,43,11452.286516
170,46,11450.769148
170,47,11380.856276
171,34,13456.736764
171,35,12246.106229
171,38,11642.732043
171,39,11543.269060
171,40,11533.247975
171,41,11490.547489
171,43,11427.923903
171,47,11380.574347
172,34,13456.736764
172,35,12246.106229
172,38,11642.732043
172,39,11543.269060
172,40,11533.237329
172,41,11490.547489
172,43,11427.923903
172,47,11380.574347
173,34,13450.832279
173,35,12235.625630
173,38,11642.156572
173,39,11537.921560
173,40,11532.980762
173,41,11489.873555
173,43,11415.699599
173,47,11375.602282
174,33,14144.998893
174,34,13450.832279
174,35,12235.625630
174,38,11642.156572
174,39,11537.921560
174,40,11481.127385
174,43,11415.699599
174,47,11375.602282
175,33,14144.998893
175,34,13412.125303
175,35,12234.407868
175,37,11941.818076
175,38,11638.790642
175,39,11518.965160
175,40,11473.300334
175,43,11402.911051
175,45,11391.143518
175,47,11372.668365
176,33,14144.998893
176,34,13412.125303
176,35,12234.407868
176,37,11941.818076
176,38,11638.790642
176,39,11518.965160
176,40,11473.300334
176,43,11402.911051
176,45,11391.143518
176,47,11372.668365
177,33,14144.998893
177,34,13349.057902
177,35,12230.308091
177,36,12226.996572
177,37,11882.411729
177,38,11638.790642
177,39,11516.888815
177,40,11470.979016
177,43,11402.594721
177,45,11390.292834
177,47,11366.024247
178,33,14144.998893
178,34,13130.337512
178,35,12230.308091
178,36,12226.996572
178,37,11882.411729
178,38,11638.790642
178,39,11516.888815
178,40,11470.979016
178,43,11402.594721
178,45,11390.292834
178,47,11366.024247
179,33,14144.998893
179,34,13012.500190
179,35,12217.556028
179,36,12052.044442
179,37,11860.977798
179,38,11638.790642
179,39,11516.888815
179,40,11466.510387
179,43,11397.210738
179,44,11368.456369
179,47,11358.368571
180,33,14144.998893
180,34,13012.500190
180,35,12217.556028
180,36,12052.044442
180,37,11860.977798
180,38,11638.790642
180,39,11516.888815
180,40,11466.510387
180,43,11397.210738
180,44,11368.456369
180,47,11358.368571
181,33,14144.998893
181,34,13005.587090
181,35,12217.460513
181,36,11985.102692
181,37,11860.709390
181,38,11603.987884
181,39,11508.360249
181,40,11466.510387
181,43,11393.247993
181,44,11368.456369
181,46,11314.365525
182,33,14144.998893
182,34,13005.587090
182,35,12217.460513
182,36,11985.102692
182,37,11860.709390
182,38,11603.987884
182,39,11508.360249
182,40,11466.510387
182,43,11393.247993
182,44,11368.456369
182,46,11314.365525
183,33,14144.998893
183,34,12991.635705
183,35,12217.460513
183,36,11945.512573
183,37,11839.755849
183,38,11587.632627
183,39,11508.305157
183,40,11465.755851
183,43,11393.247993
183,44,11365.208248
183,46,11314.365525
184,33,14144.998893
184,34,12991.635705
184,35,12217.460513
184,36,11945.512573
184,37,11839.755849
184,38,11587.632627
184,39,11508.305157
184,40,11465.755851
184,43,11393.247993
184,44,11365.208248
184,46,11314.365525
185,33,14144.998893
185,34,12991.635705
185,35,12217.184612
185,36,11937.463643
185,37,11836.102312
185,38,11578.779361
185,39,11508.305157
185,40,11465.257062
185,43,11378.952476
185,44,11361.562321
185,46,11314.365525
186,33,14144.998893
186,34,12991.635705
186,35,12217.184612
186,36,11937.463643
186,37,11836.102312
186,38,11543.412407
186,39,11508.305157
186,40,11465.257062
186,43,11378.952476
186,44,11361.562321
186,46,11314.365525
187,33,14144.998893
187,34,12776.766936
187,35,12216.715110
187,36,11937.463643
187,37,11836.102312
187,38,11543.412407
187,39,11506.872753
187,40,11450.115164
187,43,11374.976289
187,44,11361.562321
187,46,11314.365525
188,33,14144.998893
188,34,12776.766936
188,35,12216.715110
188,36,11937.463643
188,37,11836.102312
188,38,11543.412407
188,39,11506.872753
188,40,11450.115164
188,41,11440.424758
188,43,11374.976289
188,44,11361.562321
188,46,11314.365525
189,33,14144.998893
189,34,12776.766936
189,35,12216.715110
189,36,11937.463643
189,37,11833.778205
189,38,11542.933044
189,39,11505.007776
189,40,11450.115164
189,41,11435.814578
189,43,11363.868493
189,44,11361.562321
189,46,11313.465094
190,33,13936.488879
190,34,12776.766936
190,35,12216.715110
190,36,11937.463643
190,37,11833.778205
190,38,11538.756331
190,39,11505.007776
190,40,11450.115164
190,41,11435.814578
190,43,11363.868493
190,44,11361.562321
190,46,11313.465094
191,33,13936.488879
191,34,12776.766936
191,35,12215.717528
191,36,11912.505531
191,37,11833.778205
191,38,11523.459391
191,39,11505.007776
191,40,11450.115164
191,41,11435.814578
191,43,11363.868493
191,44,11351.109261
191,46,11310.197533
192,32,13592.941352
192,34,12776.766936
192,35,12215.717528
192,36,11912.505531
192,37,11833.778205
192,38,11523.459391
192,39,11505.007776
192,40,11450.115164
192,41,11435.814578
192,43,11363.868493
192,44,11351.109261
192,46,11310.197533
193,32,13592.941352
193,34,12768.803109
193,35,12215.717528
193,36,11890.563251
193,37,11828.189594
193,38,11522.682249
193,39,11492.527665
193,40,11450.115164
193,41,11393.262072
193,43,11359.542084
193,44,11346.980291
193,46,11310.197533
194,32,13592.941352
194,34,12768.803109
194,35,12215.717528
194,36,11890.563251
194,37,11828.189594
194,38,11522.682249
194,39,11492.527665
194,40,11450.115164
194,41,11393.262072
194,42,11390.503970
194,43,11359.542084
194,44,11346.980291
194,46,11310.197533
195,32,13592.941352
195,34,12768.803109
195,35,12215.717528
195,36,11851.855879
195,37,11824.090727
195,38,11522.682249
195,39,11492.527665
195,40,11441.261897
195,41,11392.950695
195,42,11309.963476
196,32,13592.941352
196,34,12768.803109
196,35,12215.717528
196,36,11851.855879
196,37,11824.090727
196,38,11522.682249
196,39,11492.527665
196,40,11441.261897
196,41,11392.950695
196,42,11309.963476
197,32,13552.099003
197,34,12759.080339
197,35,12215.717528
197,36,11851.855879
197,37,11485.276306
197,40,11423.186013
197,41,11392.093543
197,42,11306.033122
198,32,13552.099003
198,33,13327.061414
198,34,12759.080339
198,35,11842.244906
198,37,11485.276306
198,40,11423.186013
198,41,11392.093543
198,42,11306.033122
199,32,13552.099003
199,33,13131.891860
199,34,12759.080339
199,35,11829.216294
199,37,11476.341357
199,40,11422.128659
199,41,11392.093543
199,42,11306.009090
200,32,13552.099003
200,33,13131.891860
200,34,12759.080339
200,35,11829.216294
200,36,11687.953640
200,37,11476.341357
200,39,11467.941050
200,40,11422.128659
200,41,11392.093543
200,42,11306.009090
201,32,13396.030244
201,33,13102.924264
201,34,12751.975459
201,35,11827.517871
201,36,11626.714149
201,37,11476.337969
201,39,11466.931547
201,40,11410.893182
201,41,11392.093543
201,42,11298.365756
202,32,13396.030244
202,33,13102.924264
202,34,12751.975459
202,35,11827.517871
202,36,11626.714149
202,37,11476.337969
202,39,11466.931547
202,40,11410.893182
202,41,11392.093543
202,42,11298.365756
203,32,13395.097199
203,33,13102.924264
203,34,12741.150303
203,35,11827.517871
203,36,11606.059287
203,37,11476.337969
203,39,11459.410906
203,40,11410.893182
203,41,11387.943549
203,42,11296.596244
204,32,13395.097199
204,33,13102.924264
204,34,12741.150303
204,35,11827.517871
204,36,11606.059287
204,37,11476.337969
204,39,11459.410906
204,40,11410.893182
204,41,11387.943549
204,42,11296.596244
205,32,13285.400895
205,33,13054.804644
205,34,12737.607012
205,35,11766.184570
205,36,11606.059287
205,37,11471.406762
205,38,11433.122162
205,40,11410.893182
205,41,11387.943549
205,42,11248.644833
206,32,13285.400895
206,33,13054.804644
206,34,12737.607012
206,35,11766.184570
206,36,11606.059287
206,37,11471.406762
206,38,11433.122162
206,40,11410.893182
206,41,11387.943549
206,42,11248.644833
207,32,13285.400895
207,33,13044.919215
207,34,12733.175047
207,35,11756.453364
207,36,11602.837179
207,37,11413.529470
207,40,11410.893182
207,41,11378.803363
207,42,11248.644833
208,32,13285.400895
208,33,13044.919215
208,34,11993.262989
208,35,11756.453364
208,36,11602.837179
208,37,11413.529470
208,40,11410.893182
208,41,11378.803363
208,42,11248.644833
209,32,13260.025240
209,33,13026.717541
209,34,11845.950460
209,35,11537.834394
209,37,11412.455254
209,40,11410.893182
209,41,11378.504967
209,42,11245.719692
210,32,13260.025240
210,33,13026.717541
210,34,11845.950460
210,35,11537.834394
210,37,11412.455254
210,40,11410.893182
210,41,11378.504967
210,42,11245.719692
211,32,13260.025240
211,33,13005.272581
211,34,11845.950460
211,35,11537.834394
211,37,11380.642344
211,41,11378.504967
211,42,11238.067072
212,32,13260.025240
212,33,13005.272581
212,34,11845.950460
212,35,11537.834394
212,36,11530.566684
212,37,11380.642344
212,40,11361.813799
212,42,11238.067072
213,32,13216.855094
213,33,13005.272581
213,34,11836.828504
213,35,11527.771807
213,37,11348.532072
213,42,11237.499712
214,32,13216.855094
214,33,13005.272581
214,34,11836.828504
214,35,11527.771807
214,37,11348.532072
214,42,11237.499712
215,32,13199.449984
215,33,12978.554466
215,34,11833.292129
215,35,11513.163839
215,37,11345.587614
215,42,11233.466909
216,32,13199.449984
216,33,12978.554466
216,34,11833.292129
216,35,11513.163839
216,37,11345.587614
216,42,11233.466909
217,32,13199.449984
217,33,11796.134713
217,35,11513.163839
217,37,11345.587614
217,42,11233.466909
218,32,13199.449984
218,33,11796.134713
218,35,11513.163839
218,37,11345.587614
218,42,11233.466909
219,32,13199.391074
219,33,11762.924576
219,35,11511.915435
219,37,11345.587614
219,41,11211.695076
220,32,13199.391074
220,33,11762.924576
220,35,11511.915435
220,36,11419.587779
220,37,11345.587614
220,41,11211.695076
221,32,13111.130143
221,33,11758.970809
221,35,11493.996297
221,36,11416.742675
221,37,11330.002734
221,40,11178.912883
222,32,13111.130143
222,33,11758.970809
222,35,11493.996297
222,36,11416.742675
222,37,11330.002734
222,40,11178.912883
223,32,13111.130143
223,33,11758.970809
223,35,11493.996297
223,36,11410.968866
223,37,11330.002734
223,40,11172.642785
224,32,13111.130143
224,33,11758.970809
224,35,11493.996297
224,36,11410.968866
224,37,11330.002734
224,40,11172.642785
225,32,13110.988775
225,33,11756.413221
225,35,11493.996297
225,36,11406.310568
225,37,11324.874002
225,40,11169.409018
226,32,13110.988775
226,33,11756.413221
226,34,11696.603839
226,35,11456.731332
226,36,11376.793394
226,37,11324.874002
226,39,11221.161201
226,40,11169.409018
227,32,13110.988775
227,33,11756.413221
227,34,11694.562982
227,35,11456.731332
227,36,11374.470374
227,37,11324.874002
227,39,11221.161201
227,40,11167.884386
228,32,13110.988775
228,33,11756.413221
228,34,11694.562982
228,35,11456.731332
228,36,11374.470374
228,37,11324.874002
228,39,11193.087577
228,40,11167.884386
229,32,12284.255241
229,33,11754.662076
229,34,11592.349478
229,35,11440.650080
229,36,11374.470374
229,37,11324.874002
229,39,11193.087577
229,40,11156.081490
230,32,12284.255241
230,33,11754.662076
230,34,11592.349478
230,35,11440.650080
230,36,11336.799044
230,37,11324.874002
230,39,11193.087577
230,40,11156.081490
231,32,11974.121470
231,33,11703.529087
231,34,11592.349478
231,35,11425.034625
231,36,11336.231263
231,37,11324.874002
231,39,11178.143241
231,40,11141.271144
232,32,11974.121470
232,33,11703.529087
232,34,11592.349478
232,35,11425.034625
232,36,11336.231263
232,37,11324.874002
232,39,11178.143241
232,40,11141.271144
233,32,11968.728250
233,33,11697.656410
233,34,11592.349478
233,35,11423.328426
233,36,11336.231263
233,37,11323.346886
233,39,11178.143241
233,40,11138.683114
234,32,11968.728250
234,33,11697.656410
234,34,11592.349478
234,35,11423.328426
234,36,11336.231263
234,37,11323.346886
234,39,11178.143241
234,40,11138.683114
235,32,11968.728250
235,33,11697.656410
235,34,11592.349478
235,35,11392.153896
235,36,11336.231263
235,37,11320.447720
235,39,11162.843538
235,40,11138.683114
236,32,11968.728250
236,33,11600.491198
236,34,11592.349478
236,35,11392.153896
236,36,11336.231263
236,37,11320.447720
236,39,11162.843538
236,40,11138.683114
237,32,11963.364492
237,33,11565.313040
237,35,11383.964783
237,36,11332.179057
237,37,11307.526704
237,39,11135.935204
238,32,11963.364492
238,33,11565.313040
238,35,11383.964783
238,36,11332.179057
238,37,11307.526704
238,39,11135.935204
239,32,11936.160179
239,33,11565.313040
239,34,11502.958308
239,35,11383.964783
239,36,11326.755113
239,37,11296.821514
239,39,11135.340233
240,32,11936.160179
240,33,11565.313040
240,34,11400.479901
240,35,11375.177369
240,36,11326.755113
240,37,11296.821514
240,39,11135.340233
241,32,11930.937352
241,33,11564.179851
241,34,11400.479901
241,35,11375.177369
241,36,11326.755113
241,37,11295.658018
241,39,11134.701277
242,32,11930.937352
242,33,11564.179851
242,34,11400.479901
242,35,11375.177369
242,36,11326.755113
242,37,11295.658018
242,38,11256.895898
242,39,11134.701277
243,32,11927.488930
243,33,11564.179851
243,34,11400.479901
243,35,11372.479180
243,36,11325.442348
243,37,11293.947396
243,38,11256.895898
243,39,11134.701277
244,31,12499.134546
244,32,11846.154728
244,33,11564.179851
244,34,11400.479901
244,35,11372.479180
244,36,11325.442348
244,37,11293.947396
244,38,11256.895898
244,39,11134.701277
245,31,12455.429088
245,32,11839.102368
245,33,11468.316748
245,34,11400.479901
245,35,11372.341083
245,36,11303.327598
245,37,11287.287583
245,38,11182.356651
245,39,11131.775555
246,31,12455.429088
246,32,11839.102368
246,33,11468.316748
246,34,11400.479901
246,35,11372.341083
246,36,11303.327598
246,37,11287.287583
246,38,11182.356651
246,39,11131.775555
246,40,11113.908171
247,31,12455.429088
247,32,11764.483361
247,33,11468.316748
247,34,11400.479901
247,35,11360.941390
247,36,11298.046526
247,37,11287.287583
247,38,11182.356651
247,39,11128.461710
247,40,11108.439475
248,31,12455.429088
248,32,11764.483361
248,33,11468.316748
248,34,11400.479901
248,35,11360.941390
248,36,11277.112296
248,38,11182.356651
248,39,11128.461710
248,40,11108.439475
249,31,12351.968930
249,32,11756.020224
249,33,11455.631835
249,34,11378.156057
249,35,11289.689234
249,36,11277.112296
249,38,11182.356651
249,39,11077.449720
250,31,12351.968930
250,32,11756.020224
250,33,11455.631835
250,34,11378.156057
250,35,11289.689234
250,36,11277.112296
250,38,11182.356651
250,39,11077.449720
251,31,12351.968930
251,32,11753.449259
251,33,11452.114827
251,34,11378.156057
251,35,11289.689234
251,36,11266.643116
251,38,11180.456713
251,39,11076.453324
252,31,12351.968930
252,32,11753.449259
252,33,11452.114827
252,34,11378.156057
252,35,11289.689234
252,36,11266.643116
252,38,11180.456713
252,39,11076.453324
253,31,12228.225115
253,32,11752.672118
253,33,11452.114827
253,34,11376.755755
253,35,11289.689234
253,36,11259.627932
253,38,11173.610126
253,39,11056.909024
254,31,12123.505819
254,32,11752.672118
254,33,11452.114827
254,34,11376.755755
254,35,11289.689234
254,36,11259.627932
254,38,11173.610126
254,39,11054.801997
255,31,12123.189024
255,32,11733.861691
255,33,11445.765810
255,34,11376.755755
255,35,11289.689234
255,36,11259.627932
255,37,11198.276956
255,38,11170.604904
255,39,11053.571520
256,31,12123.189024
256,32,11733.861691
256,33,11445.765810
256,34,11376.755755
256,35,11289.689234
256,36,11259.627932
256,37,11198.276956
256,38,11170.604904
256,39,11053.571520
257,31,12108.251026
257,32,11728.562962
257,33,11445.765810
257,34,11376.755755
257,35,11280.845818
257,36,11259.627932
257,37,11196.187691
257,38,11170.604904
257,39,11051.314629
257,41,11044.358525
258,31,12108.251026
258,32,11728.562962
258,33,11445.765810
258,34,11376.755755
258,35,11280.845818
258,36,11259.627932
258,37,11196.187691
258,38,11149.826083
258,39,11051.314629
258,41,11044.358525
259,31,12103.776283
259,32,11709.566966
259,33,11445.765810
259,34,11361.361877
259,35,11279.011534
259,36,11256.719015
259,37,11185.549511
259,38,11149.826083
259,39,11029.604304
260,31,12103.776283
260,32,11709.566966
260,33,11445.765810
260,34,11361.361877
260,35,11279.011534
260,36,11256.719015
260,37,11185.549511
260,38,11149.826083
260,39,11029.604304
261,31,11854.186714
261,32,11680.035795
261,33,11428.437766
261,34,11341.848078
261,35,11235.923197
261,37,11185.241579
261,38,11147.267683
261,39,11028.624386
262,31,11854.186714
262,32,11680.035795
262,33,11428.437766
262,34,11341.848078
262,35,11235.923197
262,37,11144.673212
262,39,11028.624386
263,31,11852.082003
263,32,11642.047058
263,33,11428.437766
263,34,11341.848078
263,35,11235.923197
263,37,11142.541579
263,39,11027.505893
264,31,11852.082003
264,32,11642.047058
264,33,11428.437766
264,34,11341.848078
264,35,11235.923197
264,37,11142.541579
264,39,11027.505893
265,31,11839.773612
265,32,11634.393621
265,33,11428.437766
265,34,11341.848078
265,35,11235.923197
265,37,11142.541579
265,39,11027.505893
266,31,11839.773612
266,32,11634.393621
266,33,11428.437766
266,34,11341.848078
266,35,11235.923197
266,37,11142.541579
266,39,11027.505893
267,31,11825.242201
267,32,11634.393621
267,33,11427.135842
267,34,11341.848078
267,35,11205.012277
267,37,11107.519992
267,39,11024.172752
268,31,11825.242201
268,32,11634.393621
268,33,11427.135842
268,34,11341.848078
268,35,11205.012277
268,37,11107.519992
268,39,11024.172752
268,41,11009.287967
269,31,11646.940769
269,32,11632.288910
269,33,11418.703785
269,34,11341.848078
269,35,11205.012277
269,37,11107.497506
269,38,11023.473259
269,41,11005.765427
270,31,11646.940769
270,32,11632.288910
270,33,11418.703785
270,34,11341.848078
270,35,11205.012277
270,37,11107.497506
270,38,11023.473259
270,41,11005.765427
271,31,11611.520969
271,32,11585.885282
271,33,11418.703785
271,34,11341.848078
271,35,11201.394042
271,37,11107.085890
271,38,11019.027323
271,41,11002.899218
272,31,11611.520969
272,32,11585.885282
272,33,11418.703785
272,34,11341.848078
272,35,11201.394042
272,37,11107.085890
272,38,11019.027323
272,41,11002.899218
273,31,11611.520969
273,32,11453.747216
273,33,11394.070234
273,34,11319.635052
273,35,11162.793773
273,37,11104.495784
273,38,11015.793306
273,41,11002.899218
274,31,11611.520969
274,32,11453.747216
274,33,11394.070234
274,34,11319.635052
274,35,11162.793773
274,37,11104.495784
274,38,11015.793306
274,41,11002.899218
275,31,11462.416104
275,32,11453.511898
275,33,11394.070234
275,34,11318.843795
275,35,11162.793773
275,37,11007.382843
275,41,11002.194362
276,31,11462.416104
276,32,11453.511898
276,33,11394.070234
276,34,11318.843795
276,35,11162.793773
276,37,11007.382843
276,38,11002.896688
276,41,11002.194362
277,31,11460.357413
277,32,11425.972701
277,33,11394.070234
277,34,11318.843795
277,35,11162.793773
277,37,11007.105475
277,38,11002.647966
277,41,10999.118073
278,31,11460.357413
278,32,11425.972701
278,33,11394.070234
278,34,11318.843795
278,35,11162.793773
278,37,11007.105475
278,38,11002.647966
278,41,10999.118073
279,31,11459.869099
279,32,11425.972701
279,33,11388.021523
279,34,11317.982776
279,35,11162.793773
279,37,11006.975861
279,38,11002.647966
279,41,10999.104065
280,31,11459.869099
280,32,11425.972701
280,33,11388.021523
280,34,11317.982776
280,35,11162.793773
280,37,11006.975861
280,38,11002.647966
280,41,10999.104065
281,31,11447.056098
281,32,11411.431831
281,33,11388.021523
281,34,11301.095844
281,35,11160.397331
281,37,10994.597372
282,31,11447.056098
282,32,11411.431831
282,33,11388.021523
282,34,11301.095844
282,35,11160.397331
282,36,11121.201474
282,37,10994.597372
283,31,11446.615000
283,32,11384.416115
283,33,11262.757071
283,34,11231.117639
283,35,11160.246349
283,36,11121.201474
283,37,10987.551641
284,30,11975.631795
284,31,11446.615000
284,32,11384.416115
284,33,11262.757071
284,34,11231.117639
284,35,11160.246349
284,36,11121.201474
284,37,10987.551641
285,30,11937.165083
285,31,11446.615000
285,32,11323.656341
285,33,11256.871035
285,34,11201.991456
285,35,11159.274986
285,36,11120.410217
285,37,10985.135612
286,30,11937.165083
286,31,11446.615000
286,32,11323.656341
286,33,11256.871035
286,34,11201.991456
286,35,11159.274986
286,36,11100.492497
286,37,10985.135612
287,30,11934.417736
287,31,11371.960389
287,32,11294.803812
287,33,11256.871035
287,34,11201.991456
287,35,11152.792405
287,36,11099.701240
287,37,10984.906474
288,30,11934.417736
288,31,11371.960389
288,32,11261.509452
288,33,11256.871035
288,34,11201.991456
288,35,11152.792405
288,36,11099.701240
288,37,10984.906474
289,30,11915.302606
289,31,11352.436433
289,32,11261.509452
289,33,11256.871035
289,34,11201.653676
289,35,11143.143765
289,36,11099.701240
289,37,10984.906474
290,30,11915.302606
290,31,11352.436433
290,32,11261.509452
290,33,11256.871035
290,34,11201.653676
290,35,11143.143765
290,36,11099.701240
290,37,10984.906474
290,39,10979.832223
291,30,11877.215726
291,31,11349.937751
291,32,11261.012149
291,33,11239.153038
291,34,11195.691637
291,35,11143.143765
291,36,11088.304555
291,37,10984.906474
291,39,10968.937694
292,30,11858.970690
292,31,11349.937751
292,32,11261.012149
292,33,11239.153038
292,34,11195.691637
292,35,11143.143765
292,36,11088.304555
292,37,10984.906474
292,39,10968.937694
293,30,11858.970690
293,31,11340.216155
293,32,11261.012149
293,33,11239.153038
293,34,11195.691637
293,35,11131.389017
293,36,11079.136489
293,37,10984.657752
293,39,10968.937694
294,30,11542.873807
294,31,11340.216155
294,32,11261.012149
294,33,11232.019387
294,34,11195.691637
294,35,11131.389017
294,36,11079.136489
294,37,10984.657752
294,38,10979.899897
294,39,10968.937694
295,30,11542.082551
295,31,11310.452752
295,32,11252.477464
295,33,11231.092087
295,34,11195.691637
295,35,11125.180220
295,36,11070.868405
295,37,10983.706238
295,38,10979.899897
295,39,10959.785092
296,30,11437.545037
296,31,11310.452752
296,32,11252.477464
296,33,11231.092087
296,34,11195.691637
296,35,11125.180220
296,36,11070.868405
296,37,10983.706238
296,38,10979.899897
296,39,10959.785092
297,30,11432.214344
297,31,11310.452752
297,32,11240.992594
297,33,11231.092087
297,34,11195.691637
297,35,11117.727548
297,36,11070.868405
297,37,10977.142326
297,38,10970.191645
297,39,10952.744326
298,30,11432.214344
298,31,11310.452752
298,32,11240.992594
298,33,11211.999831
298,34,11195.691637
298,35,11117.727548
298,36,11070.868405
298,37,10977.142326
298,38,10970.191645
298,39,10952.744326
299,30,11431.487499
299,31,11310.452752
299,32,11233.306368
299,33,11168.158962
299,35,11117.727548
299,36,11070.447102
299,37,10977.142326
299,38,10970.191645
299,39,10952.744326
300,30,11378.823028
300,31,11310.452752
300,32,11233.306368
300,33,11168.158962
300,35,11117.727548
300,36,11070.447102
300,37,10977.142326
300,38,10970.191645
300,39,10952.744326
301,30,11378.823028
301,31,11307.920991
301,32,11224.329866
301,33,11168.158962
301,35,11116.362812
301,36,11070.447102
301,37,10968.319341
301,39,10951.635767
302,30,11378.823028
302,31,11307.920991
302,32,11224.329866
302,33,11168.158962
302,35,11116.362812
302,36,11070.447102
302,37,10968.319341
302,39,10951.635767
303,30,11352.742620
303,31,11292.679474
303,32,11221.522243
303,33,11168.158962
303,35,11084.801064
303,36,11069.000633
303,37,10968.319341
303,39,10950.330367
304,30,11352.742620
304,31,11292.679474
304,32,11221.522243
304,33,11168.158962
304,35,11084.801064
304,36,11069.000633
304,37,10968.319341
304,39,10950.330367
305,30,11331.811685
305,31,11260.592385
305,32,11216.015346
305,33,11163.101888
305,35,11084.801064
305,36,11069.000633
305,37,10964.131376
305,38,10949.630874
306,30,11331.811685
306,31,11260.592385
306,32,11216.015346
306,33,11163.101888
306,35,11084.801064
306,36,11069.000633
306,37,10964.131376
306,38,10949.630874
307,30,11327.727486
307,31,11260.592385
307,32,11214.701683
307,33,11162.321899
307,35,11083.306653
307,36,11069.000633
307,37,10964.131376
307,38,10949.630874
308,30,11327.727486
308,31,11260.592385
308,32,11214.701683
308,33,11162.321899
308,35,11083.306653
308,36,11069.000633
308,37,10964.131376
308,38,10949.630874
309,30,11326.744594
309,31,11227.677730
309,32,11194.028809
309,33,11162.321899
309,35,11083.306653
309,36,11066.530512
309,37,10963.622438
309,38,10949.630874
310,30,11326.744594
310,31,11227.677730
310,32,11179.154861
310,33,11162.321899
310,35,11083.306653
310,36,11066.530512
310,37,10963.622438
310,38,10949.630874
311,30,11326.744594
311,31,11204.594649
311,32,11151.760167
311,33,11141.088849
311,35,11083.284577
311,36,11064.111178
311,37,10963.622438
311,38,10949.454357
312,30,11326.744594
312,31,11204.594649
312,32,11151.760167
312,33,11141.088849
312,35,11083.284577
312,36,11064.111178
312,37,10963.622438
312,38,10935.431622
313,30,11326.744594
313,31,11204.594649
313,32,11150.547680
313,33,11140.471763
313,34,11114.204490
313,35,11083.284577
313,36,11061.454556
313,37,10963.622438
313,38,10935.431047
314,30,11326.744594
314,31,11204.594649
314,32,11150.547680
314,33,11140.471763
314,34,11114.204490
314,35,11083.284577
314,36,11061.454556
314,37,10963.622438
314,38,10935.431047
315,30,11303.337907
315,31,11204.594649
315,32,11150.547680
315,33,11131.679250
315,34,11112.867886
315,35,11083.284577
315,36,11061.454556
315,37,10961.333660
315,38,10907.072503
316,30,11303.337907
316,31,11204.594649
316,32,11150.547680
316,33,11108.803459
316,35,11083.284577
316,36,11061.454556
316,37,10961.333660
316,38,10907.072503
317,30,11303.337907
317,31,11200.064001
317,32,11150.547680
317,33,11108.803459
317,35,11082.639754
317,36,11061.454556
317,37,10961.333660
317,38,10907.072503
318,30,11303.337907
318,31,11200.064001
318,32,11150.547680
318,33,11108.803459
318,35,11082.639754
318,36,11061.454556
318,37,10961.333660
318,38,10907.072503
319,30,11302.840604
319,31,11200.064001
319,32,11150.547680
319,33,11108.803459
319,35,11082.639754
319,36,11049.098999
319,37,10943.745608
319,38,10907.072503
320,29,12292.461743
320,30,11302.840604
320,31,11200.064001
320,32,11150.547680
320,33,11108.803459
320,35,11082.639754
320,36,11049.098999
320,37,10943.745608
320,38,10907.072503
321,29,12261.888687
321,30,11302.840604
321,31,11191.436227
321,32,11114.693747
321,33,11095.701996
321,35,11080.914652
321,36,11049.098999
321,37,10941.850611
321,38,10907.072503
322,29,12261.888687
322,30,11302.840604
322,31,11191.436227
322,32,11104.037231
322,33,11095.701996
322,35,11068.529842
322,36,11049.098999
322,37,10941.850611
322,38,10907.072503
