Generation,NV,TOC
1,47,19430.959310
1,48,19121.647139
1,53,18048.950713
1,54,17867.835720
1,57,16772.414416
1,62,15974.199705
1,64,15849.633474
1,66,15738.428108
1,67,15511.662481
1,69,15497.232888
1,71,15192.046395
1,73,15047.563387
1,77,14848.314631
1,79,14675.720939
1,80,14656.133008
1,81,14587.340679
1,82,14505.763218
1,88,14061.720333
1,97,14027.543150
1,101,14014.985818
1,105,13742.046904
2,46,19913.659535
2,47,18680.791012
2,51,18213.439408
2,53,18048.950713
2,54,17273.997637
2,57,16772.414416
2,60,16461.754182
2,62,15974.199705
2,64,15849.633474
2,65,15716.484464
2,66,15708.675653
2,67,15511.662481
2,68,15442.221151
2,71,15121.768673
2,72,14958.217522
2,75,14915.393141
2,77,14848.314631
2,79,14675.720939
2,80,14656.133008
2,81,14587.340679
2,82,14505.763218
2,87,14460.368439
2,88,14061.720333
2,97,14027.543150
2,101,14014.985818
2,105,13742.046904
3,45,19989.945045
3,46,19913.659535
3,47,18680.791012
3,48,18347.639832
3,49,18311.557274
3,51,18213.439408
3,52,17340.912941
3,54,17273.997637
3,57,16772.414416
3,60,16461.754182
3,62,15974.199705
3,63,15850.733008
3,64,15849.633474
3,65,15716.484464
3,66,15643.374096
3,67,15511.662481
3,68,15442.221151
3,70,15412.564401
3,71,14933.770953
3,73,14930.377513
3,75,14915.393141
3,77,14848.314631
3,79,14675.720939
3,80,14656.133008
3,81,14587.340679
3,82,14505.763218
3,87,14400.416100
3,88,14061.720333
3,97,14027.543150
3,101,14014.985818
3,102,13997.486601
3,105,13742.046904
4,45,19272.441972
4,46,18681.111859
4,47,18662.256170
4,48,18108.382912
4,49,17880.859066
4,50,17702.644371
4,52,17340.912941
4,53,16964.573935
4,55,16929.005261
4,57,16772.414416
4,58,16673.498976
4,60,16220.003099
4,62,15974.199705
4,63,15850.733008
4,64,15849.633474
4,65,15716.484464
4,66,15643.374096
4,67,15511.662481
4,68,15442.221151
4,69,14949.176794
4,70,14803.402559
4,74,14474.465345
4,76,14455.279725
4,80,14401.172142
4,83,14195.018493
4,88,14005.941166
4,95,13919.109702
4,99,13843.001024
4,103,13605.325194
5,45,19272.441972
5,46,18681.111859
5,47,18662.256170
5,48,18108.382912
5,49,17880.859066
5,50,17528.141454
5,52,17340.912941
5,53,16964.573935
5,54,16704.579646
5,58,16248.365832
5,60,16220.003099
5,62,15974.199705
5,63,15394.018118
5,65,15009.276838
5,68,14784.051995
5,71,14502.321605
5,73,14401.634797
5,74,14363.210697
5,76,14242.819020
5,82,14065.349985
5,88,14005.941166
5,95,13723.126185
5,103,13605.325194
6,45,19089.483106
6,46,18274.206303
6,48,18108.382912
6,49,17880.859066
6,50,17528.141454
6,52,17340.912941
6,53,16964.573935
6,54,16704.579646
6,58,16248.365832
6,59,16120.571995
6,61,15495.074949
6,62,14919.604626
6,63,14824.840563
6,68,14784.051995
6,71,14502.321605
6,73,14401.634797
6,74,14363.210697
6,76,14242.819020
6,82,14065.349985
6,88,14005.941166
6,93,13752.909836
6,95,13723.126185
6,103,13605.325194
7,44,19115.491316
7,45,18506.307849
7,46,18255.278736
7,48,18108.382912
7,49,17880.859066
7,50,17528.141454
7,52,17139.138294
7,53,16964.573935
7,54,16704.579646
7,55,15978.257739
7,60,15818.549639
7,61,15495.074949
7,62,14919.604626
7,63,14824.840563
7,68,14784.051995
7,71,14502.321605
7,73,14401.634797
7,74,14363.210697
7,76,14242.819020
7,82,14065.349985
7,88,14005.941166
7,93,13752.909836
7,95,13723.126185
7,96,13543.181716
7,98,13461.167046
8,44,19115.491316
8,45,18506.307849
8,46,18255.278736
8,47,18206.696562
8,48,18008.358104
8,49,17653.825087
8,50,17528.141454
8,52,17139.138294
8,53,16964.573935
8,54,16666.326916
8,55,15978.257739
8,58,15583.108495
8,59,15295.733190
8,61,14790.657297
8,66,13978.426504
8,81,13970.756950
8,87,13951.128079
8,92,13668.230625
8,95,13666.057389
8,96,13425.282138
9,44,19115.491316
9,45,18506.307849
9,46,17645.596971
9,47,17401.149286
9,50,17132.620740
9,52,16374.522721
9,53,16090.801510
9,55,15978.257739
9,58,15583.108495
9,59,15295.733190
9,61,14790.657297
9,66,13978.426504
9,81,13970.756950
9,85,13826.106592
9,92,13668.230625
9,95,13666.057389
9,96,13425.282138
10,44,19115.491316
10,45,18506.307849
10,46,17645.596971
10,47,17237.344414
10,50,17132.620740
10,52,16374.522721
10,53,16090.801510
10,55,15826.934929
10,58,15583.108495
10,59,15295.733190
10,61,14790.657297
10,64,14731.129477
10,66,13978.426504
10,71,13640.529552
10,90,13610.298069
10,96,13425.282138
11,42,19360.963782
11,43,19017.712341
11,45,18506.307849
11,46,17645.596971
11,47,17237.344414
11,50,16970.708293
11,52,16374.522721
11,53,16090.801510
11,55,15826.934929
11,56,15589.105450
11,58,15583.108495
11,59,15295.733190
11,61,14700.785286
11,66,13978.426504
11,68,13480.797197
11,80,13405.480827
12,42,19308.323521
12,43,18973.204366
12,45,18413.881472
12,46,17645.596971
12,47,17237.344414
12,50,16970.708293
12,51,16869.972919
12,52,16167.551218
12,53,15862.016115
12,54,15359.373652
12,59,15174.834408
12,61,14700.785286
12,65,13964.179575
12,67,13352.710227
12,78,13296.532911
13,42,19308.323521
13,43,18973.204366
13,44,18885.110084
13,45,18413.881472
13,46,17343.876538
13,47,17237.344414
13,49,16748.750395
13,52,16167.551218
13,53,15862.016115
13,54,15359.373652
13,57,15243.533644
13,59,15174.834408
13,61,14700.785286
13,65,13964.179575
13,67,13352.710227
13,78,13296.532911
13,80,13229.341008
13,84,13135.661536
14,42,19308.323521
14,43,18973.204366
14,44,18885.110084
14,45,18413.881472
14,46,17343.876538
14,47,17237.344414
14,49,16748.750395
14,52,15781.798547
14,54,15359.373652
14,56,14734.721314
14,60,14294.791532
14,64,14229.566693
14,65,13919.123976
14,67,13252.241918
14,77,13248.293387
14,79,13176.283123
14,83,13095.605910
15,42,19308.323521
15,43,18973.204366
15,44,18420.453364
15,45,18413.881472
15,46,17343.876538
15,47,17237.344414
15,49,16748.750395
15,51,16697.773930
15,52,15781.798547
15,54,15359.373652
15,56,14734.721314
15,60,14294.791532
15,64,14229.566693
15,65,13919.123976
15,67,13252.241918
15,77,13146.129894
15,83,13095.605910
16,42,19308.323521
16,43,18702.717016
16,44,18420.453364
16,45,18245.740322
16,46,17343.876538
16,47,17237.344414
16,48,16739.394274
16,51,16371.901905
16,52,15597.925238
16,53,15053.959265
16,56,14734.721314
16,60,14195.193852
16,62,13827.571817
16,65,13812.152622
16,67,13198.247292
16,76,13092.025105
16,82,12954.399831
17,41,19415.029712
17,42,19308.323521
17,43,18702.717016
17,44,18420.453364
17,45,18245.740322
17,46,17343.876538
17,47,16536.883668
17,51,16371.901905
17,52,15597.925238
17,53,15053.959265
17,56,14734.721314
17,60,14195.193852
17,62,13827.571817
17,65,13812.152622
17,67,13198.247292
17,68,13162.051424
17,72,12935.215735
18,41,19415.029712
18,42,19308.323521
18,43,18610.590922
18,44,18420.453364
18,45,18245.740322
18,46,17119.518708
18,47,16536.883668
18,50,15657.098349
18,51,15587.035616
18,52,14994.062041
18,55,14567.198717
18,60,13751.335943
18,63,13213.956318
18,67,13106.354505
18,70,12883.392180
18,75,12856.321594
19,41,19415.029712
19,42,19308.323521
19,43,18610.590922
19,44,17791.910087
19,46,17119.518708
19,47,16536.883668
19,50,15657.098349
19,51,15587.035616
19,52,14994.062041
19,55,14567.198717
19,60,13751.335943
19,63,13213.956318
19,67,13106.354505
19,70,12883.392180
19,75,12856.321594
20,41,19415.029712
20,42,19308.323521
20,43,18461.180812
20,44,17561.901065
20,46,17119.518708
20,47,16536.883668
20,50,15657.098349
20,51,14871.552506
20,55,14567.198717
20,56,14392.571574
20,60,13751.335943
20,63,13141.683104
20,66,13035.953296
20,70,12858.449211
20,75,12850.215445
20,76,12816.432077
21,41,19415.029712
21,42,19041.846692
21,43,18461.180812
21,44,17561.901065
21,45,16721.508561
21,47,16536.883668
21,48,15926.028331
21,50,15657.098349
21,51,14871.552506
21,55,14567.198717
21,56,14392.571574
21,60,13751.335943
21,63,13141.683104
21,66,13035.953296
21,70,12858.449211
21,75,12850.215445
21,76,12816.432077
22,41,19415.029712
22,42,19041.846692
22,43,18461.180812
22,44,17561.901065
22,45,16721.508561
22,47,16536.883668
22,48,15926.028331
22,50,14758.884939
22,55,14567.198717
22,56,14292.900299
22,60,13668.945550
22,63,13024.797008
22,65,12918.276972
22,70,12833.798579
22,75,12728.819729
23,41,18936.312550
23,42,18846.017784
23,43,18461.180812
23,44,17244.340971
23,45,16721.508561
23,47,16536.883668
23,48,15926.028331
23,50,14758.884939
23,55,14567.198717
23,56,14292.900299
23,60,13668.945550
23,63,13024.797008
23,65,12918.276972
23,68,12847.401353
23,70,12833.798579
23,75,12728.819729
24,41,18929.382502
24,42,18649.851432
24,43,18461.180812
24,44,17244.340971
24,45,16678.921340
24,47,15658.829619
24,49,14666.311107
24,55,14567.198717
24,56,13819.514515
24,58,13635.837964
24,62,12967.661006
24,65,12855.023632
24,67,12655.802134
25,41,18929.382502
25,42,18528.777989
25,43,18461.180812
25,44,17244.340971
25,45,16678.921340
25,47,15658.829619
25,49,14666.311107
25,55,14567.198717
25,56,13819.514515
25,58,13635.837964
25,62,12967.661006
25,65,12855.023632
25,67,12655.802134
26,41,18461.514932
26,43,18461.180812
26,44,17009.549279
26,45,15627.690533
26,49,14471.512036
26,56,13753.824443
26,58,13616.817567
26,62,12967.661006
26,65,12814.287573
26,66,12634.430090
27,41,18461.514932
27,42,18297.506900
27,44,17009.549279
27,45,15627.690533
27,49,14471.512036
27,55,14116.472502
27,56,13753.824443
27,58,13616.817567
27,62,12967.661006
27,65,12814.287573
27,66,12634.430090
28,41,18461.514932
28,42,18297.506900
28,44,17009.549279
28,45,15627.690533
28,48,14793.976921
28,49,14275.568541
28,55,13612.764823
28,57,13502.474722
28,61,13466.777208
28,62,12966.314555
28,63,12691.683576
28,65,12606.228055
28,68,12589.600602
29,40,19191.965288
29,41,18461.514932
29,42,18297.506900
29,43,18287.154114
29,44,16735.894122
29,45,15627.690533
29,48,14793.976921
29,49,14275.568541
29,53,14050.706492
29,55,13612.764823
29,57,13502.474722
29,61,13466.777208
29,62,12966.314555
29,63,12691.683576
29,65,12606.228055
29,68,12589.600602
30,40,19191.965288
30,41,18461.514932
30,42,18297.506900
30,43,18009.919739
30,44,16735.894122
30,45,15627.690533
30,48,14793.976921
30,49,14275.568541
30,52,13907.449608
30,55,13502.436320
30,57,13487.545494
30,61,13309.383617
30,62,12661.243967
30,65,12572.255691
30,68,12506.795857
31,40,19191.965288
31,41,18461.514932
31,42,18297.506900
31,43,18009.919739
31,44,16735.894122
31,45,15627.690533
31,48,14793.976921
31,49,14275.568541
31,52,13907.449608
31,55,13502.436320
31,57,13487.545494
31,61,13130.373355
31,62,12661.243967
31,63,12646.596993
31,65,12572.255691
31,68,12478.002163
32,40,19191.965288
32,41,18461.514932
32,42,18100.846196
32,43,18009.919739
32,44,16735.894122
32,45,15622.169328
32,48,14793.976921
32,49,14238.190495
32,52,13868.381120
32,54,13476.832548
32,57,13476.192458
32,59,12840.569538
32,62,12588.738310
32,65,12561.906579
32,68,12478.002163
33,40,19191.965288
33,41,18461.514932
33,42,18100.846196
33,43,18009.919739
33,44,16735.894122
33,45,15622.169328
33,47,15243.081521
33,48,14793.976921
33,49,14238.190495
33,52,13868.381120
33,54,13476.832548
33,57,13476.192458
33,59,12840.569538
33,62,12588.738310
33,65,12538.508824
33,67,12527.313392
33,68,12478.002163
34,40,19191.965288
34,41,18461.514932
34,42,18100.846196
34,43,18009.919739
34,44,16628.896421
34,45,15622.169328
34,47,15243.081521
34,48,14614.569057
34,49,14238.190495
34,52,13822.398329
34,54,13413.009895
34,59,12840.569538
34,62,12565.916923
34,65,12512.105980
34,68,12452.036151
35,40,19191.965288
35,41,18461.514932
35,42,18100.846196
35,43,18009.919739
35,44,16628.896421
35,45,15622.169328
35,47,15243.081521
35,48,14614.569057
35,49,14238.190495
35,52,13822.398329
35,54,13413.009895
35,59,12840.569538
35,62,12565.916923
35,65,12512.105980
35,68,12452.036151
36,40,19191.965288
36,41,18461.514932
36,42,18100.846196
36,43,18009.919739
36,44,16628.896421
36,45,15622.169328
36,47,15052.831807
36,48,14427.105227
36,49,14199.122008
36,52,13773.358894
36,54,13367.249566
36,59,12806.720869
36,62,12565.916923
36,65,12489.920969
36,66,12416.511087
36,67,12366.782072
36,74,12313.333234
37,39,19383.235794
37,40,19191.965288
37,41,18461.514932
37,42,18100.846196
37,43,16899.112689
37,44,16628.896421
37,45,15622.169328
37,47,15052.831807
37,48,14427.105227
37,49,14199.122008
37,52,13773.358894
37,54,13367.249566
37,57,13363.515298
37,58,13230.816505
37,59,12806.720869
37,62,12565.916923
37,65,12489.920969
37,66,12416.511087
37,67,12366.782072
37,69,12350.361155
37,74,12313.333234
38,39,19383.235794
38,40,19191.965288
38,41,18461.514932
38,42,18100.846196
38,43,16899.112689
38,44,16628.896421
38,45,15622.169328
38,47,15052.831807
38,48,14427.105227
38,49,14199.122008
38,52,13773.358894
38,54,13364.975773
38,57,13338.628691
38,58,13041.764345
38,59,12806.720869
38,62,12539.330879
38,65,12489.920969
38,66,12310.991290
38,69,12305.794479
39,39,19383.235794
39,40,18829.901548
39,41,18461.514932
39,42,18100.846196
39,43,16899.112689
39,44,16628.896421
39,45,15622.169328
39,47,15052.831807
39,48,14427.105227
39,49,14199.122008
39,52,13773.358894
39,54,13364.975773
39,57,13338.628691
39,58,13041.764345
39,59,12806.720869
39,60,12715.200682
39,62,12539.330879
39,65,12489.920969
39,66,12310.991290
39,69,12305.794479
40,39,19383.235794
40,40,18829.901548
40,41,18461.514932
40,42,18100.846196
40,43,16899.112689
40,44,16543.555882
40,45,15622.169328
40,47,15052.831807
40,48,14427.105227
40,49,14199.122008
40,52,13659.763418
40,54,13311.523532
40,58,13041.764345
40,59,12623.784713
40,62,12479.825789
40,65,12250.787952
41,39,18940.523425
41,40,18829.901548
41,41,18408.675183
41,42,18100.846196
41,43,16899.112689
41,44,16543.555882
41,45,15622.169328
41,47,15052.831807
41,48,14427.105227
41,49,14173.176878
41,51,14005.361168
41,52,13659.763418
41,53,13612.161149
41,54,13311.523532
41,58,13041.764345
41,59,12623.784713
41,62,12479.825789
41,65,12250.787952
42,38,19270.992961
42,39,18820.562549
42,40,18536.732542
42,41,18408.675183
42,42,18100.846196
42,43,16899.112689
42,44,16543.555882
42,45,15622.169328
42,47,15052.831807
42,48,14427.105227
42,49,14173.176878
42,51,13822.642443
42,52,13580.873641
42,54,13246.922813
42,56,13157.636964
42,58,13030.760575
42,59,12623.784713
42,61,12460.571915
42,65,12250.787952
43,38,19270.992961
43,39,18820.562549
43,40,18536.732542
43,41,18408.675183
43,42,18100.846196
43,43,16899.112689
43,44,16543.555882
43,45,15622.169328
43,47,15052.831807
43,48,14427.105227
43,49,14173.176878
43,50,14055.805879
43,51,13822.642443
43,52,13580.873641
43,54,13246.922813
43,56,13157.636964
43,58,13030.760575
43,59,12623.784713
43,60,12529.022139
43,61,12460.571915
43,65,12250.787952
43,68,12214.584784
44,38,19270.992961
44,39,18820.562549
44,40,18536.732542
44,41,18408.675183
44,42,18100.846196
44,43,16899.112689
44,44,16543.555882
44,45,15622.169328
44,47,15052.831807
44,48,14427.105227
44,49,14173.176878
44,50,14055.805879
44,51,13782.017141
44,52,13522.870029
44,54,13246.922813
44,56,13157.636964
44,58,13019.925039
44,59,12623.784713
44,60,12529.022139
44,61,12399.924716
44,63,12238.231358
44,67,12210.700452
45,38,19270.992961
45,39,18820.562549
45,40,18536.732542
45,41,18408.675183
45,42,18100.846196
45,43,16899.112689
45,44,16543.555882
45,45,15622.169328
45,47,15052.831807
45,48,14427.105227
45,49,14173.176878
45,50,14055.805879
45,51,13782.017141
45,52,13522.870029
45,54,13246.922813
45,56,13157.636964
45,58,13019.925039
45,59,12623.784713
45,60,12529.022139
45,61,12399.924716
45,63,12238.231358
45,67,12210.700452
46,38,19270.992961
46,39,18820.562549
46,40,18536.732542
46,41,18408.675183
46,42,18100.846196
46,43,16899.112689
46,44,16543.555882
46,45,15622.169328
46,47,15052.831807
46,48,14427.105227
46,49,14173.176878
46,50,13947.040521
46,51,13667.660210
46,52,13487.494045
46,53,13203.932678
46,56,13082.497234
46,57,12998.479045
46,59,12574.308988
46,60,12529.022139
46,61,12375.552070
46,63,12200.764474
47,38,19270.992961
47,39,18820.562549
47,40,18536.732542
47,41,18367.332030
47,42,18100.846196
47,43,16899.112689
47,44,16543.555882
47,45,15622.169328
47,47,15052.831807
47,48,14427.105227
47,49,14173.176878
47,50,13947.040521
47,51,13667.660210
47,52,13487.494045
47,53,13203.932678
47,56,13082.497234
47,57,12998.479045
47,59,12574.308988
47,60,12529.022139
47,61,12375.552070
47,63,12200.764474
48,38,19270.992961
48,39,18820.562549
48,40,18510.245593
48,41,18367.332030
48,42,18100.846196
48,43,16899.112689
48,44,16543.555882
48,45,15622.169328
48,47,14791.667841
48,48,14427.105227
48,49,14173.176878
48,50,13603.086603
48,51,13485.050846
48,53,13101.092139
48,56,13065.492954
48,57,12952.961370
48,59,12565.718568
48,60,12513.572479
48,61,12296.452045
48,62,12148.650842
49,38,19270.992961
49,39,18820.562549
49,40,18510.245593
49,41,17999.186956
49,43,16899.112689
49,44,16543.555882
49,45,15622.169328
49,47,14791.667841
49,48,14063.584489
49,50,13603.086603
49,51,13485.050846
49,53,13101.092139
49,56,13065.492954
49,57,12952.961370
49,58,12831.826114
49,59,12565.718568
49,60,12513.572479
49,61,12296.452045
49,62,12148.650842
50,38,19270.992961
50,39,18820.562549
50,40,18510.245593
50,41,17999.186956
50,42,17789.812224
50,43,16899.112689
50,44,16543.555882
50,45,15622.169328
50,47,14791.667841
50,48,14063.584489
50,50,13483.733836
50,53,13101.092139
50,54,13002.462644
50,57,12941.839238
50,58,12826.903909
50,59,12565.718568
50,60,12513.572479
50,61,12070.392619
51,38,19270.992961
51,39,18820.562549
51,40,18314.279804
51,41,17999.186956
51,42,17613.673083
51,43,16841.056802
51,44,16543.555882
51,45,15622.169328
51,47,14791.667841
51,48,14063.584489
51,50,13483.733836
51,53,13101.092139
51,54,13002.462644
51,57,12941.839238
51,58,12420.143027
51,61,12070.392619
52,38,19270.992961
52,39,18598.555953
52,40,18148.271761
52,41,17999.186956
52,42,17613.673083
52,43,16187.070158
52,45,14026.108454
52,50,13431.583283
52,53,12950.226441
52,57,12935.552890
52,58,12420.143027
52,61,12017.569303
53,38,19270.992961
53,39,18598.555953
53,40,18148.271761
53,41,17866.789923
53,42,17613.673083
53,43,16187.070158
53,45,14026.108454
53,50,13431.583283
53,53,12950.226441
53,57,12935.552890
53,58,12089.494284
53,61,12017.569303
54,38,19270.992961
54,39,18598.555953
54,40,17853.048239
54,41,17481.772607
54,42,17025.464248
54,43,16101.005909
54,45,13964.001278
54,50,13420.295077
54,53,12942.958219
54,55,12284.157047
54,58,12088.764420
54,61,12017.569303
55,38,19270.992961
55,39,18598.555953
55,40,17853.048239
55,41,17481.772607
55,42,17025.464248
55,43,16101.005909
55,45,13964.001278
55,50,13420.295077
55,53,12942.958219
55,55,12284.157047
55,58,12088.764420
55,61,12017.569303
56,38,19270.992961
56,39,18598.555953
56,40,17853.048239
56,41,17334.785908
56,42,16982.100085
56,43,15945.153720
56,45,13825.213172
56,50,13418.046566
56,53,12942.752469
56,55,12206.155133
56,57,12068.249316
56,61,11982.925898
57,38,19270.992961
57,39,18598.555953
57,40,17853.048239
57,41,17334.785908
57,42,16982.100085
57,43,15945.153720
57,45,13825.213172
57,50,13418.046566
57,51,13232.495082
57,53,12942.752469
57,55,12206.155133
57,57,12068.249316
57,61,11982.925898
58,38,19270.992961
58,39,18221.231421
58,40,17853.048239
58,41,17334.785908
58,42,16982.100085
58,43,14386.045069
58,45,13760.697266
58,50,13418.046566
58,51,13199.503614
58,53,12932.706553
58,55,12197.215401
58,57,12033.178492
58,59,12022.132169
58,60,11895.998600
59,38,19270.992961
59,39,18221.231421
59,40,17853.048239
59,41,17334.785908
59,42,16982.100085
59,43,14386.045069
59,45,13760.697266
59,50,13418.046566
59,51,13199.503614
59,53,12932.706553
59,55,12197.215401
59,57,12033.178492
59,59,12022.132169
59,60,11895.998600
60,38,18660.061768
60,39,18221.231421
60,40,17673.102748
60,41,17334.785908
60,42,16843.116014
60,43,14386.045069
60,45,13706.812746
60,49,13382.269233
60,51,13189.751387
60,53,12907.879752
60,55,12196.937300
60,57,12023.457076
60,59,12010.455204
60,60,11890.927445
61,38,18660.061768
61,39,18221.231421
61,40,17673.102748
61,41,17334.785908
61,42,16843.116014
61,43,14386.045069
61,45,13706.812746
61,49,13382.269233
61,51,13189.751387
61,53,12907.879752
61,55,12196.937300
61,57,12023.457076
61,59,12010.455204
61,60,11890.927445
62,38,18660.061768
62,39,18221.231421
62,40,17580.980908
62,41,17334.785908
62,42,16843.116014
62,43,14367.950864
62,45,13706.812746
62,49,13382.269233
62,51,13084.840011
62,52,12988.049175
62,53,12896.298149
62,55,12126.265988
62,57,12021.775249
62,59,11968.092344
62,60,11878.943150
63,38,18660.061768
63,39,18221.231421
63,40,17580.980908
63,41,16734.917143
63,43,14367.950864
63,45,13706.812746
63,47,13471.828566
63,49,13382.269233
63,51,13084.840011
63,52,12988.049175
63,53,12896.298149
63,54,12865.993049
63,55,12126.265988
63,57,12021.775249
63,59,11968.092344
63,60,11878.943150
64,38,18660.061768
64,39,18221.231421
64,40,17578.629715
64,41,16734.917143
64,43,13684.268139
64,46,13460.831854
64,49,13252.689085
64,51,13083.745368
64,52,12614.840124
64,55,12126.265988
64,57,12018.117719
64,59,11961.010772
64,60,11878.943150
65,38,18660.061768
65,39,18221.231421
65,40,17578.629715
65,41,16734.917143
65,42,14174.228857
65,43,13684.268139
65,46,13460.831854
65,49,13252.689085
65,51,13083.745368
65,52,12614.840124
65,55,12126.265988
65,57,12018.117719
65,59,11961.010772
65,60,11878.943150
66,38,18660.061768
66,39,18221.231421
66,40,17578.629715
66,41,16734.917143
66,42,14174.228857
66,43,13684.268139
66,46,13400.997698
66,49,13243.575597
66,51,13044.620999
66,52,12614.840124
66,54,12484.786504
66,55,12126.265988
66,57,12008.756638
66,59,11938.304144
66,60,11861.708079
67,38,18660.061768
67,39,18221.231421
67,40,17578.629715
67,41,16734.917143
67,42,14174.228857
67,43,13684.268139
67,46,13400.997698
67,47,13365.891542
67,49,13243.575597
67,50,13228.580857
67,51,13044.620999
67,52,12614.840124
67,54,12484.786504
67,55,12126.265988
67,57,12008.756638
67,59,11938.304144
67,60,11861.708079
68,38,18660.061768
68,39,18221.231421
68,40,17578.629715
68,41,16734.917143
68,42,14174.228857
68,43,13684.268139
68,45,13298.264829
68,49,13243.575597
68,50,13014.862607
68,52,12593.266064
68,53,12373.655994
68,55,12126.265988
68,57,12008.756638
68,59,11936.901997
68,60,11855.196507
69,38,18660.061768
69,39,18221.231421
69,40,17578.629715
69,41,16734.917143
69,42,14174.228857
69,43,13684.268139
69,45,13298.264829
69,49,13243.575597
69,50,13014.862607
69,52,12593.266064
69,53,12373.655994
69,55,12126.265988
69,57,12008.756638
69,59,11936.901997
69,60,11757.861311
70,38,18660.061768
70,39,17948.511393
70,40,17495.512208
70,41,16734.917143
70,42,14174.228857
70,43,13684.268139
70,44,13279.805529
70,48,13195.712755
70,50,12943.109134
70,52,12539.055081
70,53,12241.346752
70,54,12070.000197
70,57,11983.530357
70,59,11935.103192
70,60,11745.004712
71,38,18660.061768
71,39,17948.511393
71,40,17495.512208
71,41,16734.917143
71,42,14174.228857
71,43,13684.268139
71,44,13279.805529
71,48,13195.712755
71,49,13018.612146
71,50,12943.109134
71,52,12361.370659
71,53,12241.346752
71,54,12070.000197
71,57,11983.530357
71,59,11935.103192
71,60,11745.004712
72,38,18660.061768
72,39,17948.511393
72,40,17495.512208
72,41,16734.917143
72,42,14174.228857
72,43,13684.268139
72,44,13279.805529
72,48,13195.712755
72,49,13018.612146
72,50,12943.109134
72,51,12357.834032
72,53,12201.087166
72,54,12066.091836
72,56,11916.879399
72,59,11811.141447
72,60,11712.603003
73,38,18660.061768
73,39,17826.846474
73,40,17495.512208
73,41,16734.917143
73,42,14174.228857
73,43,13684.268139
73,44,13279.805529
73,48,13195.712755
73,49,13018.612146
73,50,12943.109134
73,51,12357.834032
73,53,12201.087166
73,54,12066.091836
73,56,11916.879399
73,59,11811.141447
73,60,11712.603003
74,38,18660.061768
74,39,17826.846474
74,40,17495.512208
74,41,16734.917143
74,42,14174.228857
74,43,13684.268139
74,44,13279.805529
74,48,12732.324404
74,51,12357.834032
74,53,12201.087166
74,54,12051.145073
74,56,11902.430148
74,58,11894.016915
74,59,11811.141447
74,60,11708.032039
75,38,18660.061768
75,39,17826.846474
75,40,17495.512208
75,41,16734.917143
75,42,14174.228857
75,43,13684.268139
75,44,13279.805529
75,48,12732.324404
75,51,12357.834032
75,53,12031.269881
75,56,11902.430148
75,58,11894.016915
75,59,11811.141447
75,60,11708.032039
76,38,18660.061768
76,39,17826.846474
76,40,17495.512208
76,41,16734.917143
76,42,13620.448491
76,44,13274.844294
76,48,12732.324404
76,51,12320.014188
76,53,12009.235746
76,56,11902.430148
76,58,11852.281512
76,59,11809.903491
76,60,11693.281312
77,38,18660.061768
77,39,17826.846474
77,40,17495.512208
77,41,16734.917143
77,42,13620.448491
77,44,13274.844294
77,46,13229.093489
77,48,12732.324404
77,51,12320.014188
77,53,12009.235746
77,56,11902.430148
77,58,11852.281512
77,59,11809.903491
77,60,11693.281312
78,38,18393.320974
78,39,17826.846474
78,40,17495.512208
78,41,15772.221375
78,42,13620.448491
78,44,13274.844294
78,46,13091.664783
78,48,12732.324404
78,51,12320.014188
78,53,11980.601832
78,56,11868.249431
78,58,11852.281512
78,59,11804.608210
78,60,11663.807280
79,38,18393.320974
79,39,17826.846474
79,40,17495.512208
79,41,15547.668802
79,42,13620.448491
79,44,13274.844294
79,46,13091.664783
79,48,12732.324404
79,51,12320.014188
79,53,11980.601832
79,56,11868.249431
79,58,11852.281512
79,59,11804.608210
79,60,11663.807280
80,38,18393.320974
80,39,17826.846474
80,40,15336.717799
80,42,13620.448491
80,44,13222.125662
80,46,13069.248052
80,48,12732.324404
80,51,12318.089848
80,53,11964.285544
80,56,11810.967289
80,59,11644.291272
81,38,18393.320974
81,39,17324.163056
81,40,15336.717799
81,42,13620.448491
81,44,13222.125662
81,46,13069.248052
81,48,12732.324404
81,51,12318.089848
81,53,11964.285544
81,56,11810.967289
81,59,11644.291272
82,38,18393.320974
82,39,16916.254547
82,40,14700.218358
82,42,13558.912048
82,44,13221.116332
82,46,12987.141450
82,48,12704.685226
82,51,12276.184969
82,53,11948.341661
82,56,11810.967289
82,59,11580.176365
83,38,18393.320974
83,39,16916.254547
83,40,14700.218358
83,42,13558.912048
83,44,13221.116332
83,46,12987.141450
83,48,12704.685226
83,50,12666.361769
83,51,12276.184969
83,53,11948.341661
83,56,11810.967289
83,59,11580.176365
84,38,18393.320974
84,39,16916.254547
84,40,14599.348054
84,42,13475.531564
84,44,13204.607612
84,46,12987.141450
84,48,12704.685226
84,50,12666.361769
84,51,12276.182965
84,53,11944.584868
84,56,11807.923553
84,59,11579.820291
85,38,18393.320974
85,39,16916.254547
85,40,14599.348054
85,42,13475.531564
85,44,13204.607612
85,46,12987.141450
85,48,12704.685226
85,50,12666.361769
85,51,12276.182965
85,53,11944.584868
85,56,11807.923553
85,59,11579.820291
86,38,18393.320974
86,39,16916.254547
86,40,14599.348054
86,41,14286.510821
86,42,13475.531564
86,44,13179.972464
86,46,12917.850263
86,48,12704.685226
86,50,12511.523129
86,51,12273.320641
86,53,11932.296602
86,56,11807.923553
86,59,11575.498873
87,38,18393.320974
87,39,16916.254547
87,40,14599.348054
87,41,14286.510821
87,42,13475.531564
87,44,13179.972464
87,46,12917.850263
87,48,12704.685226
87,50,12511.523129
87,51,12273.320641
87,53,11932.296602
87,56,11807.923553
87,59,11575.498873
88,38,18393.320974
88,39,16916.254547
88,40,14266.566097
88,42,13459.062806
88,44,13023.302758
88,46,12791.720478
88,48,12704.685226
88,50,12508.215324
88,51,12273.320641
88,53,11920.735797
88,56,11739.367763
88,59,11538.125979
89,38,18393.320974
89,39,16916.254547
89,40,14266.566097
89,41,14233.269348
89,42,13459.062806
89,44,13023.302758
89,46,12791.720478
89,48,12704.685226
89,50,12508.215324
89,51,12273.320641
89,53,11920.735797
89,56,11739.367763
89,59,11538.125979
90,38,18393.320974
90,39,16916.254547
90,40,14266.566097
90,41,14233.269348
90,42,13420.190413
90,44,12993.258550
90,45,12781.807244
90,48,12671.308504
90,50,12506.644784
90,51,12273.320641
90,53,11919.534512
90,55,11727.808982
90,59,11536.009390
91,38,18393.320974
91,39,16916.254547
91,40,14266.566097
91,41,14233.269348
91,42,13420.190413
91,44,12993.258550
91,45,12781.807244
91,48,12671.308504
91,50,12506.644784
91,51,12273.320641
91,53,11919.534512
91,55,11727.808982
91,59,11536.009390
92,38,18393.320974
92,39,16916.254547
92,40,14266.566097
92,41,14233.269348
92,42,13420.190413
92,44,12993.258550
92,45,12781.807244
92,48,12671.308504
92,50,12506.644784
92,51,12273.320641
92,53,11919.534512
92,55,11727.808982
92,59,11516.764826
93,38,18393.320974
93,39,16916.254547
93,40,14110.193437
93,42,13097.899914
93,44,12971.393242
93,45,12763.109096
93,48,12671.308504
93,49,12499.472884
93,51,12185.837173
93,53,11919.534512
93,55,11727.774065
93,59,11516.764826
94,38,18393.320974
94,39,16916.254547
94,40,14110.193437
94,41,14036.112743
94,42,13097.899914
94,44,12971.393242
94,45,12763.109096
94,48,12589.693585
94,49,12499.472884
94,51,12185.837173
94,53,11919.534512
94,55,11727.774065
94,58,11541.397321
94,59,11516.764826
95,38,18393.320974
95,39,16916.254547
95,40,14110.193437
95,41,14010.450478
95,42,13097.899914
95,44,12971.393242
95,45,12763.109096
95,46,12722.424568
95,48,12589.693585
95,49,12499.472884
95,51,12185.837173
95,53,11919.534512
95,55,11727.774065
95,57,11510.259358
96,38,18261.348465
96,39,16916.254547
96,40,14110.193437
96,41,14010.450478
96,42,13097.899914
96,44,12948.252092
96,45,12763.028120
96,46,12722.245653
96,48,12589.693585
96,49,12473.567969
96,51,12185.837173
96,53,11912.779141
96,55,11727.774065
96,56,11493.916581
97,38,18261.348465
97,39,15237.308613
97,40,14110.193437
97,41,14010.450478
97,42,13097.899914
97,44,12948.252092
97,45,12763.028120
97,46,12722.245653
97,48,12589.693585
97,49,12473.567969
97,51,12185.837173
97,53,11912.779141
97,55,11727.774065
97,56,11493.916581
98,38,18261.348465
98,39,14615.330360
98,40,14110.193437
98,41,14010.450478
98,42,13037.174272
98,44,12948.252092
98,45,12702.728933
98,48,12473.842699
98,49,12457.119943
98,51,12185.837173
98,53,11905.072136
98,54,11710.640389
98,55,11462.541125
99,38,18261.348465
99,39,14615.330360
99,40,14110.193437
99,41,14010.450478
99,42,13037.174272
99,44,12948.252092
99,45,12702.728933
99,48,12473.842699
99,49,12457.119943
99,51,12185.837173
99,53,11905.072136
99,54,11710.640389
99,55,11462.541125
100,38,18261.348465
100,39,14615.330360
100,40,14110.193437
100,41,14010.450478
100,42,13009.202917
100,44,12948.252092
100,45,12685.433206
100,46,12606.851574
100,47,12453.242466
100,51,12185.837173
100,53,11869.335551
100,54,11694.663116
100,55,11462.020509
101,38,18261.348465
101,39,14615.330360
101,40,14110.193437
101,41,14010.450478
101,42,13009.202917
101,44,12835.526824
101,45,12685.433206
101,46,12606.851574
101,47,12453.242466
101,51,12185.837173
101,53,11869.335551
101,54,11694.663116
101,55,11462.020509
102,38,18261.348465
102,39,14615.330360
102,40,14110.193437
102,41,14010.450478
102,42,12961.706425
102,44,12715.020625
102,45,12676.552836
102,46,12419.792810
102,47,12411.141436
102,51,12164.789024
102,53,11866.111767
102,54,11686.554959
102,55,11462.020509
103,38,18261.348465
103,39,14615.330360
103,40,14110.193437
103,41,13796.382831
103,42,12961.706425
103,44,12715.020625
103,45,12676.552836
103,46,12419.792810
103,47,12411.141436
103,51,12164.789024
103,53,11866.111767
103,54,11686.554959
103,55,11462.020509
104,38,18261.348465
104,39,14615.330360
104,40,14110.193437
104,41,13212.056787
104,42,12939.161618
104,44,12690.699278
104,45,12633.171173
104,46,12419.642448
104,47,12411.141436
104,51,12136.818832
104,53,11809.669080
104,54,11686.554959
104,55,11453.422932
105,38,18261.348465
105,39,14615.330360
105,40,14110.193437
105,41,13212.056787
105,42,12939.161618
105,44,12690.699278
105,45,12633.171173
105,46,12419.642448
105,47,12411.141436
105,51,12136.818832
105,53,11809.669080
105,54,11686.554959
105,55,11453.422932
106,38,18261.348465
106,39,14615.330360
106,40,14081.814186
106,41,13212.056787
106,42,12859.805242
106,44,12690.699278
106,45,12603.095565
106,46,12410.856177
106,47,12324.297435
106,51,11839.417643
106,53,11777.615305
106,54,11686.554959
106,55,11451.306343
107,38,16209.502231
107,39,14615.330360
107,40,14081.814186
107,41,13212.056787
107,42,12859.805242
107,44,12690.699278
107,45,12603.095565
107,46,12410.856177
107,47,12324.297435
107,51,11839.417643
107,53,11777.615305
107,54,11686.554959
107,55,11451.306343
108,38,16209.502231
108,39,14593.359783
108,40,14081.814186
108,41,13212.056787
108,42,12822.105686
108,44,12684.330627
108,45,12601.413165
108,46,12395.382196
108,47,12322.378891
108,51,11839.417643
108,53,11777.615305
108,54,11681.168930
108,55,11451.306343
109,38,16209.502231
109,39,14158.780361
109,40,14081.814186
109,41,13212.056787
109,42,12822.105686
109,44,12684.330627
109,45,12601.413165
109,46,12395.382196
109,47,12322.378891
109,51,11839.417643
109,53,11777.615305
109,54,11681.168930
109,55,11451.306343
110,38,16209.502231
110,39,14158.780361
110,40,14081.814186
110,41,13212.056787
110,42,12822.105686
110,44,12683.463477
110,45,12509.776457
110,46,12374.802075
110,47,12319.118931
110,50,12254.399660
110,51,11839.417643
110,53,11770.962486
110,54,11675.608738
110,55,11451.306343
110,57,11425.425625
111,38,16209.502231
111,39,14158.780361
111,40,14081.814186
111,41,13212.056787
111,42,12822.105686
111,44,12683.463477
111,45,12509.776457
111,46,12374.802075
111,47,12319.118931
111,50,12254.399660
111,51,11839.417643
111,53,11495.008082
111,55,11451.306343
111,57,11425.425625
112,38,16209.502231
112,39,14158.780361
112,40,14081.814186
112,41,13212.056787
112,42,12799.413575
112,44,12678.935681
112,45,12440.670355
112,46,12365.279572
112,47,12316.406496
112,50,12237.211144
112,51,11839.417643
112,53,11489.674341
112,55,11436.167406
112,57,11423.733860
113,38,16209.502231
113,39,14123.487176
113,40,14081.814186
113,41,13212.056787
113,42,12799.413575
113,44,12678.935681
113,45,12440.670355
113,46,12365.279572
113,47,12316.406496
113,50,12237.211144
113,51,11839.417643
113,53,11489.674341
113,55,11436.167406
113,57,11423.733860
114,37,16631.611862
114,38,14141.511557
114,39,14123.487176
114,40,14081.814186
114,41,13212.056787
114,42,12698.525685
114,44,12625.451125
114,45,12438.389263
114,46,12365.279572
114,47,12242.635064
114,50,12163.997582
114,51,11801.299356
114,53,11489.674341
114,54,11428.373277
114,57,11422.842311
115,37,16631.611862
115,38,14141.511557
115,39,14123.487176
115,40,14081.814186
115,41,13212.056787
115,42,12698.525685
115,44,12625.451125
115,45,12438.389263
115,46,12365.279572
115,47,12242.635064
115,50,12163.997582
115,51,11801.299356
115,53,11489.674341
115,54,11428.373277
115,57,11422.842311
116,36,19981.041427
116,37,16631.611862
116,38,14141.511557
116,39,14123.487176
116,40,13922.504955
116,41,13212.056787
116,42,12698.525685
116,44,12625.451125
116,45,12438.389263
116,46,12365.279572
116,47,12242.635064
116,50,12163.997582
116,51,11801.299356
116,53,11465.271912
116,54,11428.373277
116,57,11422.842311
117,36,19981.041427
117,37,16631.611862
117,38,14141.511557
117,39,14123.487176
117,40,13922.504955
117,41,13212.056787
117,42,12698.525685
117,44,12625.451125
117,45,12438.389263
117,46,12365.279572
117,47,12242.635064
117,50,12163.997582
117,51,11801.299356
117,53,11465.271912
117,54,11428.373277
117,57,11422.842311
118,36,19981.041427
118,37,16033.215506
118,38,14141.511557
118,39,14123.487176
118,40,13922.504955
118,41,13212.056787
118,42,12695.878802
118,44,12597.525341
118,45,12421.422365
118,46,12350.203681
118,47,12241.391107
118,50,12158.431543
118,51,11801.299356
118,53,11465.271912
118,54,11428.373277
118,56,11411.592400
119,36,19981.041427
119,37,16033.215506
119,38,14141.511557
119,39,14123.487176
119,40,13922.504955
119,41,13212.056787
119,42,12695.878802
119,44,12597.525341
119,45,12421.422365
119,46,12350.203681
119,47,12241.391107
119,48,12081.631688
119,51,11801.299356
119,53,11465.271912
119,54,11428.373277
119,56,11411.592400
120,36,19981.041427
120,37,16033.215506
120,38,14082.249388
120,40,13922.504955
120,41,13212.056787
120,42,12680.331756
120,44,12596.279213
120,45,12414.236646
120,46,12318.225409
120,47,12236.108120
120,48,12081.631688
120,50,11799.406450
120,52,11439.836910
120,54,11402.459728
121,36,19981.041427
121,37,16033.215506
121,38,14082.249388
121,40,13922.504955
121,41,13212.056787
121,42,12680.331756
121,44,12596.279213
121,45,12414.236646
121,46,12318.225409
121,47,12236.108120
121,48,12081.631688
121,50,11799.406450
121,52,11439.836910
121,53,11434.487114
121,54,11402.459728
122,36,19981.041427
122,37,16033.215506
122,38,14082.249388
122,40,13922.504955
122,41,13212.056787
122,42,12676.422212
122,44,12596.279213
122,45,12353.141921
122,46,12316.201611
122,47,12221.438186
122,48,12081.631688
122,50,11791.307176
122,52,11439.836910
122,53,11363.695536
123,36,19981.041427
123,37,15869.812877
123,38,14082.249388
123,40,13922.504955
123,41,13212.056787
123,42,12676.422212
123,44,12596.279213
123,45,12353.141921
123,46,12316.201611
123,47,12221.438186
123,48,12081.631688
123,50,11791.307176
123,51,11468.058013
123,52,11439.836910
123,53,11363.695536
124,36,19981.041427
124,37,15869.812877
124,38,14082.249388
124,40,13922.504955
124,41,13212.056787
124,42,12652.490755
124,44,12596.279213
124,45,12328.787916
124,46,12316.201611
124,47,12218.420663
124,48,12073.532414
124,50,11460.166176
124,52,11417.681866
124,53,11359.552780
125,36,19981.041427
125,37,15869.812877
125,38,14082.249388
125,40,13740.170445
125,41,13212.056787
125,42,12652.490755
125,44,12596.279213
125,45,12328.787916
125,46,12316.201611
125,47,12218.420663
125,48,12073.532414
125,50,11460.166176
125,52,11417.681866
125,53,11347.904961
126,36,19684.631034
126,37,15869.812877
126,38,14082.249388
126,40,13740.170445
126,41,13202.244575
126,42,12617.046181
126,44,12596.279213
126,45,12267.916296
126,47,12194.242493
126,48,12073.532414
126,50,11459.955659
126,52,11400.309369
126,53,11347.904961
127,36,19684.631034
127,37,15869.812877
127,38,14082.249388
127,40,13740.170445
127,41,13202.244575
127,42,12617.046181
127,44,12457.848251
127,45,12267.916296
127,47,12194.242493
127,48,12073.532414
127,50,11396.559307
127,53,11347.904961
128,35,17942.298031
128,37,14065.244852
128,40,13695.519961
128,41,13200.722897
128,42,12552.232124
128,44,12230.925025
128,47,12194.242493
128,48,12073.532414
128,49,11373.007925
128,53,11346.131961
129,35,17942.298031
129,37,14065.244852
129,40,13695.519961
129,41,13200.722897
129,42,12552.232124
129,44,12230.925025
129,47,12194.242493
129,48,12073.532414
129,49,11373.007925
129,53,11346.131961
130,35,17815.486261
130,37,14052.489274
130,39,13665.940137
130,41,13181.449854
130,42,12520.406082
130,44,12217.487672
130,47,12187.445600
130,48,12073.532414
130,49,11357.900181
130,53,11344.397850
131,35,17815.486261
131,37,14052.489274
131,39,13665.940137
131,41,13181.449854
131,42,12520.406082
131,44,12217.487672
131,47,12187.445600
131,48,12073.532414
131,49,11357.900181
131,53,11344.397850
132,35,17501.135496
132,37,14031.692898
132,39,13665.940137
132,41,13170.583547
132,42,12519.159955
132,44,12215.953127
132,47,12187.445600
132,48,12073.532414
132,49,11355.605792
132,53,11337.450751
133,35,17501.135496
133,37,14031.692898
133,39,13665.940137
133,40,13432.426436
133,41,13170.583547
133,42,12519.159955
133,44,12215.953127
133,45,12068.823933
133,49,11355.605792
133,53,11337.450751
134,35,17501.135496
134,37,13939.531883
134,39,13632.283934
134,40,13424.442091
134,41,13170.583547
134,42,12495.876189
134,44,12193.085836
134,45,12068.823933
134,49,11352.877668
134,53,11322.542853
135,35,17501.135496
135,36,17331.749530
135,37,13939.531883
135,39,13632.283934
135,40,13424.442091
135,41,13170.583547
135,42,12495.876189
135,44,12193.085836
135,45,12068.823933
135,49,11352.877668
135,53,11322.542853
136,35,17501.135496
136,36,17331.749530
136,37,13939.531883
136,38,13907.401466
136,39,13614.809072
136,40,13413.979845
136,41,13153.832564
136,42,12495.876189
136,44,12193.085836
136,45,12053.337159
136,49,11345.343478
136,50,11325.267762
136,53,11322.542853
137,35,17501.135496
137,36,17331.749530
137,37,13939.531883
137,38,13907.401466
137,39,13614.809072
137,40,13413.979845
137,41,13153.832564
137,42,12495.876189
137,44,12193.085836
137,45,12053.337159
137,49,11328.195540
137,50,11325.267762
137,53,11322.542853
138,35,17501.135496
138,36,17331.749530
138,37,13939.531883
138,38,13907.401466
138,39,13499.861952
138,40,13380.396902
138,41,13153.832564
138,42,12489.459054
138,44,12112.550495
138,45,12053.337159
138,47,11794.115530
138,49,11326.480398
138,50,11323.535514
138,53,11322.542853
139,35,17501.135496
139,36,17331.749530
139,37,13939.531883
139,38,13907.401466
139,39,13499.861952
139,40,13380.396902
139,41,13153.832564
139,42,12489.459054
139,43,12373.645584
139,44,12112.550495
139,45,12053.337159
139,47,11794.115530
139,48,11609.140227
139,49,11326.480398
139,50,11323.535514
139,53,11322.542853
140,35,17501.135496
140,36,17331.749530
140,37,13867.424516
140,38,13864.938499
140,39,13499.861952
140,40,13380.396902
140,41,13153.832564
140,42,12441.894116
140,43,12324.804605
140,44,12112.550495
140,45,12053.337159
140,47,11743.589010
140,48,11345.394770
140,49,11325.353469
140,50,11321.775928
140,52,11295.518492
141,35,17427.553521
141,36,15884.252027
141,37,13867.424516
141,38,13864.938499
141,39,13499.861952
141,40,13380.396902
141,41,13153.832564
141,42,12441.894116
141,43,12324.804605
141,44,12112.550495
141,45,12053.337159
141,47,11743.589010
141,48,11345.394770
141,49,11325.353469
141,50,11321.775928
141,52,11295.518492
142,35,17427.553521
142,36,15884.252027
142,37,13867.424516
142,38,13838.360638
142,39,13499.861952
142,40,13380.396902
142,41,13120.200319
142,42,12325.513534
142,43,12271.318161
142,44,12111.524292
142,45,11967.827867
142,47,11743.377559
142,48,11343.301610
142,49,11311.562206
142,52,11295.518492
143,35,17427.553521
143,36,15595.490610
143,37,13867.424516
143,38,13784.090800
143,39,13499.861952
143,40,13380.396902
143,41,13120.200319
143,42,12325.513534
143,43,12271.318161
143,44,12111.524292
143,45,11967.827867
143,47,11743.377559
143,48,11343.301610
143,49,11311.562206
143,52,11295.518492
144,35,17427.553521
144,36,15595.490610
144,37,13867.424516
144,38,13784.090800
144,39,13499.861952
144,40,13380.396902
144,41,13119.147844
144,42,12321.072554
144,43,12228.698936
144,44,12108.327570
144,45,11967.827867
144,47,11743.377559
144,48,11343.301610
144,49,11311.562206
144,50,11307.701246
144,52,11294.419280
145,35,17427.553521
145,36,15595.490610
145,37,13843.650442
145,38,13708.696843
145,39,13499.861952
145,40,13380.396902
145,41,13119.147844
145,42,12321.072554
145,43,12228.698936
145,44,12108.327570
145,45,11967.827867
145,47,11743.377559
145,48,11343.301610
145,49,11311.562206
145,50,11307.701246
145,52,11294.419280
146,35,16402.975704
146,36,15595.490610
146,37,13843.650442
146,38,13708.696843
146,39,13499.861952
146,40,13380.396902
146,41,13040.609124
146,42,12317.668692
146,43,12204.507714
146,44,12108.327570
146,45,11967.827867
146,47,11743.377559
146,48,11321.066377
146,49,11311.562206
146,50,11305.636489
146,51,11283.466524
147,35,16402.975704
147,36,15595.490610
147,37,13843.650442
147,38,13708.696843
147,39,13499.861952
147,40,13380.396902
147,41,13040.609124
147,42,12317.668692
147,43,12204.507714
147,44,12108.327570
147,45,11967.827867
147,47,11743.377559
147,48,11321.066377
147,49,11311.562206
147,50,11305.636489
147,51,11283.466524
148,35,16402.975704
148,36,15595.490610
148,37,13794.080435
148,38,13708.696843
148,39,13499.861952
148,40,13164.544867
148,41,13022.710081
148,42,12306.531226
148,43,12180.948146
148,44,11917.388496
148,47,11719.644344
148,48,11316.936793
148,49,11294.589078
148,51,11282.674425
149,35,15886.701476
149,36,15595.490610
149,37,13794.080435
149,38,13708.696843
149,39,13490.107736
149,40,13164.544867
149,41,13022.710081
149,42,12306.531226
149,43,12180.948146
149,44,11917.388496
149,47,11719.644344
149,48,11316.936793
149,49,11294.589078
149,51,11282.674425
150,35,15886.701476
150,36,15595.490610
150,37,13794.080435
150,38,13708.696843
150,39,13367.747365
150,40,12798.485348
150,42,12306.371551
150,43,12152.163203
150,44,11917.388496
150,47,11719.644344
150,48,11307.494282
150,49,11293.701711
150,51,11282.027982
151,35,15886.701476
151,36,15595.490610
151,37,13794.080435
151,38,13600.417468
151,39,13367.747365
151,40,12798.485348
151,42,12306.371551
151,43,12152.163203
151,44,11917.388496
151,47,11719.644344
151,48,11307.494282
151,49,11293.701711
151,51,11282.027982
152,35,15805.813770
152,36,15595.490610
152,37,13602.207230
152,38,13476.446989
152,39,13345.601978
152,40,12798.485348
152,42,12257.031571
152,43,12148.205886
152,44,11917.151307
152,47,11689.524744
152,48,11307.494282
152,49,11292.873875
152,51,11272.134753
153,35,15805.813770
153,36,15595.490610
153,37,13602.207230
153,38,13476.446989
153,39,13345.601978
153,40,12798.485348
153,42,12257.031571
153,43,12148.205886
153,44,11917.151307
153,47,11689.524744
153,48,11307.494282
153,49,11292.873875
153,51,11272.134753
154,35,15805.813770
154,36,15595.490610
154,37,13602.207230
154,38,13330.694316
154,40,12798.485348
154,42,12251.483501
154,43,12148.205886
154,44,11892.358079
154,47,11650.540094
154,48,11286.987650
154,51,11272.134753
155,35,15582.002255
155,36,15272.989927
155,37,13602.207230
155,38,13330.694316
155,40,12798.485348
155,42,12251.483501
155,43,12148.205886
155,44,11892.358079
155,47,11650.540094
155,48,11286.987650
155,51,11272.134753
156,35,15582.002255
156,36,14984.726675
156,37,13258.172882
156,40,12735.518310
156,42,12243.096269
156,43,12147.322700
156,44,11879.910567
156,47,11245.742734
157,35,15582.002255
157,36,14984.726675
157,37,13258.172882
157,40,12735.518310
157,42,12243.096269
157,43,12147.322700
157,44,11879.910567
157,47,11245.742734
158,35,15474.498852
158,36,14878.178662
158,37,13237.219041
158,39,12726.390979
158,42,12243.096269
158,43,12120.756549
158,44,11816.970728
158,47,11224.373575
159,35,15474.498852
159,36,14878.178662
159,37,13237.219041
159,39,12726.390979
159,42,12243.096269
159,43,12120.756549
159,44,11816.970728
159,46,11816.416312
159,47,11224.373575
160,35,15467.137685
160,36,14780.869925
160,37,13185.127046
160,39,12712.820466
160,42,12237.827574
160,43,12040.757782
160,44,11815.203695
160,46,11809.206011
160,47,11218.887549
161,35,15467.137685
161,36,14780.869925
161,37,13185.127046
161,39,12712.820466
161,42,12237.827574
161,43,12040.757782
161,44,11815.203695
161,46,11809.206011
161,47,11218.887549
162,35,15346.687883
162,36,14735.171995
162,37,13165.086201
162,39,12712.820466
162,42,12221.625640
162,43,11972.805436
162,44,11808.712692
162,46,11799.456110
162,47,11218.887549
163,35,15247.153348
163,36,14735.171995
163,37,13165.086201
163,39,12712.820466
163,42,12221.625640
163,43,11972.805436
163,44,11808.712692
163,46,11799.456110
163,47,11218.887549
164,35,15239.379520
164,36,14680.435500
164,37,13163.887085
164,39,12712.297106
164,42,12221.458069
164,43,11956.591006
164,44,11778.722680
164,46,11639.709802
164,47,11218.358829
165,34,15785.444206
165,35,15239.379520
165,36,14680.435500
165,37,13163.887085
165,39,12712.297106
165,42,12221.458069
165,43,11956.591006
165,44,11778.722680
165,46,11639.709802
165,47,11218.358829
166,34,15785.444206
166,35,15239.379520
166,36,14680.435500
166,37,12965.283164
166,39,12709.326367
166,40,12639.229480
166,42,12221.458069
166,43,11941.587165
166,44,11778.722680
166,45,11602.222142
166,47,11202.275092
167,34,15785.444206
167,35,15131.836142
167,36,14680.435500
167,37,12965.283164
167,39,12709.326367
167,40,12639.229480
167,42,12221.458069
167,43,11941.587165
167,44,11778.722680
167,45,11602.222142
167,46,11394.141364
167,47,11202.275092
168,34,15785.444206
168,35,15131.836142
168,36,14539.934434
168,37,12924.107381
168,39,12709.326367
168,40,12600.440399
168,42,12220.734269
168,43,11941.587165
168,44,11778.722680
168,45,11602.222142
168,46,11380.078736
168,47,11189.877561
169,34,15785.444206
169,35,15131.836142
169,36,14539.934434
169,37,12924.107381
169,39,12709.326367
169,40,12600.440399
169,41,12587.619044
169,42,12220.734269
169,43,11941.587165
169,44,11778.722680
169,45,11602.222142
169,46,11380.078736
169,47,11189.877561
170,34,15785.444206
170,35,15131.836142
170,36,14539.934434
170,37,12923.329784
170,39,12648.834947
170,40,12567.349947
170,41,12489.161380
170,42,12220.734269
170,43,11937.305005
170,44,11778.722680
170,45,11596.657018
170,46,11345.508594
170,47,11189.877561
171,34,15785.444206
171,35,15131.836142
171,36,14539.934434
171,37,12923.329784
171,39,12648.834947
171,40,12567.349947
171,41,12489.161380
171,42,12220.734269
171,43,11937.305005
171,44,11778.722680
171,45,11596.657018
171,46,11345.508594
171,47,11189.877561
172,34,15785.444206
172,35,15131.836142
172,36,14539.934434
172,37,12906.580058
172,39,12648.834947
172,40,12558.915746
172,41,12464.700696
172,42,12106.797404
172,43,11878.838305
172,44,11773.041999
172,45,11585.613677
172,46,11345.508594
172,47,11189.877561
173,34,15785.444206
173,35,15131.836142
173,36,14539.934434
173,37,12906.580058
173,39,12648.834947
173,40,12558.915746
173,41,12464.700696
173,42,12106.797404
173,43,11878.838305
173,44,11773.041999
173,45,11585.613677
173,46,11345.508594
173,47,11189.877561
174,34,15785.444206
174,35,15131.836142
174,36,14539.934434
174,37,12870.593608
174,39,12648.623819
174,40,12554.423605
174,41,12461.337198
174,42,12065.110286
174,43,11845.778869
174,44,11773.041999
174,45,11584.900165
174,46,11345.508594
174,47,11189.877561
175,34,15785.444206
175,35,15131.836142
175,36,14539.934434
175,37,12870.593608
175,39,12648.623819
175,40,12554.423605
175,41,12461.337198
175,42,12065.110286
175,43,11845.778869
175,44,11773.041999
175,45,11584.900165
175,46,11345.508594
175,47,11189.877561
176,34,15785.444206
176,35,15131.836142
176,36,14539.934434
176,37,12799.833558
176,39,12645.559681
176,40,12538.746858
176,41,12444.030116
176,42,12052.697459
176,43,11831.109287
176,44,11747.999431
176,45,11584.900165
176,46,11186.447530
177,34,15785.444206
177,35,15131.836142
177,36,13829.648732
177,37,12799.833558
177,39,12645.559681
177,40,12538.746858
177,41,12426.703075
177,42,12052.697459
177,43,11831.109287
177,44,11747.999431
177,45,11584.900165
177,46,11186.447530
178,34,15785.444206
178,35,15131.836142
178,36,13769.116498
178,37,12799.833558
178,39,12645.559681
178,40,12538.746858
178,41,12426.703075
178,42,12046.372228
178,43,11827.696817
178,44,11747.999431
178,45,11582.257606
178,46,11186.447530
179,34,15785.444206
179,35,15046.202515
179,36,13769.116498
179,37,12799.833558
179,39,12529.192119
179,41,12426.703075
179,42,12046.372228
179,43,11827.696817
179,44,11747.999431
179,45,11582.257606
179,46,11186.447530
180,34,15785.444206
180,35,15046.202515
180,36,13732.745016
180,37,12799.833558
180,38,12732.620046
180,39,12514.659451
180,41,12424.613141
180,42,12031.016889
180,43,11827.696817
180,44,11747.999431
180,45,11582.203044
180,46,11186.447530
181,34,15785.444206
181,35,15046.202515
181,36,13732.745016
181,37,12799.833558
181,38,12732.620046
181,39,12514.659451
181,41,12424.613141
181,42,12031.016889
181,43,11827.696817
181,44,11747.999431
181,45,11582.203044
181,46,11186.447530
182,34,15785.444206
182,35,15046.202515
182,36,13702.362730
182,37,12753.031115
182,38,12732.620046
182,39,12499.470513
182,41,12418.867612
182,42,11986.772533
182,43,11827.617690
182,44,11740.083715
182,45,11181.746764
183,34,15785.444206
183,35,15046.202515
183,36,13702.362730
183,37,12753.031115
183,38,12732.620046
183,39,12499.470513
183,41,12418.867612
183,42,11986.772533
183,43,11827.617690
183,44,11740.083715
183,45,11181.746764
184,34,15785.444206
184,35,14616.026540
184,36,13692.814805
184,37,12720.475781
184,39,12479.167806
184,41,12372.548389
184,42,11986.772533
184,43,11827.617690
184,44,11737.475743
184,45,11181.735615
185,34,15785.444206
185,35,14616.026540
185,36,13692.814805
185,37,12720.475781
185,39,12479.167806
185,41,12372.548389
185,42,11986.772533
185,43,11827.617690
185,44,11737.475743
185,45,11181.735615
185,46,11170.556375
186,34,15785.444206
186,35,13675.404925
186,37,12709.273355
186,39,12479.167806
186,41,12319.636277
186,42,11986.772533
186,43,11826.429903
186,44,11737.475743
186,45,11181.735615
186,46,11170.556375
187,34,15785.444206
187,35,13675.404925
187,37,12692.212570
187,38,12591.573167
187,39,12479.167806
187,41,12319.636277
187,42,11986.772533
187,43,11826.429903
187,44,11737.475743
187,45,11181.735615
187,46,11157.925186
188,34,15785.444206
188,35,13661.782621
188,37,12658.390959
188,38,12552.329005
188,39,12474.223495
188,41,12319.493335
188,42,11985.414169
188,43,11800.373636
188,44,11737.336682
188,45,11177.813211
188,46,11143.784459
189,34,15785.444206
189,35,13661.782621
189,37,12658.390959
189,38,12552.329005
189,39,12474.223495
189,41,12319.493335
189,42,11985.414169
189,43,11800.373636
189,44,11737.336682
189,45,11177.813211
189,46,11143.784459
190,34,15785.444206
190,35,13614.756092
190,37,12658.390959
190,38,12530.887629
190,39,12474.223495
190,41,12316.116302
190,42,11985.414169
190,43,11789.712373
190,44,11735.357572
190,45,11163.979299
190,46,11143.784459
191,34,15785.444206
191,35,13614.756092
191,37,12658.390959
191,38,12530.887629
191,39,12474.223495
191,41,12316.116302
191,42,11985.414169
191,43,11789.712373
191,44,11735.357572
191,45,11163.979299
191,46,11143.784459
192,34,15785.444206
192,35,13295.922966
192,37,12604.335435
192,38,12501.089967
192,39,12474.223495
192,41,12312.042987
192,42,11872.603206
192,43,11781.362691
192,44,11735.357572
192,45,11129.873373
193,34,15785.444206
193,35,13295.922966
193,37,12604.335435
193,38,12501.089967
193,39,12474.223495
193,41,12013.420568
193,42,11872.603206
193,43,11781.362691
193,44,11735.357572
193,45,11129.873373
194,34,15785.444206
194,35,13189.962731
194,37,12558.761035
194,38,12501.089967
194,39,12474.223495
194,41,11982.505703
194,42,11872.413256
194,43,11752.922384
194,44,11611.426476
194,45,11122.736556
195,34,15785.444206
195,35,13189.962731
195,37,12558.761035
195,38,12501.089967
195,39,12474.223495
195,41,11982.505703
195,42,11872.413256
195,43,11752.922384
195,44,11611.426476
195,45,11122.736556
196,34,15733.648812
196,35,13156.348374
196,37,12488.668566
196,38,12472.391084
196,41,11982.505703
196,42,11872.413256
196,43,11752.634918
196,44,11491.503332
196,45,11122.736556
197,34,15733.648812
197,35,13156.348374
197,37,12488.668566
197,38,12472.391084
197,41,11982.505703
197,42,11872.413256
197,43,11752.634918
197,44,11491.503332
197,45,11122.736556
198,34,15614.267716
198,35,13151.941437
198,37,12488.668566
198,38,12455.084002
198,41,11912.906911
198,42,11872.354751
198,43,11738.117114
198,44,11491.503332
198,45,11114.019503
199,34,15614.267716
199,35,13151.941437
199,37,12488.668566
199,38,12455.084002
199,40,11904.438465
199,42,11872.354751
199,43,11738.117114
199,44,11491.503332
199,45,11114.019503
200,34,15604.939137
200,35,13141.720544
200,37,12482.668795
200,38,12455.084002
200,40,11904.438465
200,42,11872.354751
200,43,11738.117114
200,44,11490.234558
200,45,11111.559052
201,34,15604.939137
201,35,13141.720544
201,37,12482.668795
201,38,12455.084002
201,40,11904.438465
201,42,11872.354751
201,43,11738.117114
201,44,11490.234558
201,45,11111.559052
202,34,15604.939137
202,35,13124.698658
202,37,12482.668795
202,38,12433.750804
202,40,11852.138618
202,43,11720.857187
202,44,11483.611497
202,45,11110.671685
203,34,15604.939137
203,35,13124.698658
203,37,12482.668795
203,38,12433.750804
203,39,12410.502050
203,40,11852.138618
203,43,11720.857187
203,44,11483.611497
203,45,11110.671685
204,34,15568.855336
204,35,13124.698658
204,37,12460.466969
204,38,12385.283299
204,39,12380.872638
204,40,11787.398670
204,43,11720.696806
204,44,11461.456335
204,45,11096.271455
205,34,15568.855336
205,35,13124.698658
205,37,12460.466969
205,38,12385.283299
205,39,12380.872638
205,40,11787.398670
205,43,11720.696806
205,44,11461.456335
205,45,11096.271455
206,34,15456.553411
206,35,13118.710063
206,37,12401.132706
206,38,12385.283299
206,39,12351.071215
206,40,11787.398670
206,43,11712.982792
206,44,11458.446408
206,45,11080.137119
207,34,15456.553411
207,35,13118.710063
207,37,12401.132706
207,38,12385.283299
207,39,12351.071215
207,40,11787.398670
207,43,11712.982792
207,44,11394.554858
207,45,11080.137119
208,34,15360.853484
208,35,13104.596386
208,37,12319.332420
208,39,12278.940471
208,40,11753.413545
208,43,11712.982792
208,44,11369.726552
208,45,11065.184614
209,34,15360.853484
209,35,13104.596386
209,37,12319.332420
209,39,12278.940471
209,40,11753.413545
209,43,11705.301496
209,44,11369.726552
209,45,11065.184614
210,34,15296.483161
210,35,13090.406983
210,37,12318.093241
210,39,12208.147891
210,40,11744.990489
210,43,11624.397420
210,44,11359.418111
210,45,11064.162867
211,34,15296.483161
211,35,13090.406983
211,37,12318.093241
211,39,12208.147891
211,40,11744.990489
211,43,11624.397420
211,44,11359.418111
211,45,11064.162867
212,34,15266.369386
212,35,12990.526233
212,36,12983.128613
212,37,12272.843696
212,39,12207.938428
212,40,11744.990489
212,43,11624.397420
212,44,11359.418111
212,45,11055.889129
213,34,15266.369386
213,35,12990.526233
213,36,12983.128613
213,37,12272.843696
213,39,12207.938428
213,40,11744.990489
213,43,11624.397420
213,44,11359.418111
213,45,11055.889129
214,34,15266.369386
214,35,12937.564523
214,37,12272.843696
214,38,12261.770429
214,39,12148.180251
214,40,11744.990489
214,43,11624.397420
214,44,11359.418111
214,45,11048.458612
215,34,15266.369386
215,35,12937.564523
215,37,12272.843696
215,38,12261.770429
215,39,12148.180251
215,40,11744.990489
215,43,11624.397420
215,44,11359.418111
215,45,11048.458612
216,34,15230.072580
216,35,12932.987672
216,37,12261.073999
216,38,12197.425881
216,39,12146.007545
216,40,11744.990489
216,43,11601.881296
216,44,11358.599245
216,45,11047.390233
217,34,15230.072580
217,35,12932.987672
217,37,12261.073999
217,38,12197.425881
217,39,12146.007545
217,40,11744.990489
217,43,11601.881296
217,44,11358.599245
217,45,11047.390233
218,34,14531.473123
218,35,12920.588164
218,37,12258.526098
218,38,12197.425881
218,39,12098.593143
218,40,11715.318804
218,42,11667.552793
218,43,11534.978234
218,44,11358.377209
218,45,11047.390233
219,34,14531.473123
219,35,12920.588164
219,37,12258.526098
219,38,12197.425881
219,39,12098.593143
219,40,11715.318804
219,42,11667.552793
219,43,11534.978234
219,44,11358.377209
219,45,11047.390233
220,34,14451.199405
220,35,12832.352068
220,37,12258.526098
220,38,12194.126095
220,39,12075.849096
220,40,11710.594502
220,41,11656.993547
220,43,11532.732777
220,44,11346.582031
220,45,11047.390233
221,34,14451.199405
221,35,12832.352068
221,37,12258.526098
221,38,12194.126095
221,39,12075.849096
221,40,11710.594502
221,41,11656.993547
221,43,11532.732777
221,44,11346.582031
221,45,11047.390233
222,34,14432.316139
222,35,12832.352068
222,37,12258.526098
222,38,12194.126095
222,39,12012.678017
222,40,11701.323195
222,41,11653.753578
222,43,11532.732777
222,44,11346.582031
222,45,11047.183132
223,34,14432.316139
223,35,12832.352068
223,37,12258.526098
223,38,12194.126095
223,39,12012.678017
223,40,11701.323195
223,41,11653.753578
223,42,11652.020637
223,43,11532.732777
223,44,11346.582031
223,45,11047.183132
224,34,14432.316139
224,35,12787.806412
224,37,12208.440750
224,38,12193.601172
224,39,11987.770211
224,40,11701.323195
224,41,11652.150655
224,42,11610.912007
224,43,11532.732777
224,44,11319.921043
224,45,11028.698320
225,34,14432.316139
225,35,12715.996505
225,37,12208.440750
225,38,12193.601172
225,39,11987.770211
225,40,11701.323195
225,41,11652.150655
225,42,11599.316833
225,43,11532.732777
225,44,11319.921043
225,45,11028.698320
226,34,14432.316139
226,35,12705.100983
226,37,12208.440750
226,38,12193.155969
226,39,11942.070990
226,40,11684.369175
226,41,11643.287558
226,42,11573.458974
226,43,11528.058945
226,44,11313.304490
226,45,11028.698320
227,34,14432.316139
227,35,12705.100983
227,37,12208.440750
227,38,12193.155969
227,39,11942.070990
227,40,11684.369175
227,41,11611.860173
227,42,11573.458974
227,43,11528.058945
227,44,11313.304490
227,45,11028.698320
228,34,14429.955087
228,35,12705.095206
228,37,12149.876001
228,39,11927.798194
228,40,11684.369175
228,41,11610.546865
228,42,11572.695785
228,43,11528.058945
228,44,11313.304490
228,45,11024.132534
229,34,14429.955087
229,35,12705.095206
229,37,12149.876001
229,39,11881.971339
229,40,11684.369175
229,41,11610.546865
229,42,11572.695785
229,43,11528.058945
229,44,11313.304490
229,45,11024.132534
230,34,14111.265261
230,35,12682.440543
230,37,12082.372264
230,39,11881.971339
230,40,11683.840877
230,41,11576.112146
230,42,11557.757948
230,43,11479.028689
230,44,11304.569057
230,45,11020.308907
231,34,14111.265261
231,35,12682.440543
231,37,12082.372264
231,39,11881.971339
231,40,11683.840877
231,41,11576.112146
231,42,11557.757948
231,43,11479.028689
231,44,11304.569057
231,45,11020.308907
232,33,15735.091413
232,34,14100.425972
232,35,12682.440543
232,37,12082.372264
232,39,11869.237365
232,40,11669.808029
232,41,11576.112146
232,42,11557.757948
232,43,11478.981331
232,44,11253.060241
232,45,11013.927549
233,33,15735.091413
233,34,14100.425972
233,35,12682.440543
233,37,12082.372264
233,39,11869.237365
233,40,11669.808029
233,41,11576.112146
233,42,11557.757948
233,43,11478.981331
233,44,11253.060241
233,45,10974.305467
234,33,15577.894275
234,34,14042.575080
234,35,12519.581313
234,36,12068.472246
234,39,11854.869204
234,40,11669.808029
234,41,11548.557579
234,42,11520.568143
234,43,11249.825800
234,45,10971.587985
235,33,15577.894275
235,34,14042.575080
235,35,12519.581313
235,36,12068.472246
235,39,11854.869204
235,40,11669.808029
235,41,11548.557579
235,42,11520.568143
235,43,11249.825800
235,45,10971.587985
236,33,15577.894275
236,34,14017.442492
236,35,12519.581313
236,36,12068.472246
236,39,11854.753417
236,40,11664.449837
236,41,11548.557579
236,42,11466.392015
236,43,11249.825800
236,45,10971.587985
237,33,15577.894275
237,34,14017.442492
237,35,12519.581313
237,36,12068.472246
237,39,11715.060082
237,40,11664.449837
237,41,11548.557579
237,42,11466.392015
237,43,11249.825800
237,45,10971.587985
238,33,15199.963388
238,34,14017.442492
238,35,12490.412539
238,36,12061.783281
238,39,11715.060082
238,40,11664.449837
238,41,11548.557579
238,42,11466.392015
238,43,11246.253852
238,45,10963.373017
239,33,15199.963388
239,34,14017.442492
239,35,12490.412539
239,36,12061.783281
239,39,11715.060082
239,40,11664.449837
239,41,11548.557579
239,42,11466.392015
239,43,11246.253852
239,45,10963.373017
240,33,14914.732950
240,34,13973.184803
240,35,12490.412539
240,36,12052.894146
240,39,11708.418733
240,40,11664.449837
240,41,11548.557579
240,42,11349.021090
240,43,11246.253852
240,45,10963.373017
241,33,14914.732950
241,34,13973.184803
241,35,12427.942609
241,36,12052.894146
241,39,11708.418733
241,40,11664.449837
241,41,11548.557579
241,42,11349.021090
241,43,11246.253852
241,45,10963.373017
242,33,14844.228803
242,34,13973.184803
242,35,12395.368049
242,36,12052.894146
242,39,11706.949548
242,40,11663.889660
242,41,11546.479333
242,42,11349.021090
242,43,11245.774586
242,45,10960.133507
243,33,14844.228803
243,34,13973.184803
243,35,12395.368049
243,36,12052.894146
243,38,11889.906737
243,39,11706.949548
243,40,11663.889660
243,41,11546.479333
243,42,11349.021090
243,43,11245.774586
243,45,10960.133507
244,33,14177.960438
244,34,13964.571500
244,35,12376.687957
244,36,12043.835106
244,38,11889.818053
244,39,11687.994527
244,40,11663.889660
244,41,11543.553568
244,42,11342.320644
244,43,11244.747333
244,45,10960.133507
245,33,14177.960438
245,34,13964.571500
245,35,12376.687957
245,36,12043.835106
245,38,11889.818053
245,39,11687.994527
245,40,11663.889660
245,41,11543.553568
245,42,11342.320644
245,43,11244.747333
245,45,10960.133507
246,33,14177.960438
246,34,13902.633463
246,35,12376.687957
246,36,12036.254776
246,38,11889.818053
246,39,11687.994527
246,40,11645.028399
246,41,11543.553568
246,42,11309.356845
246,43,11244.188164
246,45,10960.133507
247,33,14177.960438
247,34,13902.633463
247,35,12376.687957
247,36,12036.254776
247,38,11889.818053
247,39,11687.994527
247,40,11645.028399
247,41,11403.075845
247,42,11309.356845
247,43,11244.188164
247,45,10960.133507
248,33,14177.960438
248,34,13902.633463
248,35,12370.647503
248,36,12035.904317
248,38,11881.468570
248,39,11687.994527
248,40,11620.190795
248,41,11395.329602
248,42,11308.735341
248,43,11244.188164
248,45,10960.133507
249,33,14177.960438
249,34,13902.633463
249,35,12370.647503
249,36,12035.904317
249,38,11881.468570
249,39,11687.994527
249,40,11620.190795
249,41,11395.329602
249,42,11308.735341
249,43,11244.188164
249,45,10960.133507
250,33,14177.960438
250,34,13890.777375
250,35,12368.901667
250,36,12035.904317
250,38,11824.069014
250,39,11683.536014
250,40,11620.190795
250,41,11363.231914
250,42,11308.545818
250,43,11244.188164
250,45,10960.133507
251,33,14177.960438
251,34,13890.777375
251,35,12368.901667
251,36,12035.904317
251,38,11824.069014
251,39,11683.536014
251,40,11620.190795
251,41,11363.231914
251,42,11308.545818
251,43,11244.188164
251,45,10960.133507
252,33,14177.960438
252,34,13890.777375
252,35,12366.827513
252,36,11956.474776
252,38,11806.283623
252,39,11683.536014
252,40,11620.190795
252,41,11362.482475
252,42,11308.329040
252,43,11243.500550
252,45,10958.731202
253,33,14177.960438
253,34,13890.777375
253,35,12366.827513
253,36,11956.474776
253,38,11806.283623
253,39,11683.536014
253,40,11620.190795
253,41,11362.482475
253,42,11308.329040
253,43,11243.500550
253,45,10958.731202
254,33,14177.960438
254,34,13594.087588
254,35,12327.705796
254,36,11956.474776
254,38,11803.785274
254,39,11683.536014
254,40,11619.569291
254,41,11362.482475
254,42,11218.463446
254,45,10957.805818
255,33,14177.960438
255,34,12745.743967
255,35,12327.705796
255,36,11956.474776
255,37,11935.454793
255,38,11803.785274
255,39,11683.536014
255,40,11619.569291
255,41,11362.482475
255,42,11218.463446
255,44,11170.577735
255,45,10957.805818
256,33,14177.960438
256,34,12745.743967
256,35,12323.563372
256,36,11937.812588
256,37,11915.239214
256,38,11803.785274
256,39,11683.536014
256,40,11597.688920
256,41,11362.482475
256,42,11218.463446
256,44,11163.354674
256,45,10957.805818
257,33,14177.960438
257,34,12745.743967
257,35,12323.563372
257,36,11937.812588
257,37,11889.221035
257,38,11803.785274
257,39,11683.536014
257,40,11597.688920
257,41,11362.482475
257,42,11218.463446
257,44,11163.354674
257,45,10957.805818
258,33,14177.960438
258,34,12745.743967
258,35,12323.563372
258,36,11935.740232
258,37,11870.598953
258,38,11803.785274
258,39,11683.536014
258,40,11595.913258
258,41,11343.918356
258,42,11218.463446
258,44,11161.348404
258,45,10956.320627
259,33,14177.960438
259,34,12745.743967
259,35,12323.563372
259,36,11935.740232
259,37,11870.598953
259,38,11803.785274
259,39,11683.536014
259,40,11595.913258
259,41,11343.918356
259,42,11218.463446
259,44,11161.348404
259,45,10956.320627
260,33,14177.960438
260,34,12745.743967
260,35,12320.457879
260,36,11913.999460
260,37,11870.598953
260,38,11792.676633
260,39,11667.115993
260,40,11595.913258
260,41,11330.431158
260,42,11218.463446
260,44,11156.886364
260,45,10955.816406
261,33,14177.960438
261,34,12745.743967
261,35,12004.797366
261,36,11913.999460
261,37,11870.598953
261,38,11792.676633
261,39,11667.115993
261,40,11595.913258
261,41,11330.431158
261,42,11218.463446
261,43,11202.927157
261,44,11156.886364
261,45,10955.816406
262,33,14177.960438
262,34,12745.743967
262,35,12004.797366
262,36,11913.866741
262,37,11869.179534
262,38,11792.676633
262,39,11645.837312
262,40,11595.913258
262,41,11309.084879
262,42,11181.510122
262,44,11155.223383
262,45,10955.816406
263,33,14177.960438
263,34,12745.743967
263,35,12004.797366
263,36,11913.866741
263,37,11869.179534
263,38,11792.676633
263,39,11645.837312
263,40,11595.913258
263,41,11309.084879
263,42,11181.510122
263,44,11155.223383
263,45,10955.816406
264,33,14177.960438
264,34,12745.743967
264,35,12004.797366
264,36,11868.353326
264,37,11851.165610
264,38,11792.676633
264,39,11644.645062
264,40,11593.657139
264,41,11309.084879
264,42,11163.540744
264,44,11155.223383
264,45,10955.816406
265,33,14177.960438
265,34,12703.911208
265,35,12004.797366
265,36,11868.353326
265,37,11851.165610
265,38,11792.676633
265,39,11644.645062
265,40,11593.657139
265,41,11309.084879
265,42,11163.540744
265,44,11155.223383
265,45,10946.672641
266,33,14177.960438
266,34,12703.911208
266,35,12004.797366
266,36,11868.353326
266,37,11803.821160
266,38,11787.896302
266,39,11642.658616
266,40,11587.420562
266,41,11309.084879
266,42,11163.540744
266,44,11154.461919
266,45,10945.109652
266,46,10918.886082
267,33,14119.017506
267,34,12703.911208
267,35,12004.797366
267,36,11868.353326
267,37,11803.821160
267,38,11787.896302
267,39,11642.658616
267,40,11587.420562
267,41,11309.084879
267,42,11163.540744
267,44,11154.461919
267,45,10945.109652
267,46,10918.886082
268,33,14119.017506
268,34,12703.911208
268,35,12004.797366
268,36,11867.783077
268,37,11803.821160
268,38,11785.314409
268,39,11639.734513
268,40,11587.420562
268,41,11301.989538
268,42,11155.231540
268,44,11150.957053
268,45,10938.033262
268,46,10918.886082
269,33,14119.017506
269,34,12684.331236
269,35,12004.797366
269,36,11867.783077
269,37,11803.821160
269,38,11749.358950
269,39,11639.734513
269,40,11587.420562
269,41,11301.989538
269,42,11155.231540
269,44,11150.957053
269,45,10938.033262
269,46,10918.886082
270,33,14119.017506
270,34,12652.421012
270,35,12004.797366
270,36,11825.504379
270,37,11755.581205
270,38,11749.358950
270,39,11639.734513
270,40,11587.420562
270,41,11301.989538
270,42,11155.026170
270,44,11140.565637
270,45,10930.596955
270,46,10918.850681
271,33,14119.017506
271,34,12652.421012
271,35,12004.797366
271,36,11825.504379
271,37,11755.581205
271,38,11749.358950
271,39,11639.734513
271,40,11587.420562
271,41,11301.989538
271,42,11155.026170
271,44,11140.565637
271,45,10930.596955
271,46,10918.850681
272,33,14119.017506
272,34,12652.421012
272,35,12004.797366
272,36,11825.504379
272,37,11754.556481
272,38,11749.358950
272,39,11639.062543
272,40,11587.420562
272,41,11295.282030
272,42,11155.026170
272,44,11140.565637
272,45,10930.596955
272,46,10918.850681
273,33,14119.017506
273,34,12618.640357
273,35,12004.797366
273,36,11825.504379
273,37,11754.556481
273,38,11747.389759
273,39,11639.062543
273,40,11587.420562
273,41,11295.282030
273,42,11155.026170
273,44,11140.565637
273,45,10930.596955
273,46,10918.850681
274,33,14119.017506
274,34,12618.640357
274,35,11981.118741
274,36,11788.297332
274,37,11683.788785
274,39,11626.837832
274,40,11581.186249
274,41,11274.354181
274,42,11155.026170
274,44,11140.565637
274,45,10930.596955
274,46,10918.511467
275,33,14119.017506
275,34,12618.640357
275,35,11981.118741
275,36,11788.297332
275,37,11683.788785
275,38,11653.781429
275,39,11626.837832
275,40,11581.186249
275,41,11274.354181
275,42,11155.026170
275,44,11140.565637
275,45,10930.596955
275,46,10918.511467
276,33,14119.017506
276,34,12618.640357
276,35,11981.118741
276,36,11775.453912
276,37,11660.563702
276,38,11653.781429
276,39,11626.837832
276,40,11581.186249
276,41,11274.354181
276,42,11155.026170
276,44,11124.995633
276,45,10924.377309
276,46,10912.547905
277,33,14119.017506
277,34,12385.988232
277,35,11981.118741
277,36,11775.453912
277,37,11660.563702
277,38,11653.781429
277,39,11606.013888
277,40,11581.186249
277,41,11274.354181
277,42,11155.026170
277,44,11124.995633
277,45,10924.377309
277,46,10912.547905
278,33,14119.017506
278,34,12356.389732
278,35,11981.118741
278,36,11775.453912
278,37,11647.237619
278,39,11600.502420
278,40,11573.791465
278,41,11246.826996
278,42,11155.026170
278,44,11122.017219
278,45,10924.341175
278,46,10885.763687
279,33,14119.017506
279,34,12356.389732
279,35,11981.118741
279,36,11775.453912
279,37,11647.237619
279,39,11600.502420
279,40,11521.145834
279,41,11246.826996
279,42,11155.026170
279,44,11122.017219
279,45,10924.341175
279,46,10885.763687
280,33,14119.017506
280,34,12356.389732
280,35,11981.118741
280,36,11775.453912
280,37,11647.237619
280,39,11600.502420
280,40,11520.708219
280,41,11237.781792
280,42,11155.026170
280,44,11114.018544
280,45,10924.341175
280,46,10885.763687
281,33,14119.017506
281,34,12356.389732
281,35,11949.538849
281,36,11775.453912
281,37,11647.237619
281,39,11600.502420
281,40,11520.708219
281,41,11237.781792
281,42,11155.026170
281,44,11114.018544
281,45,10924.341175
281,46,10885.763687
282,33,14119.017506
282,34,12356.389732
282,35,11949.538849
282,36,11754.451503
282,37,11629.592016
282,39,11600.502420
282,40,11520.708219
282,41,11233.075695
282,42,11155.006546
282,44,11109.069015
282,45,10924.341175
282,46,10885.763687
283,33,14119.017506
283,34,12356.389732
283,35,11949.538849
283,36,11754.451503
283,37,11629.592016
283,38,11619.274466
283,39,11567.565047
283,40,11520.708219
283,41,11233.075695
283,42,11155.006546
283,44,11109.069015
283,45,10924.341175
283,46,10885.763687
284,33,13068.759279
284,34,12356.389732
284,35,11949.538849
284,36,11754.451503
284,37,11629.592016
284,38,11619.274466
284,39,11520.309278
284,41,11219.362931
284,42,11150.471375
284,44,11103.307290
284,45,10924.341175
284,46,10880.445357
285,33,13007.456711
285,34,12145.511113
285,35,11949.538849
285,36,11754.451503
285,37,11629.592016
285,38,11619.274466
285,39,11520.309278
285,41,11219.362931
285,42,11150.471375
285,44,11103.307290
285,45,10924.341175
285,46,10880.445357
286,33,13007.456711
286,34,12145.511113
286,35,11908.846078
286,36,11754.451503
286,37,11629.592016
286,38,11619.274466
286,39,11519.398943
286,41,11137.323083
286,44,11103.307290
286,45,10924.341175
286,46,10869.892374
287,33,13007.456711
287,34,12145.511113
287,35,11858.096243
287,36,11754.451503
287,37,11629.592016
287,38,11619.274466
287,39,11519.398943
287,41,11137.323083
287,44,11103.307290
287,45,10924.341175
287,46,10869.892374
288,33,13007.456711
288,34,12145.511113
288,35,11858.096243
288,36,11754.451503
288,37,11629.592016
288,38,11619.274466
288,39,11507.330272
288,41,11135.401690
288,44,11103.307290
288,45,10918.897197
288,46,10869.567536
289,33,13007.456711
289,34,12145.511113
289,35,11858.096243
289,36,11754.451503
289,37,11629.592016
289,38,11619.274466
289,39,11507.330272
289,41,11135.401690
289,44,11103.307290
289,45,10918.897197
289,46,10869.567536
290,33,13007.456711
290,34,12133.480683
290,35,11858.096243
290,36,11754.451503
290,37,11629.592016
290,38,11613.780020
290,39,11505.953115
290,41,11135.188400
290,44,11103.307290
290,45,10918.897197
290,46,10869.567536
291,33,13007.456711
291,34,12133.480683
291,35,11858.096243
291,36,11754.451503
291,37,11629.592016
291,38,11613.780020
291,39,11505.953115
291,41,11135.188400
291,44,11103.307290
291,45,10918.897197
291,46,10869.567536
292,33,12638.382295
292,34,12104.099519
292,35,11838.973793
292,36,11740.689272
292,37,11629.479584
292,38,11613.780020
292,39,11503.113662
292,41,11135.188400
292,44,11103.307290
292,45,10918.897197
292,46,10861.404060
293,33,12638.382295
293,34,12104.099519
293,35,11838.973793
293,36,11740.689272
293,37,11629.479584
293,38,11613.780020
293,39,11503.113662
293,41,11135.188400
293,44,10917.719779
293,45,10912.771585
293,46,10861.404060
294,33,12633.315717
294,34,12091.650093
294,35,11836.240649
294,36,11729.614636
294,37,11580.346718
294,39,11503.113662
294,41,11128.246151
294,44,10908.762216
294,46,10861.404060
295,33,12633.315717
295,34,12091.650093
295,35,11836.240649
295,36,11729.614636
295,37,11580.346718
295,39,11503.113662
295,41,11128.246151
295,44,10908.762216
295,46,10861.404060
296,33,12630.122532
296,34,12091.650093
296,35,11796.834676
296,36,11729.614636
296,37,11580.346718
296,39,11503.113662
296,41,11121.547483
296,43,11050.940551
296,44,10904.932401
296,46,10852.339392
297,33,12630.122532
297,34,12091.650093
297,35,11796.834676
297,36,11729.614636
297,37,11580.346718
297,39,11503.113662
297,41,11121.547483
297,43,11050.940551
297,44,10904.932401
297,46,10852.339392
298,33,12630.122532
298,34,12091.650093
298,35,11780.347061
298,36,11727.925810
298,37,11568.048736
298,39,11501.121469
298,41,11121.547483
298,43,11050.940551
298,44,10904.876496
298,46,10850.558377
299,33,12630.122532
299,34,12091.650093
299,35,11780.347061
299,36,11727.925810
299,37,11568.048736
299,39,11501.121469
299,41,11121.547483
299,43,11050.940551
299,44,10904.876496
299,46,10850.558377
300,33,12628.329103
300,34,12091.650093
300,35,11773.550353
300,36,11708.586472
300,37,11563.916612
300,39,11484.945836
300,41,11121.547483
300,43,11046.255943
300,44,10904.862523
300,46,10850.558377
301,33,12628.329103
301,34,12091.650093
301,35,11773.550353
301,36,11708.586472
301,37,11563.916612
301,39,11484.945836
301,41,11121.547483
301,43,11046.255943
301,44,10904.862523
301,46,10850.558377
302,33,12097.716525
302,34,12065.202006
302,35,11773.550353
302,36,11701.782028
302,37,11563.916612
302,39,11484.945836
302,41,11118.558140
302,43,11046.255943
302,44,10904.862523
302,46,10833.621535
303,33,12097.716525
303,34,12065.202006
303,35,11773.550353
303,36,11677.323409
303,37,11563.916612
303,39,11484.945836
303,41,11118.558140
303,43,11046.255943
303,44,10904.862523
303,46,10833.621535
304,33,12079.120154
304,34,12053.944950
304,35,11773.550353
304,36,11660.274086
304,37,11563.916612
304,39,11484.945836
304,41,11118.558140
304,43,11046.255943
304,44,10904.862523
304,46,10833.621535
305,33,12079.120154
305,34,12053.944950
305,35,11773.550353
305,36,11660.274086
305,37,11563.916612
305,39,11484.945836
305,41,11118.558140
305,43,11046.255943
305,44,10904.862523
305,46,10833.621535
306,33,12078.346812
306,34,12053.944950
306,35,11773.550353
306,36,11658.755806
306,37,11563.916612
306,39,11484.905922
306,41,10998.697962
306,44,10904.862523
306,46,10833.621535
307,33,12078.346812
307,34,12053.944950
307,35,11773.550353
307,36,11658.755806
307,37,11563.916612
307,39,11484.905922
307,41,10998.697962
307,44,10904.862523
307,46,10833.621535
308,33,12050.476746
308,35,11769.232282
308,36,11651.086853
308,37,11563.916612
308,39,11484.840568
308,41,10983.959050
308,44,10904.862523
308,46,10833.621535
309,33,12050.476746
309,35,11769.232282
309,36,11651.086853
309,37,11563.916612
309,38,11563.787706
309,39,11484.840568
309,40,11445.058059
309,41,10983.959050
309,44,10904.862523
309,46,10833.621535
310,33,12040.592453
310,35,11759.900965
310,36,11639.128927
310,37,11523.209147
310,39,11478.920951
310,40,11419.634701
310,41,10983.959050
310,44,10877.689596
310,46,10830.815603
311,33,12040.592453
311,35,11759.900965
311,36,11639.128927
311,37,11523.209147
311,39,11478.920951
311,40,11419.634701
311,41,10983.959050
311,44,10877.689596
311,46,10830.815603
312,33,12034.791279
312,35,11733.599000
312,36,11632.393893
312,37,11523.209147
312,38,11500.664085
312,39,11478.920951
312,40,11419.634701
312,41,10983.844720
312,44,10877.689596
312,46,10830.815603
313,33,12034.791279
313,35,11568.055122
313,37,11523.209147
313,38,11500.664085
313,39,11478.920951
313,40,11419.634701
313,41,10983.844720
313,44,10877.689596
313,46,10830.815603
314,33,12024.814803
314,35,11551.860298
314,37,11517.840673
314,38,11500.664085
314,39,11470.895009
314,40,11419.412170
314,41,10983.844720
314,43,10969.540858
314,44,10877.689596
314,46,10827.466981
315,32,13361.020346
315,33,12024.814803
315,35,11551.860298
315,37,11517.840673
315,38,11500.664085
315,39,11470.895009
315,40,11419.412170
315,41,10983.844720
315,43,10969.540858
315,44,10877.689596
315,46,10827.466981
316,32,13361.020346
316,33,12024.814803
316,35,11525.759934
316,37,11517.840673
316,38,11475.327268
316,39,11469.725213
316,40,11418.053876
316,41,10983.844720
316,43,10969.540858
316,44,10877.689596
316,46,10824.015107
317,32,13361.020346
317,33,12024.814803
317,34,12002.130888
317,35,11525.759934
317,37,11517.840673
317,38,11475.327268
317,39,11457.780331
317,40,11418.053876
317,41,10983.844720
317,43,10969.540858
317,44,10877.689596
317,46,10824.015107
318,32,13361.020346
318,33,12024.814803
318,34,11981.869697
318,35,11523.751488
318,37,11495.694635
318,38,11473.586883
318,39,11457.590407
318,40,11410.499525
318,41,10983.279455
318,43,10969.540858
318,44,10877.689596
318,46,10824.015107
319,32,13361.020346
319,33,12024.814803
319,34,11981.869697
319,35,11523.751488
319,37,11495.694635
319,38,11473.586883
319,39,11457.590407
319,40,11410.499525
319,41,10983.279455
319,43,10969.540858
319,44,10877.689596
319,46,10824.015107
320,32,13361.020346
320,33,12024.814803
320,34,11981.869697
320,35,11523.751488
320,37,11495.694635
320,38,11473.586883
320,39,11457.526836
320,40,11410.125292
320,41,10968.061645
320,44,10877.689596
320,46,10824.015107
321,32,13361.020346
321,33,12024.814803
321,34,11981.869697
321,35,11523.751488
321,37,11495.694635
321,38,11473.586883
321,39,11457.526836
321,40,11410.125292
321,41,10968.061645
321,44,10858.505365
321,46,10824.015107
322,32,13336.971623
322,33,12020.365884
322,34,11981.869697
322,35,11486.247212
322,38,11461.370428
322,39,11451.285240
322,40,11404.324603
322,41,10947.556607
322,44,10858.505365
322,46,10824.015107
