Generation,NV,TOC
1,21,8892.421526
1,24,8658.759897
1,25,8321.032592
1,28,7416.592382
1,30,7105.778602
1,32,6855.918629
1,34,6722.124763
1,37,6428.929955
1,41,6264.537593
1,42,6112.081555
1,52,5926.822511
1,54,5843.331343
1,58,5682.012158
1,62,5636.837065
1,65,5547.281697
1,77,5505.997032
2,21,8892.421526
2,24,8658.759897
2,25,8321.032592
2,27,8191.831992
2,28,7416.592382
2,30,6942.098653
2,32,6855.918629
2,34,6722.124763
2,37,5977.365477
2,39,5957.658332
2,42,5825.089143
2,49,5720.544365
2,53,5719.380431
2,56,5559.108341
2,65,5539.369062
2,77,5505.997032
3,21,8892.421526
3,24,8658.759897
3,25,8321.032592
3,27,7819.617401
3,28,7416.592382
3,30,6844.210318
3,33,6829.587528
3,34,6722.124763
3,37,5977.365477
3,39,5957.658332
3,42,5825.089143
3,45,5621.783015
3,56,5559.108341
3,60,5515.827338
3,77,5505.997032
4,21,8892.421526
4,23,8621.116428
4,24,8094.306459
4,27,7819.617401
4,28,7416.592382
4,30,6844.210318
4,32,6648.319224
4,34,6594.938612
4,36,6384.186458
4,37,5977.365477
4,39,5957.658332
4,40,5919.782805
4,41,5710.663818
4,45,5621.783015
4,52,5456.189860
4,55,5454.217022
5,21,8892.421526
5,22,8016.117640
5,26,7726.250862
5,28,7416.592382
5,30,6844.210318
5,32,6503.046294
5,36,5917.817815
5,38,5830.298088
5,41,5710.663818
5,45,5553.817687
5,46,5287.270204
5,61,5266.789538
6,19,8769.687079
6,22,8016.117640
6,25,7534.223400
6,28,7416.592382
6,30,6844.210318
6,31,6680.785511
6,32,6503.046294
6,35,6427.848248
6,36,5917.817815
6,38,5830.298088
6,41,5710.663818
6,45,5553.817687
6,46,5287.270204
6,61,5266.789538
7,19,8769.687079
7,22,8016.117640
7,25,7534.223400
7,28,7416.592382
7,29,6489.592268
7,32,6201.157596
7,34,5754.802752
7,37,5702.227694
7,41,5679.579489
7,42,5502.174305
7,46,5278.190810
7,60,5236.648478
8,19,8769.687079
8,22,8016.117640
8,25,7534.223400
8,27,7468.409602
8,28,7416.592382
8,29,6489.592268
8,32,6201.157596
8,34,5754.802752
8,35,5737.172222
8,37,5702.227694
8,41,5679.579489
8,42,5502.174305
8,46,5278.190810
8,47,5265.026766
8,50,5264.579344
8,60,5236.648478
9,19,8769.687079
9,22,7677.304880
9,25,7534.223400
9,27,7468.409602
9,28,6440.129109
9,31,6170.615861
9,33,5690.295553
9,36,5634.314186
9,42,5425.428330
9,45,5228.209101
9,46,5206.606300
9,48,5147.933420
9,54,5078.523550
10,19,8769.687079
10,21,7779.170269
10,22,7677.304880
10,25,7534.223400
10,26,7086.495033
10,28,6440.129109
10,31,6170.615861
10,32,6103.339773
10,33,5690.295553
10,36,5634.314186
10,38,5562.086757
10,42,5425.428330
10,44,5424.771495
10,45,5228.209101
10,46,5206.606300
10,48,5147.933420
10,49,5090.058617
10,54,5078.523550
11,19,8769.687079
11,21,7779.170269
11,22,7677.304880
11,24,7555.086572
11,25,7534.223400
11,26,6888.869680
11,28,6440.129109
11,31,5980.712540
11,33,5690.295553
11,36,5610.244281
11,38,5524.748368
11,40,5421.548580
11,42,5345.663068
11,43,5107.700702
11,46,5101.407078
11,48,5024.029909
12,19,8769.687079
12,21,7779.170269
12,22,7677.304880
12,23,7447.814260
12,25,7357.892222
12,26,6835.628840
12,28,6440.129109
12,29,6321.678269
12,30,5993.341106
12,31,5980.712540
12,33,5690.295553
12,36,5610.244281
12,37,5188.716544
12,43,5107.700702
12,46,5101.407078
12,48,5024.029909
13,19,8769.687079
13,21,7779.170269
13,22,7677.304880
13,23,7447.814260
13,24,7260.975544
13,26,6835.628840
13,28,6239.152834
13,29,5937.905701
13,33,5632.399056
13,35,5581.291967
13,37,5161.808641
13,43,5078.729382
13,45,5015.934134
14,19,8769.687079
14,20,8095.818245
14,21,7779.170269
14,22,7677.304880
14,23,7327.050784
14,24,7260.975544
14,26,6835.628840
14,28,6078.961371
14,29,5937.905701
14,31,5909.996684
14,33,5632.399056
14,35,5581.291967
14,37,5161.808641
14,43,5078.729382
14,45,5015.934134
15,19,8769.687079
15,20,8095.818245
15,21,7779.170269
15,22,7190.030326
15,26,6722.017312
15,27,6501.193004
15,28,6078.961371
15,29,5937.905701
15,31,5834.418122
15,33,5169.357202
15,36,5007.330814
15,45,4998.135204
16,19,8769.687079
16,20,8068.539536
16,21,7779.170269
16,22,7190.030326
16,24,7116.372546
16,26,6647.434011
16,27,6501.193004
16,28,6078.961371
16,29,5937.905701
16,31,5834.418122
16,33,5169.357202
16,36,5007.330814
16,45,4998.135204
17,19,8569.874418
17,20,8068.539536
17,21,6959.124991
17,26,6647.434011
17,27,6420.855979
17,28,5963.496275
17,29,5937.905701
17,30,5788.237035
17,33,5164.628750
17,36,5007.330814
17,45,4942.250646
18,19,8569.874418
18,20,7167.924004
18,21,6959.124991
18,26,6647.434011
18,27,6420.855979
18,28,5963.496275
18,29,5937.905701
18,30,5788.237035
18,32,5398.721988
18,33,5164.628750
18,36,5007.330814
18,45,4942.250646
19,19,8569.874418
19,20,7167.924004
19,21,6959.124991
19,22,6916.841782
19,24,6264.679933
19,28,5914.550562
19,30,5740.823372
19,32,5372.911400
19,33,5083.435908
19,36,5007.330814
19,44,4907.363294
20,19,8569.874418
20,20,6739.614312
20,24,6264.679933
20,28,5914.550562
20,29,5522.537605
20,32,5372.911400
20,33,5083.435908
20,36,5007.330814
20,44,4907.363294
21,18,10120.280948
21,19,6665.261320
21,24,6264.679933
21,28,5914.550562
21,29,5522.537605
21,32,5372.911400
21,33,5083.435908
21,36,5007.330814
21,43,4880.194327
21,45,4868.029426
22,18,10120.280948
22,19,6665.261320
22,24,6264.679933
22,27,6138.332046
22,28,5914.550562
22,29,5522.537605
22,32,5372.911400
22,33,5083.435908
22,36,5007.330814
22,43,4880.194327
22,45,4868.029426
23,18,10120.280948
23,19,6665.261320
23,24,6224.822528
23,27,5854.326281
23,28,5512.296988
23,32,5359.298838
23,33,5052.121478
23,36,4985.280054
23,43,4852.981790
24,18,8775.809533
24,19,6665.261320
24,23,6385.194499
24,24,6224.822528
24,26,5972.054967
24,27,5854.326281
24,28,5512.296988
24,30,5430.837495
24,32,5359.298838
24,33,5052.121478
24,36,4985.280054
24,43,4852.981790
25,18,8775.809533
25,19,6665.261320
25,23,6320.329061
25,24,6205.584557
25,26,5972.054967
25,27,5786.192547
25,28,5440.078881
25,30,5430.837495
25,31,5273.149224
25,32,4988.501051
25,36,4964.584072
25,43,4852.981790
26,17,7586.507122
26,19,6665.261320
26,20,6281.477727
26,21,5768.405177
26,28,5440.078881
26,30,5430.837495
26,31,5273.149224
26,32,4988.501051
26,36,4964.584072
26,41,4872.579017
26,43,4852.981790
27,17,7463.148213
27,19,6183.176453
27,21,5768.405177
27,28,5394.708039
27,29,5201.266832
27,32,4988.501051
27,36,4956.073625
27,41,4844.089325
28,17,7463.148213
28,19,6183.176453
28,20,6081.576086
28,21,5768.405177
28,26,5448.220683
28,28,5394.708039
28,29,5201.266832
28,32,4988.501051
28,36,4956.073625
28,41,4825.394785
29,17,7463.148213
29,18,6852.975766
29,19,6100.080505
29,20,5955.924326
29,21,5661.565706
29,25,5446.817380
29,28,5366.865793
29,29,5179.140489
29,31,4968.537530
29,36,4956.073625
29,40,4798.091391
30,17,7463.148213
30,18,6852.975766
30,19,6100.080505
30,20,5955.924326
30,21,5661.565706
30,22,5523.409100
30,24,5435.957780
30,26,5340.267789
30,29,5179.140489
30,31,4968.537530
30,36,4956.073625
30,40,4798.091391
31,17,7463.148213
31,18,6852.975766
31,19,6083.092863
31,20,5893.385690
31,21,5658.780387
31,22,5505.164071
31,24,5328.871112
31,29,5179.140489
31,31,4964.611936
31,33,4905.424390
31,40,4764.121134
32,15,8187.895215
32,17,7428.885165
32,18,6852.975766
32,19,6083.092863
32,20,5893.385690
32,21,5658.780387
32,22,5505.164071
32,24,5328.871112
32,29,5179.140489
32,31,4964.611936
32,33,4905.424390
32,40,4764.121134
33,15,8187.895215
33,17,7428.885165
33,18,6852.975766
33,19,6043.917518
33,20,5893.380605
33,21,5628.138522
33,22,5455.276327
33,24,5323.996231
33,25,5302.717761
33,29,5161.269266
33,31,4954.063206
33,32,4872.912628
33,40,4763.973075
34,15,8187.895215
34,17,7428.885165
34,18,6852.975766
34,19,6043.917518
34,20,5893.380605
34,21,5628.138522
34,22,5455.276327
34,24,5323.996231
34,25,5302.717761
34,29,5161.269266
34,31,4954.063206
34,32,4872.912628
34,40,4763.973075
35,15,8187.895215
35,17,7428.885165
35,18,6852.975766
35,19,6043.917518
35,20,5593.809174
35,22,5455.276327
35,24,5278.123539
35,28,5077.924678
35,29,4888.987138
35,32,4843.905083
35,40,4752.185474
36,15,8187.895215
36,17,7428.885165
36,18,6539.335791
36,19,6043.917518
36,20,5593.809174
36,22,5455.276327
36,24,5278.123539
36,25,5153.095243
36,28,5077.924678
36,29,4888.987138
36,32,4843.905083
36,38,4837.942676
36,40,4752.185474
37,15,8187.895215
37,17,7180.417144
37,18,5943.648576
37,20,5468.772653
37,22,5373.031250
37,24,5265.190336
37,25,5153.095243
37,28,5077.924678
37,29,4888.987138
37,32,4793.098338
37,39,4707.275775
38,15,8187.895215
38,16,8166.785603
38,17,7180.417144
38,18,5943.648576
38,20,5468.772653
38,22,5373.031250
38,24,5265.190336
38,25,5153.095243
38,28,5062.487282
38,29,4888.987138
38,32,4793.098338
38,33,4759.030700
38,39,4707.275775
39,15,8187.895215
39,16,7882.523409
39,17,7180.417144
39,18,5943.648576
39,20,5383.546631
39,22,5373.031250
39,24,5234.194315
39,25,5120.586359
39,28,4822.421875
39,31,4742.476486
39,37,4687.200028
40,15,8187.895215
40,16,7882.523409
40,17,7180.417144
40,18,5943.648576
40,20,5383.546631
40,22,5373.031250
40,24,5234.194315
40,25,5120.586359
40,28,4822.421875
40,31,4742.476486
40,37,4687.200028
41,15,7958.029780
41,16,5969.731623
41,18,5787.890191
41,19,5318.311789
41,24,5109.699399
41,28,4806.498976
41,31,4742.476486
41,34,4735.424325
41,37,4687.200028
42,15,7958.029780
42,16,5969.731623
42,18,5787.890191
42,19,5318.311789
42,24,5109.699399
42,28,4806.498976
42,30,4673.927776
43,15,7941.740498
43,16,5969.731623
43,18,5785.155330
43,19,5318.311789
43,23,5065.492500
43,28,4806.498976
43,30,4655.458915
44,15,7941.740498
44,16,5969.731623
44,18,5785.155330
44,19,5318.311789
44,23,5065.492500
44,25,5040.608887
44,28,4806.498976
44,29,4762.831641
44,30,4655.458915
45,15,7801.069135
45,16,5901.784468
45,18,5276.352640
45,23,5065.184458
45,25,5039.004605
45,28,4745.116797
45,30,4647.453399
46,15,7801.069135
46,16,5901.784468
46,18,5276.352640
46,23,5065.184458
46,24,5033.635669
46,28,4745.116797
46,30,4647.453399
47,15,7801.069135
47,16,5901.784468
47,18,5227.404375
47,23,5015.089922
47,28,4727.072280
47,30,4642.878803
48,15,7801.069135
48,16,5901.784468
48,18,5227.404375
48,23,5015.089922
48,28,4727.072280
48,30,4642.878803
49,15,7646.247261
49,16,5765.207983
49,18,5227.404375
49,22,5190.509385
49,23,4968.829794
49,28,4725.251271
49,30,4642.878803
50,15,7646.247261
50,16,5765.207983
50,18,5227.404375
50,22,5190.509385
50,23,4968.829794
50,28,4725.251271
50,30,4642.878803
51,15,6276.823181
51,16,5765.207983
51,17,5177.541993
51,21,5157.461800
51,23,4944.491695
51,24,4938.469794
51,27,4707.366047
51,29,4641.170656
52,15,6276.823181
52,16,5765.207983
52,17,5177.541993
52,20,5001.225000
52,23,4944.491695
52,24,4938.469794
52,27,4707.366047
52,29,4641.170656
53,15,5895.684921
53,16,5765.207983
53,17,5104.479946
53,20,4999.361613
53,23,4935.280852
53,24,4890.155478
53,27,4706.823514
53,29,4641.170656
54,14,9482.707555
54,15,5895.684921
54,16,5765.207983
54,17,5104.479946
54,20,4999.361613
54,23,4935.280852
54,24,4890.155478
54,27,4706.823514
54,29,4641.170656
55,14,9482.707555
55,15,5895.684921
55,16,5765.207983
55,17,5104.479946
55,20,4999.361613
55,23,4935.280852
55,24,4890.155478
55,27,4706.823514
55,29,4641.170656
56,14,9250.255123
56,15,5845.516987
56,16,5722.708679
56,17,5098.724856
56,20,4997.029721
56,23,4930.286956
56,24,4890.155478
56,27,4705.546371
56,28,4584.082045
57,14,6517.203324
57,15,5845.516987
57,16,5722.708679
57,17,5098.724856
57,19,4890.761080
57,24,4890.155478
57,27,4705.546371
57,28,4584.082045
58,14,6497.061278
58,15,5824.972525
58,16,5696.524233
58,17,5092.524308
58,19,4890.761080
58,24,4890.155478
58,27,4705.546371
58,28,4584.082045
59,14,6497.061278
59,15,5824.972525
59,16,5696.524233
59,17,5092.524308
59,19,4890.761080
59,24,4890.155478
59,27,4705.546371
59,28,4584.082045
60,14,6497.061278
60,15,5791.061731
60,16,5666.442987
60,17,5084.559160
60,19,4860.709774
60,27,4705.546371
60,28,4562.578596
61,14,6497.061278
61,15,5791.061731
61,16,5666.442987
61,17,5084.559160
61,19,4860.709774
61,21,4858.671988
61,25,4837.938765
61,27,4705.546371
61,28,4562.578596
62,14,6454.686974
62,15,5779.857324
62,16,5560.599046
62,17,5084.559160
62,19,4846.468834
62,21,4798.563160
62,27,4705.546371
62,28,4558.042896
63,14,6454.686974
63,15,5779.857324
63,16,5560.599046
63,17,5084.559160
63,19,4846.468834
63,21,4798.563160
63,23,4769.950152
63,27,4705.546371
63,28,4558.042896
64,14,6438.338370
64,15,5779.857324
64,16,4863.601990
64,19,4805.100736
64,21,4778.991679
64,23,4741.712859
64,27,4705.523615
64,28,4546.701364
65,14,6438.338370
65,15,5656.513661
65,16,4863.601990
65,19,4805.100736
65,21,4778.991679
65,23,4741.712859
65,27,4705.523615
65,28,4546.701364
66,14,6213.152686
66,15,5656.513661
66,16,4831.239924
66,18,4780.215891
66,20,4750.361266
66,23,4733.551895
66,27,4705.523615
66,28,4524.226502
67,14,6213.152686
67,15,5656.513661
67,16,4831.239924
67,18,4780.215891
67,20,4733.607249
67,23,4733.551895
67,27,4705.523615
67,28,4524.226502
68,14,6213.152686
68,15,5644.454098
68,16,4811.433826
68,18,4776.957441
68,20,4669.120003
68,28,4524.226502
69,14,6213.152686
69,15,5644.454098
69,16,4811.433826
69,18,4776.957441
69,20,4669.120003
69,28,4524.226502
70,14,6213.152686
70,15,5640.356965
70,16,4810.603035
70,17,4741.530839
70,20,4669.120003
70,28,4519.359461
71,14,6213.152686
71,15,5640.356965
71,16,4810.603035
71,17,4741.530839
71,20,4669.120003
71,28,4519.359461
72,14,6164.227303
72,15,5184.418967
72,16,4767.551949
72,17,4741.530839
72,20,4664.313784
72,28,4519.359461
73,13,6940.328008
73,14,6164.227303
73,15,5184.418967
73,16,4767.551949
73,17,4741.530839
73,20,4664.313784
73,28,4519.359461
74,13,6894.791277
74,14,6130.216153
74,15,5089.014817
74,16,4767.551949
74,17,4741.530839
74,20,4659.740795
74,28,4519.359461
75,13,6788.413487
75,14,6130.216153
75,15,5089.014817
75,16,4767.551949
75,17,4741.530839
75,20,4659.740795
75,27,4653.401997
75,28,4519.359461
76,13,6788.413487
76,14,5947.790155
76,15,5086.974781
76,16,4767.551949
76,17,4731.145577
76,20,4659.740795
76,27,4649.074457
76,28,4516.330811
77,13,6788.413487
77,14,5947.790155
77,15,5086.974781
77,16,4767.551949
77,17,4731.145577
77,20,4659.740795
77,27,4649.074457
77,28,4516.330811
77,30,4509.434720
78,13,6702.943646
78,14,5901.960273
78,15,5086.974781
78,16,4763.601127
78,17,4731.145577
78,20,4659.671399
78,26,4637.372065
78,28,4516.330811
78,30,4508.657336
79,13,6700.962296
79,14,5901.960273
79,15,5086.974781
79,16,4763.601127
79,17,4722.428895
79,19,4702.540135
79,20,4659.671399
79,26,4637.372065
79,28,4516.330811
79,29,4493.648386
80,12,7512.442060
80,13,6417.701629
80,14,5821.353896
80,15,5076.024388
80,16,4763.601127
80,17,4717.930532
80,19,4702.540135
80,20,4630.160614
80,26,4622.062184
80,28,4516.330811
80,29,4482.138921
81,12,7512.442060
81,13,6417.701629
81,14,5821.353896
81,15,5076.024388
81,16,4763.601127
81,17,4717.930532
81,19,4702.540135
81,20,4630.160614
81,26,4622.062184
81,28,4516.330811
81,29,4482.138921
82,12,7512.442060
82,13,6339.724816
82,14,5812.603709
82,15,5075.181295
82,16,4754.735299
82,17,4717.930532
82,19,4701.624848
82,20,4614.799067
82,26,4598.129524
82,28,4516.330811
82,29,4456.004172
83,12,7512.442060
83,13,5831.463511
83,14,5812.603709
83,15,5075.181295
83,16,4754.735299
83,17,4694.321589
83,19,4656.992644
83,20,4614.799067
83,26,4598.129524
83,27,4545.355393
83,28,4516.330811
83,29,4456.004172
84,12,7512.442060
84,13,5831.463511
84,14,5784.398696
84,15,5068.056450
84,16,4754.735299
84,17,4679.260644
84,19,4656.992644
84,20,4600.192314
84,26,4588.514723
84,27,4545.355393
84,28,4494.596728
84,29,4456.004172
85,12,7512.442060
85,13,5831.463511
85,14,5784.398696
85,15,5068.056450
85,16,4754.735299
85,17,4679.260644
85,19,4656.992644
85,20,4600.192314
85,26,4588.514723
85,27,4545.355393
85,28,4494.596728
85,29,4456.004172
86,12,7512.442060
86,13,5831.463511
86,14,5784.398696
86,15,5060.495215
86,16,4754.735299
86,17,4679.260644
86,19,4656.992644
86,20,4577.862574
86,27,4545.355393
86,28,4493.138393
86,29,4455.415169
87,12,7512.442060
87,13,5831.463511
87,14,5473.453272
87,15,4984.581632
87,16,4754.735299
87,17,4679.260644
87,19,4642.092732
87,20,4577.862574
87,27,4545.355393
87,28,4493.138393
87,29,4455.415169
88,12,7512.442060
88,13,5831.463511
88,14,5064.591738
88,15,4984.581632
88,16,4692.331125
88,17,4679.260644
88,19,4642.092732
88,20,4577.862574
88,27,4545.355393
88,28,4493.138393
88,29,4455.415169
89,12,7512.442060
89,13,5831.463511
89,14,5064.591738
89,15,4984.581632
89,16,4692.331125
89,17,4679.260644
89,19,4642.092732
89,20,4577.862574
89,27,4500.544477
89,28,4493.138393
89,29,4455.415169
90,12,7512.442060
90,13,5831.463511
90,14,5064.591738
90,15,4725.261702
90,16,4692.331125
90,17,4679.260644
90,19,4642.092732
90,20,4577.862574
90,27,4500.544477
90,28,4493.138393
90,29,4455.415169
91,12,7512.442060
91,13,5831.463511
91,14,5064.591738
91,15,4725.261702
91,16,4692.331125
91,17,4679.260644
91,19,4628.247309
91,20,4577.862574
91,27,4500.544477
91,28,4493.138393
91,29,4455.415169
92,12,7512.442060
92,13,5831.463511
92,14,5064.591738
92,15,4723.832523
92,16,4683.489284
92,17,4679.260644
92,18,4674.169748
92,19,4628.247309
92,20,4577.862574
92,22,4555.826993
92,26,4489.459090
92,27,4421.848409
93,12,7512.442060
93,13,5831.463511
93,14,5064.591738
93,15,4723.832523
93,16,4683.489284
93,17,4679.260644
93,18,4674.169748
93,19,4628.247309
93,20,4577.862574
93,22,4555.826993
93,26,4489.459090
93,27,4421.848409
94,12,7017.686731
94,13,5777.875307
94,14,5064.591738
94,15,4723.832523
94,16,4666.753730
94,19,4628.158058
94,20,4576.048316
94,22,4555.826993
94,26,4489.459090
94,27,4421.848409
95,12,7017.686731
95,13,5777.875307
95,14,5064.591738
95,15,4723.832523
95,16,4666.753730
95,19,4628.158058
95,20,4576.048316
95,22,4555.826993
95,23,4548.094460
95,26,4489.459090
95,27,4421.848409
96,12,7017.686731
96,13,5623.555255
96,14,4964.047064
96,15,4657.636369
96,19,4628.158058
96,20,4574.798362
96,22,4547.562276
96,25,4481.089010
96,27,4421.848409
97,12,7017.686731
97,13,5623.555255
97,14,4964.047064
97,15,4657.636369
97,19,4628.158058
97,20,4574.798362
97,22,4547.562276
97,25,4481.089010
97,27,4421.848409
98,12,6967.976256
98,13,5623.555255
98,14,4953.133149
98,15,4656.890687
98,18,4592.795876
98,20,4574.798362
98,22,4534.974783
98,25,4480.311626
98,27,4421.848409
99,12,6967.976256
99,13,5623.555255
99,14,4953.133149
99,15,4656.890687
99,18,4592.795876
99,20,4574.798362
99,22,4534.974783
99,25,4480.311626
99,27,4421.848409
100,12,6817.216223
100,13,5617.533139
100,14,4953.133149
100,15,4640.734018
100,18,4576.238343
100,20,4568.597286
100,22,4524.809906
100,25,4480.311626
100,27,4421.848409
101,12,6817.216223
101,13,5513.259521
101,14,4953.133149
101,15,4640.734018
101,18,4576.238343
101,20,4568.597286
101,22,4524.809906
101,25,4480.311626
101,27,4421.848409
102,12,6556.398098
102,13,5496.502271
102,14,4928.185466
102,15,4640.734018
102,18,4576.090370
102,20,4551.082686
102,22,4524.809906
102,25,4480.311626
102,27,4421.848409
103,12,6556.398098
103,13,5455.392808
103,14,4928.185466
103,15,4640.734018
103,18,4576.090370
103,20,4551.082686
103,22,4524.809906
103,25,4480.311626
103,27,4421.848409
104,12,6458.687398
104,13,5225.751790
104,14,4928.185466
104,15,4640.315902
104,18,4573.928243
104,20,4535.127710
104,22,4524.809906
104,23,4519.022534
104,25,4480.311626
104,27,4421.848409
105,12,6458.687398
105,13,5225.751790
105,14,4928.185466
105,15,4640.315902
105,18,4573.928243
105,20,4535.127710
105,22,4524.809906
105,23,4519.022534
105,25,4480.311626
105,27,4421.848409
106,12,6458.687398
106,13,5185.822589
106,14,4928.185466
106,15,4640.315902
106,18,4573.928243
106,19,4515.910569
106,25,4480.311626
106,26,4406.890789
107,12,6458.687398
107,13,5185.822589
107,14,4928.185466
107,15,4640.315902
107,18,4573.928243
107,19,4515.910569
107,25,4480.311626
107,26,4406.890789
108,12,6458.687398
108,13,5185.822589
108,14,4926.487992
108,15,4640.112850
108,18,4531.461844
108,19,4515.910569
108,25,4459.661596
108,26,4406.883030
108,30,4387.378400
109,12,6458.687398
109,13,5185.822589
109,14,4926.487992
109,15,4640.112850
109,18,4531.461844
109,19,4515.910569
109,25,4459.661596
109,26,4406.883030
109,30,4387.378400
110,12,6416.149459
110,13,5185.350359
110,14,4926.487992
110,15,4640.112850
110,18,4531.461844
110,19,4515.453932
110,25,4457.526623
110,26,4406.883030
110,30,4387.378400
111,12,6416.149459
111,13,5185.350359
111,14,4926.487992
111,15,4640.112850
111,18,4531.461844
111,19,4515.453932
111,25,4457.526623
111,26,4406.883030
111,30,4383.038506
112,12,6351.112003
112,13,5011.361787
112,14,4926.487992
112,15,4629.808360
112,18,4531.461844
112,19,4480.687867
112,24,4389.134271
112,29,4358.268635
113,12,6351.112003
113,13,5011.361787
113,14,4926.487992
113,15,4629.808360
113,18,4531.461844
113,19,4480.687867
113,24,4389.134271
113,29,4358.268635
114,12,6351.112003
114,13,4964.839367
114,14,4922.191358
114,15,4629.808360
114,18,4531.461844
114,19,4480.687867
114,24,4385.828179
114,29,4325.050755
115,12,6351.112003
115,13,4964.839367
115,14,4903.516846
115,15,4629.808360
115,18,4531.461844
115,19,4480.687867
115,20,4446.393610
115,24,4385.828179
115,29,4325.050755
116,12,6351.112003
116,13,4960.330174
116,14,4873.943833
116,15,4629.808360
116,18,4530.490626
116,19,4480.687867
116,20,4446.393610
116,24,4373.660887
116,29,4325.050755
117,12,6351.112003
117,13,4960.330174
117,14,4873.943833
117,15,4629.808360
117,18,4530.490626
117,19,4480.687867
117,20,4446.393610
117,24,4373.660887
117,29,4325.050755
118,12,6350.721841
118,13,4959.166823
118,14,4870.698620
118,15,4629.808360
118,18,4530.490626
118,19,4472.359652
118,20,4446.393610
118,24,4373.660887
118,29,4325.050755
119,12,6350.721841
119,13,4959.166823
119,14,4870.698620
119,15,4629.808360
119,18,4530.490626
119,19,4472.359652
119,20,4446.393610
119,24,4373.660887
119,29,4325.050755
120,12,6350.721841
120,13,4952.712729
120,14,4870.698620
120,15,4629.808360
120,18,4471.115042
120,20,4446.393610
120,24,4366.106418
120,29,4325.050755
121,12,6350.721841
121,13,4952.712729
121,14,4857.058953
121,15,4629.808360
121,18,4471.115042
121,20,4446.393610
121,24,4366.106418
121,29,4325.050755
122,12,6048.408226
122,13,4952.712729
122,14,4857.058953
122,15,4608.329887
122,18,4467.434548
122,20,4438.065395
122,24,4366.106418
122,27,4300.623212
123,12,6048.408226
123,13,4868.937028
123,14,4857.058953
123,15,4608.329887
123,18,4467.434548
123,20,4438.065395
123,24,4366.106418
123,27,4300.623212
124,12,6048.408226
124,13,4868.937028
124,14,4852.075161
124,15,4608.329887
124,17,4602.627003
124,18,4457.635625
124,20,4437.922148
124,24,4366.106418
124,27,4300.623212
125,12,6048.408226
125,13,4868.937028
125,14,4852.075161
125,15,4608.329887
125,17,4602.627003
125,18,4457.635625
125,19,4446.283394
125,20,4437.922148
125,22,4409.136162
125,24,4366.106418
125,27,4300.623212
126,12,6048.408226
126,13,4840.418702
126,15,4597.477799
126,17,4594.128598
126,18,4457.635625
126,19,4435.411744
126,22,4409.136162
126,23,4355.029384
126,27,4300.623212
127,12,5754.070681
127,13,4840.418702
127,15,4597.477799
127,17,4594.128598
127,18,4457.635625
127,19,4435.411744
127,22,4409.136162
127,23,4355.029384
127,25,4344.756219
127,27,4300.623212
128,12,5742.135758
128,13,4765.650704
128,15,4597.477799
128,17,4594.128598
128,18,4457.635625
128,19,4432.253552
128,22,4407.444500
128,23,4334.286691
128,27,4295.960554
129,12,5742.135758
129,13,4765.650704
129,15,4597.477799
129,17,4594.128598
129,18,4457.635625
129,19,4432.253552
129,20,4393.333573
129,23,4334.286691
129,27,4295.960554
130,12,5742.135758
130,13,4765.650704
130,15,4597.477799
130,17,4594.128598
130,18,4457.635625
130,19,4432.253552
130,20,4393.333573
130,23,4332.618239
130,27,4295.960554
131,12,5742.135758
131,13,4765.650704
131,15,4597.477799
131,17,4594.128598
131,18,4457.635625
131,19,4432.253552
131,20,4393.333573
131,23,4332.618239
131,27,4295.960554
132,12,5705.375437
132,13,4765.650704
132,15,4583.619518
132,17,4556.553194
132,18,4457.635625
132,19,4432.253552
132,20,4393.333573
132,23,4332.618239
132,27,4295.960554
133,12,5705.375437
133,13,4765.650704
133,15,4583.619518
133,17,4556.553194
133,18,4457.635625
133,19,4432.253552
133,20,4390.772620
133,23,4332.618239
133,24,4302.786759
133,27,4295.960554
134,12,5705.375437
134,13,4763.901886
134,15,4578.462627
134,17,4556.553194
134,18,4447.810686
134,19,4428.144938
134,20,4390.772620
134,23,4332.618239
134,24,4296.171003
134,27,4295.960554
134,28,4292.294392
135,12,5705.375437
135,13,4763.901886
135,15,4578.462627
135,17,4556.553194
135,18,4447.810686
135,19,4428.144938
135,20,4390.772620
135,23,4332.618239
135,24,4296.171003
135,27,4295.960554
135,28,4292.294392
136,12,5705.375437
136,13,4758.886358
136,15,4577.218081
136,17,4554.825303
136,18,4431.032370
136,19,4428.144938
136,20,4390.772620
136,23,4331.615753
136,24,4296.171003
136,27,4295.897626
136,28,4292.294392
137,12,5705.375437
137,13,4758.886358
137,15,4577.218081
137,17,4554.825303
137,18,4431.032370
137,19,4428.144938
137,20,4390.772620
137,23,4331.615753
137,24,4296.171003
137,27,4295.897626
137,28,4292.294392
138,12,5705.375437
138,13,4729.016789
138,15,4576.465761
138,17,4554.825303
138,18,4431.032370
138,19,4390.499227
138,23,4331.615753
138,24,4279.540687
139,12,5705.375437
139,13,4729.016789
139,15,4576.465761
139,17,4554.825303
139,18,4431.032370
139,19,4390.499227
139,23,4331.615753
139,24,4279.540687
140,12,5680.839763
140,13,4728.927471
140,15,4576.465761
140,17,4554.825303
140,18,4378.414871
140,21,4371.595680
140,23,4330.700348
140,24,4274.794863
141,12,5680.839763
141,13,4728.927471
141,15,4576.465761
141,17,4554.825303
141,18,4378.414871
141,21,4371.595680
141,23,4330.700348
141,24,4274.794863
142,12,5680.839763
142,13,4728.927471
142,15,4576.465761
142,17,4554.825303
142,18,4369.181412
142,21,4367.705283
142,23,4330.700348
142,24,4274.794863
143,12,5680.839763
143,13,4728.927471
143,15,4576.465761
143,17,4554.825303
143,18,4369.181412
143,21,4367.705283
143,23,4330.700348
143,24,4274.794863
144,12,5509.466538
144,13,4706.908737
144,15,4576.465761
144,16,4570.977763
144,17,4377.542658
144,18,4369.181412
144,21,4366.812294
144,23,4330.228460
144,24,4274.794863
145,12,5509.466538
145,13,4663.566817
145,15,4576.465761
145,16,4570.977763
145,17,4377.542658
145,18,4369.181412
145,21,4366.812294
145,23,4330.228460
145,24,4274.794863
146,12,5495.430304
146,13,4663.169867
146,15,4541.544278
146,17,4356.321359
146,19,4356.012191
146,23,4320.856746
146,24,4274.792766
147,12,5495.430304
147,13,4663.169867
147,15,4541.544278
147,17,4356.321359
147,19,4356.012191
147,23,4320.856746
147,24,4274.792766
148,12,5495.430304
148,13,4659.031406
148,15,4541.544278
148,17,4356.321359
148,19,4355.129827
148,22,4284.799192
148,24,4274.725689
149,12,5495.430304
149,13,4659.031406
149,15,4541.544278
149,17,4356.321359
149,19,4355.129827
149,22,4284.799192
149,24,4274.725689
150,12,5448.676583
150,13,4659.031406
150,15,4541.544278
150,17,4356.321359
150,19,4354.723546
150,22,4284.799192
150,24,4274.725689
151,12,5448.676583
151,13,4659.031406
151,15,4541.544278
151,17,4356.321359
151,19,4354.723546
151,22,4284.799192
151,24,4274.725689
152,12,5437.996458
152,13,4654.837662
152,15,4525.044742
152,17,4356.321359
152,18,4344.939494
152,22,4284.799192
152,24,4274.725689
153,12,5437.996458
153,13,4654.837662
153,15,4525.044742
153,16,4524.172674
153,17,4356.321359
153,18,4344.939494
153,22,4284.799192
153,24,4274.725689
154,12,5334.299302
154,13,4635.517689
154,15,4525.044742
154,16,4481.049927
154,17,4356.321359
154,18,4344.939494
154,20,4339.897382
154,22,4284.799192
154,24,4274.725689
155,12,5334.299302
155,13,4635.517689
155,14,4593.446118
155,15,4525.044742
155,16,4481.049927
155,17,4356.321359
155,18,4344.939494
155,19,4343.670450
155,20,4339.897382
155,22,4284.799192
155,24,4274.725689
156,12,5334.299302
156,13,4635.517689
156,14,4593.446118
156,15,4523.811498
156,16,4478.221448
156,17,4355.274431
156,18,4344.939494
156,19,4343.670450
156,20,4339.897382
156,22,4284.799192
156,24,4274.725689
157,12,5334.299302
157,13,4635.517689
157,14,4593.446118
157,15,4523.811498
157,16,4478.221448
157,17,4355.274431
157,18,4344.939494
157,19,4343.670450
157,20,4339.897382
157,22,4284.799192
157,24,4274.725689
158,12,5334.299302
158,13,4635.517689
158,14,4577.680122
158,15,4523.811498
158,16,4478.221448
158,17,4355.274431
158,18,4336.894669
158,22,4284.799192
158,23,4248.740210
159,12,5334.299302
159,13,4635.517689
159,14,4577.680122
159,15,4523.811498
159,16,4477.925062
159,17,4355.274431
159,18,4336.894669
159,22,4284.799192
159,23,4248.740210
160,12,5311.245615
160,13,4635.517689
160,14,4569.074290
160,15,4523.811498
160,16,4455.300765
160,17,4355.274431
160,18,4335.856222
160,22,4284.799192
160,23,4248.268637
161,12,5311.245615
161,13,4635.517689
161,14,4569.074290
161,15,4523.811498
161,16,4455.300765
161,17,4355.274431
161,18,4332.777853
161,22,4284.799192
161,23,4248.268637
162,12,5311.245615
162,13,4635.517689
162,14,4569.074290
162,15,4436.743071
162,17,4355.274431
162,18,4326.023249
162,21,4262.447976
162,23,4248.268637
163,12,5195.167459
163,13,4635.517689
163,14,4569.074290
163,15,4436.743071
163,17,4355.274431
163,18,4306.621957
163,21,4262.447976
163,23,4248.268637
164,12,4675.477879
164,13,4634.030948
164,14,4569.074290
164,15,4436.743071
164,17,4355.274431
164,18,4306.621957
164,21,4262.447976
164,23,4248.268637
165,12,4675.477879
165,13,4634.030948
165,14,4569.074290
165,15,4436.743071
165,16,4375.917534
165,17,4355.274431
165,18,4306.621957
165,21,4262.447976
165,23,4248.268637
166,12,4675.477879
166,13,4634.030948
166,14,4567.019247
166,15,4436.509304
166,16,4370.328202
166,17,4355.274431
166,18,4306.621957
166,21,4262.447976
166,23,4248.268637
167,12,4675.477879
167,13,4634.030948
167,14,4567.019247
167,15,4436.509304
167,16,4370.328202
167,17,4355.274431
167,18,4306.621957
167,21,4262.447976
167,23,4248.268637
168,12,4671.346046
168,13,4633.544278
168,14,4509.107989
168,15,4436.509304
168,16,4370.237667
168,17,4355.274431
168,18,4306.621957
168,21,4262.447976
168,23,4248.268637
169,12,4671.346046
169,13,4623.237506
169,14,4509.107989
169,15,4436.509304
169,16,4370.237667
169,17,4328.670112
169,18,4306.621957
169,19,4306.085524
169,21,4262.447976
169,23,4248.268637
170,12,4671.346046
170,13,4611.965509
170,14,4500.430564
170,15,4436.509304
170,16,4370.237667
170,17,4328.670112
170,18,4306.621957
170,19,4306.085524
170,21,4262.447976
170,23,4248.268637
171,12,4671.346046
171,13,4611.965509
171,14,4500.430564
171,15,4436.509304
171,16,4370.237667
171,17,4328.670112
171,18,4306.621957
171,19,4306.085524
171,21,4262.447976
171,23,4248.268637
172,12,4670.895786
172,13,4611.965509
172,14,4500.316033
172,15,4436.509304
172,16,4370.237667
172,17,4328.670112
172,18,4292.438642
172,21,4262.447976
172,23,4247.496296
173,12,4670.895786
173,13,4611.965509
173,14,4500.316033
173,15,4436.509304
173,16,4370.237667
173,17,4319.808187
173,18,4277.332926
173,21,4262.447976
173,22,4258.610848
173,23,4247.496296
174,12,4646.553492
174,13,4611.965509
174,14,4472.150829
174,15,4436.509304
174,16,4369.336995
174,17,4319.808187
174,18,4267.042419
174,21,4262.447976
174,22,4258.383909
174,23,4247.496296
175,12,4643.356043
175,13,4611.965509
175,14,4472.150829
175,15,4436.509304
175,16,4369.336995
175,17,4319.808187
175,18,4267.042419
175,21,4262.447976
175,22,4258.383909
175,23,4247.496296
176,12,4642.141421
176,13,4604.491566
176,14,4472.150829
176,15,4430.298691
176,16,4369.336995
176,17,4319.808187
176,18,4267.042419
176,21,4262.336115
176,22,4258.383909
176,23,4247.496296
177,12,4642.141421
177,13,4604.491566
177,14,4472.150829
177,15,4430.298691
177,16,4369.336995
177,17,4319.808187
177,18,4267.042419
177,21,4262.336115
177,22,4237.690834
178,12,4634.335709
178,13,4604.097860
178,14,4465.561950
178,15,4430.298691
178,16,4369.336995
178,17,4312.491587
178,18,4267.042419
178,21,4262.336115
178,22,4230.972241
179,12,4634.335709
179,13,4604.097860
179,14,4465.561950
179,15,4430.298691
179,16,4369.336995
179,17,4312.491587
179,18,4267.042419
179,21,4262.336115
179,22,4230.972241
180,12,4621.029561
180,13,4602.801528
180,14,4460.084921
180,15,4430.298691
180,16,4358.059809
180,17,4312.491587
180,18,4267.042419
180,21,4262.336115
180,22,4230.972241
181,12,4621.029561
181,13,4602.801528
181,14,4460.084921
181,15,4430.298691
181,16,4358.059809
181,17,4312.491587
181,18,4267.042419
181,21,4262.336115
181,22,4230.972241
182,11,4835.493945
182,12,4592.123528
182,14,4460.084921
182,15,4420.447193
182,16,4347.628453
182,17,4312.491587
182,18,4267.042419
182,21,4262.336115
182,22,4230.972241
183,11,4835.493945
183,12,4578.700810
183,14,4460.084921
183,15,4420.447193
183,16,4347.628453
183,17,4312.491587
183,18,4267.042419
183,21,4262.336115
183,22,4230.972241
184,11,4581.424672
184,12,4578.700810
184,14,4459.927236
184,15,4420.447193
184,16,4300.754535
184,18,4267.042419
184,21,4262.336115
184,22,4230.972241
185,11,4516.897798
185,14,4459.927236
185,15,4417.949120
185,16,4300.754535
185,18,4267.042419
185,21,4262.336115
185,22,4230.972241
186,11,4502.662843
186,14,4459.927236
186,15,4403.522977
186,16,4300.754535
186,18,4267.042419
186,21,4262.336115
186,22,4230.972241
187,11,4502.662843
187,14,4436.658530
187,15,4403.522977
187,16,4300.754535
187,18,4267.042419
187,21,4262.336115
187,22,4230.972241
188,11,4492.290605
188,14,4388.584196
188,16,4300.754535
188,18,4267.042419
188,21,4262.336115
188,22,4221.633950
189,11,4492.290605
189,14,4388.584196
189,16,4300.754535
189,18,4267.042419
189,21,4262.336115
189,22,4221.633950
190,11,4492.290605
190,14,4388.584196
190,16,4299.613529
190,18,4234.545155
190,22,4221.633950
191,11,4492.290605
191,14,4388.584196
191,15,4376.082869
191,16,4299.613529
191,17,4227.619954
191,22,4221.633950
192,11,4471.829885
192,14,4388.584196
192,15,4376.082869
192,16,4299.613529
192,17,4223.374366
192,22,4221.633950
193,11,4471.829885
193,14,4383.088447
193,15,4357.276370
193,16,4299.613529
193,17,4223.374366
193,22,4221.633950
194,11,4471.829885
194,14,4380.076714
194,15,4357.276370
194,16,4299.613529
194,17,4223.374366
194,18,4212.635805
195,11,4471.829885
195,14,4380.076714
195,15,4341.741600
195,16,4299.613529
195,17,4223.374366
195,18,4212.635805
196,11,4471.662912
196,14,4380.076714
196,15,4341.741600
196,16,4299.613529
196,17,4205.563253
197,11,4471.662912
197,14,4380.076714
197,15,4341.741600
197,16,4299.613529
197,17,4205.563253
198,11,4463.782904
198,14,4380.076714
198,15,4341.741600
198,16,4299.613529
198,17,4205.563253
199,11,4458.572034
199,14,4380.076714
199,15,4341.741600
199,16,4299.613529
199,17,4205.563253
200,11,4457.432365
200,14,4380.076714
200,15,4341.741600
200,16,4299.613529
200,17,4205.563253
201,11,4434.469757
201,14,4380.076714
201,15,4341.741600
201,16,4299.613529
201,17,4205.563253
202,11,4434.469757
202,14,4380.076714
202,15,4339.654133
202,16,4299.613529
202,17,4205.563253
203,11,4431.060896
203,14,4380.076714
203,15,4339.654133
203,16,4299.613529
203,17,4205.563253
204,11,4431.060896
204,14,4380.076714
204,15,4339.654133
204,16,4299.613529
204,17,4205.563253
204,19,4197.208626
205,11,4431.060896
205,14,4380.076714
205,15,4338.342156
205,16,4299.613529
205,17,4205.563253
205,19,4197.208626
206,11,4431.060896
206,14,4380.076714
206,15,4338.342156
206,16,4299.613529
206,17,4204.476681
206,19,4195.009899
207,11,4431.060896
207,14,4380.076714
207,15,4338.342156
207,16,4299.613529
207,17,4204.476681
207,19,4195.009899
208,11,4427.056755
208,14,4380.076714
208,15,4338.342156
208,16,4298.577489
208,17,4204.476681
208,19,4195.009899
209,11,4427.056755
209,14,4380.076714
209,15,4338.342156
209,16,4193.055643
210,11,4427.056755
210,14,4380.076714
210,15,4338.342156
210,16,4190.211390
211,11,4427.056755
211,14,4380.076714
211,15,4338.342156
211,16,4190.211390
212,11,4427.056755
212,14,4380.076714
212,15,4338.342156
212,16,4190.211390
213,11,4427.056755
213,13,4426.107350
213,14,4380.076714
213,15,4338.342156
213,16,4190.211390
214,11,4427.056755
214,13,4426.107350
214,14,4380.076714
214,15,4338.342156
214,16,4186.425749
215,11,4427.056755
215,13,4426.107350
215,14,4380.076714
215,15,4338.342156
215,16,4186.425749
216,11,4427.056755
216,13,4426.107350
216,14,4380.076714
216,15,4173.876972
217,11,4427.056755
217,13,4426.107350
217,14,4380.076714
217,15,4173.876972
218,11,4417.680484
218,14,4380.076714
218,15,4173.876972
219,11,4417.680484
219,14,4380.076714
219,15,4170.042500
220,11,4417.680484
220,14,4380.076714
220,15,4170.016844
221,11,4417.680484
221,14,4380.076714
221,15,4170.016844
222,11,4417.680484
222,14,4380.076714
222,15,4166.166015
223,11,4417.680484
223,14,4380.076714
223,15,4166.166015
224,11,4415.937277
224,14,4377.028761
224,15,4166.166015
225,11,4413.750348
225,14,4377.028761
225,15,4166.166015
226,11,4410.303215
226,14,4377.028761
226,15,4165.612445
227,11,4410.303215
227,14,4377.028761
227,15,4165.612445
228,11,4410.303215
228,14,4377.028761
228,15,4165.612445
229,11,4410.303215
229,14,4371.982198
229,15,4165.612445
230,11,4410.303215
230,14,4371.900860
230,15,4156.460136
231,11,4410.303215
231,14,4371.900860
231,15,4156.460136
232,11,4410.303215
232,14,4370.789372
232,15,4150.270244
233,11,4410.303215
233,14,4339.128121
233,15,4150.270244
234,11,4410.303215
234,14,4339.128121
234,15,4150.270244
235,11,4410.303215
235,13,4401.204058
235,14,4339.128121
235,15,4150.270244
236,11,4410.303215
236,13,4401.204058
236,14,4339.128121
236,15,4149.741019
237,11,4410.303215
237,13,4401.204058
237,14,4339.128121
237,15,4149.741019
238,11,4410.303215
238,13,4401.204058
238,14,4339.128121
238,15,4149.741019
239,11,4410.303215
239,13,4401.204058
239,14,4339.128121
239,15,4149.741019
240,11,4410.303215
240,13,4397.135531
240,14,4339.128121
240,15,4149.741019
241,11,4410.303215
241,13,4397.135531
241,14,4339.128121
241,15,4149.741019
242,11,4410.303215
242,13,4396.900146
242,14,4334.610110
242,15,4149.505248
243,10,4426.017852
243,11,4410.303215
243,13,4396.900146
243,14,4334.610110
243,15,4149.505248
244,10,4426.017852
244,11,4410.303215
244,13,4394.135586
244,14,4334.610110
244,15,4149.505248
244,16,4147.822986
245,10,4426.017852
245,11,4410.303215
245,13,4394.135586
245,14,4334.610110
245,15,4149.505248
245,16,4147.822986
245,17,4143.804231
246,10,4426.017852
246,11,4408.678178
246,13,4394.135586
246,14,4334.610110
246,15,4149.505248
246,16,4147.822986
246,17,4143.804231
247,10,4426.017852
247,11,4408.678178
247,13,4394.135586
247,14,4334.610110
247,15,4149.505248
247,16,4147.822986
247,17,4143.804231
248,10,4413.099719
248,11,4408.071224
248,13,4394.135586
248,14,4334.610110
248,15,4147.703617
248,17,4143.804231
249,10,4413.099719
249,11,4408.071224
249,13,4394.135586
249,14,4334.610110
249,15,4147.703617
249,17,4143.804231
250,10,4413.099719
250,11,4408.071224
250,13,4394.135586
250,14,4334.610110
250,15,4147.703617
250,17,4143.804231
251,10,4413.099719
251,11,4408.071224
251,13,4394.135586
251,14,4334.610110
251,15,4132.251436
252,10,4413.099719
252,11,4406.455095
252,13,4394.135586
252,14,4334.610110
252,15,4132.251436
253,10,4413.099719
253,11,4406.455095
253,13,4394.135586
253,14,4334.610110
253,15,4132.251436
254,10,4406.449357
254,11,4399.231395
254,13,4393.979259
254,14,4333.426136
254,15,4132.251436
255,10,4406.449357
255,11,4399.231395
255,13,4393.979259
255,14,4333.426136
255,15,4132.251436
256,10,4406.449357
256,11,4399.231395
256,13,4393.979259
256,14,4333.078390
256,15,4132.251436
257,10,4406.449357
257,11,4399.231395
257,13,4393.979259
257,14,4333.078390
257,15,4132.251436
258,10,4406.449357
258,11,4399.231395
258,13,4393.176191
258,14,4333.078390
258,15,4132.251436
259,10,4406.449357
259,11,4399.231395
259,13,4393.176191
259,14,4333.078390
259,15,4132.251436
260,10,4406.449357
260,11,4399.231395
260,13,4393.176191
260,14,4333.078390
260,15,4132.251436
261,10,4404.807413
261,11,4377.541380
261,14,4333.078390
261,15,4132.251436
262,10,4404.807413
262,11,4377.541380
262,14,4333.078390
262,15,4132.251436
263,10,4404.807413
263,11,4377.541380
263,14,4328.834886
263,15,4132.251436
264,10,4404.807413
264,11,4377.541380
264,14,4328.834886
264,15,4132.251436
265,10,4404.807413
265,11,4377.541380
265,14,4328.834886
265,15,4132.251436
266,10,4404.807413
266,11,4377.541380
266,13,4368.533223
266,14,4328.834886
266,15,4132.251436
267,10,4404.807413
267,11,4377.541380
267,13,4368.533223
267,14,4328.834886
267,15,4126.569219
268,10,4404.353394
268,11,4377.541380
268,13,4368.533223
268,14,4328.834886
268,15,4126.569219
269,10,4404.353394
269,11,4377.541380
269,13,4368.533223
269,14,4328.834886
269,15,4126.569219
270,10,4404.343444
270,11,4377.541380
270,13,4368.533223
270,14,4328.834886
270,15,4126.569219
271,10,4404.343444
271,11,4377.541380
271,13,4368.533223
271,14,4328.834886
271,15,4126.569219
272,10,4404.343444
272,11,4377.541380
272,13,4368.533223
272,14,4328.834886
272,15,4126.569219
273,10,4401.831872
273,11,4377.541380
273,13,4368.533223
273,14,4328.834886
273,15,4126.569219
274,10,4401.831872
274,11,4377.541380
274,13,4368.533223
274,14,4323.519984
274,15,4126.569219
275,10,4401.831872
275,11,4377.541380
275,13,4368.533223
275,14,4323.519984
275,15,4124.506386
276,10,4401.831872
276,11,4377.541380
276,13,4368.533223
276,14,4323.519984
276,15,4124.425631
277,10,4401.831872
277,11,4373.081046
277,13,4368.533223
277,14,4323.519984
277,15,4124.425631
278,10,4401.831872
278,11,4373.081046
278,13,4367.406513
278,14,4323.519984
278,15,4124.425631
279,10,4401.831872
279,11,4373.081046
279,13,4367.406513
279,14,4323.519984
279,15,4124.425631
280,10,4401.831872
280,11,4373.081046
280,12,4367.214098
280,14,4323.519984
280,15,4124.425631
281,10,4396.256052
281,11,4373.081046
281,12,4367.214098
281,14,4323.519984
281,15,4124.425631
282,10,4396.256052
282,11,4373.081046
282,12,4367.214098
282,14,4323.103659
282,15,4124.425631
283,10,4396.256052
283,11,4373.081046
283,12,4367.214098
283,14,4309.527827
283,15,4124.425631
284,10,4396.256052
284,11,4373.081046
284,12,4366.176997
284,14,4309.527827
284,15,4124.425631
285,10,4396.256052
285,11,4373.081046
285,12,4366.176997
285,14,4309.527827
285,15,4124.425631
286,10,4396.256052
286,11,4373.081046
286,12,4366.176997
286,14,4309.527827
286,15,4124.425631
287,10,4396.256052
287,11,4365.182567
287,14,4309.527827
287,15,4124.425631
288,10,4396.256052
288,11,4365.182567
288,13,4359.495719
288,14,4309.527827
288,15,4124.425631
289,10,4396.256052
289,11,4365.182567
289,13,4359.495719
289,14,4309.527827
289,15,4109.385719
290,10,4396.121330
290,11,4365.182567
290,13,4359.495719
290,14,4309.527827
290,15,4109.385719
291,10,4396.121330
291,11,4365.182567
291,13,4359.495719
291,14,4307.498180
291,15,4109.385719
292,10,4396.121330
292,11,4365.182567
292,13,4359.495719
292,14,4307.498180
292,15,4109.385719
293,10,4396.121330
293,11,4365.182567
293,13,4359.495719
293,14,4307.498180
293,15,4109.385719
294,10,4396.121330
294,11,4365.182567
294,13,4359.495719
294,14,4307.498180
294,15,4109.385719
295,10,4396.121330
295,11,4365.182567
295,13,4359.495719
295,14,4307.498180
295,15,4109.385719
296,10,4396.121330
296,11,4365.182567
296,12,4345.624774
296,14,4307.498180
296,15,4109.385719
297,10,4396.121330
297,11,4365.182567
297,12,4345.624774
297,14,4307.498180
297,15,4109.385719
298,10,4396.121330
298,11,4364.729311
298,12,4344.586951
298,14,4307.498180
298,15,4109.385719
299,10,4396.121330
299,11,4364.729311
299,12,4344.586951
299,14,4307.498180
299,15,4109.385719
300,10,4396.121330
300,11,4364.729311
300,12,4344.586951
300,14,4307.498180
300,15,4109.385719
301,10,4396.121330
301,11,4364.729311
301,12,4344.586951
301,14,4307.498180
301,15,4109.385719
302,10,4396.121330
302,11,4364.729311
302,12,4344.586951
302,14,4307.498180
302,15,4109.385719
303,10,4396.121330
303,11,4358.489017
303,12,4344.586951
303,14,4304.898509
303,15,4109.385719
304,10,4396.121330
304,11,4358.489017
304,12,4344.586951
304,14,4304.898509
304,15,4109.385719
305,10,4396.121330
305,11,4358.489017
305,12,4344.586951
305,14,4304.898509
305,15,4109.385719
306,10,4392.124114
306,11,4358.489017
306,12,4341.786257
306,14,4304.898509
306,15,4109.385719
307,10,4392.124114
307,11,4358.489017
307,12,4341.786257
307,14,4304.898509
307,15,4109.385719
308,10,4392.124114
308,11,4351.458778
308,12,4335.381286
308,14,4304.898509
308,15,4109.385719
309,10,4392.124114
309,11,4346.646460
309,12,4335.381286
309,14,4304.898509
309,15,4108.769050
310,10,4392.124114
310,11,4346.646460
310,12,4335.381286
310,14,4299.439144
310,15,4108.769050
311,10,4392.124114
311,11,4346.646460
311,12,4335.381286
311,14,4299.439144
311,15,4108.769050
312,10,4392.124114
312,11,4346.646460
312,12,4335.381286
312,14,4299.439144
312,15,4108.769050
313,10,4392.124114
313,11,4346.646460
313,12,4303.681971
313,14,4299.439144
313,15,4108.769050
314,10,4392.124114
314,11,4346.646460
314,12,4303.681971
314,14,4299.439144
314,15,4105.961399
315,10,4392.124114
315,11,4346.646460
315,12,4303.681971
315,14,4299.439144
315,15,4105.961399
316,10,4392.124114
316,11,4346.646460
316,12,4285.207275
316,15,4105.961399
317,10,4392.124114
317,11,4346.646460
317,12,4285.207275
317,15,4105.961399
318,10,4392.124114
318,11,4346.646460
318,12,4285.207275
318,15,4105.961399
319,10,4392.124114
319,11,4346.646460
319,12,4285.207275
319,15,4105.961399
320,10,4392.124114
320,11,4345.665216
320,12,4285.207275
320,15,4105.961399
321,10,4392.124114
321,11,4345.665216
321,12,4285.207275
321,15,4105.961399
322,10,4392.124114
322,11,4345.665216
322,12,4285.207275
322,15,4105.961399
323,10,4392.124114
323,11,4345.665216
323,12,4285.207275
323,15,4105.961399
324,10,4392.124114
324,11,4345.665216
324,12,4285.207275
324,15,4105.961399
