Generation,NV,TOC
1,24,9610.407305
1,26,8863.918805
1,31,8824.923396
1,32,8106.451112
1,34,8054.509637
1,35,7915.020364
1,37,7287.991837
1,38,7250.881380
1,41,7163.484553
1,42,7130.782776
1,44,6996.562261
1,53,6965.338453
1,54,6878.833283
1,57,6806.771178
1,64,6757.091195
1,65,6739.920532
1,71,6733.108301
1,73,6723.073265
1,74,6371.146296
2,24,9399.470246
2,25,9014.861901
2,26,8863.918805
2,27,8627.436558
2,28,7794.117791
2,33,7736.059440
2,36,6979.898118
2,40,6661.726862
2,67,6551.240115
2,72,6462.705494
2,74,6371.146296
3,24,9346.054144
3,25,8689.326337
3,26,8578.073092
3,28,7794.117791
3,30,7020.949964
3,33,6781.285130
3,36,6750.624572
3,39,6710.170660
3,40,6661.726862
3,47,6639.390007
3,60,6632.997674
3,61,6596.093058
3,62,6555.745239
3,65,6419.128068
3,74,6371.146296
3,77,6323.033868
4,23,9194.667809
4,24,8682.337599
4,26,8578.073092
4,27,8509.497618
4,28,7794.117791
4,29,7655.118269
4,30,7020.949964
4,33,6781.285130
4,35,6681.381457
4,40,6661.726862
4,43,6628.166276
4,56,6615.598402
4,60,6407.403073
4,64,6337.340139
4,65,6308.388445
4,66,6293.713278
4,76,6245.405362
5,22,9225.476789
5,23,8899.053256
5,24,8682.337599
5,25,8406.487428
5,28,7794.117791
5,29,7124.163658
5,30,7020.949964
5,33,6781.285130
5,35,6681.381457
5,37,6617.500302
5,42,6066.850809
6,22,9206.293236
6,23,8451.242226
6,25,8134.842525
6,26,7642.733706
6,28,7405.970089
6,29,7124.163658
6,30,7020.949964
6,33,6781.285130
6,35,6681.381457
6,37,6617.500302
6,42,6066.850809
7,22,8517.411854
7,23,8377.225352
7,25,8134.842525
7,26,7642.733706
7,27,7633.069598
7,28,7405.970089
7,29,7124.163658
7,30,7020.949964
7,33,6781.285130
7,35,6681.381457
7,37,6617.500302
7,42,6066.850809
7,51,5896.907658
7,58,5835.725494
8,22,8500.796544
8,23,8377.225352
8,24,7938.353996
8,25,7455.737639
8,27,7272.396603
8,29,7064.970892
8,30,6922.229265
8,32,6636.088177
8,34,6558.869478
8,40,5917.570364
8,51,5872.576725
8,58,5835.725494
9,22,8500.796544
9,23,8148.670440
9,24,7872.675633
9,25,7070.088449
9,26,6781.680138
9,29,6674.861994
9,32,6620.629662
9,34,6558.869478
9,39,5924.728555
9,40,5917.570364
9,51,5872.576725
9,53,5854.292707
9,58,5835.725494
10,22,8500.796544
10,23,8148.670440
10,24,7872.675633
10,25,7070.088449
10,26,6781.680138
10,29,6530.403312
10,34,6231.241701
10,39,5924.728555
10,40,5917.570364
10,51,5872.576725
10,53,5854.292707
10,56,5803.375001
10,58,5801.646257
11,21,8847.023194
11,22,8500.796544
11,23,7946.888530
11,24,7872.675633
11,25,7070.088449
11,26,6781.680138
11,28,6640.061053
11,29,6530.403312
11,34,6231.241701
11,39,5924.728555
11,40,5917.570364
11,51,5872.576725
11,53,5854.292707
11,56,5803.375001
11,58,5801.646257
12,21,8847.023194
12,22,8263.057401
12,23,7946.888530
12,24,7547.863829
12,25,7070.088449
12,26,6781.680138
12,28,6640.061053
12,29,6530.403312
12,34,6231.241701
12,39,5924.728555
12,40,5917.570364
12,41,5902.422859
12,42,5876.913587
12,51,5872.576725
12,53,5854.292707
12,54,5851.242850
12,56,5803.375001
12,58,5801.646257
13,21,8771.221873
13,22,7657.933043
13,24,7547.863829
13,25,7070.088449
13,26,6781.680138
13,28,6640.061053
13,29,6455.081432
13,34,6209.079759
13,38,5896.621564
13,39,5826.404027
13,56,5803.375001
13,57,5794.338243
14,21,8771.221873
14,22,7657.933043
14,23,7514.243600
14,25,7070.088449
14,26,6781.680138
14,28,6640.061053
14,29,6455.081432
14,33,6242.847223
14,34,6209.079759
14,38,5896.621564
14,39,5826.404027
14,45,5813.896149
14,47,5795.918181
14,50,5777.420202
14,51,5734.343722
15,20,8384.623906
15,21,7774.684597
15,22,7657.933043
15,23,7514.243600
15,24,7310.551949
15,25,7070.088449
15,26,6526.833254
15,29,6455.081432
15,31,6282.968797
15,33,6242.847223
15,34,6209.079759
15,38,5896.621564
15,39,5826.404027
15,45,5813.896149
15,47,5795.918181
15,50,5777.420202
15,51,5734.343722
16,20,8384.623906
16,21,7774.684597
16,22,7253.353511
16,25,7070.088449
16,26,6526.833254
16,29,6455.081432
16,31,6282.968797
16,33,6242.847223
16,34,6132.585747
16,38,5896.621564
16,39,5826.404027
16,45,5813.896149
16,47,5795.918181
16,50,5777.420202
16,51,5734.343722
17,20,7597.393842
17,22,7253.353511
17,24,7119.358449
17,25,7070.088449
17,26,6526.833254
17,29,6455.081432
17,31,6282.968797
17,33,6242.847223
17,34,6132.585747
17,36,6117.846944
17,38,5896.621564
17,39,5826.404027
17,45,5813.896149
17,47,5795.918181
17,50,5777.420202
17,51,5734.343722
18,20,7597.393842
18,22,7253.353511
18,24,7119.358449
18,25,7070.088449
18,26,6526.833254
18,29,6455.081432
18,31,6262.183677
18,32,6208.569374
18,33,6102.006594
18,36,6011.771820
18,38,5896.621564
18,39,5790.974478
18,47,5773.809532
18,50,5745.924216
18,51,5716.077421
19,20,7597.393842
19,22,7127.475423
19,24,7119.358449
19,25,7070.088449
19,26,6526.833254
19,29,6455.081432
19,31,6262.183677
19,32,6208.569374
19,33,6102.006594
19,36,6011.771820
19,37,6009.441042
19,38,5896.621564
19,39,5790.974478
19,45,5771.276577
19,50,5745.924216
19,51,5716.077421
19,54,5715.929747
20,20,7597.393842
20,22,7127.475423
20,24,6905.138478
20,25,6620.736934
20,26,6526.833254
20,29,6455.081432
20,31,6065.507693
20,36,6011.771820
20,37,6009.441042
20,38,5896.621564
20,39,5790.974478
20,45,5771.276577
20,46,5762.301417
20,47,5737.616580
20,51,5716.077421
20,54,5715.929747
21,20,7597.393842
21,22,7127.475423
21,23,7110.330742
21,24,6905.138478
21,25,6552.121453
21,26,6526.833254
21,28,6328.974172
21,30,6229.336578
21,31,6065.507693
21,36,6011.771820
21,37,6009.441042
21,38,5896.621564
21,39,5790.974478
21,45,5771.276577
21,46,5762.301417
21,47,5737.616580
21,51,5716.077421
21,54,5715.929747
22,20,7597.393842
22,21,7546.006654
22,22,7127.475423
22,23,7110.330742
22,24,6905.138478
22,25,6552.121453
22,26,6461.321027
22,28,6328.974172
22,29,6274.778882
22,30,6229.336578
22,31,6065.507693
22,36,6011.771820
22,37,6009.441042
22,38,5896.621564
22,39,5790.974478
22,45,5771.276577
22,46,5762.301417
22,47,5737.616580
22,51,5716.077421
22,54,5715.929747
22,56,5697.274253
23,20,7597.393842
23,21,7329.603463
23,22,7127.475423
23,23,7110.330742
23,24,6498.599170
23,26,6461.321027
23,27,6284.661523
23,29,6274.778882
23,30,6229.336578
23,31,6065.507693
23,35,6064.018139
23,36,5981.939726
23,38,5892.630779
23,39,5765.973428
23,45,5738.622105
23,46,5711.795701
23,50,5673.370171
23,55,5660.248721
24,18,8176.874128
24,20,7597.393842
24,21,7329.603463
24,22,7127.475423
24,23,6842.916583
24,24,6498.599170
24,26,6461.321027
24,27,6284.661523
24,29,6274.778882
24,30,6229.336578
24,31,6065.507693
24,35,6064.018139
24,36,5981.939726
24,38,5892.630779
24,39,5765.973428
24,45,5738.622105
24,46,5698.091483
24,50,5673.370171
24,55,5660.248721
25,18,8176.874128
25,20,7597.393842
25,21,7329.603463
25,22,7127.475423
25,23,6842.916583
25,24,6395.884890
25,27,6131.100105
25,31,6065.507693
25,35,5979.309203
25,38,5892.630779
25,39,5765.973428
25,44,5714.109668
25,46,5698.091483
25,50,5673.370171
25,55,5660.248721
26,18,8176.874128
26,19,8110.363757
26,20,7373.719544
26,21,7241.338411
26,22,7127.475423
26,23,6842.916583
26,24,6395.884890
26,26,6391.324264
26,27,6131.100105
26,31,6065.507693
26,35,5979.309203
26,36,5961.491827
26,38,5892.630779
26,39,5765.973428
26,42,5652.932937
27,18,8176.874128
27,19,8110.363757
27,20,7346.003271
27,21,7241.338411
27,22,7018.333507
27,23,6842.916583
27,24,6395.884890
27,26,6391.324264
27,27,6131.100105
27,31,6065.507693
27,34,6062.293667
27,35,5979.309203
27,36,5961.491827
27,38,5892.630779
27,39,5765.973428
27,42,5652.932937
27,43,5644.449716
27,46,5632.103630
28,18,8176.874128
28,19,8110.363757
28,20,7346.003271
28,21,7013.592082
28,22,6914.678692
28,23,6842.916583
28,24,6395.884890
28,26,6386.003869
28,27,6106.367603
28,31,6027.767973
28,35,5979.309203
28,36,5961.491827
28,38,5892.630779
28,39,5723.726180
28,42,5652.932937
28,43,5642.768880
28,45,5627.078925
29,18,8176.874128
29,19,7730.287307
29,20,7346.003271
29,21,7013.592082
29,22,6914.678692
29,23,6842.916583
29,24,6395.884890
29,25,6324.772931
29,27,6106.367603
29,31,6027.767973
29,35,5979.309203
29,36,5961.491827
29,38,5892.630779
29,39,5723.726180
29,42,5652.932937
29,43,5642.768880
29,45,5627.078925
30,18,8176.874128
30,19,7563.088291
30,20,7346.003271
30,21,7013.592082
30,22,6914.678692
30,23,6842.916583
30,24,6395.884890
30,25,6324.772931
30,27,6106.367603
30,31,6027.767973
30,35,5979.309203
30,36,5961.491827
30,38,5892.630779
30,39,5723.726180
30,42,5652.932937
30,43,5642.768880
30,45,5627.078925
31,18,8066.785538
31,19,7563.088291
31,20,7298.358099
31,21,7001.622138
31,22,6825.253302
31,23,6598.939856
31,24,6395.884890
31,25,6324.772931
31,27,6106.367603
31,31,6027.767973
31,35,5979.309203
31,36,5961.491827
31,38,5892.630779
31,39,5723.726180
31,42,5652.932937
31,43,5642.768880
31,45,5627.078925
32,18,8066.785538
32,19,7563.088291
32,20,7298.358099
32,21,7001.622138
32,22,6825.253302
32,23,6598.939856
32,24,6395.884890
32,25,6297.462063
32,27,6106.367603
32,31,6027.767973
32,35,5979.309203
32,36,5961.491827
32,38,5892.630779
32,39,5723.726180
32,42,5652.932937
32,43,5642.768880
32,45,5627.078925
33,18,8066.785538
33,19,7504.035055
33,20,7298.358099
33,21,7001.622138
33,22,6825.253302
33,23,6598.939856
33,24,6395.884890
33,25,6297.462063
33,27,6084.804417
33,28,6076.047088
33,31,6002.240548
33,34,5942.558986
33,38,5892.630779
33,39,5717.227592
33,41,5621.780255
34,17,7795.290549
34,19,7504.035055
34,20,7298.358099
34,21,7001.622138
34,22,6825.253302
34,23,6598.939856
34,24,6395.884890
34,25,6297.462063
34,27,6084.804417
34,28,6076.047088
34,29,5946.280295
34,34,5942.558986
34,38,5892.630779
34,39,5717.227592
34,41,5621.780255
34,47,5587.912543
35,17,7795.290549
35,18,7581.428121
35,19,7504.035055
35,20,7216.993815
35,21,7001.622138
35,22,6680.846178
35,23,6598.939856
35,24,6395.884890
35,25,6297.462063
35,27,6084.804417
35,28,6076.047088
35,29,5946.280295
35,34,5942.558986
35,38,5892.630779
35,39,5717.227592
35,41,5621.780255
35,47,5587.912543
35,49,5569.430377
36,17,7795.290549
36,18,7581.428121
36,19,7504.035055
36,20,6880.818937
36,22,6680.846178
36,23,6598.939856
36,24,6395.884890
36,25,6297.462063
36,26,6195.162144
36,27,6084.804417
36,28,6076.047088
36,29,5946.280295
36,34,5942.558986
36,35,5907.553111
36,38,5773.116339
36,39,5717.227592
36,41,5621.780255
36,47,5587.912543
36,49,5569.430377
37,17,7795.290549
37,18,7404.059159
37,20,6880.818937
37,22,6680.846178
37,23,6598.939856
37,24,6395.884890
37,25,6297.462063
37,26,6195.162144
37,27,6084.804417
37,28,6076.047088
37,29,5946.280295
37,30,5929.963129
37,35,5907.553111
37,38,5773.116339
37,39,5717.227592
37,41,5621.780255
37,47,5587.912543
37,49,5569.430377
38,17,7795.290549
38,18,7404.059159
38,20,6880.818937
38,21,6830.526720
38,22,6495.073567
38,24,6395.884890
38,25,6297.462063
38,26,6081.026046
38,27,6023.454394
38,29,5937.382508
38,30,5921.567018
38,35,5875.888561
38,38,5728.711304
38,39,5717.227592
38,41,5621.780255
38,47,5579.499334
38,49,5536.289177
39,17,7795.290549
39,18,7404.059159
39,20,6880.818937
39,21,6817.151526
39,22,6495.073567
39,24,6347.923909
39,25,6297.462063
39,26,6081.026046
39,27,6023.454394
39,29,5937.382508
39,30,5921.567018
39,31,5893.801845
39,35,5875.888561
39,38,5728.711304
39,39,5717.227592
39,41,5621.780255
39,47,5579.499334
39,48,5561.186246
39,49,5536.289177
40,17,7795.290549
40,18,7404.059159
40,20,6647.755118
40,22,6495.073567
40,23,6449.117173
40,24,6347.923909
40,25,6287.397805
40,26,6081.026046
40,27,6023.454394
40,29,5937.382508
40,30,5921.567018
40,31,5893.801845
40,35,5875.888561
40,38,5728.711304
40,39,5717.227592
40,41,5621.780255
40,47,5579.499334
40,48,5561.186246
40,49,5536.289177
41,17,7795.290549
41,18,7404.059159
41,20,6587.926276
41,22,6495.073567
41,23,6411.586854
41,24,6347.923909
41,25,6287.397805
41,26,6081.026046
41,27,6023.454394
41,29,5937.382508
41,30,5921.567018
41,31,5893.801845
41,35,5875.888561
41,38,5728.711304
41,39,5717.227592
41,41,5621.780255
41,47,5579.499334
41,48,5561.186246
41,49,5536.289177
42,17,7795.290549
42,18,7404.059159
42,19,7291.449287
42,20,6587.926276
42,22,6495.073567
42,23,6411.586854
42,24,6347.923909
42,25,6278.778738
42,26,6081.026046
42,27,6023.454394
42,29,5937.382508
42,30,5921.567018
42,31,5893.801845
42,35,5875.888561
42,38,5728.711304
42,39,5717.227592
42,41,5621.780255
42,47,5579.499334
42,48,5561.186246
42,49,5536.289177
43,17,7795.290549
43,18,7404.059159
43,19,7267.113849
43,20,6534.475428
43,21,6522.314883
43,22,6374.613779
43,24,6323.380276
43,25,6271.672542
43,26,6081.026046
43,27,6023.454394
43,29,5937.382508
43,30,5921.567018
43,31,5893.801845
43,35,5875.888561
43,38,5728.711304
43,39,5601.470182
43,46,5504.192026
44,17,7795.290549
44,18,7404.059159
44,19,6900.593988
44,20,6534.475428
44,21,6522.314883
44,22,6374.613779
44,24,6323.380276
44,25,6271.672542
44,26,6081.026046
44,27,6023.454394
44,29,5937.382508
44,30,5921.567018
44,31,5893.801845
44,32,5858.451066
44,38,5728.711304
44,39,5601.470182
44,46,5504.192026
45,17,7795.290549
45,18,7404.059159
45,19,6900.593988
45,20,6534.475428
45,21,6356.259980
45,24,6225.047894
45,26,6081.026046
45,27,6023.454394
45,29,5937.382508
45,30,5921.567018
45,31,5865.237937
45,32,5858.451066
45,34,5852.970337
45,35,5826.664304
45,36,5816.069602
45,38,5728.711304
45,39,5601.470182
45,46,5504.192026
46,17,7795.290549
46,18,7404.059159
46,19,6900.593988
46,20,6534.475428
46,21,6356.259980
46,24,6225.047894
46,26,6081.026046
46,27,6023.454394
46,29,5937.382508
46,30,5921.567018
46,31,5865.237937
46,32,5858.451066
46,34,5852.970337
46,35,5826.664304
46,36,5816.069602
46,38,5728.711304
46,39,5601.470182
46,46,5504.192026
47,17,7795.290549
47,18,7404.059159
47,19,6900.593988
47,20,6534.475428
47,21,6197.978357
47,26,6081.026046
47,27,6023.454394
47,29,5937.382508
47,30,5921.567018
47,31,5865.237937
47,32,5848.707495
47,35,5826.664304
47,36,5816.069602
47,38,5728.711304
47,39,5601.470182
47,46,5504.192026
48,17,7795.290549
48,18,7404.059159
48,19,6900.593988
48,20,6534.475428
48,21,6197.978357
48,22,6167.807296
48,25,6167.022523
48,26,6054.252694
48,27,6023.454394
48,29,5895.123565
48,31,5801.932204
48,35,5795.394827
48,38,5728.711304
48,39,5599.478633
48,46,5479.988382
49,17,7795.290549
49,18,7404.059159
49,19,6900.593988
49,20,6534.475428
49,21,6197.978357
49,22,6167.807296
49,25,6167.022523
49,26,6054.252694
49,27,6023.454394
49,29,5895.123565
49,31,5801.932204
49,34,5799.101738
49,35,5795.394827
49,37,5623.140147
49,39,5599.478633
49,46,5479.988382
50,17,7664.505619
50,18,7404.059159
50,19,6900.593988
50,20,6534.475428
50,21,6197.978357
50,22,6167.807296
50,25,6167.022523
50,26,6054.252694
50,27,6023.454394
50,29,5895.123565
50,31,5801.932204
50,34,5799.101738
50,35,5795.394827
50,37,5623.140147
50,39,5599.478633
50,45,5572.709260
50,46,5479.988382
51,17,7664.505619
51,18,7404.059159
51,19,6868.874459
51,20,6461.918023
51,21,6197.978357
51,22,6167.807296
51,25,6103.155800
51,26,6054.252694
51,27,6023.454394
51,28,5997.282306
51,29,5895.123565
51,31,5801.932204
51,34,5799.101738
51,35,5795.394827
51,37,5623.140147
51,39,5599.478633
51,45,5572.709260
51,46,5479.988382
52,17,7621.455483
52,18,6932.486916
52,19,6868.874459
52,20,6461.918023
52,21,6197.978357
52,22,6167.807296
52,25,6103.155800
52,26,6054.252694
52,27,6023.454394
52,28,5997.282306
52,29,5895.123565
52,31,5801.932204
52,34,5799.101738
52,35,5795.394827
52,37,5623.140147
52,39,5599.478633
52,45,5572.709260
52,46,5479.988382
53,17,7621.455483
53,18,6932.486916
53,19,6789.164402
53,20,6432.154570
53,21,6197.978357
53,22,6167.807296
53,25,6103.155800
53,26,6054.252694
53,27,6023.454394
53,28,5989.697857
53,29,5865.770343
53,31,5785.971379
53,33,5724.492380
53,37,5617.477936
53,39,5573.442126
53,45,5569.467020
53,46,5471.575172
54,17,7621.455483
54,18,6932.486916
54,19,6789.164402
54,20,6432.154570
54,21,6197.978357
54,22,6085.572327
54,26,5987.768768
54,29,5865.770343
54,31,5785.971379
54,33,5724.492380
54,37,5617.477936
54,39,5573.442126
54,45,5569.467020
54,46,5471.575172
55,17,7621.455483
55,18,6932.486916
55,19,6789.164402
55,20,6432.154570
55,21,6197.978357
55,22,6085.572327
55,26,5987.768768
55,28,5969.173560
55,29,5865.770343
55,31,5785.971379
55,33,5724.492380
55,37,5617.477936
55,39,5573.442126
55,45,5569.467020
55,46,5471.575172
56,16,7919.801591
56,17,7621.455483
56,18,6932.486916
56,19,6789.164402
56,20,6385.463073
56,21,6197.978357
56,22,6085.572327
56,26,5987.768768
56,28,5969.173560
56,29,5865.770343
56,31,5785.971379
56,33,5724.492380
56,37,5617.477936
56,39,5573.442126
56,45,5569.467020
56,46,5471.575172
57,16,7919.801591
57,17,7621.455483
57,18,6932.486916
57,19,6755.541738
57,20,6385.463073
57,21,6197.978357
57,22,6085.572327
57,25,6017.330334
57,26,5987.768768
57,28,5969.173560
57,29,5865.770343
57,31,5785.971379
57,33,5724.492380
57,37,5617.477936
57,39,5573.442126
57,45,5569.467020
57,46,5471.575172
58,16,7919.801591
58,17,7621.455483
58,18,6932.486916
58,19,6755.541738
58,20,6385.463073
58,21,6197.978357
58,22,6085.572327
58,25,6017.330334
58,26,5987.768768
58,28,5944.983768
58,29,5828.417987
58,31,5781.004773
58,33,5724.492380
58,36,5697.246769
58,37,5617.477936
58,39,5573.442126
58,45,5567.325701
58,46,5471.575172
59,16,7919.801591
59,17,7621.455483
59,18,6932.486916
59,19,6755.541738
59,20,6385.463073
59,21,6197.978357
59,22,6085.572327
59,25,6017.330334
59,26,5987.768768
59,28,5944.983768
59,29,5749.995437
59,33,5724.492380
59,36,5697.246769
59,37,5617.477936
59,39,5573.442126
59,45,5567.325701
59,46,5471.575172
60,16,7919.801591
60,17,7621.455483
60,18,6724.569010
60,19,6653.437232
60,20,6385.463073
60,21,6197.978357
60,22,6085.572327
60,25,6017.330334
60,26,5987.768768
60,28,5944.983768
60,29,5749.995437
60,33,5724.492380
60,36,5697.246769
60,37,5617.477936
60,39,5573.442126
60,45,5567.325701
60,46,5471.575172
61,16,7919.801591
61,17,7621.455483
61,18,6724.569010
61,19,6582.367108
61,20,6385.463073
61,21,6141.712792
61,22,6085.572327
61,25,6017.330334
61,26,5987.768768
61,28,5944.983768
61,29,5749.995437
61,33,5724.492380
61,34,5713.629509
61,36,5697.246769
61,37,5617.477936
61,39,5573.442126
61,45,5567.325701
61,46,5471.575172
62,16,7919.801591
62,17,7424.832988
62,18,6724.569010
62,19,6582.367108
62,20,6385.463073
62,21,6141.712792
62,22,6085.572327
62,25,6004.443126
62,26,5987.768768
62,27,5911.938610
62,29,5749.995437
62,33,5724.492380
62,34,5713.629509
62,36,5697.246769
62,37,5617.477936
62,39,5573.442126
62,42,5563.757942
62,46,5471.575172
63,16,7919.801591
63,17,7424.832988
63,18,6724.569010
63,19,6582.367108
63,20,6385.463073
63,21,6115.342907
63,22,6085.572327
63,25,5949.915975
63,27,5911.938610
63,29,5719.360961
63,33,5684.976717
63,35,5678.411915
63,36,5569.743693
63,42,5563.757942
63,46,5471.575172
64,16,7919.801591
64,17,7424.832988
64,18,6593.993308
64,19,6582.367108
64,20,6385.463073
64,21,6115.342907
64,22,6085.572327
64,25,5949.915975
64,27,5911.938610
64,29,5719.360961
64,33,5684.976717
64,35,5678.411915
64,36,5569.743693
64,42,5563.757942
64,46,5471.575172
65,16,7919.801591
65,17,7424.832988
65,18,6593.993308
65,19,6582.367108
65,20,6385.463073
65,21,6115.342907
65,22,6085.572327
65,23,6059.941293
65,25,5949.915975
65,27,5911.938610
65,29,5719.360961
65,33,5684.976717
65,35,5678.411915
65,36,5569.743693
65,38,5503.134336
65,46,5471.575172
66,16,7919.801591
66,17,7424.832988
66,18,6593.993308
66,19,6492.038531
66,20,6327.880733
66,21,6115.342907
66,22,6085.572327
66,23,6010.851850
66,25,5949.915975
66,27,5911.938610
66,29,5719.360961
66,33,5684.976717
66,35,5678.411915
66,36,5569.743693
66,38,5503.134336
66,46,5471.575172
67,16,7919.801591
67,17,7304.753224
67,18,6580.844373
67,19,6492.038531
67,20,6327.880733
67,21,6115.342907
67,22,6085.572327
67,23,6010.851850
67,25,5949.915975
67,27,5911.938610
67,29,5719.360961
67,33,5684.976717
67,35,5678.411915
67,36,5569.743693
67,38,5503.134336
67,46,5471.575172
68,16,7919.801591
68,17,7304.753224
68,18,6570.080816
68,19,6426.903007
68,20,6327.880733
68,21,6115.342907
68,22,6085.572327
68,23,5985.312838
68,25,5935.985536
68,27,5909.127899
68,29,5719.360961
68,33,5684.976717
68,35,5678.411915
68,36,5560.154748
68,38,5498.214043
68,43,5485.323933
68,46,5461.653063
69,15,7481.703896
69,16,7408.882435
69,17,7041.273713
69,18,6551.046747
69,19,6382.459166
69,20,6327.880733
69,21,6115.342907
69,22,6034.982501
69,23,5985.312838
69,24,5935.676839
69,27,5909.127899
69,28,5866.438332
69,29,5719.360961
69,33,5684.976717
69,35,5666.856165
69,36,5560.154748
69,38,5477.424934
69,46,5461.653063
70,15,7481.703896
70,16,7408.882435
70,17,7041.273713
70,18,6551.046747
70,19,6371.770257
70,20,6327.880733
70,21,6115.342907
70,22,6034.982501
70,23,5985.312838
70,24,5935.676839
70,27,5909.127899
70,28,5866.438332
70,29,5719.360961
70,33,5684.976717
70,35,5666.856165
70,36,5560.154748
70,38,5477.424934
70,46,5461.653063
71,15,7481.703896
71,16,7408.882435
71,17,6819.571276
71,18,6360.373150
71,20,6327.880733
71,21,6115.342907
71,22,6030.108971
71,23,5985.312838
71,24,5935.676839
71,27,5909.127899
71,28,5866.438332
71,29,5719.360961
71,33,5684.976717
71,35,5666.856165
71,36,5560.154748
71,38,5477.424934
71,46,5461.653063
72,15,7481.703896
72,16,7408.882435
72,17,6819.571276
72,18,6360.373150
72,19,6326.000302
72,21,6115.342907
72,22,6030.108971
72,23,5985.312838
72,24,5935.676839
72,27,5909.127899
72,28,5866.438332
72,29,5719.360961
72,33,5684.976717
72,35,5666.856165
72,36,5560.154748
72,38,5477.424934
72,46,5461.653063
73,15,7481.703896
73,16,7353.177901
73,17,6819.571276
73,18,6360.373150
73,19,6300.686676
73,21,6115.342907
73,22,6030.108971
73,23,5985.312838
73,24,5935.676839
73,26,5919.580782
73,27,5900.599930
73,28,5866.438332
73,29,5718.970431
73,33,5672.185844
73,34,5659.182633
73,36,5560.154748
73,38,5477.424934
73,46,5454.535182
74,15,7481.703896
74,16,7353.177901
74,17,6819.571276
74,18,6360.373150
74,19,6235.043105
74,21,6115.342907
74,22,6020.186590
74,23,5936.171748
74,24,5935.676839
74,26,5917.088291
74,27,5900.599930
74,28,5866.438332
74,29,5718.970431
74,32,5704.950692
74,33,5672.185844
74,34,5659.182633
74,36,5560.154748
74,38,5477.424934
74,46,5454.535182
75,15,7481.703896
75,16,7353.177901
75,17,6819.571276
75,18,6185.856613
75,20,6165.999394
75,21,6115.342907
75,22,5988.331406
75,23,5936.171748
75,24,5935.676839
75,26,5827.617152
75,29,5718.970431
75,31,5678.778996
75,33,5672.185844
75,34,5659.182633
75,36,5560.154748
75,38,5477.424934
75,46,5454.535182
76,15,7481.703896
76,16,7353.177901
76,17,6819.571276
76,18,6185.856613
76,20,6165.999394
76,21,6062.772205
76,22,5988.331406
76,23,5936.171748
76,24,5935.676839
76,25,5923.797872
76,26,5827.617152
76,29,5718.970431
76,31,5678.778996
76,33,5672.185844
76,34,5659.182633
76,35,5651.807670
76,36,5560.154748
76,38,5477.424934
76,46,5454.535182
77,15,7481.703896
77,16,7353.177901
77,17,6357.889958
77,18,6161.573602
77,21,6062.772205
77,22,5988.331406
77,23,5936.171748
77,24,5935.676839
77,25,5923.797872
77,26,5827.617152
77,29,5718.970431
77,31,5678.778996
77,33,5672.185844
77,34,5659.182633
77,35,5651.807670
77,36,5560.154748
77,38,5477.424934
77,46,5454.535182
78,15,7481.703896
78,16,7353.177901
78,17,6357.889958
78,18,6161.573602
78,21,6062.772205
78,22,5988.331406
78,23,5929.318498
78,24,5902.681077
78,26,5825.718994
78,29,5710.051223
78,31,5677.283685
78,33,5672.185844
78,34,5659.182633
78,35,5642.917130
78,36,5555.022850
78,38,5477.424934
78,43,5466.533879
78,46,5454.535182
79,15,7481.703896
79,16,7353.177901
79,17,6357.889958
79,18,6161.573602
79,21,6062.772205
79,22,5988.331406
79,23,5929.318498
79,24,5902.681077
79,26,5825.718994
79,29,5710.051223
79,31,5677.283685
79,33,5672.185844
79,34,5659.182633
79,35,5642.917130
79,36,5555.022850
79,38,5477.424934
79,43,5466.533879
79,45,5465.579268
79,46,5454.535182
80,15,7481.703896
80,16,7353.177901
80,17,6357.889958
80,18,6161.573602
80,21,6062.772205
80,22,5957.494732
80,23,5929.318498
80,24,5902.681077
80,25,5864.800235
80,26,5825.718994
80,29,5710.051223
80,31,5677.283685
80,33,5672.185844
80,34,5659.182633
80,35,5642.917130
80,36,5555.022850
80,38,5477.424934
80,42,5449.920137
80,45,5429.428131
81,15,7481.703896
81,16,7353.177901
81,17,6357.889958
81,18,6161.573602
81,20,6136.636585
81,21,6057.278642
81,22,5957.494732
81,23,5929.318498
81,24,5902.681077
81,25,5864.800235
81,26,5825.718994
81,29,5710.051223
81,31,5677.283685
81,33,5672.185844
81,34,5659.182633
81,35,5642.917130
81,36,5555.022850
81,38,5477.424934
81,41,5453.899369
81,42,5449.920137
81,45,5429.428131
82,15,7481.703896
82,16,7353.177901
82,17,6357.889958
82,18,6161.573602
82,20,6136.636585
82,21,6057.278642
82,22,5957.494732
82,23,5929.318498
82,24,5902.681077
82,25,5864.800235
82,26,5825.718994
82,29,5710.051223
82,31,5677.283685
82,33,5672.185844
82,34,5619.936876
82,36,5555.022850
82,38,5446.826149
82,45,5429.428131
83,15,7481.703896
83,16,6790.990159
83,17,6357.889958
83,18,6161.573602
83,20,6136.636585
83,21,6057.278642
83,22,5957.494732
83,23,5929.318498
83,24,5902.681077
83,25,5864.800235
83,26,5824.143922
83,29,5683.667015
83,31,5677.283685
83,32,5672.791473
83,33,5672.185844
83,34,5583.504142
83,36,5555.022850
83,38,5446.826149
83,40,5392.772372
84,15,7481.703896
84,16,6790.990159
84,17,6198.617819
84,18,6123.974444
84,21,6057.278642
84,22,5957.494732
84,23,5929.318498
84,24,5902.681077
84,25,5864.800235
84,26,5824.143922
84,28,5762.759460
84,29,5683.667015
84,31,5677.283685
84,32,5672.791473
84,33,5672.185844
84,34,5583.504142
84,36,5555.022850
84,38,5446.826149
84,40,5392.772372
85,15,7481.703896
85,16,6790.990159
85,17,6198.617819
85,18,6123.974444
85,21,6057.278642
85,22,5957.494732
85,23,5929.318498
85,24,5902.681077
85,25,5864.800235
85,26,5824.143922
85,28,5743.267334
85,29,5683.667015
85,31,5677.283685
85,32,5672.791473
85,33,5672.185844
85,34,5583.504142
85,36,5555.022850
85,38,5446.826149
85,40,5392.772372
86,15,7481.703896
86,16,6790.990159
86,17,6198.617819
86,18,6113.203016
86,21,6057.278642
86,22,5957.494732
86,23,5929.318498
86,24,5902.681077
86,25,5864.800235
86,26,5824.143922
86,28,5743.267334
86,29,5683.667015
86,31,5677.283685
86,32,5672.791473
86,33,5672.185844
86,34,5583.504142
86,36,5555.022850
86,38,5446.826149
86,39,5386.617016
87,15,7481.703896
87,16,6790.990159
87,17,6198.617819
87,18,6113.203016
87,21,6057.278642
87,22,5957.494732
87,23,5929.318498
87,24,5902.681077
87,25,5864.800235
87,26,5824.143922
87,28,5743.267334
87,29,5683.667015
87,31,5677.283685
87,32,5672.791473
87,33,5672.185844
87,34,5583.504142
87,35,5579.550472
87,36,5555.022850
87,38,5446.826149
87,39,5386.617016
88,15,7481.703896
88,16,6790.990159
88,17,6169.166638
88,18,6113.203016
88,21,6057.278642
88,22,5957.494732
88,23,5929.318498
88,24,5840.325602
88,25,5813.390709
88,28,5741.840167
88,29,5651.442469
88,34,5575.972897
88,36,5401.058820
88,37,5353.608750
88,38,5349.997867
89,15,7481.703896
89,16,6790.990159
89,17,6169.166638
89,18,6094.395787
89,19,6042.522373
89,22,5957.494732
89,23,5929.318498
89,24,5840.325602
89,25,5813.390709
89,28,5741.840167
89,29,5651.442469
89,34,5575.972897
89,36,5401.058820
89,37,5353.608750
89,38,5349.997867
90,15,7346.116581
90,16,6790.990159
90,17,6169.166638
90,18,6094.395787
90,19,6042.522373
90,22,5957.494732
90,23,5929.318498
90,24,5840.325602
90,25,5813.390709
90,28,5741.840167
90,29,5651.442469
90,34,5575.972897
90,36,5401.058820
90,37,5353.608750
90,38,5349.997867
91,15,7346.116581
91,16,6727.375738
91,17,6169.166638
91,18,6094.395787
91,19,6042.522373
91,21,6020.758377
91,22,5957.494732
91,23,5854.426212
91,24,5840.325602
91,25,5810.373239
91,28,5741.840167
91,29,5651.442469
91,34,5575.972897
91,36,5401.058820
91,37,5353.608750
91,38,5349.997867
92,15,7346.116581
92,16,6727.375738
92,17,6169.166638
92,18,6085.680507
92,19,6042.522373
92,21,6020.758377
92,22,5957.494732
92,23,5854.426212
92,24,5840.325602
92,25,5810.373239
92,28,5741.840167
92,29,5651.442469
92,34,5575.972897
92,36,5345.131226
93,15,7346.116581
93,16,6727.375738
93,17,6169.166638
93,18,6085.680507
93,19,5864.149119
93,22,5845.269324
93,24,5791.887340
93,28,5741.840167
93,29,5646.991012
93,34,5575.972897
93,36,5339.722595
94,15,7225.615903
94,16,6727.375738
94,17,6169.166638
94,18,6085.680507
94,19,5864.149119
94,22,5738.940570
94,29,5646.991012
94,34,5575.972897
94,36,5339.722595
95,15,7058.293090
95,16,6727.375738
95,17,6169.166638
95,18,6085.680507
95,19,5864.149119
95,22,5738.940570
95,29,5646.991012
95,34,5575.972897
95,36,5339.722595
96,15,6760.831303
96,16,6727.375738
96,17,6165.450243
96,18,6085.680507
96,19,5864.149119
96,22,5738.940570
96,29,5646.991012
96,31,5621.103477
96,34,5575.972897
96,36,5339.722595
97,15,6760.831303
97,16,6727.375738
97,17,6165.450243
97,18,6064.079408
97,19,5864.149119
97,22,5738.940570
97,29,5646.991012
97,31,5621.103477
97,34,5575.972897
97,35,5555.362954
97,36,5339.722595
98,15,6760.831303
98,16,6710.830078
98,17,6165.450243
98,18,6044.688896
98,19,5817.844540
98,22,5726.488701
98,29,5646.991012
98,31,5621.103477
98,33,5346.892498
98,36,5328.542915
99,15,6760.831303
99,16,6710.830078
99,17,6165.450243
99,18,6044.688896
99,19,5817.844540
99,21,5743.168058
99,22,5726.488701
99,29,5646.991012
99,31,5621.103477
99,33,5346.892498
99,36,5328.542915
100,15,6760.831303
100,16,6710.830078
100,17,6165.450243
100,18,6044.688896
100,19,5745.162838
100,21,5743.168058
100,22,5726.488701
100,27,5684.627838
100,29,5646.991012
100,31,5621.103477
100,33,5346.892498
100,36,5328.542915
101,15,6760.831303
101,16,6710.830078
101,17,6165.450243
101,18,5882.793946
101,19,5745.162838
101,21,5743.168058
101,22,5709.536851
101,27,5684.627838
101,28,5674.393483
101,29,5646.991012
101,31,5621.103477
101,33,5346.892498
101,36,5328.542915
102,15,6760.831303
102,16,6585.904677
102,17,6165.450243
102,18,5882.793946
102,19,5745.162838
102,21,5743.168058
102,22,5709.536851
102,27,5684.627838
102,28,5674.393483
102,29,5646.991012
102,31,5621.103477
102,33,5346.892498
102,36,5328.542915
103,15,6760.831303
103,16,6585.904677
103,17,6165.450243
103,18,5882.793946
103,19,5730.625171
103,22,5696.492454
103,27,5684.627838
103,28,5674.393483
103,29,5646.991012
103,31,5621.103477
103,33,5344.306057
103,36,5328.542915
104,15,6760.831303
104,16,6585.904677
104,17,6165.450243
104,18,5882.793946
104,19,5730.625171
104,20,5710.029652
104,22,5696.492454
104,27,5684.627838
104,28,5674.393483
104,29,5646.991012
104,31,5621.103477
104,33,5344.306057
104,36,5328.542915
105,15,6760.831303
105,16,6585.904677
105,17,6165.450243
105,18,5882.793946
105,19,5661.933812
105,20,5635.497450
105,23,5611.265331
105,33,5344.306057
105,36,5328.542915
106,15,6760.831303
106,16,6585.904677
106,17,6165.450243
106,18,5882.793946
106,19,5661.933812
106,20,5635.497450
106,23,5611.265331
106,31,5595.297314
106,33,5344.306057
106,35,5332.924435
106,36,5328.542915
106,38,5311.722521
107,15,6760.831303
107,16,6585.904677
107,17,6165.450243
107,18,5882.793946
107,19,5661.933812
107,20,5635.497450
107,23,5611.265331
107,31,5595.297314
107,33,5344.306057
107,35,5332.924435
107,36,5323.178373
107,37,5305.635828
108,15,6443.175239
108,17,6119.912071
108,18,5876.448321
108,19,5661.933812
108,20,5564.527954
108,22,5552.490835
108,33,5344.306057
108,35,5307.889336
108,37,5305.635828
109,15,6443.175239
109,17,6119.912071
109,18,5876.448321
109,19,5661.933812
109,20,5564.527954
109,22,5552.490835
109,33,5344.306057
109,35,5307.889336
109,37,5305.635828
110,15,6443.175239
110,17,6119.912071
110,18,5876.448321
110,19,5661.933812
110,20,5564.527954
110,22,5552.490835
110,33,5344.306057
110,35,5307.889336
110,37,5305.635828
111,15,6443.175239
111,16,6334.458470
111,17,6119.912071
111,18,5876.448321
111,19,5661.933812
111,20,5564.527954
111,22,5552.490835
111,30,5434.780062
111,33,5344.306057
111,35,5307.889336
111,37,5305.635828
112,15,6443.175239
112,16,6334.458470
112,17,6119.912071
112,18,5876.448321
112,19,5661.933812
112,20,5564.527954
112,22,5552.490835
112,30,5434.780062
112,33,5344.306057
112,35,5307.889336
112,37,5305.635828
113,15,6443.175239
113,16,6334.458470
113,17,6111.664760
113,18,5866.769746
113,19,5632.930588
113,20,5564.527954
113,21,5545.357134
113,29,5424.544560
113,33,5334.890755
113,35,5307.889336
113,37,5305.635828
114,15,6443.175239
114,16,6334.458470
114,17,6111.664760
114,18,5866.769746
114,19,5632.930588
114,20,5564.527954
114,21,5545.357134
114,22,5516.119087
114,23,5490.902552
114,29,5424.544560
114,31,5380.568889
114,33,5334.890755
114,35,5307.889336
114,37,5305.635828
115,15,6443.175239
115,16,6334.458470
115,17,6111.664760
115,18,5866.769746
115,19,5632.930588
115,20,5564.527954
115,21,5545.357134
115,22,5516.119087
115,23,5490.902552
115,29,5424.544560
115,31,5380.568889
115,33,5334.890755
115,35,5307.889336
115,37,5277.366454
116,15,6443.175239
116,16,6297.876315
116,17,6111.664760
116,18,5866.769746
116,19,5632.930588
116,20,5564.527954
116,21,5545.357134
116,22,5516.119087
116,23,5490.902552
116,29,5424.544560
116,31,5380.568889
116,33,5334.890755
116,35,5307.889336
116,37,5277.366454
117,15,6443.175239
117,16,6297.876315
117,17,6111.664760
117,18,5866.769746
117,19,5632.930588
117,20,5564.527954
117,21,5528.414993
117,22,5516.119087
117,23,5490.902552
117,28,5456.475254
117,29,5424.544560
117,31,5380.568889
117,33,5334.890755
117,35,5307.889336
117,37,5277.366454
118,15,6443.175239
118,16,6297.876315
118,17,6111.664760
118,18,5866.769746
118,19,5590.335477
118,20,5554.309346
118,21,5520.714983
118,22,5516.119087
118,23,5490.902552
118,28,5456.475254
118,29,5416.234561
118,30,5369.663872
118,33,5332.173924
118,35,5307.889336
118,37,5263.342472
119,15,6443.175239
119,16,6233.897594
119,17,6111.664760
119,18,5866.769746
119,19,5590.335477
119,20,5554.309346
119,21,5520.714983
119,22,5516.119087
119,23,5490.902552
119,28,5456.475254
119,29,5416.234561
119,30,5369.663872
119,33,5332.173924
119,35,5307.889336
119,37,5263.342472
120,15,6443.175239
120,16,6233.897594
120,17,6111.664760
120,18,5866.769746
120,19,5590.335477
120,20,5554.309346
120,21,5520.714983
120,22,5516.119087
120,23,5490.902552
120,26,5461.042467
120,28,5456.475254
120,29,5416.234561
120,30,5369.663872
120,33,5332.173924
120,35,5307.889336
120,37,5263.342472
121,15,6443.175239
121,16,6172.005529
121,17,6111.664760
121,18,5866.769746
121,19,5590.335477
121,20,5554.309346
121,21,5520.714983
121,22,5516.119087
121,23,5490.902552
121,24,5478.803119
121,26,5461.042467
121,28,5456.475254
121,29,5416.234561
121,30,5369.663872
121,33,5332.173924
121,35,5307.889336
121,37,5263.342472
122,15,6443.175239
122,16,6172.005529
122,17,6111.664760
122,18,5866.769746
122,19,5590.335477
122,20,5554.309346
122,21,5520.714983
122,22,5516.119087
122,23,5490.902552
122,24,5478.803119
122,26,5461.042467
122,28,5456.475254
122,29,5416.234561
122,30,5369.663872
122,33,5332.173924
122,35,5307.889336
122,37,5263.342472
123,15,6443.175239
123,16,6137.942838
123,17,6111.664760
123,18,5866.769746
123,19,5590.335477
123,20,5554.309346
123,21,5520.714983
123,22,5505.208190
123,23,5490.902552
123,24,5478.803119
123,26,5461.042467
123,28,5442.554124
123,29,5416.234561
123,30,5364.829854
123,33,5332.173924
123,35,5307.889336
123,37,5262.553125
124,15,6443.175239
124,16,6137.942838
124,17,6111.664760
124,18,5747.831362
124,19,5590.335477
124,20,5554.309346
124,21,5520.714983
124,22,5505.208190
124,23,5490.902552
124,24,5478.803119
124,26,5461.042467
124,28,5442.554124
124,29,5416.234561
124,30,5364.829854
124,33,5332.173924
124,35,5307.889336
124,37,5262.553125
125,15,6443.175239
125,16,6137.942838
125,17,6111.664760
125,18,5747.831362
125,19,5590.335477
125,20,5554.309346
125,21,5520.714983
125,22,5505.208190
125,23,5490.902552
125,24,5478.803119
125,26,5461.042467
125,28,5442.554124
125,29,5416.234561
125,30,5364.829854
125,33,5332.173924
125,35,5307.889336
125,37,5262.553125
126,15,6443.175239
126,16,6137.942838
126,17,6111.664760
126,18,5747.831362
126,19,5590.335477
126,20,5537.593934
126,21,5520.714983
126,22,5505.208190
126,23,5490.902552
126,24,5478.803119
126,26,5461.042467
126,28,5442.554124
126,29,5416.234561
126,30,5364.829854
126,33,5332.173924
126,35,5307.889336
126,37,5262.553125
127,15,6443.175239
127,16,6098.444437
127,18,5747.831362
127,19,5590.335477
127,20,5498.854664
127,23,5490.902552
127,24,5478.803119
127,26,5461.042467
127,28,5442.554124
127,29,5416.234561
127,30,5364.829854
127,33,5332.173924
127,35,5307.889336
127,37,5262.553125
128,15,6443.175239
128,16,6098.444437
128,18,5747.831362
128,19,5590.335477
128,20,5498.854664
128,23,5485.243927
128,24,5450.383288
128,28,5410.841427
128,30,5364.829854
128,33,5331.949193
128,35,5285.976107
128,37,5257.299809
129,15,6443.175239
129,16,6098.444437
129,18,5747.831362
129,19,5590.335477
129,20,5498.854664
129,23,5471.126398
129,24,5450.383288
129,28,5410.841427
129,30,5364.829854
129,33,5331.949193
129,35,5285.976107
129,37,5257.299809
130,15,6443.175239
130,16,6098.444437
130,18,5747.831362
130,19,5590.335477
130,20,5498.854664
130,23,5471.126398
130,24,5450.383288
130,28,5410.841427
130,30,5364.829854
130,31,5333.442217
130,33,5331.949193
130,35,5285.976107
130,37,5257.299809
131,15,6443.175239
131,16,6098.444437
131,18,5747.831362
131,19,5590.335477
131,20,5498.854664
131,23,5471.126398
131,24,5450.383288
131,28,5410.841427
131,30,5364.829854
131,31,5333.442217
131,33,5331.949193
131,35,5285.976107
131,37,5257.299809
132,15,6443.175239
132,16,6098.444437
132,18,5747.831362
132,19,5590.335477
132,20,5498.854664
132,23,5471.126398
132,24,5450.383288
132,28,5410.317224
132,30,5364.829854
132,31,5333.442217
132,33,5331.949193
132,35,5285.976107
132,37,5257.299809
133,15,6443.175239
133,16,6098.444437
133,18,5747.831362
133,19,5590.335477
133,20,5498.854664
133,21,5486.676575
133,23,5471.126398
133,24,5450.383288
133,28,5410.317224
133,30,5324.281578
133,32,5311.897245
133,35,5285.976107
133,37,5256.477097
134,15,6443.175239
134,16,6096.332090
134,18,5747.831362
134,19,5590.335477
134,20,5498.854664
134,21,5486.676575
134,23,5398.915594
134,30,5324.281578
134,32,5311.897245
134,35,5285.976107
134,37,5256.477097
135,15,6443.175239
135,16,6072.523591
135,18,5681.716285
135,19,5590.335477
135,20,5498.854664
135,21,5486.676575
135,23,5398.915594
135,30,5324.281578
135,32,5311.897245
135,35,5285.976107
135,37,5256.477097
135,39,5251.581859
136,15,6443.175239
136,16,6061.914416
136,18,5640.045745
136,19,5590.335477
136,20,5498.854664
136,21,5486.676575
136,23,5398.915594
136,30,5324.281578
136,32,5311.897245
136,35,5285.976107
136,37,5256.477097
136,39,5251.581859
137,15,6443.175239
137,16,6061.914416
137,17,5983.206372
137,18,5640.045745
137,19,5590.335477
137,20,5498.854664
137,21,5486.676575
137,23,5398.915594
137,30,5324.281578
137,32,5311.897245
137,35,5285.976107
137,37,5256.477097
137,39,5251.581859
138,15,6346.996244
138,16,6061.914416
138,17,5983.206372
138,18,5626.369226
138,19,5590.335477
138,20,5498.854664
138,21,5486.676575
138,23,5394.832064
138,30,5324.281578
138,32,5311.897245
138,35,5285.976107
138,37,5246.032137
139,15,6346.996244
139,16,6061.914416
139,17,5983.206372
139,18,5586.959838
139,20,5498.854664
139,21,5486.676575
139,23,5394.832064
139,30,5324.281578
139,32,5311.897245
139,34,5261.433084
139,37,5246.032137
140,15,6332.058635
140,16,6061.914416
140,17,5829.131697
140,18,5586.959838
140,20,5498.854664
140,21,5486.676575
140,23,5394.832064
140,28,5373.506989
140,30,5324.281578
140,32,5311.897245
140,34,5261.433084
140,37,5246.032137
141,15,6332.058635
141,16,6061.914416
141,17,5829.131697
141,18,5586.959838
141,20,5498.854664
141,21,5486.676575
141,23,5394.832064
141,28,5373.506989
141,29,5345.079701
141,30,5324.281578
141,32,5311.897245
141,34,5261.433084
141,37,5246.032137
142,15,6332.058635
142,16,6061.914416
142,17,5790.208998
142,18,5586.959838
142,20,5498.854664
142,21,5486.676575
142,23,5394.832064
142,28,5373.506989
142,29,5345.079701
142,30,5324.281578
142,32,5311.897245
142,34,5261.433084
142,37,5246.032137
143,15,6293.212310
143,16,6061.914416
143,17,5790.208998
143,18,5573.288707
143,20,5498.854664
143,21,5486.676575
143,23,5394.832064
143,28,5373.506989
143,29,5345.079701
143,30,5324.281578
143,32,5311.897245
143,34,5261.433084
143,37,5246.032137
144,15,6293.212310
144,16,6061.914416
144,17,5790.208998
144,18,5573.288707
144,20,5498.854664
144,21,5486.676575
144,23,5394.832064
144,28,5357.858764
144,29,5345.079701
144,30,5324.281578
144,32,5311.897245
144,34,5261.433084
144,37,5246.032137
145,15,6293.212310
145,16,6061.914416
145,17,5790.208998
145,18,5573.288707
145,20,5498.854664
145,21,5486.676575
145,22,5473.832269
145,23,5394.832064
145,28,5357.858764
145,29,5345.079701
145,30,5324.281578
145,32,5285.588073
145,34,5261.433084
145,37,5246.032137
146,15,6293.212310
146,16,6061.914416
146,17,5790.208998
146,18,5573.288707
146,20,5498.854664
146,21,5486.676575
146,22,5473.832269
146,23,5394.832064
146,26,5360.431299
146,28,5357.858764
146,29,5345.079701
146,30,5324.281578
146,32,5285.588073
146,34,5261.433084
146,37,5246.032137
147,15,6293.212310
147,16,6061.914416
147,17,5790.208998
147,18,5573.288707
147,19,5567.050863
147,20,5451.951544
147,23,5394.832064
147,25,5350.234450
147,29,5345.079701
147,30,5324.281578
147,32,5285.588073
147,34,5261.433084
147,37,5246.032137
148,15,6293.212310
148,16,6061.914416
148,17,5790.208998
148,18,5573.288707
148,19,5536.958402
148,20,5451.951544
148,23,5394.832064
148,25,5345.488583
148,27,5344.756535
148,30,5324.281578
148,32,5285.588073
148,34,5261.433084
148,37,5245.991208
149,15,6293.212310
149,16,6061.914416
149,17,5790.208998
149,18,5573.288707
149,19,5536.958402
149,20,5451.951544
149,23,5394.832064
149,25,5345.488583
149,27,5344.756535
149,30,5324.281578
149,32,5285.588073
149,34,5261.433084
149,37,5245.991208
150,15,6293.212310
150,16,6061.914416
150,17,5790.208998
150,18,5573.288707
150,19,5536.958402
150,20,5451.951544
150,23,5394.832064
150,25,5345.488583
150,27,5344.756535
150,30,5324.281578
150,32,5285.588073
150,34,5261.433084
150,37,5245.991208
151,15,6293.212310
151,16,6061.914416
151,17,5789.553951
151,18,5573.288707
151,19,5536.958402
151,20,5451.951544
151,23,5394.832064
151,25,5345.488583
151,27,5344.756535
151,30,5324.281578
151,32,5285.588073
151,34,5261.433084
151,37,5245.991208
152,15,6293.212310
152,16,6061.914416
152,17,5783.212186
152,18,5573.288707
152,19,5536.958402
152,20,5451.951544
152,23,5394.832064
152,25,5345.488583
152,27,5344.756535
152,30,5324.281578
152,32,5285.588073
152,33,5240.834231
153,15,6293.212310
153,16,6061.547594
153,17,5745.551998
153,18,5570.198505
153,19,5532.909672
153,20,5439.647504
153,22,5430.247340
153,23,5394.832064
153,25,5345.488583
153,27,5333.379060
153,30,5312.105022
153,32,5285.588073
153,33,5237.452638
154,15,6185.852990
154,16,6061.547594
154,17,5745.551998
154,18,5570.198505
154,19,5532.909672
154,20,5406.252969
154,23,5394.832064
154,25,5345.488583
154,27,5333.379060
154,30,5312.105022
154,32,5285.588073
154,33,5237.452638
155,15,6185.852990
155,16,6061.547594
155,17,5745.551998
155,18,5570.198505
155,19,5525.937142
155,20,5406.252969
155,23,5394.620539
155,25,5345.488583
155,27,5333.379060
155,30,5312.105022
155,32,5285.588073
155,33,5237.452638
156,15,6185.852990
156,16,6061.547594
156,17,5745.551998
156,18,5570.198505
156,19,5514.896243
156,20,5406.252969
156,23,5378.231258
156,25,5345.488583
156,27,5333.379060
156,30,5312.105022
156,32,5285.588073
156,33,5237.452638
157,15,6185.852990
157,16,6061.547594
157,17,5745.551998
157,18,5570.198505
157,19,5514.896243
157,20,5406.252969
157,23,5378.231258
157,24,5333.316474
157,30,5312.105022
157,32,5285.588073
157,33,5237.452638
158,15,6135.816869
158,16,6061.547594
158,17,5713.917318
158,18,5570.198505
158,19,5514.896243
158,20,5406.252969
158,23,5360.701130
158,24,5318.440142
158,30,5312.105022
158,32,5285.588073
158,33,5237.197422
159,15,6135.816869
159,16,6061.547594
159,17,5713.917318
159,18,5570.198505
159,19,5514.896243
159,20,5406.252969
159,23,5360.701130
159,24,5318.440142
159,30,5312.105022
159,32,5285.588073
159,33,5237.197422
160,15,6135.816869
160,16,6038.409133
160,17,5713.917318
160,18,5570.198505
160,19,5514.896243
160,20,5406.252969
160,23,5360.701130
160,24,5318.440142
160,30,5312.105022
160,32,5285.588073
160,33,5237.197422
161,15,6135.816869
161,16,6038.409133
161,17,5713.917318
161,18,5570.198505
161,19,5471.749042
161,20,5406.252969
161,23,5360.701130
161,24,5318.440142
161,30,5312.105022
161,32,5285.588073
161,33,5237.197422
162,15,6135.816869
162,16,5956.346307
162,17,5713.917318
162,18,5570.198505
162,19,5471.749042
162,20,5406.252969
162,23,5360.701130
162,24,5318.440142
162,30,5312.105022
162,31,5305.651370
162,32,5285.588073
162,33,5237.197422
162,37,5236.495549
163,15,6135.816869
163,16,5956.346307
163,17,5713.917318
163,18,5556.471707
163,19,5471.749042
163,20,5406.252969
163,23,5360.701130
163,24,5316.351010
163,30,5290.612408
163,32,5285.588073
163,33,5237.197422
163,37,5236.495549
164,15,6135.816869
164,16,5956.346307
164,17,5713.917318
164,18,5532.369575
164,19,5471.749042
164,20,5406.252969
164,23,5360.701130
164,24,5316.351010
164,30,5290.612408
164,32,5245.552085
164,33,5237.197422
164,37,5236.495549
165,15,6097.861672
165,16,5956.346307
165,17,5713.917318
165,18,5500.531715
165,19,5471.749042
165,20,5406.252969
165,22,5391.270385
165,23,5360.701130
165,24,5316.351010
165,27,5301.311868
165,30,5290.612408
165,32,5245.552085
165,33,5237.197422
165,35,5235.840476
166,15,6097.861672
166,16,5956.346307
166,17,5713.917318
166,18,5500.531715
166,19,5471.749042
166,20,5406.252969
166,22,5375.039302
166,23,5360.701130
166,24,5316.351010
166,27,5301.311868
166,30,5290.612408
166,32,5245.552085
166,33,5237.197422
166,35,5235.840476
167,15,6097.861672
167,16,5956.346307
167,17,5713.917318
167,18,5500.531715
167,19,5471.749042
167,20,5406.252969
167,22,5375.039302
167,23,5360.701130
167,24,5316.351010
167,27,5301.311868
167,30,5290.612408
167,32,5245.552085
167,33,5237.197422
167,34,5233.283166
168,15,6097.861672
168,16,5956.346307
168,17,5713.917318
168,18,5500.531715
168,19,5450.715923
168,20,5406.252969
168,22,5375.039302
168,23,5360.701130
168,24,5316.351010
168,27,5301.311868
168,29,5286.343619
168,32,5245.511156
168,33,5237.197422
168,34,5233.283166
169,15,6097.861672
169,16,5956.346307
169,17,5713.917318
169,18,5467.414606
169,19,5450.715923
169,20,5406.252969
169,22,5375.039302
169,23,5360.701130
169,24,5316.351010
169,27,5301.311868
169,29,5286.343619
169,32,5245.511156
169,33,5237.197422
169,34,5233.283166
170,15,6097.861672
170,16,5956.346307
170,17,5713.917318
170,18,5467.414606
170,19,5450.715923
170,20,5406.252969
170,22,5350.445690
170,24,5316.351010
170,27,5301.311868
170,29,5286.343619
170,32,5245.511156
170,33,5237.197422
170,34,5226.499690
171,15,6097.861672
171,16,5956.346307
171,17,5713.917318
171,18,5467.414606
171,19,5450.715923
171,20,5406.252969
171,22,5350.445690
171,24,5316.351010
171,27,5301.311868
171,29,5286.343619
171,32,5245.511156
171,33,5212.650972
172,15,6035.136983
172,16,5956.346307
172,17,5713.917318
172,18,5467.414606
172,19,5450.715923
172,20,5406.252969
172,22,5350.445690
172,24,5316.351010
172,27,5301.311868
172,29,5286.343619
172,32,5240.982311
172,33,5212.650972
173,15,6035.136983
173,16,5956.346307
173,17,5713.917318
173,18,5467.414606
173,19,5429.715802
173,20,5406.252969
173,22,5350.445690
173,24,5316.351010
173,27,5301.311868
173,28,5258.797273
173,32,5240.982311
173,33,5212.650972
173,34,5195.851780
174,15,6035.136983
174,16,5936.850653
174,17,5713.917318
174,18,5467.414606
174,19,5429.715802
174,20,5406.252969
174,22,5350.445690
174,24,5316.351010
174,27,5301.311868
174,28,5258.797273
174,32,5240.982311
174,33,5212.650972
174,34,5195.851780
175,15,6035.136983
175,16,5936.850653
175,17,5713.917318
175,18,5467.414606
175,19,5429.715802
175,20,5406.252969
175,22,5350.445690
175,24,5316.351010
175,27,5301.311868
175,28,5258.797273
175,32,5240.982311
175,33,5212.650972
175,34,5195.851780
176,15,6035.136983
176,16,5936.850653
176,17,5713.917318
176,18,5467.414606
176,19,5429.715802
176,20,5406.252969
176,22,5350.445690
176,24,5316.351010
176,27,5301.311868
176,28,5258.797273
176,31,5227.767959
176,33,5212.650972
176,34,5195.851780
177,15,6035.136983
177,16,5936.850653
177,17,5713.917318
177,18,5467.414606
177,19,5429.715802
177,20,5406.252969
177,22,5350.445690
177,24,5316.351010
177,27,5301.311868
177,28,5258.797273
177,31,5227.767959
177,33,5212.650972
177,34,5195.851780
178,15,5960.223034
178,16,5936.850653
178,17,5713.917318
178,18,5467.414606
178,19,5429.715802
178,20,5406.252969
178,22,5350.445690
178,24,5316.351010
178,25,5307.067175
178,27,5301.311868
178,28,5258.797273
178,30,5241.207418
178,31,5227.767959
178,33,5212.650972
178,34,5195.284660
179,15,5960.223034
179,16,5936.850653
179,17,5713.917318
179,18,5467.414606
179,19,5429.715802
179,20,5406.252969
179,21,5404.021079
179,22,5350.445690
179,24,5316.351010
179,25,5307.067175
179,27,5301.311868
179,28,5258.797273
179,30,5241.207418
179,31,5227.767959
179,33,5212.650972
179,34,5195.284660
180,15,5960.223034
180,16,5936.850653
180,17,5713.917318
180,18,5467.414606
180,19,5429.715802
180,20,5376.597398
180,22,5350.445690
180,24,5316.351010
180,25,5307.067175
180,27,5301.311868
180,28,5258.039747
180,30,5241.207418
180,31,5227.767959
180,33,5212.650972
180,34,5195.284660
181,15,5960.223034
181,16,5936.850653
181,17,5713.917318
181,18,5436.834619
181,19,5429.715802
181,20,5376.597398
181,22,5350.445690
181,24,5316.351010
181,25,5307.067175
181,26,5283.496435
181,28,5258.039747
181,30,5241.207418
181,31,5227.767959
181,33,5212.650972
181,34,5195.284660
182,15,5960.223034
182,16,5936.850653
182,17,5713.917318
182,18,5436.834619
182,19,5429.715802
182,20,5376.597398
182,21,5345.227415
182,24,5316.351010
182,25,5307.067175
182,26,5283.496435
182,28,5258.039747
182,30,5241.207418
182,31,5227.767959
182,33,5212.650972
182,34,5195.284660
183,15,5960.223034
183,16,5905.152223
183,17,5713.917318
183,18,5436.834619
183,19,5429.715802
183,20,5376.597398
183,21,5345.227415
183,24,5316.351010
183,25,5306.902244
183,26,5283.496435
183,28,5258.039747
183,30,5241.207418
183,31,5224.506288
183,33,5210.570637
183,34,5195.284660
184,15,5960.223034
184,16,5905.152223
184,17,5713.917318
184,18,5436.834619
184,19,5429.715802
184,20,5376.597398
184,21,5345.227415
184,24,5316.351010
184,25,5306.902244
184,26,5283.496435
184,27,5262.333850
184,28,5258.039747
184,30,5241.207418
184,31,5224.506288
184,33,5205.786288
184,34,5195.284660
185,15,5960.223034
185,16,5905.152223
185,17,5713.917318
185,18,5436.834619
185,19,5380.404670
185,20,5376.597398
185,21,5345.227415
185,24,5316.351010
185,25,5306.902244
185,26,5283.496435
185,27,5262.333850
185,28,5258.039747
185,30,5241.207418
185,31,5224.506288
185,32,5178.461236
186,15,5960.223034
186,16,5905.152223
186,17,5713.917318
186,18,5436.834619
186,19,5380.404670
186,20,5376.597398
186,21,5345.227415
186,24,5316.351010
186,25,5300.672097
186,26,5283.496435
186,27,5262.333850
186,28,5258.039747
186,30,5241.207418
186,31,5224.506288
186,32,5178.461236
187,15,5960.223034
187,16,5905.152223
187,17,5713.917318
187,18,5436.834619
187,19,5380.404670
187,20,5376.597398
187,21,5345.227415
187,24,5316.351010
187,25,5300.672097
187,26,5283.496435
187,27,5262.333850
187,28,5258.039747
187,30,5241.207418
187,31,5224.506288
187,32,5178.461236
188,15,5960.223034
188,16,5905.152223
188,17,5713.917318
188,18,5436.834619
188,19,5380.404670
188,20,5376.597398
188,21,5345.227415
188,24,5316.351010
188,25,5300.672097
188,26,5283.496435
188,27,5262.333850
188,28,5258.039747
188,30,5241.207418
188,31,5224.506288
188,32,5178.461236
189,15,5960.223034
189,16,5905.152223
189,17,5713.917318
189,18,5436.834619
189,19,5380.404670
189,20,5376.597398
189,21,5345.227415
189,24,5316.351010
189,25,5300.672097
189,26,5283.496435
189,27,5262.333850
189,28,5258.039747
189,30,5241.207418
189,31,5224.506288
189,32,5178.461236
190,15,5960.223034
190,16,5905.152223
190,17,5692.988654
190,18,5436.834619
190,19,5380.404670
190,20,5376.597398
190,21,5345.227415
190,22,5318.472609
190,24,5316.351010
190,25,5300.672097
190,26,5283.496435
190,27,5262.333850
190,28,5258.039747
190,30,5241.207418
190,31,5224.506288
190,32,5178.461236
191,15,5960.223034
191,16,5905.152223
191,17,5692.988654
191,18,5436.834619
191,19,5380.404670
191,20,5376.597398
191,21,5345.227415
191,22,5318.472609
191,24,5316.351010
191,25,5300.672097
191,26,5283.496435
191,27,5262.333850
191,28,5258.039747
191,30,5241.207418
191,31,5224.506288
191,32,5165.997272
192,15,5960.223034
192,16,5905.152223
192,17,5692.988654
192,18,5436.834619
192,19,5380.404670
192,20,5376.597398
192,21,5345.227415
192,22,5318.472609
192,23,5306.982941
192,24,5298.855871
192,26,5283.496435
192,27,5262.333850
192,28,5258.039747
192,30,5241.207418
192,31,5224.506288
192,32,5165.997272
193,15,5960.223034
193,16,5905.152223
193,17,5692.988654
193,18,5436.834619
193,19,5380.404670
193,20,5376.597398
193,21,5345.227415
193,22,5318.472609
193,23,5306.982941
193,24,5298.855871
193,26,5283.496435
193,27,5262.333850
193,28,5254.674644
193,30,5241.207418
193,31,5224.506288
193,32,5165.997272
194,15,5960.223034
194,16,5897.998596
194,17,5692.988654
194,18,5436.834619
194,19,5369.467460
194,21,5345.227415
194,22,5318.472609
194,23,5306.982941
194,24,5298.855871
194,26,5283.496435
194,27,5262.333850
194,28,5254.674644
194,30,5241.207418
194,31,5224.506288
194,32,5165.997272
195,15,5960.223034
195,16,5897.998596
195,17,5692.988654
195,18,5436.834619
195,19,5369.467460
195,21,5345.227415
195,22,5318.472609
195,23,5306.982941
195,24,5298.855871
195,26,5283.496435
195,27,5262.333850
195,28,5254.674644
195,30,5241.207418
195,31,5224.506288
195,32,5165.997272
196,15,5960.223034
196,16,5897.998596
196,17,5684.932455
196,18,5436.834619
196,19,5369.467460
196,21,5345.227415
196,22,5318.472609
196,23,5306.982941
196,24,5298.855871
196,26,5283.496435
196,27,5262.333850
196,28,5254.674644
196,30,5241.207418
196,31,5224.506288
196,32,5165.997272
197,15,5960.223034
197,16,5897.998596
197,17,5660.155186
197,18,5436.834619
197,19,5369.467460
197,21,5345.227415
197,22,5318.472609
197,23,5306.982941
197,24,5298.855871
197,26,5283.496435
197,27,5262.333850
197,28,5254.674644
197,30,5241.207418
197,31,5224.506288
197,32,5165.997272
198,15,5960.223034
198,16,5897.998596
198,17,5660.155186
198,18,5436.834619
198,19,5369.467460
198,21,5319.065078
198,22,5318.472609
198,23,5301.984088
198,24,5298.855871
198,26,5283.496435
198,27,5262.333850
198,28,5254.674644
198,30,5241.207418
198,31,5224.506288
198,32,5165.997272
199,15,5960.223034
199,16,5897.998596
199,17,5660.155186
199,18,5421.079404
199,19,5369.467460
199,21,5319.065078
199,22,5318.472609
199,23,5301.984088
199,24,5298.855871
199,26,5283.496435
199,27,5262.333850
199,28,5254.674644
199,30,5241.207418
199,31,5209.227869
199,32,5165.997272
200,15,5960.223034
200,16,5897.998596
200,17,5660.155186
200,18,5421.079404
200,19,5369.467460
200,21,5319.065078
200,22,5318.472609
200,23,5301.984088
200,24,5298.855871
200,26,5283.496435
200,27,5262.333850
200,28,5254.674644
200,29,5245.422727
200,30,5241.207418
200,31,5209.227869
200,32,5165.997272
201,15,5960.223034
201,16,5897.998596
201,17,5660.155186
201,18,5390.442628
201,19,5369.467460
201,21,5319.065078
201,22,5318.472609
201,23,5285.877391
201,26,5249.846560
201,29,5245.422727
201,30,5241.207418
201,31,5209.227869
201,32,5165.997272
201,35,5164.760392
202,15,5960.223034
202,16,5897.998596
202,17,5660.155186
202,18,5390.442628
202,19,5369.467460
202,21,5319.065078
202,22,5318.472609
202,23,5280.607569
202,26,5249.846560
202,28,5241.371771
202,30,5241.207418
202,31,5209.227869
202,32,5165.997272
202,35,5164.760392
203,15,5960.223034
203,16,5897.998596
203,17,5628.344149
203,18,5390.442628
203,19,5369.379124
203,21,5319.065078
203,22,5318.472609
203,23,5280.607569
203,26,5249.846560
203,28,5241.371771
203,29,5208.995869
203,32,5165.997272
203,35,5164.760392
204,15,5960.223034
204,16,5886.992508
204,17,5628.344149
204,18,5390.442628
204,19,5369.379124
204,21,5319.065078
204,22,5318.472609
204,23,5280.607569
204,25,5271.330626
204,26,5249.846560
204,28,5241.371771
204,29,5208.995869
204,32,5165.997272
204,35,5164.760392
205,15,5960.223034
205,16,5880.053156
205,17,5628.344149
205,18,5390.442628
205,19,5369.379124
205,21,5319.065078
205,22,5318.472609
205,23,5268.858122
205,26,5249.846560
205,28,5241.371771
205,29,5208.995869
205,32,5165.997272
205,35,5164.760392
206,15,5960.223034
206,16,5866.548044
206,17,5628.344149
206,18,5390.442628
206,19,5369.379124
206,21,5319.065078
206,22,5305.970072
206,23,5268.858122
206,25,5260.050180
206,26,5249.846560
206,28,5241.371771
206,29,5208.995869
206,32,5165.997272
206,35,5164.760392
207,15,5960.223034
207,16,5866.548044
207,17,5628.344149
207,18,5390.442628
207,19,5369.379124
207,21,5319.065078
207,22,5305.970072
207,23,5268.858122
207,25,5260.050180
207,26,5249.846560
207,28,5241.371771
207,29,5208.995869
207,32,5165.997272
207,35,5164.760392
208,15,5960.223034
208,16,5866.548044
208,17,5628.344149
208,18,5390.442628
208,19,5354.392851
208,21,5319.065078
208,22,5305.970072
208,23,5263.045360
208,25,5242.873672
208,28,5241.371771
208,29,5208.873208
208,32,5165.997272
208,35,5164.760392
209,15,5903.532994
209,16,5809.144228
209,17,5628.344149
209,18,5332.313779
209,21,5319.065078
209,22,5305.970072
209,23,5263.045360
209,25,5242.873672
209,28,5241.371771
209,29,5208.873208
209,32,5165.997272
209,35,5164.760392
210,15,5903.532994
210,16,5809.144228
210,17,5628.344149
210,18,5332.313779
210,21,5319.065078
210,22,5305.970072
210,23,5263.045360
210,25,5242.873672
210,28,5241.371771
210,29,5208.873208
210,32,5165.997272
210,35,5164.760392
211,15,5903.532994
211,16,5809.144228
211,17,5628.344149
211,18,5332.313779
211,21,5319.065078
211,22,5305.970072
211,23,5263.045360
211,25,5242.873672
211,28,5190.241077
211,32,5165.997272
211,35,5164.760392
212,15,5887.962240
212,16,5778.158272
212,17,5628.344149
212,18,5332.313779
212,21,5319.065078
212,22,5305.970072
212,23,5263.045360
212,25,5242.873672
212,28,5190.241077
212,32,5165.997272
212,35,5164.760392
213,15,5887.962240
213,16,5746.609589
213,17,5582.869807
213,18,5332.313779
213,21,5319.065078
213,22,5305.970072
213,23,5263.045360
213,25,5242.873672
213,28,5186.588437
213,32,5165.997272
213,35,5164.760392
214,15,5887.962240
214,16,5746.609589
214,17,5582.869807
214,18,5332.313779
214,21,5319.065078
214,22,5305.970072
214,23,5263.045360
214,25,5242.873672
214,28,5186.588437
214,32,5165.997272
214,35,5164.760392
215,15,5887.962240
215,16,5746.609589
215,17,5582.869807
215,18,5332.313779
215,21,5319.065078
215,22,5264.883973
215,23,5263.045360
215,25,5242.873672
215,26,5238.447231
215,28,5186.588437
215,31,5180.137485
215,32,5165.997272
215,35,5164.760392
216,15,5887.962240
216,16,5746.609589
216,17,5582.869807
216,18,5332.313779
216,21,5295.065144
216,22,5264.883973
216,23,5263.045360
216,25,5242.873672
216,26,5238.447231
216,28,5186.588437
216,31,5180.137485
216,32,5165.997272
216,35,5164.760392
217,15,5887.962240
217,16,5746.609589
217,17,5579.516803
217,18,5332.313779
217,21,5295.065144
217,22,5264.883973
217,23,5258.069236
217,25,5242.873672
217,26,5238.447231
217,28,5186.588437
217,31,5180.137485
217,32,5165.997272
217,35,5164.760392
218,15,5887.962240
218,16,5678.808824
218,17,5494.913058
218,18,5332.313779
218,21,5295.065144
218,22,5264.122248
218,23,5258.069236
218,25,5232.312538
218,28,5186.299824
218,31,5175.766791
218,32,5165.997272
218,35,5164.760392
219,15,5875.661828
219,16,5678.808824
219,17,5494.913058
219,18,5302.976226
219,21,5295.065144
219,22,5264.122248
219,23,5258.069236
219,24,5257.398097
219,25,5232.312538
219,28,5186.299824
219,31,5175.766791
219,32,5165.997272
219,35,5164.760392
220,15,5875.661828
220,16,5678.808824
220,17,5494.913058
220,18,5302.976226
220,21,5295.065144
220,22,5264.122248
220,23,5243.114772
220,25,5232.312538
220,28,5186.299824
220,31,5175.766791
220,32,5165.997272
220,35,5164.760392
221,15,5875.661828
221,16,5678.808824
221,17,5494.913058
221,18,5302.976226
221,21,5295.065144
221,22,5264.122248
221,23,5243.114772
221,25,5232.312538
221,28,5186.299824
221,31,5175.766791
221,32,5165.997272
221,35,5164.760392
222,15,5875.661828
222,16,5678.808824
222,17,5494.913058
222,18,5302.976226
222,21,5295.065144
222,22,5257.731908
222,23,5243.114772
222,25,5232.312538
222,28,5186.299824
222,31,5175.766791
222,32,5165.997272
222,35,5164.760392
223,15,5875.661828
223,16,5668.318487
223,17,5494.913058
223,18,5302.976226
223,21,5295.065144
223,22,5257.731908
223,23,5243.114772
223,25,5232.312538
223,28,5186.299824
223,31,5175.766791
223,32,5165.997272
223,35,5164.760392
224,15,5861.724781
224,16,5668.318487
224,17,5452.608204
224,18,5302.976226
224,19,5301.577620
224,21,5295.065144
224,22,5257.731908
224,23,5243.114772
224,25,5232.312538
224,28,5186.299824
224,30,5182.907320
224,31,5175.766791
224,32,5165.997272
224,35,5164.760392
225,15,5823.443076
225,16,5668.318487
225,17,5452.608204
225,18,5302.976226
225,19,5301.577620
225,21,5295.065144
225,22,5257.731908
225,23,5243.114772
225,25,5232.312538
225,28,5186.299824
225,29,5182.450061
225,31,5175.766791
225,32,5165.997272
225,35,5164.760392
226,15,5823.443076
226,16,5668.318487
226,17,5437.220225
226,18,5302.976226
226,19,5301.577620
226,21,5295.065144
226,22,5257.731908
226,23,5243.114772
226,25,5232.312538
226,28,5186.299824
226,29,5182.450061
226,31,5175.766791
226,32,5165.997272
226,35,5164.760392
227,15,5823.443076
227,16,5668.318487
227,17,5437.220225
227,18,5302.976226
227,19,5301.577620
227,21,5295.065144
227,22,5257.731908
227,23,5243.114772
227,25,5232.312538
227,28,5186.299824
227,29,5182.450061
227,31,5175.766791
227,32,5165.997272
227,35,5164.760392
228,15,5823.443076
228,16,5668.318487
228,17,5437.220225
228,18,5302.976226
228,19,5283.976792
228,22,5257.731908
228,23,5233.576452
228,25,5219.733631
228,28,5186.299824
228,29,5182.450061
228,30,5175.093636
228,32,5164.958832
228,35,5163.973620
229,15,5823.443076
229,16,5668.318487
229,17,5437.220225
229,18,5281.319798
229,22,5257.731908
229,23,5233.576452
229,25,5212.003349
229,28,5186.299824
229,29,5182.450061
229,30,5175.093636
229,32,5164.958832
229,35,5163.973620
230,14,6155.741526
230,15,5815.805281
230,16,5668.318487
230,17,5437.220225
230,18,5281.319798
230,22,5257.731908
230,23,5233.576452
230,25,5212.003349
230,28,5186.299824
230,29,5182.450061
230,30,5175.093636
230,32,5164.958832
230,35,5163.973620
231,14,6155.741526
231,15,5815.805281
231,16,5668.318487
231,17,5437.220225
231,18,5281.319798
231,22,5257.731908
231,23,5233.576452
231,25,5193.481864
231,28,5186.299824
231,29,5182.450061
231,30,5175.093636
231,32,5164.958832
231,35,5163.973620
232,14,6155.741526
232,15,5815.805281
232,16,5668.318487
232,17,5429.294219
232,18,5281.319798
232,19,5277.297228
232,22,5257.731908
232,23,5233.576452
232,25,5193.481864
232,28,5186.299824
232,29,5182.450061
232,30,5175.093636
232,32,5164.958832
232,35,5163.973620
233,14,6155.741526
233,15,5815.805281
233,16,5668.318487
233,17,5429.294219
233,18,5281.319798
233,19,5277.297228
233,22,5257.731908
233,23,5233.576452
233,25,5193.481864
233,28,5186.299824
233,29,5182.450061
233,30,5175.093636
233,32,5164.958832
233,35,5163.973620
234,14,6155.741526
234,15,5815.805281
234,16,5668.318487
234,17,5429.294219
234,18,5281.319798
234,19,5277.297228
234,22,5257.731908
234,23,5233.576452
234,25,5193.481864
234,28,5186.299824
234,29,5182.450061
234,30,5175.093636
234,32,5164.958832
234,35,5163.973620
235,14,6125.567486
235,15,5815.805281
235,16,5668.318487
235,17,5429.294219
235,18,5281.319798
235,19,5277.297228
235,22,5252.982517
235,23,5233.576452
235,25,5193.481864
235,27,5178.144293
235,30,5175.093636
235,32,5164.958832
235,35,5163.973620
236,14,6125.567486
236,15,5815.805281
236,16,5668.318487
236,17,5429.294219
236,18,5261.511200
236,21,5252.860063
236,23,5233.576452
236,25,5193.481864
236,27,5178.144293
236,30,5175.093636
236,32,5164.958832
236,35,5163.973620
237,14,6125.567486
237,15,5815.805281
237,16,5668.318487
237,17,5419.488024
237,18,5261.511200
237,21,5252.860063
237,23,5233.576452
237,25,5193.481864
237,27,5178.144293
237,30,5175.093636
237,32,5164.958832
237,35,5163.973620
238,14,6125.567486
238,15,5815.805281
238,16,5668.318487
238,17,5419.488024
238,18,5261.511200
238,21,5245.373027
238,23,5233.576452
238,25,5193.481864
238,27,5178.144293
238,30,5175.093636
238,32,5164.958832
238,35,5163.973620
239,14,6125.567486
239,15,5815.805281
239,16,5668.318487
239,17,5419.488024
239,18,5261.511200
239,21,5245.373027
239,22,5226.024654
239,25,5193.481864
239,27,5178.144293
239,30,5175.093636
239,32,5164.958832
239,35,5163.973620
240,14,6125.567486
240,15,5815.805281
240,16,5668.318487
240,17,5419.488024
240,18,5261.511200
240,21,5245.373027
240,22,5226.024654
240,25,5193.481864
240,27,5178.144293
240,30,5175.093636
240,32,5164.958832
240,35,5163.973620
241,14,6125.567486
241,15,5815.805281
241,16,5668.318487
241,17,5417.113800
241,18,5261.511200
241,21,5245.373027
241,22,5226.024654
241,25,5193.481864
241,27,5178.144293
241,30,5175.093636
241,32,5164.958832
241,35,5163.973620
242,14,6125.567486
242,15,5815.805281
242,16,5668.318487
242,17,5417.113800
242,18,5261.511200
242,21,5245.373027
242,22,5226.024654
242,25,5193.481864
242,27,5178.144293
242,30,5175.093636
242,32,5164.958832
242,35,5163.973620
243,14,5928.117697
243,15,5815.805281
243,16,5668.318487
243,17,5417.113800
243,18,5261.511200
243,21,5245.373027
243,22,5226.024654
243,25,5193.481864
243,27,5178.144293
243,30,5175.093636
243,32,5164.958832
243,35,5163.973620
244,14,5928.117697
244,15,5815.805281
244,16,5668.318487
244,17,5417.113800
244,18,5261.511200
244,21,5245.373027
244,22,5226.024654
244,25,5193.481864
244,27,5178.144293
244,30,5175.093636
244,32,5164.958832
244,35,5163.973620
245,14,5928.117697
245,15,5815.805281
245,16,5668.318487
245,17,5417.113800
245,18,5261.511200
245,21,5245.373027
245,22,5226.024654
245,25,5193.481864
245,27,5178.144293
245,30,5175.093636
245,32,5164.958832
245,35,5157.276274
246,14,5928.117697
246,15,5815.805281
246,16,5668.318487
246,17,5417.113800
246,18,5261.511200
246,21,5241.821101
246,22,5221.279093
246,25,5193.481864
246,27,5178.144293
246,30,5175.093636
246,32,5164.958832
246,35,5150.854597
247,14,5928.117697
247,15,5776.943770
247,16,5668.318487
247,17,5417.113800
247,18,5261.511200
247,21,5241.821101
247,22,5221.279093
247,25,5193.481864
247,27,5178.144293
247,30,5175.093636
247,32,5164.958832
247,35,5150.854597
248,14,5928.117697
248,15,5776.943770
248,16,5668.318487
248,17,5417.113800
248,18,5261.511200
248,21,5241.821101
248,22,5221.279093
248,25,5193.481864
248,27,5178.144293
248,30,5175.093636
248,32,5164.958832
248,35,5150.854597
249,13,6236.483863
249,14,5928.117697
249,15,5776.943770
249,16,5668.318487
249,17,5417.113800
249,18,5261.511200
249,21,5241.821101
249,22,5221.279093
249,25,5193.481864
249,27,5178.144293
249,30,5175.093636
249,32,5164.958832
249,35,5150.854597
250,13,6236.483863
250,14,5868.040499
250,15,5776.943770
250,16,5668.318487
250,17,5378.646142
250,18,5261.511200
250,21,5241.821101
250,22,5221.279093
250,25,5193.481864
250,27,5178.144293
250,28,5155.684187
250,35,5150.854597
251,13,6236.483863
251,14,5868.040499
251,15,5776.943770
251,16,5640.282053
251,17,5378.646142
251,18,5261.511200
251,19,5247.830558
251,21,5241.821101
251,22,5221.279093
251,25,5193.157110
251,27,5178.144293
251,28,5155.684187
251,35,5150.854597
252,13,6236.483863
252,14,5868.040499
252,15,5776.943770
252,16,5613.607360
252,17,5378.646142
252,18,5261.511200
252,19,5247.830558
252,21,5241.821101
252,22,5221.279093
252,25,5193.157110
252,27,5178.144293
252,28,5155.684187
252,35,5150.854597
253,13,6236.483863
253,14,5868.040499
253,15,5776.943770
253,16,5613.607360
253,17,5378.646142
253,18,5261.511200
253,19,5247.830558
253,21,5241.821101
253,22,5221.279093
253,25,5193.157110
253,27,5178.144293
253,28,5155.684187
253,35,5150.854597
254,13,6236.483863
254,14,5868.040499
254,15,5776.943770
254,16,5613.607360
254,17,5378.646142
254,18,5261.511200
254,19,5247.830558
254,21,5241.821101
254,22,5221.279093
254,25,5193.157110
254,27,5178.144293
254,28,5155.684187
254,35,5150.854597
255,13,6236.483863
255,14,5868.040499
255,15,5776.943770
255,16,5613.607360
255,17,5378.646142
255,18,5261.511200
255,19,5247.830558
255,21,5241.821101
255,22,5221.279093
255,24,5208.059291
255,25,5193.157110
255,27,5178.144293
255,28,5155.684187
255,35,5150.854597
256,13,6236.483863
256,14,5868.040499
256,15,5776.943770
256,16,5613.607360
256,17,5378.646142
256,18,5261.511200
256,19,5247.830558
256,21,5239.240614
256,22,5221.279093
256,24,5208.059291
256,25,5193.157110
256,27,5176.139969
256,28,5155.684187
256,33,5140.933508
257,13,6236.483863
257,14,5868.040499
257,15,5776.943770
257,16,5613.607360
257,17,5378.646142
257,18,5261.511200
257,19,5247.830558
257,21,5239.240614
257,22,5221.279093
257,23,5208.434377
257,24,5208.059291
257,25,5193.157110
257,27,5176.139969
257,28,5155.684187
257,33,5140.933508
258,13,6236.483863
258,14,5868.040499
258,15,5776.943770
258,16,5613.607360
258,17,5378.646142
258,18,5261.511200
258,19,5247.830558
258,21,5239.240614
258,22,5221.279093
258,23,5208.434377
258,24,5208.059291
258,25,5193.157110
258,27,5176.139969
258,28,5155.684187
258,33,5140.933508
259,13,6122.347200
259,14,5868.040499
259,15,5776.943770
259,16,5613.607360
259,17,5378.646142
259,18,5261.511200
259,19,5247.830558
259,21,5239.240614
259,22,5221.279093
259,23,5208.434377
259,24,5208.059291
259,25,5193.157110
259,27,5176.139969
259,28,5155.684187
259,33,5140.933508
260,13,6122.347200
260,14,5868.040499
260,15,5776.943770
260,16,5613.607360
260,17,5378.646142
260,18,5261.511200
260,19,5247.830558
260,21,5239.240614
260,22,5221.279093
260,23,5208.434377
260,24,5208.059291
260,25,5193.157110
260,27,5176.139969
260,28,5155.684187
260,33,5140.933508
261,13,6122.347200
261,14,5868.040499
261,15,5752.491499
261,16,5613.607360
261,17,5378.646142
261,18,5258.103136
261,19,5247.830558
261,21,5209.073095
261,23,5206.305478
261,25,5193.157110
261,27,5176.139969
261,28,5155.123094
261,33,5140.933508
262,13,6122.347200
262,14,5868.040499
262,15,5752.491499
262,16,5613.607360
262,17,5378.646142
262,18,5258.103136
262,19,5247.830558
262,21,5209.073095
262,23,5206.305478
262,25,5193.157110
262,27,5176.139969
262,28,5155.123094
262,33,5140.933508
263,13,6122.347200
263,14,5868.040499
263,15,5752.491499
263,16,5613.607360
263,17,5378.646142
263,18,5258.103136
263,19,5247.830558
263,21,5209.073095
263,23,5206.305478
263,25,5193.157110
263,27,5176.139969
263,28,5155.123094
263,33,5140.933508
264,13,6122.347200
264,14,5859.759847
264,15,5725.202081
264,16,5613.607360
264,17,5378.646142
264,18,5258.103136
264,19,5236.236509
264,21,5209.073095
264,23,5206.305478
264,25,5193.157110
264,27,5176.139969
264,28,5155.123094
264,33,5140.933508
265,13,6122.347200
265,14,5859.759847
265,15,5725.202081
265,16,5613.607360
265,17,5378.646142
265,18,5258.103136
265,19,5236.236509
265,21,5209.073095
265,23,5206.305478
265,25,5193.157110
265,27,5176.139969
265,28,5155.123094
265,33,5140.933508
266,13,6122.347200
266,14,5859.759847
266,15,5688.664245
266,16,5613.607360
266,17,5367.273156
266,18,5258.103136
266,19,5236.236509
266,21,5209.073095
266,23,5206.305478
266,25,5193.157110
266,27,5170.920307
266,28,5155.123094
266,33,5140.933508
267,13,6051.477202
267,14,5859.759847
267,15,5688.664245
267,16,5613.607360
267,17,5367.273156
267,18,5258.103136
267,19,5236.236509
267,21,5209.073095
267,23,5206.305478
267,25,5193.157110
267,27,5170.920307
267,28,5155.123094
267,30,5146.337356
267,33,5140.933508
268,13,6051.477202
268,14,5859.759847
268,15,5688.664245
268,16,5573.247988
268,17,5367.273156
268,18,5258.103136
268,19,5236.236509
268,21,5209.073095
268,23,5206.305478
268,25,5193.157110
268,27,5170.920307
268,28,5155.123094
268,30,5146.337356
268,33,5140.933508
269,13,6037.823595
269,14,5859.759847
269,15,5653.474209
269,16,5573.247988
269,17,5367.273156
269,18,5258.103136
269,19,5236.236509
269,21,5209.073095
269,23,5206.305478
269,25,5193.157110
269,27,5170.920307
269,28,5155.123094
269,30,5146.337356
269,33,5140.933508
270,13,6037.823595
270,14,5859.759847
270,15,5653.474209
270,16,5573.247988
270,17,5367.273156
270,18,5235.334543
270,21,5209.073095
270,23,5206.305478
270,25,5193.157110
270,27,5170.920307
270,28,5155.123094
270,30,5146.337356
270,33,5140.933508
271,13,6037.823595
271,14,5859.759847
271,15,5653.474209
271,16,5573.247988
271,17,5367.273156
271,18,5235.334543
271,19,5219.320261
271,21,5209.073095
271,23,5191.561485
271,27,5170.920307
271,28,5155.123094
271,30,5139.109725
272,13,6037.823595
272,14,5859.759847
272,15,5653.474209
272,16,5573.247988
272,17,5367.273156
272,18,5235.334543
272,19,5219.320261
272,21,5209.073095
272,23,5191.561485
272,27,5170.920307
272,28,5155.123094
272,30,5139.109725
273,13,6037.823595
273,14,5859.759847
273,15,5653.474209
273,16,5573.247988
273,17,5367.273156
273,18,5235.334543
273,19,5219.320261
273,21,5209.073095
273,23,5191.561485
273,27,5170.920307
273,28,5155.123094
273,30,5139.109725
274,13,6037.823595
274,14,5840.724144
274,15,5653.474209
274,16,5573.247988
274,17,5367.273156
274,18,5235.334543
274,19,5219.320261
274,21,5209.073095
274,23,5191.561485
274,24,5184.373112
274,27,5170.920307
274,28,5155.123094
274,30,5139.109725
275,13,6037.823595
275,14,5840.724144
275,15,5653.474209
275,16,5573.247988
275,17,5367.273156
275,18,5235.334543
275,19,5219.320261
275,21,5209.073095
275,23,5191.561485
275,24,5184.373112
275,27,5170.920307
275,28,5155.123094
275,30,5139.109725
276,13,5977.035089
276,14,5840.724144
276,15,5649.870899
276,16,5573.247988
276,17,5367.273156
276,18,5235.334543
276,19,5219.320261
276,21,5205.821533
276,23,5191.561485
276,24,5184.373112
276,27,5170.920307
276,28,5155.123094
276,30,5139.109725
277,13,5977.035089
277,14,5840.724144
277,15,5649.870899
277,16,5573.247988
277,17,5367.273156
277,18,5235.334543
277,19,5219.320261
277,21,5205.821533
277,23,5191.561485
277,24,5184.373112
277,27,5170.920307
277,28,5155.123094
277,30,5139.109725
278,13,5977.035089
278,14,5840.724144
278,15,5610.913573
278,16,5573.247988
278,17,5367.273156
278,18,5235.334543
278,19,5219.320261
278,21,5205.821533
278,23,5191.561485
278,24,5184.373112
278,27,5170.920307
278,28,5155.123094
278,30,5139.109725
279,13,5977.035089
279,14,5840.724144
279,15,5610.913573
279,16,5411.358826
279,17,5367.273156
279,18,5235.334543
279,19,5219.320261
279,21,5205.821533
279,23,5191.561485
279,24,5184.373112
279,27,5170.920307
279,28,5155.123094
279,30,5139.109725
280,13,5977.035089
280,14,5840.724144
280,15,5610.913573
280,16,5411.358826
280,17,5367.273156
280,18,5235.334543
280,19,5219.320261
280,21,5205.821533
280,23,5191.561485
280,24,5184.373112
280,27,5170.920307
280,28,5155.123094
280,30,5139.109725
281,13,5950.768781
281,14,5828.103204
281,15,5610.913573
281,16,5411.358826
281,17,5366.811504
281,18,5235.334543
281,19,5219.320261
281,21,5205.821533
281,23,5191.561485
281,24,5184.373112
281,27,5170.510913
281,28,5150.373703
281,30,5136.977678
282,13,5950.768781
282,14,5828.103204
282,15,5610.913573
282,16,5411.358826
282,17,5366.811504
282,18,5235.334543
282,19,5219.320261
282,21,5205.821533
282,23,5191.561485
282,24,5184.373112
282,27,5170.510913
282,28,5150.373703
282,30,5136.977678
283,13,5950.768781
283,14,5764.490216
283,15,5567.876505
283,16,5411.358826
283,17,5366.811504
283,18,5235.334543
283,19,5219.320261
283,21,5205.821533
283,23,5191.561485
283,24,5184.373112
283,27,5170.510913
283,28,5150.373703
283,30,5136.977678
284,13,5950.768781
284,14,5764.490216
284,15,5567.876505
284,16,5411.358826
284,17,5366.811504
284,18,5235.334543
284,19,5219.320261
284,21,5205.821533
284,23,5191.561485
284,24,5184.373112
284,27,5170.510913
284,28,5150.373703
284,30,5136.977678
285,13,5950.768781
285,14,5727.906196
285,15,5567.876505
285,16,5411.358826
285,17,5366.811504
285,18,5235.334543
285,19,5219.320261
285,21,5205.821533
285,23,5191.561485
285,24,5184.373112
285,27,5170.510913
285,28,5150.373703
285,30,5136.977678
286,13,5950.768781
286,14,5727.906196
286,15,5567.876505
286,16,5411.358826
286,17,5365.683660
286,18,5235.334543
286,19,5219.320261
286,21,5205.821533
286,23,5191.561485
286,24,5184.373112
286,27,5170.510913
286,28,5148.241656
286,29,5130.257144
287,13,5950.768781
287,14,5727.906196
287,15,5567.876505
287,16,5411.358826
287,17,5365.683660
287,18,5235.334543
287,19,5219.320261
287,21,5205.821533
287,23,5191.561485
287,24,5184.373112
287,27,5170.510913
287,28,5148.241656
287,29,5130.257144
288,13,5950.768781
288,14,5727.906196
288,15,5561.493935
288,16,5411.358826
288,17,5365.683660
288,18,5235.334543
288,19,5219.320261
288,21,5205.821533
288,23,5191.561485
288,24,5184.373112
288,27,5170.510913
288,28,5148.241656
288,29,5130.257144
289,13,5950.768781
289,14,5727.906196
289,15,5561.493935
289,16,5411.358826
289,17,5365.683660
289,18,5235.334543
289,19,5219.320261
289,21,5205.821533
289,23,5191.561485
289,24,5184.373112
289,27,5170.510913
289,28,5148.241656
289,29,5130.257144
290,13,5950.768781
290,14,5690.435197
290,15,5561.493935
290,16,5411.358826
290,17,5365.683660
290,18,5235.334543
290,19,5219.320261
290,20,5216.256461
290,21,5205.821533
290,23,5191.561485
290,24,5184.373112
290,27,5170.510913
290,28,5148.241656
290,29,5130.257144
291,13,5950.768781
291,14,5690.435197
291,15,5561.493935
291,16,5411.358826
291,17,5365.683660
291,18,5235.334543
291,19,5219.320261
291,20,5216.256461
291,21,5202.034568
291,23,5191.561485
291,24,5184.373112
291,27,5170.510913
291,28,5148.241656
291,29,5130.257144
292,13,5950.768781
292,14,5690.435197
292,15,5561.493935
292,16,5411.358826
292,17,5365.683660
292,18,5235.334543
292,19,5219.320261
292,20,5216.256461
292,21,5202.034568
292,23,5191.561485
292,24,5184.373112
292,27,5170.510913
292,28,5148.241656
292,29,5130.257144
293,13,5950.768781
293,14,5690.435197
293,15,5561.493935
293,16,5411.358826
293,17,5365.683660
293,18,5235.334543
293,19,5219.320261
293,20,5216.256461
293,21,5202.034568
293,23,5191.561485
293,24,5184.373112
293,27,5170.510913
293,28,5148.241656
293,29,5130.257144
294,13,5950.768781
294,14,5690.435197
294,15,5561.493935
294,16,5411.358826
294,17,5365.683660
294,18,5235.334543
294,19,5219.320261
294,20,5216.256461
294,21,5202.034568
294,23,5191.561485
294,24,5184.373112
294,27,5170.510913
294,28,5148.241656
294,29,5130.257144
295,13,5950.768781
295,14,5653.866861
295,15,5561.493935
295,16,5411.358826
295,17,5365.683660
295,18,5235.334543
295,19,5219.320261
295,20,5216.256461
295,21,5202.034568
295,23,5191.561485
295,24,5184.373112
295,25,5182.222866
295,27,5170.510913
295,28,5148.241656
295,29,5130.257144
296,13,5950.768781
296,14,5653.866861
296,15,5561.493935
296,16,5411.358826
296,17,5365.683660
296,18,5235.334543
296,19,5219.320261
296,20,5216.256461
296,21,5202.034568
296,23,5191.561485
296,24,5184.373112
296,25,5182.222866
296,27,5170.510913
296,28,5148.241656
296,29,5130.257144
297,13,5889.156475
297,14,5653.866861
297,15,5494.825885
297,16,5411.358826
297,17,5365.683660
297,18,5235.334543
297,19,5219.320261
297,20,5216.256461
297,21,5202.034568
297,23,5191.561485
297,24,5184.373112
297,25,5182.222866
297,27,5170.510913
297,28,5130.592422
297,29,5130.257144
298,13,5889.156475
298,14,5653.866861
298,15,5494.825885
298,16,5411.358826
298,17,5365.683660
298,18,5235.334543
298,19,5219.320261
298,20,5216.256461
298,21,5202.034568
298,23,5191.561485
298,24,5184.373112
298,25,5182.222866
298,27,5170.510913
298,28,5130.592422
298,29,5130.257144
299,13,5889.156475
299,14,5653.866861
299,15,5494.825885
299,16,5411.358826
299,17,5364.306571
299,18,5232.976551
299,19,5219.320261
299,20,5216.256461
299,21,5202.034568
299,23,5191.561485
299,24,5184.373112
299,25,5182.222866
299,27,5170.510913
299,28,5130.592422
299,29,5130.257144
300,13,5844.191162
300,14,5653.866861
300,15,5494.825885
300,16,5411.358826
300,17,5364.306571
300,18,5232.976551
300,19,5219.320261
300,20,5216.256461
300,21,5190.745379
300,24,5184.373112
300,25,5182.222866
300,27,5170.510913
300,28,5130.592422
300,29,5130.257144
301,13,5844.191162
301,14,5653.866861
301,15,5494.825885
301,16,5399.935784
301,17,5364.306571
301,18,5229.941871
301,19,5219.320261
301,20,5216.256461
301,21,5190.745379
301,24,5184.373112
301,25,5182.222866
301,27,5170.510913
301,28,5130.592422
301,29,5130.257144
302,13,5844.191162
302,14,5653.866861
302,15,5494.825885
302,16,5399.935784
302,17,5364.306571
302,18,5229.941871
302,19,5219.320261
302,20,5216.256461
302,21,5190.745379
302,24,5184.373112
302,25,5182.222866
302,27,5170.510913
302,28,5130.592422
302,29,5130.257144
303,13,5844.191162
303,14,5653.866861
303,15,5494.825885
303,16,5399.935784
303,17,5364.306571
303,18,5229.941871
303,19,5218.668901
303,20,5216.256461
303,21,5190.745379
303,24,5184.373112
303,25,5182.222866
303,27,5170.510913
303,28,5130.592422
303,29,5130.257144
303,30,5126.541552
304,13,5844.191162
304,14,5653.866861
304,15,5494.825885
304,16,5399.935784
304,17,5364.306571
304,18,5229.941871
304,19,5218.668901
304,20,5216.256461
304,21,5190.745379
304,24,5184.373112
304,25,5182.222866
304,27,5170.510913
304,28,5130.592422
304,29,5130.257144
304,30,5126.541552
305,13,5844.191162
305,14,5653.866861
305,15,5494.825885
305,16,5399.935784
305,17,5364.306571
305,18,5219.872015
305,19,5218.668901
305,20,5200.536665
305,21,5190.745379
305,24,5184.373112
305,25,5182.222866
305,27,5170.510913
305,28,5130.592422
305,29,5130.257144
305,30,5126.541552
306,13,5844.191162
306,14,5653.866861
306,15,5494.825885
306,16,5399.935784
306,17,5364.306571
306,18,5219.872015
306,19,5218.668901
306,20,5200.536665
306,21,5190.745379
306,24,5184.373112
306,25,5182.222866
306,27,5170.510913
306,28,5130.592422
306,29,5130.257144
306,30,5126.541552
307,13,5844.191162
307,14,5653.866861
307,15,5494.825885
307,16,5399.935784
307,17,5364.306571
307,18,5219.872015
307,19,5218.668901
307,20,5200.536665
307,21,5190.745379
307,24,5177.858806
307,27,5170.510913
307,28,5130.592422
307,29,5130.257144
307,30,5126.541552
308,13,5844.191162
308,14,5653.866861
308,15,5494.825885
308,16,5399.935784
308,17,5364.306571
308,18,5219.872015
308,19,5218.661365
308,20,5200.536665
308,21,5190.745379
308,24,5177.858806
308,27,5170.510913
308,28,5130.592422
308,29,5119.699236
309,13,5844.191162
309,14,5653.866861
309,15,5494.825885
309,16,5399.935784
309,17,5364.306571
309,18,5219.872015
309,19,5218.661365
309,20,5200.536665
309,21,5190.745379
309,24,5177.858806
309,26,5170.461803
309,28,5122.690981
309,29,5119.699236
310,13,5844.191162
310,14,5603.489967
310,15,5494.825885
310,16,5399.935784
310,17,5364.306571
310,18,5219.872015
310,19,5218.661365
310,20,5200.536665
310,21,5190.745379
310,24,5177.858806
310,26,5170.461803
310,27,5164.318189
310,28,5122.690981
310,29,5119.699236
311,13,5844.191162
311,14,5603.489967
311,15,5494.825885
311,16,5399.935784
311,17,5364.306571
311,18,5219.872015
311,19,5218.661365
311,20,5191.616903
311,21,5190.745379
311,24,5177.858806
311,26,5170.461803
311,27,5164.318189
311,28,5122.690981
311,29,5119.699236
312,13,5844.191162
312,14,5603.489967
312,15,5441.225589
312,16,5399.935784
312,17,5364.306571
312,18,5219.872015
312,19,5218.661365
312,20,5191.616903
312,21,5190.745379
312,24,5177.858806
312,26,5170.461803
312,27,5164.318189
312,28,5122.690981
312,29,5119.699236
313,13,5844.191162
313,14,5603.489967
313,15,5441.225589
313,16,5399.935784
313,17,5364.306571
313,18,5219.872015
313,19,5218.661365
313,20,5191.616903
313,21,5190.745379
313,24,5177.858806
313,26,5170.461803
313,27,5164.318189
313,28,5122.690981
313,29,5119.699236
314,13,5844.191162
314,14,5603.489967
314,15,5441.225589
314,16,5399.935784
314,17,5364.306571
314,18,5219.872015
314,19,5218.661365
314,20,5191.616903
314,21,5190.745379
314,24,5177.858806
314,26,5170.461803
314,27,5164.318189
314,28,5122.690981
314,29,5119.699236
315,13,5844.191162
315,14,5603.489967
315,15,5441.225589
315,16,5399.935784
315,17,5364.306571
315,18,5219.872015
315,19,5218.661365
315,20,5191.616903
315,21,5190.745379
315,22,5187.425107
315,24,5177.858806
315,26,5170.461803
315,27,5164.318189
315,28,5122.690981
315,29,5119.699236
316,13,5844.191162
316,14,5603.489967
316,15,5441.225589
316,16,5376.416479
316,17,5364.306571
316,18,5219.872015
316,19,5218.661365
316,20,5191.616903
316,21,5190.745379
316,22,5187.425107
316,24,5177.858806
316,26,5170.461803
316,27,5164.318189
316,28,5122.690981
316,29,5119.699236
316,30,5105.195562
317,13,5844.191162
317,14,5603.489967
317,15,5441.225589
317,16,5376.416479
317,17,5364.306571
317,18,5219.872015
317,19,5218.661365
317,20,5191.616903
317,21,5190.745379
317,22,5187.425107
317,24,5177.858806
317,26,5170.461803
317,27,5164.318189
317,28,5122.690981
317,29,5119.699236
317,30,5105.195562
318,13,5844.191162
318,14,5603.489967
318,15,5399.738275
318,16,5376.416479
318,17,5364.306571
318,18,5219.872015
318,19,5218.661365
318,20,5191.616903
318,21,5190.745379
318,22,5187.425107
318,24,5177.858806
318,26,5170.461803
318,27,5164.318189
318,28,5122.690981
318,29,5119.699236
318,30,5105.195562
319,13,5844.191162
319,14,5603.489967
319,15,5399.738275
319,16,5376.416479
319,17,5364.306571
319,18,5219.872015
319,19,5218.661365
319,20,5191.616903
319,21,5190.745379
319,22,5187.425107
319,24,5177.858806
319,25,5161.041079
319,28,5122.690981
319,29,5119.699236
319,30,5105.195562
320,13,5818.754685
320,14,5603.489967
320,15,5399.738275
320,16,5376.416479
320,17,5364.306571
320,18,5219.872015
320,19,5218.661365
320,20,5191.616903
320,21,5190.745379
320,22,5187.425107
320,24,5177.858806
320,25,5161.041079
320,28,5122.690981
320,29,5119.699236
320,30,5105.195562
321,13,5818.754685
321,14,5526.116945
321,15,5399.738275
321,16,5376.416479
321,17,5364.306571
321,18,5219.872015
321,19,5208.030381
321,20,5191.616903
321,21,5190.745379
321,22,5187.425107
321,24,5177.858806
321,25,5161.041079
321,28,5122.690981
321,29,5119.699236
321,30,5105.195562
322,13,5818.754685
322,14,5526.116945
322,15,5399.738275
322,16,5374.378218
322,17,5364.306571
322,18,5219.872015
322,19,5208.030381
322,20,5191.616903
322,21,5190.745379
322,22,5187.425107
322,24,5177.858806
322,25,5161.041079
322,28,5122.690981
322,29,5119.699236
322,30,5105.195562
323,13,5818.754685
323,14,5526.116945
323,15,5399.738275
323,16,5374.378218
323,17,5364.306571
323,18,5219.872015
323,19,5208.030381
323,20,5191.616903
323,21,5190.745379
323,22,5187.425107
323,24,5177.858806
323,25,5161.041079
323,28,5122.690981
323,29,5119.699236
323,30,5105.195562
324,13,5818.754685
324,14,5526.116945
324,15,5399.738275
324,16,5374.378218
324,17,5364.306571
324,18,5219.872015
324,19,5208.030381
324,20,5191.616903
324,21,5190.745379
324,22,5187.425107
324,24,5177.858806
324,25,5161.041079
324,28,5122.690981
324,29,5119.699236
324,30,5105.195562
325,13,5818.754685
325,14,5526.116945
325,15,5399.738275
325,16,5374.378218
325,17,5364.306571
325,18,5219.872015
325,19,5208.030381
325,20,5191.616903
325,21,5190.745379
325,22,5187.425107
325,24,5177.858806
325,25,5161.041079
325,28,5122.690981
325,29,5119.699236
325,30,5105.195562
326,13,5818.754685
326,14,5526.116945
326,15,5399.738275
326,16,5374.378218
326,17,5364.306571
326,18,5219.872015
326,19,5208.030381
326,20,5191.616903
326,21,5190.745379
326,22,5186.268539
326,24,5177.858806
326,25,5161.041079
326,28,5122.690981
326,29,5119.699236
326,30,5104.964335
327,13,5818.754685
327,14,5526.116945
327,15,5399.738275
327,16,5374.378218
327,17,5364.306571
327,18,5219.872015
327,19,5192.809417
327,20,5191.589893
327,21,5190.275373
327,22,5186.268539
327,24,5177.858806
327,25,5161.041079
327,28,5122.690981
327,29,5119.699236
327,30,5104.964335
328,13,5818.754685
328,14,5526.116945
328,15,5399.738275
328,16,5374.378218
328,17,5361.759378
328,18,5219.872015
328,19,5192.809417
328,20,5191.589893
328,21,5190.275373
328,22,5186.268539
328,24,5177.858806
328,25,5161.041079
328,28,5122.690981
328,29,5119.699236
328,30,5104.964335
