Generation,NV,TOC
1,59,22549.860670
1,61,21236.667934
1,70,20738.819287
1,74,20314.007920
1,82,18915.793935
1,88,18387.466245
1,93,17614.251576
2,55,21937.057464
2,57,21752.530094
2,59,20948.815855
2,67,20748.760903
2,70,20738.819287
2,71,20502.467084
2,74,20314.007920
2,78,19908.531641
2,82,18915.793935
2,88,18387.466245
2,93,17614.251576
2,123,17570.460991
3,52,22493.366167
3,55,21937.057464
3,56,21620.639507
3,59,20948.815855
3,63,20100.545196
3,65,19760.632591
3,70,19561.456280
3,76,18552.800311
3,87,18006.030186
3,91,17379.609816
3,111,17375.352158
3,125,17107.203026
4,52,22493.366167
4,53,22337.959786
4,55,21937.057464
4,56,21184.346842
4,58,20676.524487
4,59,20496.237231
4,60,20335.399689
4,63,20100.545196
4,65,19760.632591
4,70,19561.456280
4,72,19382.051384
4,76,18552.800311
4,83,18267.650202
4,84,18236.711594
4,86,17991.943618
4,87,17953.007031
4,91,17379.609816
4,95,17322.757261
4,102,16982.680695
5,51,22113.737537
5,52,21802.665320
5,53,21802.490744
5,54,21450.303669
5,55,21298.184375
5,56,21184.346842
5,57,21009.873551
5,58,20676.524487
5,59,20482.282916
5,60,20335.399689
5,62,19823.724171
5,65,19760.632591
5,70,19561.456280
5,72,19382.051384
5,74,19179.619770
5,75,17884.050570
5,90,17680.531065
5,91,17379.609816
5,95,17322.757261
5,102,16982.680695
6,51,22113.737537
6,52,21802.665320
6,53,21802.490744
6,54,21063.348284
6,55,20949.376078
6,56,20845.722955
6,58,20676.524487
6,59,20224.878304
6,61,20068.881455
6,62,19823.724171
6,64,19483.313982
6,69,19237.520631
6,73,19080.400577
6,75,17778.675841
6,89,17529.618076
6,91,17379.609816
6,94,17247.319025
6,99,16966.092954
6,101,16821.944442
7,51,22113.737537
7,52,21802.665320
7,53,21401.220404
7,54,21063.348284
7,55,20949.376078
7,56,20845.722955
7,58,20363.489676
7,59,19995.886363
7,62,19823.724171
7,64,19483.313982
7,68,19171.237327
7,73,19080.400577
7,75,17778.675841
7,78,17655.637705
7,88,17635.690360
7,89,17529.618076
7,91,17379.609816
7,94,17247.319025
7,99,16966.092954
7,101,16821.944442
8,51,22113.737537
8,52,21388.452868
8,54,21063.348284
8,55,20067.875313
8,59,19995.886363
8,60,19928.413537
8,62,19823.724171
8,64,19483.313982
8,66,19015.825467
8,68,18687.434806
8,75,17778.675841
8,78,17655.637705
8,86,17247.367899
8,94,17099.327444
8,99,16838.503443
8,101,16821.944442
9,51,21633.774959
9,52,21355.896792
9,53,20090.185304
9,55,20067.875313
9,56,19602.300631
9,59,19568.671843
9,61,19301.224618
9,63,18898.318443
9,67,18526.265857
9,73,17556.643173
9,77,17443.108037
9,85,17168.685860
9,86,17119.587649
9,92,16917.570416
9,99,16838.503443
9,101,16685.842056
10,51,21610.526112
10,52,20148.639855
10,53,20041.194341
10,56,19602.300631
10,59,19568.671843
10,60,19409.969811
10,61,19301.224618
10,62,19241.512968
10,63,18898.318443
10,67,18526.265857
10,73,17556.643173
10,77,17443.108037
10,85,17168.685860
10,86,17119.587649
10,92,16917.570416
10,99,16838.503443
10,101,16590.057355
11,51,21473.678205
11,52,19580.309251
11,58,19250.253960
11,62,18833.908296
11,63,18171.549657
11,70,17703.298982
11,73,17556.643173
11,77,17443.108037
11,85,17168.685860
11,86,17119.587649
11,92,16917.570416
11,99,16838.503443
11,101,16590.057355
11,110,16465.735036
12,50,20078.273640
12,51,19753.367989
12,52,19580.309251
12,58,19001.164726
12,62,18427.100504
12,63,18171.549657
12,69,17511.233331
12,72,17402.029253
12,77,17222.578591
12,84,16975.400593
12,85,16945.247329
12,91,16815.858512
12,99,16486.758322
12,110,16396.329453
12,120,16292.058507
13,48,21885.344828
13,49,20358.402687
13,50,19929.641732
13,51,19651.622862
13,52,19580.309251
13,57,19128.362913
13,58,18989.201697
13,59,18837.096905
13,60,18620.085893
13,62,18427.100504
13,63,17824.671348
13,67,17508.604699
13,72,17402.029253
13,76,17390.616489
13,77,17222.578591
13,84,16975.400593
13,85,16945.247329
13,91,16815.858512
13,99,16486.758322
13,102,16482.049204
13,110,16396.329453
13,120,16292.058507
14,48,20613.458567
14,49,20358.402687
14,50,19778.081606
14,51,19651.622862
14,52,19580.309251
14,53,19509.034412
14,57,18543.783292
14,62,18427.100504
14,63,17824.671348
14,67,17508.604699
14,72,17402.029253
14,76,17390.616489
14,77,17222.578591
14,84,16975.400593
14,85,16945.247329
14,91,16815.858512
14,96,16556.879178
14,99,16486.758322
14,101,16405.629267
14,110,16396.329453
14,120,16292.058507
15,48,20594.893927
15,49,20358.402687
15,50,19778.081606
15,51,19651.622862
15,52,19580.309251
15,53,19509.034412
15,55,19291.023869
15,57,18543.783292
15,60,18027.739196
15,61,17985.868804
15,62,17856.064543
15,63,17824.671348
15,67,17508.604699
15,72,17402.029253
15,76,17390.616489
15,77,17222.578591
15,84,16975.400593
15,85,16945.247329
15,91,16815.858512
15,96,16556.879178
15,99,16486.758322
15,101,16405.629267
15,110,16396.329453
15,120,16292.058507
16,48,20594.893927
16,49,20120.598542
16,50,19778.081606
16,51,19651.622862
16,52,19425.296347
16,55,19291.023869
16,57,18543.783292
16,60,18027.739196
16,61,17985.868804
16,62,17856.064543
16,63,17824.671348
16,67,17508.604699
16,72,17402.029253
16,76,17390.616489
16,77,17222.578591
16,79,17075.659490
16,83,16913.057251
16,85,16875.172703
16,91,16621.824655
16,96,16467.538297
16,99,16442.114510
16,101,16274.254541
16,109,16213.613763
16,118,16175.477202
17,48,20594.893927
17,49,20120.598542
17,50,19725.892263
17,51,19590.350016
17,52,19340.504448
17,54,19203.842086
17,57,18543.783292
17,60,18027.739196
17,61,17985.868804
17,62,17856.064543
17,63,17824.671348
17,67,17508.604699
17,72,17285.601456
17,76,17049.204587
17,83,16913.057251
17,85,16844.196949
17,91,16621.824655
17,96,16467.538297
17,99,16442.114510
17,101,16274.254541
17,105,16191.526943
17,118,16175.477202
18,48,20594.893927
18,49,20120.598542
18,50,19533.841421
18,52,19340.504448
18,53,18865.702925
18,57,18066.844161
18,60,18027.739196
18,61,17985.868804
18,62,17856.064543
18,63,17824.671348
18,67,17508.604699
18,72,17285.601456
18,76,17049.204587
18,83,16913.057251
18,85,16844.196949
18,91,16621.824655
18,94,16621.456558
18,96,16467.538297
18,99,16442.114510
18,101,16274.254541
18,105,16191.526943
18,118,16175.477202
19,48,20594.893927
19,49,20120.598542
19,50,19533.841421
19,52,19340.504448
19,53,18865.702925
19,57,18066.844161
19,60,18027.739196
19,61,17985.868804
19,62,17856.064543
19,63,17824.671348
19,67,17508.604699
19,71,17426.921654
19,72,17285.601456
19,76,17049.204587
19,82,16843.494323
19,91,16611.079045
19,93,16320.102623
19,99,16146.381907
19,103,15904.379494
20,48,20594.893927
20,49,20120.598542
20,50,19533.841421
20,51,19427.782914
20,52,19198.469720
20,53,18865.702925
20,57,18066.844161
20,60,18027.739196
20,61,17985.868804
20,62,17856.064543
20,63,17824.671348
20,67,17508.604699
20,71,17426.921654
20,72,17285.601456
20,76,17049.204587
20,82,16843.494323
20,91,16611.079045
20,93,16320.102623
20,99,16146.381907
20,102,16017.415877
20,103,15904.379494
21,48,20594.893927
21,49,20120.598542
21,50,19533.841421
21,51,19427.782914
21,52,19198.469720
21,53,18865.702925
21,56,18797.763064
21,57,18066.844161
21,59,17867.188084
21,62,17668.411327
21,67,17508.604699
21,68,17446.079022
21,71,17426.921654
21,72,17285.601456
21,76,17049.204587
21,82,16843.494323
21,90,16828.524733
21,91,16611.079045
21,93,16320.102623
21,99,16146.381907
21,102,16017.415877
21,103,15904.379494
21,105,15729.989514
22,48,20594.893927
22,49,19880.917333
22,50,19533.841421
22,51,19302.714342
22,52,19198.469720
22,53,18865.702925
22,54,18692.985229
22,55,18286.201516
22,57,18066.844161
22,59,17867.188084
22,61,17842.628783
22,62,17668.411327
22,65,17547.716660
22,67,17427.187136
22,70,17282.208534
22,76,17049.204587
22,82,16843.414478
22,85,16601.430288
22,89,16366.949456
22,93,16272.066271
22,97,16128.070809
22,98,16073.544496
22,102,15590.000013
23,48,20594.893927
23,49,19880.917333
23,50,19509.999230
23,51,19151.614448
23,53,18865.702925
23,54,18692.985229
23,55,18286.201516
23,56,18206.976566
23,57,18066.844161
23,59,17867.188084
23,61,17842.628783
23,62,17668.411327
23,63,17658.290907
23,64,17590.557731
23,65,17547.716660
23,67,17427.187136
23,69,17375.910066
23,70,17282.208534
23,74,17263.218237
23,75,17145.263515
23,76,17049.204587
23,82,16843.414478
23,85,16601.430288
23,89,16366.949456
23,93,16272.066271
23,97,16128.070809
23,98,16073.544496
23,102,15590.000013
24,48,20594.893927
24,49,19591.814128
24,50,19509.999230
24,51,19023.760472
24,53,18865.702925
24,54,18444.382146
24,55,18235.442077
24,56,18206.976566
24,57,18066.844161
24,59,17867.188084
24,60,17851.468369
24,61,17842.628783
24,62,17668.411327
24,63,17658.290907
24,64,17590.557731
24,65,17547.716660
24,67,17427.187136
24,68,17386.998103
24,69,17216.134198
24,72,17213.780051
24,75,17145.263515
24,76,17049.204587
24,82,16843.414478
24,85,16601.430288
24,89,16366.949456
24,93,16272.066271
24,96,16208.708760
24,97,16128.070809
24,98,16073.544496
24,102,15590.000013
25,48,20594.893927
25,49,19591.814128
25,50,19457.617613
25,51,18675.105945
25,52,18547.760640
25,54,18444.382146
25,55,18235.442077
25,56,18206.976566
25,57,18065.105751
25,59,17800.101479
25,60,17791.718905
25,62,17577.104951
25,65,17547.716660
25,66,17503.486287
25,67,17427.187136
25,68,17163.852409
25,74,16871.405350
25,82,16722.257902
25,83,16551.066122
25,84,16504.944636
25,89,16289.792478
25,92,16128.536003
25,95,16004.455925
25,98,15986.017227
25,100,15514.805587
26,48,19751.881209
26,49,19591.814128
26,50,18930.690163
26,51,18675.105945
26,52,18358.574567
26,53,18319.864996
26,54,18212.932225
26,55,18161.106401
26,57,18065.105751
26,58,17962.005199
26,59,17800.101479
26,60,17770.152729
26,61,17659.776920
26,62,17577.104951
26,64,17248.120682
26,68,17163.852409
26,72,17128.613062
26,74,16871.405350
26,82,16722.257902
26,83,16551.066122
26,84,16504.944636
26,89,16289.792478
26,92,16128.536003
26,95,16004.455925
26,98,15986.017227
26,100,15514.805587
27,48,19007.955427
27,49,18877.537461
27,51,18675.105945
27,52,18358.574567
27,53,18319.340404
27,54,18060.137210
27,56,17838.255530
27,59,17713.078293
27,60,17592.197315
27,62,17577.104951
27,64,17248.120682
27,68,17147.763440
27,71,17070.347001
27,74,16871.405350
27,78,16808.005847
27,82,16722.257902
27,83,16551.066122
27,84,16504.944636
27,87,16463.388007
27,89,16289.792478
27,92,16128.536003
27,95,16004.455925
27,98,15986.017227
27,100,15514.805587
28,48,19007.955427
28,49,18877.537461
28,51,18655.148613
28,52,18358.574567
28,53,18319.340404
28,54,18060.137210
28,56,17838.255530
28,59,17713.078293
28,60,17592.197315
28,62,17395.085115
28,64,17248.120682
28,68,17147.763440
28,69,16986.171420
28,70,16971.897195
28,72,16658.540995
28,75,16568.998168
28,80,16303.380236
28,89,16064.017669
28,92,16015.849100
28,93,15898.119241
28,99,15450.701046
29,48,19007.955427
29,49,18877.537461
29,50,18421.520170
29,52,18358.574567
29,53,18319.340404
29,54,18060.137210
29,55,17645.863553
29,57,17558.396402
29,60,17449.279895
29,62,17395.085115
29,64,17248.120682
29,68,17147.763440
29,69,16986.171420
29,70,16971.897195
29,72,16658.540995
29,75,16568.998168
29,80,16303.380236
29,89,16064.017669
29,92,16015.849100
29,93,15898.119241
29,99,15450.701046
30,48,19007.955427
30,49,18771.586114
30,50,18421.520170
30,52,18358.574567
30,53,18144.979828
30,54,17786.730982
30,55,17645.863553
30,57,17558.396402
30,60,17240.779619
30,67,17207.362130
30,68,17147.763440
30,69,16986.171420
30,70,16971.897195
30,72,16658.540995
30,75,16568.998168
30,80,16303.380236
30,89,16064.017669
30,92,16015.849100
30,93,15898.119241
30,99,15450.701046
31,46,19336.163475
31,47,18797.273750
31,49,18728.693624
31,50,18421.520170
31,51,18341.527477
31,53,18144.979828
31,54,17786.730982
31,55,17645.863553
31,57,17558.396402
31,60,17240.779619
31,64,17150.871952
31,65,16959.840324
31,68,16641.813320
31,71,16500.229520
31,77,16207.097642
31,89,16023.967263
31,92,15839.915781
31,97,15352.501635
32,46,19336.163475
32,47,18797.273750
32,49,18728.693624
32,50,18421.520170
32,51,18341.527477
32,52,18195.275955
32,53,18144.979828
32,54,17786.730982
32,55,17645.863553
32,57,17471.021126
32,58,17361.692635
32,60,17240.779619
32,64,17150.871952
32,65,16697.269391
32,68,16641.813320
32,71,16500.229520
32,77,16207.097642
32,89,16023.967263
32,92,15839.915781
32,95,15525.483089
32,97,15352.501635
33,46,18704.613195
33,50,18421.520170
33,51,18341.527477
33,52,18195.275955
33,53,18062.633797
33,54,17786.730982
33,55,17645.863553
33,57,17471.021126
33,58,17361.692635
33,59,17338.951490
33,60,17238.765024
33,64,17150.871952
33,65,16697.269391
33,68,16641.813320
33,71,16500.229520
33,77,16207.097642
33,89,16023.967263
33,92,15839.915781
33,95,15525.483089
33,97,15352.501635
34,46,18704.613195
34,49,18628.968496
34,50,18421.520170
34,51,18341.527477
34,52,18195.275955
34,53,17639.036075
34,57,17471.021126
34,58,17361.692635
34,59,17338.951490
34,60,17238.765024
34,62,16927.098317
34,65,16555.122686
34,68,16474.993932
34,77,16207.097642
34,87,15893.573736
34,92,15758.572314
34,95,15456.988084
34,96,15273.303813
35,46,18704.613195
35,49,18628.968496
35,50,18330.535364
35,51,17877.881428
35,52,17803.121184
35,53,17639.036075
35,57,17471.021126
35,58,17343.244249
35,59,17301.922231
35,60,17005.453969
35,62,16927.098317
35,63,16881.424762
35,65,16555.122686
35,68,16474.993932
35,70,16472.666035
35,77,16207.097642
35,85,16112.856402
35,87,15893.573736
35,92,15758.572314
35,95,15456.988084
35,96,15230.259117
36,46,18704.613195
36,49,18569.993280
36,50,18330.535364
36,51,17877.881428
36,52,17780.903041
36,53,17639.036075
36,56,17458.367219
36,58,17343.244249
36,59,17301.922231
36,60,17005.453969
36,62,16927.098317
36,63,16881.424762
36,64,16831.872594
36,65,16555.122686
36,68,16474.993932
36,70,16472.666035
36,71,16387.738800
36,77,16207.097642
36,85,16112.856402
36,87,15893.573736
36,92,15758.572314
36,94,15250.930378
36,96,15230.259117
37,46,18704.613195
37,49,18219.778606
37,51,17877.881428
37,52,17780.903041
37,53,17639.036075
37,55,17549.780780
37,56,17432.417791
37,57,17247.579704
37,59,17203.129279
37,60,17005.453969
37,62,16927.098317
37,63,16881.424762
37,64,16831.872594
37,65,16555.122686
37,68,16455.174899
37,70,16208.226403
37,76,16026.096389
37,78,15876.654280
37,82,15849.360620
37,91,15712.746286
37,94,15199.153542
38,46,18704.613195
38,49,18219.778606
38,51,17877.881428
38,52,17449.203102
38,56,17432.417791
38,57,17247.579704
38,59,17203.129279
38,60,17005.453969
38,62,16927.098317
38,63,16881.424762
38,64,16831.872594
38,65,16555.122686
38,68,16455.174899
38,70,16208.226403
38,76,16026.096389
38,78,15876.654280
38,81,15716.588763
38,91,15712.746286
38,94,15199.153542
38,98,15197.946872
39,46,18704.613195
39,49,18219.778606
39,50,18181.682279
39,51,17877.881428
39,52,17449.203102
39,55,17326.119273
39,57,17247.579704
39,59,17203.129279
39,60,17005.453969
39,62,16927.098317
39,63,16881.424762
39,64,16831.872594
39,65,16555.122686
39,68,16455.174899
39,70,16208.226403
39,76,16026.096389
39,78,15876.654280
39,81,15716.588763
39,82,15667.195546
39,88,15355.896231
39,94,15199.153542
39,98,15197.946872
40,46,18704.613195
40,49,18219.778606
40,50,18181.682279
40,51,17877.881428
40,52,17449.203102
40,55,17326.119273
40,57,17247.579704
40,59,17203.129279
40,60,17005.453969
40,61,16985.359434
40,62,16898.086778
40,63,16881.424762
40,64,16831.872594
40,65,16555.122686
40,66,16359.640086
40,70,16005.170638
40,76,15695.761831
40,80,15602.860845
40,82,15472.838015
40,88,15279.020574
40,92,15183.239024
41,46,18704.613195
41,49,18219.778606
41,50,18031.544313
41,51,17877.881428
41,52,16964.782928
41,62,16898.086778
41,63,16881.424762
41,64,16831.872594
41,65,16555.122686
41,66,16359.640086
41,70,16005.170638
41,76,15695.761831
41,80,15602.860845
41,82,15472.838015
41,88,15279.020574
41,92,15183.239024
42,46,18704.613195
42,49,18219.778606
42,50,18031.544313
42,51,17877.881428
42,52,16964.782928
42,56,16768.683382
42,65,16555.122686
42,66,16359.640086
42,70,16005.170638
42,76,15695.761831
42,80,15602.860845
42,82,15472.838015
42,88,15279.020574
42,92,15183.239024
43,46,18704.613195
43,48,18425.026697
43,49,18219.778606
43,50,18031.544313
43,51,17877.881428
43,52,16964.782928
43,54,16921.887779
43,56,16661.389053
43,64,16358.924480
43,70,16005.170638
43,75,15657.345054
43,79,15442.101048
43,80,15408.723370
43,88,15258.742260
43,91,15162.429778
44,46,18704.613195
44,48,18425.026697
44,49,18122.303896
44,50,17936.172218
44,51,17493.856244
44,52,16964.782928
44,54,16921.887779
44,56,16661.389053
44,62,16511.491000
44,64,16358.924480
44,65,16355.915305
44,67,16221.874282
44,70,15861.907298
44,75,15657.345054
44,79,15442.101048
44,80,15408.723370
44,88,15258.742260
44,91,15162.429778
45,46,18704.613195
45,47,18445.863472
45,48,18425.026697
45,49,18122.303896
45,50,17475.308593
45,52,16964.782928
45,54,16921.887779
45,56,16661.389053
45,60,16506.106674
45,62,16399.522745
45,64,16358.924480
45,65,16355.915305
45,67,16221.874282
45,69,15912.911802
45,70,15861.907298
45,74,15813.061414
45,75,15657.345054
45,79,15442.101048
45,80,15408.723370
45,88,15258.742260
45,91,15162.429778
46,46,18704.613195
46,47,18445.863472
46,48,18425.026697
46,49,18122.303896
46,50,17475.308593
46,52,16964.782928
46,54,16921.887779
46,56,16661.389053
46,60,16506.106674
46,61,16260.414935
46,63,16115.430617
46,67,16095.493747
46,69,15775.267668
46,73,15619.428722
46,79,15428.525623
46,80,15321.015240
46,87,15216.330325
46,91,15114.154389
47,46,18704.613195
47,47,18445.863472
47,48,18425.026697
47,49,18122.303896
47,50,17475.308593
47,51,17411.750553
47,52,16964.782928
47,53,16909.999346
47,56,16661.389053
47,60,16129.139366
47,63,16115.430617
47,67,16095.493747
47,69,15775.267668
47,73,15619.428722
47,79,15428.525623
47,80,15321.015240
47,87,15216.330325
47,91,15114.154389
47,95,15104.317806
48,46,18704.613195
48,47,18445.863472
48,48,18087.212576
48,50,17475.308593
48,51,17210.111873
48,52,16938.259685
48,53,16909.999346
48,55,16539.885934
48,60,15983.763427
48,64,15902.762099
48,69,15775.267668
48,73,15619.428722
48,79,15428.525623
48,80,15321.015240
48,87,15216.330325
48,91,15114.154389
48,95,15104.317806
49,46,18704.613195
49,47,18445.863472
49,48,18087.212576
49,50,17475.308593
49,51,17162.913819
49,52,16938.259685
49,53,16868.228320
49,54,16599.918232
49,55,16539.885934
49,57,16046.499602
49,60,15790.666808
49,64,15549.101957
49,72,15422.474122
49,80,15240.492112
49,87,15176.130311
49,90,15088.770181
49,95,15032.992331
50,46,18704.613195
50,47,18445.863472
50,48,18087.212576
50,49,17981.573125
50,50,17379.701377
50,51,17162.913819
50,52,16938.259685
50,53,16868.228320
50,54,16599.918232
50,55,16539.885934
50,56,16480.655114
50,57,16046.499602
50,60,15790.666808
50,64,15549.101957
50,72,15422.474122
50,80,15240.492112
50,87,15176.130311
50,90,15088.770181
50,95,15032.992331
50,97,15021.372613
51,46,18704.613195
51,47,18445.863472
51,48,17737.133564
51,49,17421.653614
51,50,17379.701377
51,51,17162.913819
51,52,16938.259685
51,53,16868.228320
51,54,16599.918232
51,55,16539.885934
51,56,16480.655114
51,57,16046.499602
51,60,15790.666808
51,64,15549.101957
51,72,15422.474122
51,80,15240.492112
51,87,15176.130311
51,90,15088.770181
51,95,15032.992331
51,97,15021.372613
52,45,19020.646299
52,46,18704.613195
52,47,18445.863472
52,48,17737.133564
52,49,17421.653614
52,50,16707.171330
52,54,16599.918232
52,55,16539.885934
52,56,16347.450489
52,57,16046.499602
52,60,15699.200627
52,63,15462.780272
52,72,15422.474122
52,80,15187.545366
52,84,15168.980034
52,88,15038.890427
52,92,14963.683036
52,95,14920.696630
53,45,18751.953398
53,46,18704.613195
53,47,18445.863472
53,48,17737.133564
53,49,17421.653614
53,50,16707.171330
53,54,16406.150264
53,56,16347.450489
53,57,16046.499602
53,60,15699.200627
53,63,15462.780272
53,72,15422.474122
53,80,15187.545366
53,84,15168.980034
53,88,15038.890427
53,92,14963.683036
53,95,14920.696630
54,45,18724.169654
54,46,18704.613195
54,47,18073.378981
54,48,17737.133564
54,49,17421.653614
54,50,16707.171330
54,53,16652.268746
54,54,16406.150264
54,56,16347.450489
54,57,16046.499602
54,58,15776.796519
54,60,15699.200627
54,63,15462.780272
54,64,15436.261602
54,72,15422.474122
54,75,15289.931419
54,79,15243.060372
54,80,15187.545366
54,84,14956.425722
54,95,14920.696630
55,45,18724.169654
55,46,18704.613195
55,47,18073.378981
55,48,17737.133564
55,49,17342.300631
55,50,16707.171330
55,53,16652.268746
55,54,16406.150264
55,56,16347.450489
55,57,16046.499602
55,58,15693.069591
55,60,15542.460436
55,63,15355.938379
55,72,15299.700576
55,74,15161.273774
55,81,14844.811444
56,45,18724.169654
56,46,18704.613195
56,47,17268.542897
56,49,16935.093586
56,50,16707.171330
56,52,16402.113108
56,54,16314.920185
56,56,16200.813969
56,57,16046.499602
56,58,15693.069591
56,60,15542.460436
56,63,15355.938379
56,72,15299.700576
56,74,15161.273774
56,81,14844.811444
57,45,18724.169654
57,46,18704.613195
57,47,17268.542897
57,49,16935.093586
57,50,16707.171330
57,52,16402.113108
57,54,16314.920185
57,56,16200.813969
57,57,16046.499602
57,58,15693.069591
57,60,15542.460436
57,63,15355.938379
57,72,15299.700576
57,74,15161.273774
57,81,14844.811444
58,45,18724.169654
58,46,18704.613195
58,47,17268.542897
58,49,16935.093586
58,50,16580.996581
58,52,16220.873413
58,54,16121.144928
58,57,15893.004552
58,58,15693.069591
58,60,15265.408935
58,72,14936.196349
58,81,14844.811444
59,45,18724.169654
59,46,18704.613195
59,47,17268.542897
59,49,16935.093586
59,50,16580.996581
59,52,16220.873413
59,54,16121.144928
59,56,15920.004711
59,57,15893.004552
59,58,15693.069591
59,60,15265.408935
59,64,15090.514187
59,72,14936.196349
59,81,14801.653215
60,45,18724.169654
60,46,18704.613195
60,47,17268.542897
60,49,16935.093586
60,50,16580.996581
60,52,16220.873413
60,54,16121.144928
60,56,15920.004711
60,57,15893.004552
60,58,15693.069591
60,60,15265.408935
60,64,15090.514187
60,72,14936.196349
60,81,14801.653215
61,45,18724.169654
61,46,18668.248917
61,47,17021.029690
61,49,16935.093586
61,50,16433.891587
61,52,16220.873413
61,53,16214.728364
61,54,15830.720306
61,56,15774.150039
61,57,15611.530753
61,58,15248.589968
61,64,15011.333113
61,72,14936.196349
61,78,14666.516316
62,44,19045.881425
62,45,18626.952794
62,46,18478.013315
62,47,17021.029690
62,49,16935.093586
62,50,16433.891587
62,52,16220.873413
62,53,16214.728364
62,54,15830.720306
62,56,15774.150039
62,57,15611.530753
62,58,15248.589968
62,64,15011.333113
62,72,14936.196349
62,78,14666.516316
63,44,19045.881425
63,45,18626.952794
63,46,18124.168778
63,47,17021.029690
63,49,16935.093586
63,50,16433.891587
63,52,16220.873413
63,53,16214.728364
63,54,15830.720306
63,56,15774.150039
63,57,15611.530753
63,58,15248.589968
63,64,15011.333113
63,67,14942.961669
63,72,14936.196349
63,75,14918.636973
63,78,14666.516316
64,44,19045.881425
64,45,18626.952794
64,46,18124.168778
64,47,16866.142491
64,50,16433.891587
64,52,16036.113368
64,54,15830.720306
64,55,15709.789652
64,57,15463.829477
64,58,15136.986622
64,64,15011.333113
64,66,14882.667509
64,72,14775.345164
64,78,14666.516316
65,44,19045.881425
65,45,18470.236834
65,46,18124.168778
65,47,16710.388753
65,50,16433.891587
65,52,16036.113368
65,54,15830.720306
65,55,15709.789652
65,57,15463.829477
65,58,15136.986622
65,64,15011.333113
65,66,14882.667509
65,72,14775.345164
65,77,14729.460183
65,78,14666.516316
66,44,19045.881425
66,45,18470.236834
66,46,17785.402167
66,47,16640.794609
66,50,16433.891587
66,52,16036.113368
66,54,15830.720306
66,55,15709.789652
66,57,15463.829477
66,58,15136.986622
66,64,15011.333113
66,66,14882.667509
66,72,14775.345164
66,77,14729.460183
66,78,14666.516316
67,44,19045.881425
67,45,18470.236834
67,46,17785.402167
67,47,16640.794609
67,50,16433.891587
67,52,16036.113368
67,53,15992.602561
67,54,15830.720306
67,55,15709.789652
67,57,15463.829477
67,58,15136.986622
67,64,15011.333113
67,66,14882.667509
67,69,14787.756773
67,72,14775.345164
67,77,14729.460183
67,78,14666.516316
67,81,14662.887016
68,44,19045.881425
68,45,18470.236834
68,46,16353.123782
68,51,16046.304590
68,52,16036.113368
68,53,15992.602561
68,54,15830.720306
68,55,15709.789652
68,57,15463.829477
68,58,15136.986622
68,64,15011.333113
68,66,14882.667509
68,69,14787.756773
68,72,14750.389790
68,77,14729.460183
68,78,14666.516316
68,81,14662.887016
69,44,18812.718277
69,45,18470.236834
69,46,16353.123782
69,51,16046.304590
69,52,16036.113368
69,53,15992.602561
69,54,15830.720306
69,55,15638.474746
69,57,15463.829477
69,58,15136.986622
69,64,15011.333113
69,66,14882.667509
69,69,14722.975468
69,78,14666.516316
69,81,14662.887016
70,44,18812.718277
70,45,18470.236834
70,46,16353.123782
70,51,16046.304590
70,52,16036.113368
70,53,15992.602561
70,54,15830.720306
70,55,15638.474746
70,57,15463.829477
70,58,15136.986622
70,64,15011.333113
70,66,14882.667509
70,67,14861.540897
70,68,14737.603799
70,69,14680.125524
70,78,14666.516316
70,81,14662.887016
71,44,18812.718277
71,45,17000.096210
71,46,16353.123782
71,50,16291.032354
71,51,16046.304590
71,52,15953.794207
71,54,15830.720306
71,55,15638.474746
71,57,15463.829477
71,58,15136.986622
71,64,14959.660558
71,66,14882.667509
71,67,14861.540897
71,68,14737.603799
71,69,14680.125524
71,78,14666.516316
71,81,14662.887016
72,44,18812.718277
72,45,17000.096210
72,46,16175.161594
72,51,16046.304590
72,52,15953.794207
72,54,15830.720306
72,55,15638.474746
72,57,15463.829477
72,58,15136.986622
72,64,14959.660558
72,66,14882.667509
72,67,14861.540897
72,68,14737.603799
72,69,14680.125524
72,78,14666.516316
72,81,14662.887016
73,44,18812.718277
73,45,16325.547919
73,46,16175.161594
73,51,16046.304590
73,52,15953.794207
73,54,15830.720306
73,55,15638.474746
73,57,15463.829477
73,58,15136.986622
73,64,14959.660558
73,66,14882.667509
73,67,14861.540897
73,68,14737.603799
73,69,14680.125524
73,78,14666.516316
73,81,14662.887016
73,84,14659.895891
74,44,16908.683051
74,45,16325.547919
74,46,16175.161594
74,51,16046.304590
74,52,15953.794207
74,54,15830.720306
74,55,15638.474746
74,57,15463.829477
74,58,15136.986622
74,64,14959.660558
74,66,14882.667509
74,67,14861.540897
74,68,14737.603799
74,69,14680.125524
74,78,14666.516316
74,81,14662.887016
74,84,14659.895891
75,44,16908.683051
75,45,16248.314143
75,46,16086.694361
75,51,16046.304590
75,52,15953.794207
75,54,15830.720306
75,55,15638.474746
75,56,15588.343555
75,57,15463.829477
75,58,15136.986622
75,64,14959.660558
75,65,14952.090537
75,66,14882.667509
75,67,14861.540897
75,68,14737.603799
75,69,14680.125524
75,71,14676.905435
75,78,14666.516316
75,81,14662.887016
75,84,14659.895891
76,44,16908.683051
76,45,16107.725047
76,46,16086.694361
76,51,16046.304590
76,52,15953.794207
76,54,15830.720306
76,55,15638.474746
76,56,15588.343555
76,57,15463.829477
76,58,15136.986622
76,64,14869.191907
76,65,14861.047497
76,66,14806.844308
76,67,14784.932937
76,68,14657.479964
76,69,14646.887381
76,77,14635.201483
76,81,14600.087008
77,44,16908.683051
77,45,16107.322747
77,46,16086.694361
77,47,15971.807748
77,50,15933.961506
77,53,15312.050494
77,58,15136.986622
77,64,14869.191907
77,65,14861.047497
77,66,14806.844308
77,67,14784.932937
77,68,14657.479964
77,69,14646.887381
77,77,14635.201483
77,81,14600.087008
78,44,16651.279581
78,45,15840.653118
78,53,15312.050494
78,58,15136.986622
78,64,14869.191907
78,65,14861.047497
78,66,14806.844308
78,67,14784.932937
78,68,14657.479964
78,69,14646.887381
78,77,14635.201483
78,81,14600.087008
79,43,16564.816636
79,44,16364.239644
79,45,15840.653118
79,50,15822.241952
79,53,15312.050494
79,56,15036.106500
79,62,14811.893923
79,64,14808.959250
79,66,14706.983098
79,68,14586.907611
79,79,14531.952304
80,42,16884.116126
80,43,16564.816636
80,44,16341.990830
80,45,15721.274959
80,46,15673.633497
80,53,15312.050494
80,55,15236.770651
80,56,15036.106500
80,62,14811.893923
80,64,14808.959250
80,66,14706.983098
80,68,14586.907611
80,79,14531.952304
81,42,16884.116126
81,43,16564.816636
81,44,16114.384085
81,45,15721.274959
81,46,15673.633497
81,47,15543.982336
81,53,15312.050494
81,55,15236.770651
81,56,15036.106500
81,59,14944.259375
81,62,14811.893923
81,64,14808.959250
81,66,14649.432350
81,67,14501.161521
82,42,16497.131801
82,43,16385.287630
82,44,16114.384085
82,45,15721.274959
82,46,15531.721974
82,47,15429.026611
82,53,15312.050494
82,54,15197.499098
82,56,14992.991391
82,58,14906.111715
82,62,14777.371135
82,65,14639.567511
82,67,14501.161521
83,41,16651.014774
83,42,16497.131801
83,43,16303.025458
83,44,16114.384085
83,45,15721.274959
83,46,15531.721974
83,47,15420.435003
83,53,15312.050494
83,54,15197.499098
83,56,14992.991391
83,58,14906.111715
83,62,14777.371135
83,65,14463.650750
84,41,16651.014774
84,42,16459.502188
84,43,16303.025458
84,44,15966.834089
84,45,15721.274959
84,46,15531.721974
84,47,15420.435003
84,48,15233.582733
84,54,15197.499098
84,56,14992.991391
84,58,14906.111715
84,62,14777.371135
84,65,14463.650750
84,66,14441.479640
85,41,16651.014774
85,42,16459.502188
85,43,15943.126055
85,45,15721.274959
85,46,15246.531972
85,48,15014.074721
85,56,14932.150018
85,58,14906.111715
85,62,14763.944214
85,64,14492.144825
85,65,14463.650750
85,66,14403.175159
86,41,16651.014774
86,42,16459.502188
86,43,15943.126055
86,45,15721.274959
86,46,15246.531972
86,48,15014.074721
86,56,14932.150018
86,58,14906.111715
86,61,14884.411292
86,62,14763.944214
86,64,14492.144825
86,65,14463.650750
86,66,14403.175159
87,41,16651.014774
87,42,16459.402387
87,43,15943.126055
87,45,15721.274959
87,46,15246.531972
87,48,15014.074721
87,52,14867.709521
87,60,14848.410450
87,62,14763.944214
87,64,14492.144825
87,65,14463.650750
87,66,14403.175159
88,41,16651.014774
88,42,16459.402387
88,43,15943.126055
88,44,15910.526287
88,45,15513.462096
88,46,15246.531972
88,48,15005.055118
88,52,14819.092661
88,62,14746.272701
88,63,14712.325699
88,64,14388.017327
89,41,16651.014774
89,42,16459.402387
89,43,15683.859888
89,45,15513.462096
89,46,15246.531972
89,48,15005.055118
89,52,14819.092661
89,62,14427.630643
89,64,14388.017327
89,69,14380.464952
90,41,16651.014774
90,42,16081.848831
90,43,15683.859888
90,45,15513.462096
90,46,15246.531972
90,48,15005.055118
90,52,14819.092661
90,62,14427.630643
90,64,14388.017327
90,69,14380.464952
91,41,16651.014774
91,42,16081.848831
91,43,15545.750804
91,45,15513.462096
91,46,15117.843614
91,48,14935.228490
91,52,14796.852889
91,62,14369.469005
91,64,14347.450766
91,68,14279.593741
92,41,16651.014774
92,42,16081.848831
92,43,15545.750804
92,45,15484.881683
92,46,15117.843614
92,48,14935.228490
92,52,14796.852889
92,60,14669.220546
92,62,14369.469005
92,64,14347.450766
92,68,14279.593741
93,41,16651.014774
93,42,16081.848831
93,43,15545.750804
93,45,15484.881683
93,46,15117.843614
93,48,14935.228490
93,52,14796.852889
93,60,14669.220546
93,61,14433.429028
93,62,14369.469005
93,64,14347.450766
93,68,14279.593741
94,41,16651.014774
94,42,15948.090581
94,43,15464.969392
94,45,15412.992791
94,46,15080.732884
94,47,14853.241827
94,52,14785.201258
94,59,14639.990579
94,61,14420.588614
94,62,14294.558448
94,68,14223.714350
95,41,16451.511182
95,42,15948.090581
95,43,15464.969392
95,45,15412.992791
95,46,15080.732884
95,47,14853.241827
95,52,14785.201258
95,57,14684.391311
95,59,14639.990579
95,61,14420.588614
95,62,14294.558448
95,68,14223.714350
96,41,16451.511182
96,42,15926.322116
96,43,15464.969392
96,45,15412.992791
96,46,15080.732884
96,47,14853.241827
96,52,14654.408771
96,55,14634.025168
96,61,14420.588614
96,62,14294.558448
96,68,14223.714350
97,41,16451.511182
97,42,15926.322116
97,43,15464.969392
97,45,15397.806341
97,46,15048.757802
97,47,14804.388071
97,51,14643.743763
97,55,14634.025168
97,61,14411.604702
97,62,14173.116080
98,41,16451.511182
98,42,15926.322116
98,43,15464.969392
98,45,15332.874944
98,46,15048.757802
98,47,14804.388071
98,51,14643.743763
98,54,14611.400089
98,61,14411.604702
98,62,14173.116080
99,41,16451.511182
99,42,15926.322116
99,43,15464.969392
99,45,15332.874944
99,46,15048.757802
99,47,14804.388071
99,51,14643.743763
99,54,14611.400089
99,61,14411.604702
99,62,14173.116080
100,41,16451.511182
100,42,15664.349670
100,43,15382.666579
100,45,15295.932521
100,46,15048.757802
100,47,14776.803174
100,50,14641.076217
100,52,14600.952050
100,54,14570.637053
100,57,14538.704527
100,61,14373.429840
100,62,14173.116080
101,41,16303.707490
101,42,15664.349670
101,43,15382.666579
101,45,15043.081411
101,46,14900.028659
101,47,14776.803174
101,50,14641.076217
101,52,14600.952050
101,54,14570.637053
101,57,14538.704527
101,60,14522.071457
101,61,14373.429840
101,62,14173.116080
102,41,16300.579030
102,42,15664.349670
102,43,15382.666579
102,45,15043.081411
102,46,14900.028659
102,47,14776.803174
102,50,14641.076217
102,52,14600.952050
102,54,14570.637053
102,57,14538.704527
102,60,14522.071457
102,61,14373.429840
102,62,14173.116080
103,41,16300.579030
103,42,15664.349670
103,43,15382.666579
103,45,14952.183125
103,46,14814.820283
103,47,14691.045676
103,50,14641.076217
103,52,14549.883388
103,56,14456.583549
103,61,14299.443458
103,62,14158.191032
104,41,16043.084153
104,42,15664.349670
104,43,15382.666579
104,45,14952.183125
104,46,14814.820283
104,47,14691.045676
104,50,14641.076217
104,52,14549.883388
104,55,14467.833101
104,56,14456.583549
104,61,14299.443458
104,62,14158.191032
105,40,16066.956453
105,41,15712.278819
105,42,15539.371626
105,43,15382.666579
105,45,14952.183125
105,46,14814.820283
105,47,14691.045676
105,49,14591.519663
105,51,14531.954465
105,54,14449.269639
105,61,14299.443458
105,62,14158.191032
106,40,16066.956453
106,41,15712.278819
106,42,15539.371626
106,43,15382.666579
106,45,14858.027771
106,46,14773.478800
106,47,14659.402594
106,49,14591.519663
106,50,14492.124895
106,51,14487.539670
106,54,14434.416157
106,58,14389.337381
106,61,14299.443458
106,62,14158.191032
107,40,16066.956453
107,41,15595.998523
107,42,15539.371626
107,43,15382.666579
107,45,14858.027771
107,46,14773.478800
107,47,14659.402594
107,49,14591.519663
107,50,14492.124895
107,51,14487.539670
107,54,14434.416157
107,58,14389.337381
107,61,14299.443458
107,62,14158.191032
108,40,16066.956453
108,41,15595.998523
108,42,15466.542342
108,43,15382.666579
108,44,15359.385546
108,45,14858.027771
108,46,14773.478800
108,47,14659.402594
108,49,14591.519663
108,50,14492.124895
108,51,14487.539670
108,54,14434.416157
108,58,14355.527723
108,61,14299.443458
108,62,14158.191032
109,40,16026.723334
109,41,15595.998523
109,42,15466.542342
109,43,15382.666579
109,44,15359.385546
109,45,14619.785938
109,49,14591.519663
109,50,14401.397573
109,55,14349.982121
109,60,14244.489567
109,61,14131.997856
110,40,16026.723334
110,41,15585.412289
110,42,15466.542342
110,43,15382.666579
110,44,15328.395616
110,45,14619.785938
110,49,14591.519663
110,50,14401.397573
110,54,14353.561465
110,55,14315.862848
110,60,14244.489567
110,61,14131.997856
111,40,15967.676225
111,41,15585.412289
111,42,15466.542342
111,43,15382.666579
111,44,15153.973149
111,45,14619.785938
111,48,14541.793353
111,50,14401.397573
111,54,14353.561465
111,55,14315.862848
111,56,14311.932087
111,60,14244.489567
111,61,14131.997856
112,39,16764.108765
112,40,15901.460302
112,41,15585.412289
112,42,15439.831927
112,43,15289.616422
112,44,15122.793384
112,45,14556.183465
112,48,14460.124218
112,50,14396.695536
112,54,14352.674340
112,55,14309.491748
112,56,14239.467379
112,61,14113.177188
113,39,16764.108765
113,40,15901.460302
113,41,15585.412289
113,42,15439.831927
113,43,15289.616422
113,44,15092.366927
113,45,14556.183465
113,48,14460.124218
113,49,14427.253956
113,50,14396.695536
113,54,14338.892072
113,55,14243.123836
113,56,14239.467379
113,61,14113.177188
114,39,16764.108765
114,40,15795.589520
114,41,15585.412289
114,42,15439.831927
114,43,15289.616422
114,44,15092.366927
114,45,14556.183465
114,48,14460.124218
114,49,14427.253956
114,50,14396.695536
114,53,14373.245082
114,54,14338.892072
114,55,14243.123836
114,56,14239.467379
114,61,14113.177188
115,39,16596.765138
115,40,15795.589520
115,41,15585.412289
115,42,15397.059502
115,43,15261.464395
115,44,15041.468671
115,45,14540.650064
115,48,14445.294670
115,49,14364.298609
115,54,14316.294636
115,55,14192.369608
115,56,14145.886789
115,61,14107.040170
116,39,16596.765138
116,40,15795.589520
116,41,15585.412289
116,42,15397.059502
116,43,15261.464395
116,44,15041.468671
116,45,14540.650064
116,48,14388.991171
116,49,14364.298609
116,54,14316.294636
116,55,14192.369608
116,56,14145.886789
116,61,14107.040170
117,39,16596.765138
117,40,15795.589520
117,41,15585.412289
117,42,15397.059502
117,43,15261.464395
117,44,15041.468671
117,45,14540.650064
117,48,14388.991171
117,49,14364.298609
117,54,14316.294636
117,55,14192.369608
117,56,14145.886789
117,61,14107.040170
117,69,14096.203013
118,39,15694.903408
118,41,15585.412289
118,42,15395.094468
118,43,15261.464395
118,44,14924.973010
118,45,14540.650064
118,48,14376.216108
118,49,14347.479877
118,54,14284.621697
118,55,14161.770413
118,56,14139.135140
118,61,14093.201490
118,67,14059.777422
119,39,15694.903408
119,41,15585.412289
119,42,15395.094468
119,43,15261.464395
119,44,14924.973010
119,45,14540.650064
119,48,14376.216108
119,49,14347.479877
119,51,14331.552618
119,54,14284.621697
119,55,14161.770413
119,56,14139.135140
119,61,14088.910872
119,67,14059.777422
120,39,15694.903408
120,41,15585.412289
120,42,15395.094468
120,43,15261.464395
120,44,14924.973010
120,45,14540.650064
120,47,14524.071560
120,48,14376.216108
120,49,14347.479877
120,51,14331.552618
120,54,14284.621697
120,55,14161.770413
120,56,14139.135140
120,61,14088.910872
120,67,14059.777422
121,38,17198.071059
121,39,15694.903408
121,41,15403.719983
121,42,15395.094468
121,43,15158.395559
121,44,14909.158656
121,45,14540.650064
121,47,14524.071560
121,48,14376.216108
121,49,14197.831938
121,54,14139.133471
121,56,14126.905957
121,60,14000.973466
122,38,17198.071059
122,39,15694.903408
122,41,15403.719983
122,42,15395.094468
122,43,15158.395559
122,44,14909.158656
122,45,14540.650064
122,47,14524.071560
122,48,14376.216108
122,49,14181.512677
122,54,14139.133471
122,56,14126.905957
122,60,14000.973466
123,38,17009.226857
123,39,15694.903408
123,41,15403.719983
123,42,15395.094468
123,43,15158.395559
123,44,14909.158656
123,45,14540.650064
123,47,14524.071560
123,48,14376.216108
123,49,14181.512677
123,54,14139.133471
123,56,14126.905957
123,60,14000.973466
123,64,13996.562648
124,38,17009.226857
124,39,15694.903408
124,41,15403.719983
124,42,15395.094468
124,43,15158.395559
124,44,14909.158656
124,45,14443.166643
124,48,14372.007009
124,49,14176.181160
124,50,14174.319926
124,54,14110.354057
124,55,14104.013171
124,56,14071.336587
124,60,13992.179711
125,38,17009.226857
125,39,15694.903408
125,41,15403.719983
125,42,15395.094468
125,43,15158.395559
125,44,14822.600606
125,45,14443.166643
125,48,14372.007009
125,49,14176.181160
125,50,14174.319926
125,54,14110.354057
125,55,14104.013171
125,56,14071.336587
125,60,13992.179711
126,38,17009.226857
126,39,15694.903408
126,41,15403.719983
126,42,15395.094468
126,43,15158.395559
126,44,14822.600606
126,45,14443.166643
126,48,14372.007009
126,49,14176.181160
126,50,14174.319926
126,54,14110.354057
126,55,14104.013171
126,56,14071.336587
126,60,13992.179711
127,38,16840.242295
127,39,15694.903408
127,41,15209.943055
127,43,15158.395559
127,44,14819.597774
127,45,14413.369943
127,48,14322.406452
127,49,14158.284881
127,50,14137.121742
127,54,14086.128144
127,55,14081.599641
127,56,14071.336587
127,60,13992.179711
128,38,16840.242295
128,39,15694.903408
128,40,15628.099132
128,41,15209.943055
128,43,15158.395559
128,44,14819.597774
128,45,14413.369943
128,48,14322.406452
128,49,14158.284881
128,50,14137.121742
128,54,14086.128144
128,55,14081.599641
128,56,14071.336587
128,59,14057.204183
128,60,13992.179711
129,38,16840.242295
129,39,15694.903408
129,40,15628.099132
129,41,15209.943055
129,43,15158.395559
129,44,14819.597774
129,45,14413.369943
129,48,14322.406452
129,49,14068.693279
129,58,14042.447510
129,60,13992.179711
129,69,13942.679124
130,38,16840.242295
130,39,15694.903408
130,40,15524.058577
130,41,15159.128491
130,42,15094.807464
130,44,14739.538594
130,45,14382.713440
130,48,14321.972162
130,49,14068.693279
130,58,14042.447510
130,60,13982.080006
130,69,13896.180928
131,38,16840.242295
131,39,15504.944642
131,41,15159.128491
131,42,15094.807464
131,44,14739.538594
131,45,14382.713440
131,48,14321.972162
131,49,14068.693279
131,51,14002.909092
131,59,14002.351360
131,60,13982.080006
131,64,13946.766244
131,69,13896.180928
132,38,16581.565271
132,39,15484.780846
132,41,15159.128491
132,42,15094.807464
132,44,14739.538594
132,45,14382.713440
132,48,14321.972162
132,49,14068.693279
132,51,14002.909092
132,59,14002.351360
132,60,13982.080006
132,62,13963.101730
132,64,13946.766244
132,67,13904.493235
132,69,13896.180928
133,38,16581.565271
133,39,15484.780846
133,41,15159.128491
133,42,15094.807464
133,44,14666.744285
133,45,14382.713440
133,48,14321.972162
133,49,14068.693279
133,51,14002.909092
133,56,13891.642090
133,68,13868.772364
134,38,16581.565271
134,39,15372.518307
134,41,15159.128491
134,42,15094.807464
134,43,15082.428120
134,44,14666.744285
134,45,14382.713440
134,48,14321.972162
134,49,14068.693279
134,51,14002.909092
134,56,13891.642090
134,68,13868.772364
135,38,16581.565271
135,39,15372.518307
135,41,15134.315412
135,42,15094.807464
135,43,14776.246237
135,44,14597.460081
135,45,14382.713440
135,48,14321.972162
135,49,14068.693279
135,51,14002.909092
135,56,13891.642090
135,68,13868.772364
136,38,16581.565271
136,39,15372.518307
136,41,15106.969581
136,42,14993.902740
136,43,14756.790419
136,44,14584.685018
136,45,14382.713440
136,48,14310.388760
136,49,14005.292489
136,51,13996.269087
136,56,13891.642090
136,68,13863.587288
137,38,16581.565271
137,39,15372.518307
137,41,15106.969581
137,42,14993.902740
137,43,14756.790419
137,44,14584.685018
137,45,14382.713440
137,48,14310.388760
137,49,14005.292489
137,51,13996.269087
137,52,13865.008174
137,68,13863.587288
138,38,16581.565271
138,39,15303.469492
138,41,15106.969581
138,42,14993.902740
138,43,14756.790419
138,44,14584.685018
138,45,14382.713440
138,48,14310.388760
138,49,14005.292489
138,51,13996.269087
138,52,13865.008174
138,68,13863.587288
139,38,16581.565271
139,39,15303.469492
139,41,15106.969581
139,42,14993.902740
139,43,14756.790419
139,44,14584.685018
139,45,14382.713440
139,48,14310.388760
139,49,14005.292489
139,51,13996.269087
139,52,13865.008174
139,68,13863.587288
140,38,16581.565271
140,39,15303.469492
140,40,15272.239748
140,41,15106.969581
140,42,14993.902740
140,43,14756.790419
140,44,14584.685018
140,45,14382.713440
140,48,14277.368293
140,49,14005.292489
140,51,13996.269087
140,52,13865.008174
140,68,13863.587288
141,37,18130.052973
141,38,16072.449577
141,39,15303.469492
141,40,15272.239748
141,41,15106.969581
141,42,14938.351667
141,43,14756.790419
141,44,14511.124772
141,45,14382.713440
141,47,14301.395170
141,48,14191.757659
141,49,14005.292489
141,51,13996.269087
141,52,13850.766611
141,59,13830.525888
142,37,18130.052973
142,38,15512.401643
142,39,15303.469492
142,40,15272.239748
142,41,15106.969581
142,42,14938.351667
142,43,14756.790419
142,44,14511.124772
142,45,14382.713440
142,47,14301.395170
142,48,14191.757659
142,49,14005.292489
142,51,13996.269087
142,52,13850.766611
142,59,13830.525888
143,37,18130.052973
143,38,15512.401643
143,39,15257.515095
143,41,15106.969581
143,42,14938.351667
143,43,14756.790419
143,44,14511.124772
143,45,14382.713440
143,47,14301.395170
143,48,14191.757659
143,49,14005.292489
143,51,13996.269087
143,52,13850.766611
143,59,13830.525888
144,37,18130.052973
144,38,15365.620670
144,39,15257.515095
144,41,15106.969581
144,42,14889.812708
144,43,14756.790419
144,44,14425.046937
144,45,14382.713440
144,47,14252.835945
144,48,14146.006388
144,49,13973.013873
144,52,13818.846348
144,59,13794.053869
145,37,18130.052973
145,38,15282.357095
145,39,15257.515095
145,41,15106.969581
145,42,14889.812708
145,43,14756.790419
145,44,14425.046937
145,45,14382.713440
145,47,14252.835945
145,48,14146.006388
145,49,13973.013873
145,52,13818.846348
145,59,13794.053869
146,37,17522.898005
146,38,15282.357095
146,39,15257.515095
146,41,14977.811752
146,42,14889.812708
146,43,14756.790419
146,44,14425.046937
146,45,14382.713440
146,47,14252.835945
146,48,14146.006388
146,49,13973.013873
146,52,13818.846348
146,59,13794.053869
147,37,15990.845811
147,38,15282.357095
147,39,15160.919069
147,40,15089.074905
147,41,14944.111680
147,42,14882.609663
147,43,14753.958387
147,44,14425.046937
147,45,14372.869358
147,47,14222.347335
147,48,14146.006388
147,49,13920.007580
147,52,13760.856318
148,37,15990.845811
148,38,15240.202305
148,39,15160.919069
148,40,15070.184549
148,41,14944.111680
148,42,14882.609663
148,43,14753.958387
148,44,14425.046937
148,45,14372.869358
148,47,14222.347335
148,48,14146.006388
148,49,13920.007580
148,52,13760.856318
149,37,15990.845811
149,38,15222.114106
149,39,15160.919069
149,40,15070.184549
149,41,14944.111680
149,42,14882.609663
149,43,14753.958387
149,44,14425.046937
149,45,14372.869358
149,47,14222.347335
149,48,14146.006388
149,49,13920.007580
149,51,13874.447009
149,52,13760.856318
150,37,15227.025589
150,38,15077.532915
150,40,15070.184549
150,41,14944.111680
150,42,14871.753544
150,43,14749.576958
150,44,14418.185902
150,45,14372.869358
150,47,14162.998014
150,48,14144.205561
150,49,13888.816617
150,50,13826.344553
150,52,13741.600813
151,37,15137.793349
151,38,15077.532915
151,40,15070.184549
151,41,14944.111680
151,42,14871.753544
151,43,14749.576958
151,44,14418.185902
151,45,14372.869358
151,46,14320.144547
151,47,14162.998014
151,48,14144.205561
151,49,13888.816617
151,50,13826.344553
151,52,13741.600813
152,37,15057.960434
152,39,15016.061758
152,41,14944.111680
152,42,14871.753544
152,43,14749.576958
152,44,14418.185902
152,45,14372.869358
152,46,14320.144547
152,47,14162.998014
152,48,14098.053497
152,49,13888.816617
152,50,13826.344553
152,52,13741.600813
153,36,15402.500369
153,37,15057.960434
153,39,15016.061758
153,41,14944.111680
153,42,14871.753544
153,43,14664.920464
153,44,14414.998318
153,45,14324.130748
153,46,14256.633204
153,47,14162.998014
153,48,14064.205546
153,49,13888.816617
153,50,13790.476173
153,52,13723.025040
154,36,15394.944810
154,37,15057.960434
154,39,15016.061758
154,41,14884.890189
154,42,14871.753544
154,43,14664.920464
154,44,14414.998318
154,45,14324.130748
154,46,14256.633204
154,47,14162.998014
154,48,14064.205546
154,49,13888.816617
154,50,13790.476173
154,52,13723.025040
155,36,15394.944810
155,37,15057.960434
155,39,15016.061758
155,41,14884.890189
155,42,14871.753544
155,43,14664.920464
155,44,14414.998318
155,45,14324.130748
155,46,14256.633204
155,47,14162.998014
155,48,14064.205546
155,49,13888.816617
155,50,13790.476173
155,52,13723.025040
156,36,15192.838864
156,37,15057.960434
156,38,14996.755510
156,41,14884.890189
156,42,14852.293823
156,43,14582.757508
156,44,14414.478310
156,45,14323.326557
156,46,14180.211501
156,47,14162.998014
156,48,14064.205546
156,49,13884.042341
156,50,13790.476173
156,52,13723.025040
157,36,15192.838864
157,37,15057.960434
157,38,14996.755510
157,41,14884.890189
157,42,14852.293823
157,43,14582.757508
157,44,14414.478310
157,45,14242.093760
157,46,14180.211501
157,47,14162.998014
157,48,14064.205546
157,49,13884.042341
157,50,13790.476173
157,52,13723.025040
158,35,15912.779451
158,36,15192.838864
158,37,15057.960434
158,38,14996.755510
158,41,14884.890189
158,42,14852.293823
158,43,14582.757508
158,44,14414.478310
158,45,14242.093760
158,46,14180.211501
158,47,14162.998014
158,48,13894.827360
158,49,13884.042341
158,50,13790.476173
158,52,13723.025040
159,35,15374.970405
159,36,15192.838864
159,37,15057.960434
159,38,14996.755510
159,41,14749.483530
159,43,14580.479671
159,44,14383.803560
159,45,14210.000807
159,46,14180.211501
159,47,14071.569106
159,48,13858.207946
159,50,13790.476173
159,52,13710.093760
160,35,15374.970405
160,36,15192.838864
160,37,15057.960434
160,38,14996.755510
160,41,14749.483530
160,43,14580.479671
160,44,14383.803560
160,45,14210.000807
160,46,14180.211501
160,47,14071.569106
160,48,13858.207946
160,50,13790.476173
160,52,13710.093760
161,35,15374.970405
161,36,15192.838864
161,37,15057.960434
161,38,14996.755510
161,41,14749.483530
161,43,14580.479671
161,44,14383.803560
161,45,14210.000807
161,46,14180.211501
161,47,14071.569106
161,48,13858.207946
161,50,13790.476173
161,52,13710.093760
162,35,15374.970405
162,36,15192.838864
162,37,14966.371837
162,41,14727.029024
162,43,14539.483467
162,44,14345.500980
162,45,14191.640523
162,46,14180.211501
162,47,14065.963576
162,48,13845.472235
162,50,13778.371244
162,52,13694.265395
163,35,15374.970405
163,36,15192.838864
163,37,14966.371837
163,40,14918.491195
163,41,14727.029024
163,43,14365.479999
163,44,14345.500980
163,45,14191.640523
163,46,14180.211501
163,47,13950.651397
163,48,13845.472235
163,50,13778.371244
163,52,13694.265395
164,35,15374.970405
164,36,15192.838864
164,37,14966.371837
164,40,14918.491195
164,41,14727.029024
164,43,14365.479999
164,44,14345.500980
164,45,14191.640523
164,46,14180.211501
164,47,13950.651397
164,48,13845.472235
164,50,13778.371244
164,52,13694.265395
165,35,15374.970405
165,36,15192.838864
165,37,14966.371837
165,40,14918.491195
165,41,14724.144170
165,43,14360.984032
165,44,14300.036743
165,45,14191.640523
165,46,14155.554109
165,47,13950.651397
165,48,13845.472235
165,50,13759.795471
165,52,13690.300681
166,35,15374.970405
166,36,15192.838864
166,37,14966.371837
166,40,14826.006306
166,41,14724.144170
166,43,14360.984032
166,44,14300.036743
166,45,14191.640523
166,46,14155.554109
166,47,13950.651397
166,48,13845.472235
166,50,13759.795471
166,52,13690.300681
167,35,15374.970405
167,36,15192.838864
167,37,14966.371837
167,39,14956.544173
167,40,14826.006306
167,41,14724.144170
167,43,14360.984032
167,44,14300.036743
167,45,14191.640523
167,46,14155.554109
167,47,13950.651397
167,48,13845.472235
167,50,13759.795471
167,52,13690.300681
168,35,15374.970405
168,36,15192.838864
168,37,14966.371837
168,39,14956.544173
168,40,14826.006306
168,41,14712.086250
168,43,14346.154457
168,44,14300.036743
168,45,14132.488414
168,46,14099.591164
168,47,13906.778916
168,48,13826.095591
168,50,13671.975974
168,52,13606.586852
169,35,15374.970405
169,36,15192.838864
169,37,14966.371837
169,39,14956.544173
169,40,14826.006306
169,41,14712.086250
169,43,14346.154457
169,44,14300.036743
169,45,14132.488414
169,46,14099.591164
169,47,13906.778916
169,48,13826.095591
169,50,13671.975974
169,52,13606.586852
170,35,15374.970405
170,36,15192.838864
170,37,14953.345109
170,39,14852.941512
170,40,14826.006306
170,41,14712.086250
170,43,14346.154457
170,44,14300.036743
170,45,14132.488414
170,46,14099.591164
170,47,13906.778916
170,48,13826.095591
170,50,13671.975974
170,52,13606.586852
171,35,15374.970405
171,36,15151.261638
171,37,14953.345109
171,39,14852.941512
171,40,14804.071885
171,41,14712.086250
171,43,14325.823980
171,44,14265.301204
171,45,14132.488414
171,46,14080.141647
171,47,13882.938522
171,48,13820.204469
171,50,13663.364578
171,52,13606.586852
172,35,15374.970405
172,36,15151.261638
172,37,14953.345109
172,39,14852.941512
172,40,14804.071885
172,41,14712.086250
172,43,14325.823980
172,44,14265.301204
172,45,14132.488414
172,46,14080.141647
172,47,13882.938522
172,48,13820.204469
172,50,13663.364578
172,52,13606.586852
173,35,15374.970405
173,36,15151.261638
173,37,14953.345109
173,39,14852.941512
173,40,14804.071885
173,41,14712.086250
173,43,14325.823980
173,44,14265.301204
173,45,14132.488414
173,46,14080.141647
173,47,13882.938522
173,48,13820.204469
173,50,13663.364578
173,52,13606.586852
174,35,15374.970405
174,36,15127.396945
174,37,14953.345109
174,39,14852.941512
174,40,14734.011705
174,41,14687.668050
174,43,14325.823980
174,44,14265.301204
174,45,14091.193773
174,46,14053.385098
174,47,13881.201085
174,48,13789.196926
174,50,13663.364578
174,51,13553.423499
175,35,15374.970405
175,36,15127.396945
175,37,14953.345109
175,38,14859.019133
175,39,14852.941512
175,40,14734.011705
175,41,14687.668050
175,43,14325.823980
175,44,14265.301204
175,45,14091.193773
175,46,14053.385098
175,47,13881.201085
175,48,13789.196926
175,50,13663.364578
175,51,13553.423499
176,35,15374.970405
176,36,15048.566191
176,37,14948.429616
176,38,14859.019133
176,39,14852.941512
176,40,14734.011705
176,41,14687.668050
176,43,14325.823980
176,44,14265.301204
176,45,14091.193773
176,46,14021.781222
176,47,13881.201085
176,48,13789.196926
176,50,13663.364578
176,51,13553.423499
177,35,15374.970405
177,36,15048.566191
177,37,14929.290752
177,38,14859.019133
177,39,14852.941512
177,40,14734.011705
177,41,14653.324951
177,43,14259.681548
177,45,14060.230595
177,46,13854.969579
177,48,13789.196926
177,50,13663.364578
177,51,13532.701021
178,35,15374.970405
178,36,15048.566191
178,37,14929.290752
178,38,14859.019133
178,39,14852.941512
178,40,14734.011705
178,41,14653.324951
178,43,14259.681548
178,45,14060.230595
178,46,13854.969579
178,48,13789.196926
178,50,13663.364578
178,51,13532.701021
179,35,15374.970405
179,36,15048.566191
179,37,14929.290752
179,38,14807.470234
179,40,14734.011705
179,41,14653.324951
179,43,14259.681548
179,45,14060.230595
179,46,13854.969579
179,48,13789.196926
179,50,13663.364578
179,51,13532.701021
180,35,15374.970405
180,36,15048.566191
180,37,14875.158403
180,38,14589.658920
180,41,14507.843770
180,42,14496.495219
180,43,14233.768176
180,45,14041.772367
180,46,13854.969579
180,48,13753.403564
180,50,13663.235649
180,51,13511.748457
181,35,15374.970405
181,36,15048.566191
181,37,14875.158403
181,38,14589.658920
181,41,14507.843770
181,42,14496.495219
181,43,14233.768176
181,44,14151.282487
181,45,14041.772367
181,46,13854.969579
181,48,13753.403564
181,50,13663.235649
181,51,13511.748457
182,35,15374.970405
182,36,15048.566191
182,37,14875.158403
182,38,14589.658920
182,41,14507.843770
182,42,14496.495219
182,43,14233.768176
182,44,14151.282487
182,45,14041.772367
182,46,13854.969579
182,48,13753.403564
182,50,13663.235649
182,51,13511.748457
183,35,15374.970405
183,36,15048.566191
183,37,14875.158403
183,38,14539.117134
183,41,14436.070283
183,43,14206.607303
183,44,14147.638808
183,45,14026.799136
183,46,13825.941619
183,48,13753.403564
183,50,13663.235649
183,51,13511.748457
184,35,15374.970405
184,36,15048.566191
184,37,14875.158403
184,38,14539.117134
184,41,14436.070283
184,43,14206.607303
184,44,14147.638808
184,45,14026.799136
184,46,13825.941619
184,48,13753.403564
184,50,13663.235649
184,51,13511.748457
185,35,15374.970405
185,36,14997.402519
185,37,14875.158403
185,38,14539.117134
185,41,14436.070283
185,43,14206.607303
185,44,14147.638808
185,45,14026.799136
185,46,13825.941619
185,48,13753.403564
185,50,13663.235649
185,51,13511.748457
186,35,15374.970405
186,36,14997.402519
186,37,14875.158403
186,38,14528.267871
186,41,14389.216852
186,42,14323.532888
186,43,14173.838961
186,44,14145.840036
186,45,14018.578553
186,46,13813.963899
186,48,13753.403564
186,50,13663.009196
186,51,13511.748457
187,35,15374.970405
187,36,14997.402519
187,37,14836.241337
187,38,14528.267871
187,41,14389.216852
187,42,14323.532888
187,43,14173.838961
187,44,14145.840036
187,45,14018.578553
187,46,13813.963899
187,48,13753.403564
187,49,13690.649449
187,50,13663.009196
187,51,13511.748457
188,35,15374.970405
188,36,14997.402519
188,37,14836.241337
188,38,14528.267871
188,41,14389.216852
188,42,14323.532888
188,43,14173.838961
188,44,14145.840036
188,45,14018.578553
188,46,13813.963899
188,48,13753.403564
188,49,13690.649449
188,50,13663.009196
188,51,13511.748457
189,35,15374.970405
189,36,14997.402519
189,37,14722.836741
189,38,14528.267871
189,41,14323.982535
189,42,14323.532888
189,43,14173.838961
189,44,14072.276784
189,45,14010.429789
189,46,13800.316766
189,47,13667.682862
189,49,13659.605622
189,50,13635.704466
189,51,13511.135690
190,35,15374.970405
190,36,14997.402519
190,37,14722.836741
190,38,14528.267871
190,41,14323.982535
190,42,14323.532888
190,43,14173.838961
190,44,14072.276784
190,45,14010.429789
190,46,13800.316766
190,47,13667.682862
190,49,13659.605622
190,50,13635.704466
190,51,13511.135690
191,34,16521.025770
191,35,15374.970405
191,36,14997.402519
191,37,14722.836741
191,38,14528.267871
191,41,14323.982535
191,42,14323.532888
191,43,14173.838961
191,44,14072.276784
191,45,14010.429789
191,46,13800.316766
191,47,13667.682862
191,49,13659.605622
191,50,13635.704466
191,51,13511.135690
192,34,16521.025770
192,35,15374.970405
192,36,14997.402519
192,37,14722.836741
192,38,14528.267871
192,40,14466.192189
192,41,14175.019087
192,43,14173.838961
192,44,14071.927244
192,45,14008.208225
192,46,13784.012948
192,47,13660.390028
192,48,13618.427983
192,51,13511.135690
193,34,16521.025770
193,35,15374.970405
193,36,14997.402519
193,37,14722.836741
193,38,14528.267871
193,40,14466.192189
193,41,14175.019087
193,43,14173.838961
193,44,14071.927244
193,45,14008.208225
193,46,13784.012948
193,47,13660.390028
193,48,13618.427983
193,51,13511.135690
194,34,16521.025770
194,35,15067.588419
194,36,14788.614281
194,37,14722.836741
194,38,14528.267871
194,40,14466.192189
194,41,14175.019087
194,43,14173.838961
194,44,14071.927244
194,45,14006.024512
194,46,13784.012948
194,47,13660.390028
194,48,13618.427983
194,51,13511.135690
195,34,16323.494331
195,35,15067.588419
195,36,14788.614281
195,37,14722.836741
195,38,14485.797440
195,40,14365.086123
195,41,14147.554681
195,44,14071.927244
195,45,14006.024512
195,46,13766.087341
195,47,13660.390028
195,48,13618.427983
195,51,13511.135690
196,34,16323.494331
196,35,15067.588419
196,36,14788.614281
196,37,14722.836741
196,38,14485.797440
196,40,14365.086123
196,41,14147.554681
196,44,14071.927244
196,45,13958.492771
196,46,13766.087341
196,47,13660.390028
196,48,13618.427983
196,51,13511.135690
197,34,16323.494331
197,35,15067.588419
197,36,14788.614281
197,37,14722.836741
197,38,14485.797440
197,40,14365.086123
197,41,14147.554681
197,44,14071.927244
197,45,13958.492771
197,46,13766.087341
197,47,13660.390028
197,48,13618.427983
197,51,13511.135690
198,34,16323.494331
198,35,14913.267755
198,36,14655.213742
198,37,14433.712837
198,40,14339.015128
198,41,14147.554681
198,44,14060.673325
198,45,13928.393814
198,46,13738.212069
198,47,13660.390028
198,48,13618.427983
198,51,13511.135690
199,34,16323.494331
199,35,14913.267755
199,36,14655.213742
199,37,14433.712837
199,40,14339.015128
199,41,14147.554681
199,44,14060.673325
199,45,13750.056733
199,46,13738.212069
199,47,13660.390028
199,48,13618.427983
199,51,13511.135690
200,34,16323.494331
200,35,14913.267755
200,36,14655.213742
200,37,14433.712837
200,40,14339.015128
200,41,14147.554681
200,44,14060.673325
200,45,13750.056733
200,46,13738.212069
200,47,13660.390028
200,48,13618.427983
200,51,13511.135690
201,34,16323.494331
201,35,14909.039072
201,36,14595.251973
201,37,14433.712837
201,40,14339.015128
201,41,14141.284088
201,44,14016.459931
201,45,13750.056733
201,46,13627.225831
201,48,13578.534976
201,51,13471.208997
202,34,16090.740383
202,35,14895.878534
202,36,14595.251973
202,37,14433.712837
202,40,14308.287906
202,41,14141.284088
202,44,14016.459931
202,45,13750.056733
202,46,13627.225831
202,48,13578.534976
202,51,13471.208997
203,34,16090.740383
203,35,14895.878534
203,36,14595.251973
203,37,14433.712837
203,40,14308.287906
203,41,14141.284088
203,44,14016.459931
203,45,13750.056733
203,46,13627.225831
203,48,13578.534976
203,51,13471.208997
204,34,16090.740383
204,35,14403.728047
204,37,14358.062301
204,40,14146.856525
204,41,14109.437967
204,44,14014.072663
204,45,13742.693475
204,46,13627.225831
204,48,13553.875605
204,51,13471.208997
205,34,16090.740383
205,35,14403.728047
205,37,14358.062301
205,40,14146.856525
205,41,14109.437967
205,44,14014.072663
205,45,13742.693475
205,46,13627.225831
205,48,13553.875605
205,51,13471.208997
206,34,16090.740383
206,35,14403.728047
206,37,14358.062301
206,40,14146.856525
206,41,14109.437967
206,44,14014.072663
206,45,13742.693475
206,46,13627.225831
206,48,13553.875605
206,51,13471.208997
207,34,16090.740383
207,35,14291.080066
207,40,14137.530799
207,41,14087.706919
207,44,14012.726369
207,45,13701.108062
207,46,13616.927903
207,48,13553.875605
207,51,13471.208997
208,34,16090.740383
208,35,14291.080066
208,40,14137.530799
208,41,14087.706919
208,44,14012.726369
208,45,13701.108062
208,46,13616.927903
208,48,13553.875605
208,51,13471.208997
209,34,16090.740383
209,35,14291.080066
209,40,14137.530799
209,41,14087.706919
209,44,14012.726369
209,45,13701.108062
209,46,13616.927903
209,48,13553.875605
209,51,13471.208997
210,34,16059.044716
210,35,14258.000041
210,40,14135.902813
210,41,14080.712987
210,44,13998.922046
210,45,13698.948600
210,46,13616.927903
210,47,13545.212376
210,51,13471.208997
211,34,16059.044716
211,35,14258.000041
211,40,14135.902813
211,41,14080.712987
211,44,13998.922046
211,45,13698.948600
211,46,13616.927903
211,47,13545.212376
211,51,13471.208997
212,34,15893.562131
212,35,14258.000041
212,40,14135.902813
212,41,14080.712987
212,44,13998.922046
212,45,13698.948600
212,46,13616.927903
212,47,13545.212376
212,51,13471.208997
213,34,15536.622147
213,35,14245.898076
213,40,14135.902813
213,41,14037.984346
213,44,13703.860891
213,45,13698.948600
213,46,13616.927903
213,47,13545.148141
213,51,13471.208997
214,34,15536.622147
214,35,14245.898076
214,40,14135.902813
214,41,14037.984346
214,44,13703.860891
214,45,13681.934877
214,46,13616.927903
214,47,13545.148141
214,49,13514.456081
214,51,13471.208997
215,34,15536.622147
215,35,14245.898076
215,36,14203.170941
215,40,14135.902813
215,41,14037.984346
215,44,13703.860891
215,45,13681.934877
215,46,13616.927903
215,47,13545.148141
215,49,13514.456081
215,51,13471.208997
216,34,14810.471128
216,35,14198.323669
216,40,14111.898543
216,41,14037.984346
216,44,13681.765199
216,46,13604.171836
216,47,13509.328004
216,50,13456.638362
217,33,16228.973243
217,34,14810.471128
217,35,14198.323669
217,40,14111.898543
217,41,14037.984346
217,44,13681.765199
217,46,13604.171836
217,47,13509.328004
217,50,13456.638362
218,33,16228.973243
218,34,14355.444085
218,35,14198.323669
218,36,14093.346529
218,41,14037.984346
218,44,13681.765199
218,46,13604.171836
218,47,13509.328004
218,50,13456.638362
219,33,16205.350676
219,34,14355.444085
219,35,14192.178534
219,36,14093.346529
219,41,14009.053575
219,44,13660.087178
219,46,13594.080655
219,47,13473.256789
219,50,13456.638362
219,58,13451.469815
220,33,16205.350676
220,34,14355.444085
220,35,14192.178534
220,36,14093.346529
220,40,14030.026426
220,41,14009.053575
220,44,13660.087178
220,46,13594.080655
220,47,13473.256789
220,50,13456.638362
220,58,13451.469815
221,33,14372.907374
221,34,14355.444085
221,35,14192.178534
221,36,14093.346529
221,40,14030.026426
221,41,14009.053575
221,44,13660.087178
221,46,13594.080655
221,47,13473.256789
221,50,13456.638362
221,58,13451.469815
222,33,14372.907374
222,34,14345.443598
222,35,14192.178534
222,36,14024.951201
222,41,14009.053575
222,44,13609.443020
222,46,13568.906708
222,47,13456.115661
222,50,13425.502160
223,33,14372.907374
223,34,14345.443598
223,35,14192.178534
223,36,14024.951201
223,41,14009.053575
223,44,13609.443020
223,46,13568.906708
223,47,13456.115661
223,50,13425.502160
224,33,14372.907374
224,34,14345.443598
224,35,14192.178534
224,36,14024.951201
224,41,14009.053575
224,42,14002.859539
224,44,13609.443020
224,46,13568.906708
224,47,13456.115661
224,50,13425.502160
225,33,14372.907374
225,34,14345.443598
225,35,14192.178534
225,36,14024.951201
225,41,14009.053575
225,42,14001.560946
225,44,13609.443020
225,46,13568.906708
225,47,13456.115661
225,50,13415.508839
226,33,14372.907374
226,34,14345.443598
226,35,14192.178534
226,36,14024.951201
226,41,14009.053575
226,42,13964.596180
226,44,13609.443020
226,46,13568.906708
226,47,13456.115661
226,49,13428.794277
226,50,13415.508839
227,33,14286.815722
227,35,14192.178534
227,36,14024.951201
227,40,13925.549392
227,44,13609.443020
227,46,13568.906708
227,47,13456.115661
227,49,13428.794277
227,50,13415.508839
228,33,14286.815722
228,35,14029.115125
228,36,14016.353416
228,40,13847.766748
228,44,13574.801326
228,46,13568.856448
228,47,13433.910941
228,49,13428.794277
228,50,13415.508839
229,33,14286.815722
229,35,14029.115125
229,36,14016.353416
229,38,13939.767638
229,39,13861.973439
229,40,13847.766748
229,44,13566.514564
229,47,13433.910941
229,49,13403.218881
230,33,14286.815722
230,34,14286.593836
230,35,14029.115125
230,36,14016.353416
230,38,13939.767638
230,39,13861.973439
230,40,13847.766748
230,44,13566.514564
230,45,13558.125835
230,47,13433.910941
230,49,13403.218881
231,33,14286.815722
231,34,14286.593836
231,35,14021.311222
231,36,13930.570817
231,38,13793.021160
231,41,13791.660489
231,44,13557.847913
231,45,13526.901785
231,47,13433.910941
231,49,13403.218881
232,33,14286.815722
232,34,14286.593836
232,35,14021.311222
232,36,13930.570817
232,38,13793.021160
232,39,13792.452800
232,41,13791.660489
232,44,13557.847913
232,45,13526.901785
232,47,13433.910941
232,49,13403.218881
233,33,14286.815722
233,34,14286.593836
233,35,14021.311222
233,36,13930.570817
233,38,13793.021160
233,39,13792.452800
233,41,13791.660489
233,44,13557.847913
233,45,13526.901785
233,47,13433.910941
233,48,13423.218191
233,49,13403.218881
234,33,14286.815722
234,34,14284.215242
234,35,14021.311222
234,36,13930.570817
234,38,13689.156486
234,44,13557.847913
234,45,13507.777680
234,47,13433.751786
234,48,13382.573166
235,33,14286.815722
235,34,14284.215242
235,35,14021.311222
235,36,13930.570817
235,38,13689.156486
235,44,13557.847913
235,45,13507.777680
235,47,13433.751786
235,48,13382.573166
236,33,14286.815722
236,34,14284.215242
236,35,14021.311222
236,36,13930.570817
236,38,13689.156486
236,44,13557.847913
236,45,13507.777680
236,47,13433.751786
236,48,13382.573166
237,33,14286.815722
237,34,14202.489673
237,35,14021.311222
237,36,13930.570817
237,37,13906.730749
237,38,13689.156486
237,43,13542.971766
237,45,13498.665868
237,47,13433.751786
237,48,13382.573166
237,50,13364.372921
238,33,14286.815722
238,34,14202.489673
238,35,14021.311222
238,36,13930.570817
238,37,13906.730749
238,38,13689.156486
238,43,13542.971766
238,45,13498.665868
238,46,13494.474322
238,47,13433.751786
238,48,13382.573166
238,50,13364.372921
239,33,14240.698055
239,34,14202.489673
239,35,13997.624628
239,36,13930.570817
239,37,13906.730749
239,38,13689.156486
239,39,13617.211726
239,43,13542.971766
239,45,13498.665868
239,46,13494.474322
239,47,13433.751786
239,48,13382.573166
239,50,13361.930811
240,33,14240.698055
240,34,14202.489673
240,35,13997.624628
240,36,13921.390266
240,37,13906.730749
240,38,13654.115641
240,39,13616.767559
240,43,13501.700995
240,45,13498.043167
240,46,13466.523195
240,47,13423.553095
240,48,13382.573166
240,50,13358.867410
241,33,14240.698055
241,34,14202.489673
241,35,13997.624628
241,36,13921.390266
241,37,13906.730749
241,38,13654.115641
241,39,13616.767559
241,43,13501.700995
241,45,13498.043167
241,46,13466.523195
241,47,13423.553095
241,48,13382.573166
241,50,13358.867410
242,33,14240.698055
242,34,14202.489673
242,35,13958.081289
242,36,13921.390266
242,37,13906.730749
242,38,13654.115641
242,39,13616.767559
242,42,13611.395530
242,43,13501.700995
242,45,13498.043167
242,46,13439.338846
242,47,13423.553095
242,48,13382.573166
242,50,13358.867410
243,33,14208.334406
243,34,14202.489673
243,35,13958.081289
243,36,13791.101159
243,38,13605.455488
243,39,13552.596713
243,43,13501.700995
243,45,13460.755037
243,46,13422.578192
243,48,13378.407014
243,50,13341.453432
243,55,13330.377983
244,33,14208.334406
244,34,14202.489673
244,35,13958.081289
244,36,13791.101159
244,38,13605.455488
244,39,13552.596713
244,43,13501.700995
244,45,13460.755037
244,46,13422.578192
244,48,13378.407014
244,50,13341.453432
244,55,13330.377983
245,33,14208.334406
245,34,14202.489673
245,35,13958.081289
245,36,13791.101159
245,38,13605.455488
245,39,13552.596713
245,43,13501.700995
245,44,13486.292928
245,45,13460.755037
245,46,13422.578192
245,48,13378.407014
245,49,13374.314512
245,50,13341.453432
245,55,13330.377983
246,33,14208.334406
246,34,14066.163461
246,35,13922.088214
246,36,13791.101159
246,37,13589.394751
246,39,13552.596713
246,43,13493.908252
246,44,13477.671455
246,45,13460.755037
246,46,13422.578192
246,48,13378.407014
246,49,13334.782745
246,55,13326.477452
247,33,14208.334406
247,34,14066.163461
247,35,13922.088214
247,36,13791.101159
247,37,13589.394751
247,39,13552.596713
247,43,13493.908252
247,44,13477.671455
247,45,13460.755037
247,46,13375.739654
247,48,13307.568845
248,33,14154.589674
248,34,14066.163461
248,35,13922.088214
248,36,13791.101159
248,37,13589.394751
248,39,13552.596713
248,42,13525.643942
248,43,13493.908252
248,44,13477.671455
248,45,13460.755037
248,46,13375.739654
248,48,13307.568845
248,49,13274.867576
249,33,14154.589674
249,34,14066.163461
249,35,13922.088214
249,36,13698.952137
249,37,13563.988166
249,39,13552.596713
249,42,13501.945539
249,43,13458.066011
249,44,13450.539824
249,46,13375.739654
249,48,13289.974318
249,49,13251.798256
250,33,14154.589674
250,34,14066.163461
250,35,13922.088214
250,36,13698.952137
250,37,13563.988166
250,39,13552.596713
250,42,13501.945539
250,43,13458.066011
250,44,13450.539824
250,46,13283.247417
250,49,13251.798256
251,33,14139.172553
251,34,14066.163461
251,35,13922.088214
251,36,13698.952137
251,37,13563.988166
251,39,13552.596713
251,42,13501.945539
251,43,13458.066011
251,44,13450.539824
251,45,13375.252648
251,46,13283.247417
251,49,13251.798256
252,33,14091.421146
252,34,14066.163461
252,35,13913.494541
252,36,13657.539962
252,37,13510.609522
252,39,13509.501840
252,42,13501.945539
252,43,13418.499749
252,45,13331.023446
252,46,13283.247417
252,49,13241.368043
253,33,14091.421146
253,34,14066.163461
253,35,13913.494541
253,36,13657.539962
253,37,13510.609522
253,39,13509.501840
253,42,13501.945539
253,43,13418.499749
253,45,13331.023446
253,46,13283.247417
253,49,13241.368043
254,33,14079.137220
254,34,14028.153617
254,35,13913.494541
254,36,13657.539962
254,37,13510.609522
254,39,13509.501840
254,42,13501.945539
254,43,13418.499749
254,45,13331.023446
254,46,13283.247417
254,49,13241.368043
255,33,14079.137220
255,34,14028.153617
255,35,13853.532672
255,36,13609.217899
255,37,13479.120098
255,43,13410.638052
255,45,13328.879855
255,46,13279.019394
255,48,13229.821028
256,33,14079.137220
256,34,14028.153617
256,35,13853.532672
256,36,13609.217899
256,37,13479.120098
256,43,13410.638052
256,45,13328.879855
256,46,13279.019394
256,48,13229.821028
257,33,14077.659479
257,34,14028.153617
257,35,13853.532672
257,36,13609.217899
257,37,13479.120098
257,43,13410.638052
257,45,13328.879855
257,46,13279.019394
257,47,13262.529511
257,48,13229.821028
257,49,13218.153565
258,32,14787.417898
258,33,14077.659479
258,34,14028.153617
258,35,13597.756580
258,37,13414.949251
258,43,13410.638052
258,45,13328.879855
258,46,13279.019394
258,47,13198.605401
259,32,14787.417898
259,33,14077.659479
259,34,14028.153617
259,35,13597.756580
259,37,13414.949251
259,43,13410.638052
259,45,13328.879855
259,46,13279.019394
259,47,13198.605401
259,49,13181.085063
260,32,14787.417898
260,33,14077.659479
260,34,14028.153617
260,35,13597.756580
260,37,13414.949251
260,43,13363.516127
260,45,13328.879855
260,46,13279.019394
260,47,13198.605401
260,49,13181.085063
261,32,14787.417898
261,33,14073.321828
261,34,14028.153617
261,35,13548.815457
261,37,13414.949251
261,42,13323.629995
261,45,13322.268971
261,46,13279.019394
261,47,13184.417577
261,48,13097.604143
262,32,14787.417898
262,33,14073.321828
262,34,14028.153617
262,35,13548.815457
262,37,13414.949251
262,42,13323.629995
262,45,13322.268971
262,46,13279.019394
262,47,13184.417577
262,48,13097.604143
263,32,14787.417898
263,33,14073.321828
263,34,14028.153617
263,35,13548.815457
263,37,13414.949251
263,42,13323.629995
263,45,13322.268971
263,46,13279.019394
263,47,13184.417577
263,48,13097.604143
264,32,14681.351139
264,33,14019.097153
264,34,14011.142727
264,35,13534.704391
264,37,13414.949251
264,42,13323.629995
264,45,13322.268971
264,46,13277.156417
264,47,13175.985898
264,48,13097.604143
265,32,14681.351139
265,33,14019.097153
265,34,14011.142727
265,35,13534.704391
265,37,13414.949251
265,42,13323.629995
265,45,13322.268971
265,46,13250.113967
265,47,13175.985898
265,48,13097.604143
266,32,14681.351139
266,33,14019.097153
266,34,14011.142727
266,35,13534.704391
266,37,13414.949251
266,42,13323.629995
266,45,13322.268971
266,46,13250.113967
266,47,13175.985898
266,48,13097.604143
267,32,14681.351139
267,33,14019.097153
267,34,13464.333885
267,37,13414.949251
267,41,13312.296224
267,45,13291.072680
267,46,13250.113967
267,47,13175.985898
267,48,13097.604143
268,32,14681.351139
268,33,14016.291777
268,34,13464.333885
268,37,13414.949251
268,41,13312.296224
268,45,13291.072680
268,46,13250.113967
268,47,13175.985898
268,48,13097.604143
269,32,14681.351139
269,33,13993.692054
269,34,13464.333885
269,37,13414.949251
269,41,13312.296224
269,45,13278.030533
269,46,13246.353759
269,47,13175.985898
269,48,13097.604143
270,32,14676.328661
270,33,13914.288951
270,34,13464.333885
270,37,13414.949251
270,41,13312.296224
270,44,13223.226767
270,47,13175.292931
270,48,13087.575688
271,32,14676.328661
271,33,13914.288951
271,34,13464.333885
271,37,13414.949251
271,41,13312.296224
271,44,13223.226767
271,47,13175.292931
271,48,13087.575688
272,32,14636.527535
272,33,13914.288951
272,34,13464.333885
272,37,13414.949251
272,41,13312.296224
272,44,13223.226767
272,45,13157.715122
272,48,13087.575688
273,32,14426.189020
273,33,13914.288951
273,34,13461.496161
273,37,13364.854310
273,41,13312.296224
273,44,13223.226767
273,45,13157.715122
273,48,13086.237222
274,32,14426.189020
274,33,13914.288951
274,34,13461.496161
274,37,13360.280448
274,41,13312.296224
274,44,13223.226767
274,45,13157.715122
274,47,13154.998714
274,48,13086.237222
275,32,14426.189020
275,33,13914.288951
275,34,13461.496161
275,37,13360.280448
275,41,13312.296224
275,44,13223.226767
275,45,13157.715122
275,47,13154.998714
275,48,13086.237222
276,32,14399.187194
276,33,13884.834642
276,34,13442.735106
276,37,13360.280448
276,41,13292.500915
276,44,13211.489815
276,45,13121.433342
276,47,13058.479423
277,32,14399.187194
277,33,13884.834642
277,34,13442.735106
277,37,13360.280448
277,41,13292.500915
277,44,13211.489815
277,45,13121.433342
277,47,13058.479423
278,32,14399.187194
278,33,13884.834642
278,34,13442.735106
278,37,13360.280448
278,41,13292.500915
278,44,13211.489815
278,45,13121.433342
278,47,13058.479423
279,32,14389.151792
279,33,13884.834642
279,34,13439.507691
279,37,13336.188073
279,41,13285.148488
279,44,13204.275891
279,45,13108.577504
279,47,13013.566244
280,32,14389.151792
280,33,13884.834642
280,34,13439.507691
280,37,13336.188073
280,41,13285.148488
280,44,13204.275891
280,45,13108.577504
280,47,13013.566244
281,32,14389.151792
281,33,13884.834642
281,34,13439.507691
281,37,13336.188073
281,41,13285.148488
281,44,13204.275891
281,45,13108.577504
281,47,13013.566244
282,32,14378.535903
282,33,13878.556176
282,34,13439.507691
282,37,13329.964915
282,41,13243.903762
282,44,13204.275891
282,45,13108.577504
282,47,13013.566244
283,32,14378.535903
283,33,13878.556176
283,34,13439.507691
283,37,13329.964915
283,41,13243.903762
283,44,13167.538134
283,45,13108.577504
283,47,13013.566244
284,32,14378.535903
284,33,13878.556176
284,34,13439.507691
284,37,13329.964915
284,41,13085.523181
284,47,13013.566244
285,32,14371.533119
285,33,13878.556176
285,34,13439.507691
285,37,13329.964915
285,41,13085.523181
285,46,12974.677879
286,32,14371.533119
286,33,13878.556176
286,34,13439.507691
286,37,13329.964915
286,39,13300.011737
286,41,13085.523181
286,46,12974.677879
287,32,14263.435005
287,33,13878.556176
287,34,13439.507691
287,37,13329.964915
287,39,13300.011737
287,41,13085.523181
287,46,12974.677879
288,32,14202.594883
288,33,13823.363056
288,34,13426.298859
288,37,13324.497195
288,39,13300.011737
288,41,13085.303213
288,45,12952.236287
289,32,14202.594883
289,33,13823.363056
289,34,13426.298859
289,37,13324.497195
289,39,13300.011737
289,41,13085.303213
289,45,12952.236287
290,32,14200.169733
290,33,13823.363056
290,34,13426.298859
290,36,13346.767063
290,37,13324.497195
290,39,13300.011737
290,41,13085.303213
290,45,12952.236287
291,32,14192.947339
291,33,13779.066955
291,34,13399.575688
291,36,13346.767063
291,37,13324.497195
291,39,13290.866665
291,41,13083.278462
291,45,12952.236287
292,32,14192.947339
292,33,13779.066955
292,34,13399.575688
292,36,13346.767063
292,37,13324.497195
292,39,13290.866665
292,41,13083.278462
292,44,13062.133918
292,45,12952.236287
293,32,14192.947339
293,33,13779.066955
293,34,13399.575688
293,36,13346.767063
293,37,13324.497195
293,39,13290.866665
293,41,13083.278462
293,42,13076.706051
293,44,13062.133918
293,45,12952.236287
294,32,14160.634551
294,33,13751.131503
294,34,13352.938464
294,36,13346.767063
294,37,13293.699759
294,39,13290.866665
294,41,13068.546883
294,42,13066.486106
294,44,13050.343002
294,45,12899.082885
295,32,14160.634551
295,33,13751.131503
295,34,13352.938464
295,36,13346.767063
295,37,13293.699759
295,39,13290.866665
295,41,13068.546883
295,42,13066.486106
295,44,13050.343002
295,45,12899.082885
296,32,14160.634551
296,33,13751.131503
296,34,13352.938464
296,36,13346.767063
296,37,13293.699759
296,39,13290.866665
296,41,13068.546883
296,42,13066.486106
296,43,13056.923494
296,44,13050.343002
296,45,12899.082885
297,32,14147.033244
297,33,13678.369284
297,34,13351.817038
297,36,13265.030741
297,37,13233.979284
297,41,13068.546883
297,42,13037.636332
297,44,12886.849383
298,32,14147.033244
298,33,13678.369284
298,34,13351.817038
298,36,13265.030741
298,37,13233.979284
298,41,13068.546883
298,42,13037.636332
298,44,12886.849383
299,32,14147.033244
299,33,13678.369284
299,34,13351.817038
299,36,13265.030741
299,37,13233.979284
299,41,13068.546883
299,42,13037.636332
299,44,12886.849383
300,32,14080.950797
300,33,13649.401811
300,34,13334.991499
300,36,13264.192836
300,37,13196.769385
300,41,13054.199806
300,42,13037.636332
300,44,12882.020769
301,32,14080.950797
301,33,13649.401811
301,34,13334.991499
301,36,13264.192836
301,37,13196.769385
301,41,13054.199806
301,42,13037.636332
301,43,12974.550057
301,44,12882.020769
302,32,14080.950797
302,33,13649.401811
302,34,13334.991499
302,36,13238.988835
302,37,13196.769385
302,41,13054.199806
302,42,13037.636332
302,43,12974.550057
302,44,12882.020769
303,32,14048.470417
303,33,13645.833560
303,34,13325.376677
303,36,13220.525366
303,37,13173.418251
303,41,13054.199806
303,42,13033.913139
303,43,12974.550057
303,44,12869.847352
304,32,14048.470417
304,33,13645.833560
304,34,13325.376677
304,36,13220.525366
304,37,13173.418251
304,41,13054.199806
304,42,13021.015316
304,43,12974.550057
304,44,12869.847352
305,32,14048.470417
305,33,13645.833560
305,34,13325.376677
305,36,13220.525366
305,37,13173.418251
305,41,13054.199806
305,42,13021.015316
305,43,12911.656957
305,44,12869.847352
306,32,13995.794430
306,33,13579.138593
306,34,13321.692315
306,36,13216.898748
306,37,13135.621122
306,41,13053.301467
306,42,12992.650899
306,43,12845.648696
307,32,13995.794430
307,33,13579.138593
307,34,13321.692315
307,36,13216.898748
307,37,13135.621122
307,41,13053.301467
307,42,12992.650899
307,43,12845.648696
308,32,13995.794430
308,33,13579.138593
308,34,13321.692315
308,36,13216.898748
308,37,13135.621122
308,41,13053.301467
308,42,12992.650899
308,43,12845.648696
309,32,13982.852308
309,33,13574.595155
309,34,13298.877880
309,36,13216.898748
309,37,13120.872433
309,41,13047.545349
309,42,12986.411742
309,43,12835.292289
310,32,13982.852308
310,33,13574.595155
310,34,13298.877880
310,35,13262.453940
310,36,13216.898748
310,37,13120.872433
310,41,13047.545349
310,42,12986.411742
310,43,12835.292289
311,32,13982.852308
311,33,13574.595155
311,34,13298.877880
311,35,13262.453940
311,36,13216.898748
311,37,13120.872433
311,41,13047.545349
311,42,12986.411742
311,43,12835.292289
312,32,13968.765078
312,33,13566.764260
312,34,13276.990235
312,35,13249.903283
312,36,13216.898748
312,37,13103.207661
312,41,12960.953050
312,43,12834.899485
313,32,13960.371992
313,33,13566.764260
313,34,13276.990235
313,35,13249.903283
313,36,13216.898748
313,37,13103.207661
313,41,12960.953050
313,43,12834.899485
314,32,13960.371992
314,33,13566.764260
314,34,13276.990235
314,35,13249.903283
314,36,13216.898748
314,37,13103.207661
314,41,12960.953050
314,43,12834.899485
315,32,13944.976247
315,33,13518.929293
315,34,13276.990235
315,35,13239.152059
315,36,13188.793581
315,37,13103.003528
315,39,13080.981811
315,41,12960.748267
315,43,12834.899485
316,32,13944.976247
316,33,13518.929293
316,34,13276.990235
316,35,13239.152059
316,36,13188.793581
316,37,13103.003528
316,39,13080.981811
316,41,12960.748267
316,43,12834.899485
317,32,13944.976247
317,33,13518.929293
317,34,13276.990235
317,35,13239.152059
317,36,13188.793581
317,37,13103.003528
317,39,13080.981811
317,41,12960.748267
317,43,12834.899485
318,32,13944.976247
318,33,13489.902731
318,34,13267.021421
318,35,13237.589157
318,36,13176.291457
318,37,13077.452624
318,39,13064.818536
318,41,12950.314749
318,43,12828.793723
319,32,13944.976247
319,33,13489.902731
319,34,13249.497953
319,35,13237.589157
319,36,13176.291457
319,37,13077.452624
319,39,13064.818536
319,40,13049.107187
319,41,12950.314749
319,43,12828.793723
320,32,13944.976247
320,33,13489.902731
320,34,13249.497953
320,35,13237.589157
320,36,13176.291457
320,37,13077.452624
320,39,13031.455559
320,41,12950.314749
320,43,12828.793723
321,32,13923.393373
321,33,13489.902731
321,34,13168.768015
321,37,13075.571603
321,39,13031.455559
321,41,12939.851204
321,43,12828.793723
321,46,12827.302833
322,32,13923.393373
322,33,13489.902731
322,34,13168.768015
322,37,13075.571603
322,39,13031.455559
322,41,12939.851204
322,43,12828.793723
322,46,12827.302833
323,32,13923.393373
323,33,13489.902731
323,34,13168.768015
323,37,13075.571603
323,38,13069.268294
323,39,13031.455559
323,41,12939.851204
323,43,12828.793723
323,46,12827.302833
324,32,13914.249883
324,33,13457.627344
324,34,13118.541883
324,37,13075.571603
324,38,13006.703147
324,41,12896.862207
324,43,12821.483768
324,46,12812.131574
325,32,13914.249883
325,33,13457.627344
325,34,13118.541883
325,37,13045.950563
325,38,13006.703147
325,41,12896.862207
325,43,12821.483768
325,46,12812.131574
