Generation,NV,TOC
1,60,33588.752180
1,65,32195.631137
1,72,31852.998252
1,74,31514.909458
1,75,31239.278641
1,84,30562.170342
1,88,29953.700606
1,89,27792.155415
1,91,27695.271000
2,58,29996.552738
2,64,28101.258697
2,73,27232.078831
2,79,25995.310411
2,92,24095.151454
2,95,23891.342832
3,58,29996.552738
3,64,28101.258697
3,70,25473.318790
3,80,25009.824310
3,89,24984.142060
3,92,24095.151454
3,95,23891.342832
3,100,23875.820149
4,55,31062.278585
4,58,29996.552738
4,62,29925.829871
4,64,28101.258697
4,66,27517.828818
4,68,26828.509502
4,70,25473.318790
4,73,25136.530478
4,80,25009.824310
4,89,24984.142060
4,92,24095.151454
4,95,23891.342832
4,98,23485.579293
4,100,23473.805271
5,55,31062.278585
5,58,29665.772761
5,63,29183.887706
5,64,28101.258697
5,66,24590.224398
5,71,23900.294439
5,87,23548.302691
5,89,23486.505069
5,94,23073.875803
5,97,22589.698091
5,98,22550.788632
6,55,30216.633877
6,56,27778.031388
6,66,24590.224398
6,71,23900.294439
6,87,23548.302691
6,89,23486.505069
6,91,22617.570435
6,97,22589.698091
6,98,22550.788632
7,55,30216.633877
7,56,27778.031388
7,61,27297.996796
7,62,26676.647153
7,63,26132.759933
7,66,24590.224398
7,71,23900.294439
7,73,23867.102560
7,74,23303.203646
7,80,23233.261158
7,91,22617.570435
7,97,22589.698091
7,98,22550.788632
8,55,28780.670894
8,56,27606.733990
8,61,27297.996796
8,62,26676.647153
8,63,26132.759933
8,66,24590.224398
8,69,24371.830066
8,71,23900.294439
8,73,23867.102560
8,74,23303.203646
8,80,23233.261158
8,91,22617.570435
8,97,22589.698091
8,98,22550.788632
9,55,28780.670894
9,56,27606.733990
9,58,26425.114819
9,63,26132.759933
9,66,23384.272560
9,70,23209.413043
9,71,21718.448438
9,97,21638.517703
10,54,30271.960074
10,55,28780.670894
10,56,27606.733990
10,58,26425.114819
10,63,24459.331315
10,66,23384.272560
10,70,23209.413043
10,71,21718.448438
10,82,21575.577197
10,93,21316.319567
11,53,29368.216690
11,55,27841.139632
11,56,27606.733990
11,58,26425.114819
11,62,26190.137949
11,63,24459.331315
11,66,23384.272560
11,70,23209.413043
11,71,21358.569429
11,93,21316.319567
12,53,27354.148706
12,55,25205.588334
12,59,24130.080752
12,65,22952.658386
12,68,22634.772393
12,69,21033.100957
12,98,20391.657084
13,53,27354.148706
13,55,25205.588334
13,59,24074.759929
13,63,24020.304219
13,64,23360.389174
13,65,22952.658386
13,68,22634.772393
13,69,21033.100957
13,80,20736.234140
13,98,20391.657084
14,53,27354.148706
14,55,25205.588334
14,57,24798.620341
14,59,24074.759929
14,63,24020.304219
14,64,23360.389174
14,65,22952.658386
14,68,21345.231789
14,69,21033.100957
14,80,20736.234140
14,83,20502.555172
14,98,20391.657084
14,99,20372.703475
15,52,28468.298708
15,53,27354.148706
15,55,25148.982917
15,57,24798.620341
15,59,24074.759929
15,63,24020.304219
15,64,23360.389174
15,65,22952.658386
15,68,20767.700440
15,80,20736.234140
15,83,20502.555172
15,89,20360.518886
15,91,20055.468380
16,52,28468.298708
16,53,23815.936497
16,55,22880.925342
16,62,22111.425029
16,68,20658.685414
16,75,20271.418305
16,91,19727.972292
17,52,28468.298708
17,53,23815.936497
17,55,22880.925342
17,62,22111.425029
17,68,20658.685414
17,69,20599.595291
17,75,20271.418305
17,91,19727.972292
18,52,26062.208673
18,53,23815.936497
18,55,22880.925342
18,62,22111.425029
18,68,20658.685414
18,69,20599.595291
18,73,19992.151067
18,77,19627.373856
19,52,26062.208673
19,53,23815.936497
19,54,22146.272884
19,61,21003.279714
19,66,20262.930727
19,73,19600.392316
19,75,19550.829284
19,77,19261.799911
20,51,24479.027839
20,52,23419.745097
20,54,22146.272884
20,61,21003.279714
20,66,20262.930727
20,70,19920.287140
20,73,19600.392316
20,75,19550.829284
20,77,19261.799911
21,51,21974.952503
21,54,21937.146292
21,58,21269.941552
21,61,20707.088327
21,65,19955.470898
21,67,19920.101221
21,73,19401.094440
21,76,19172.748830
21,86,18717.868736
22,51,21974.952503
22,54,21937.146292
22,58,21269.941552
22,61,20707.088327
22,65,19955.470898
22,67,19920.101221
22,73,19401.094440
22,76,19172.748830
22,85,19035.176490
22,86,18717.868736
23,51,21974.952503
23,54,21776.249512
23,58,21178.744035
23,61,20562.073617
23,65,19861.874316
23,67,19710.333001
23,68,19310.939637
23,73,19230.374025
23,75,18821.140814
23,78,18653.851044
23,82,18564.346968
24,50,24077.209567
24,51,21974.952503
24,52,21924.275219
24,53,21411.557102
24,57,20351.030453
24,65,19861.874316
24,67,19710.333001
24,68,19310.939637
24,73,19230.374025
24,75,18821.140814
24,78,18653.851044
24,82,18564.346968
25,50,24077.209567
25,51,21279.932953
25,56,20104.857946
25,62,19761.220437
25,66,19529.533042
25,68,19295.606723
25,73,19114.761577
25,75,18726.012804
25,77,18547.393530
25,79,18314.620483
26,50,24077.209567
26,51,21279.932953
26,56,20104.857946
26,62,19761.220437
26,66,19529.533042
26,68,19295.606723
26,73,19114.761577
26,75,18726.012804
26,77,18547.393530
26,79,18314.620483
27,50,23690.708559
27,51,20985.956134
27,55,20660.253360
27,56,20024.249503
27,62,19458.655781
27,66,19331.371509
27,68,19192.038576
27,72,19020.000268
27,74,18692.819259
27,76,18481.946888
27,78,18168.370075
28,50,23690.708559
28,51,20985.956134
28,55,20372.861566
28,56,20024.249503
28,62,19458.655781
28,65,19214.016884
28,66,19116.741656
28,69,18806.454951
28,74,18692.819259
28,76,18481.946888
28,78,18168.370075
29,50,21055.742868
29,51,20811.083680
29,54,20031.712986
29,56,20024.249503
29,60,19386.560717
29,63,18699.785271
29,68,18681.099649
29,74,18642.748384
29,75,18320.190737
29,78,18143.767037
30,50,20570.620016
30,54,20031.712986
30,56,20024.249503
30,57,19841.603607
30,60,19386.560717
30,63,18699.785271
30,68,18681.099649
30,74,18642.748384
30,75,18320.190737
30,78,18143.767037
31,49,20393.693839
31,54,19725.326973
31,56,19416.198661
31,59,19342.232845
31,62,18291.158130
31,75,18263.969014
31,78,18137.847168
32,48,21995.954848
32,49,20393.693839
32,51,20358.594105
32,54,19725.326973
32,55,19171.561415
32,56,18814.954851
32,62,18291.158130
32,75,18263.969014
32,76,18090.278500
33,48,20718.574649
33,49,20004.588419
33,53,19606.199340
33,55,19096.408813
33,56,18292.794048
33,62,18124.581456
33,65,18057.602039
33,75,18041.994299
34,48,20718.574649
34,49,20004.588419
34,53,19606.199340
34,54,19543.967353
34,55,19096.408813
34,56,18292.794048
34,59,18068.070514
34,65,18057.602039
34,74,17815.361728
35,47,21685.719068
35,48,20718.574649
35,49,19998.118951
35,52,19438.577236
35,54,19373.546607
35,55,19033.317411
35,56,18292.794048
35,58,17778.834970
35,72,17578.489416
36,47,21685.719068
36,48,20718.574649
36,49,19998.118951
36,51,19690.531982
36,52,19438.577236
36,53,19222.274978
36,54,18413.492588
36,56,18292.794048
36,58,17778.834970
36,72,17578.489416
37,47,21391.987342
37,48,20543.702195
37,49,19998.118951
37,50,19628.113371
37,52,19183.810495
37,54,18306.060588
37,56,18292.794048
37,58,17630.248705
37,59,17494.762889
38,47,21391.987342
38,48,20543.702195
38,49,19811.223427
38,50,19628.113371
38,51,19385.417691
38,52,19183.810495
38,54,18306.060588
38,55,18233.258930
38,57,18146.301863
38,58,17630.248705
38,59,17147.262592
39,47,21391.987342
39,48,19542.785252
39,49,19322.818577
39,50,18845.968043
39,54,18306.060588
39,55,18090.685052
39,56,17541.712619
39,59,17068.711653
40,47,21391.987342
40,48,19542.785252
40,49,19068.961359
40,50,18845.968043
40,54,18306.060588
40,55,18090.685052
40,56,17541.712619
40,59,16921.008441
41,47,21112.399977
41,48,19289.909019
41,49,18668.996397
41,53,18171.412097
41,55,17455.815728
41,59,16921.008441
42,47,21112.399977
42,48,19289.909019
42,49,18668.996397
42,51,18522.524873
42,53,18171.412097
42,55,17455.815728
42,57,17199.889569
42,59,16921.008441
43,47,21112.399977
43,48,18786.797652
43,49,18617.754846
43,50,18506.766107
43,53,18147.874295
43,55,17410.308442
43,57,16862.623619
44,47,21112.399977
44,48,18786.797652
44,49,18617.754846
44,50,18506.766107
44,51,18425.954369
44,53,18147.874295
44,55,17410.308442
44,57,16862.623619
45,47,20637.774163
45,48,18403.005553
45,50,17984.719494
45,51,17438.096205
45,55,17392.728224
45,56,16764.844423
45,59,16637.534161
46,47,20637.774163
46,48,18403.005553
46,50,17984.719494
46,51,17438.096205
46,55,17392.728224
46,56,16764.844423
46,59,16637.534161
47,47,19443.877430
47,48,17946.901884
47,50,17276.045123
47,56,16738.141285
47,59,16637.534161
48,46,19374.480876
48,48,17946.901884
48,50,17276.045123
48,51,17232.816211
48,56,16738.141285
48,59,16637.534161
49,46,18568.657208
49,47,17921.253847
49,48,17775.458704
49,50,17214.069631
49,56,16587.469986
49,59,16491.403560
50,46,18568.657208
50,47,17921.253847
50,48,17775.458704
50,50,17214.069631
50,56,16587.469986
50,59,16491.403560
51,45,21600.500289
51,46,18410.487013
51,47,17872.016514
51,48,17697.253933
51,49,17648.236814
51,50,17214.069631
51,51,17050.704517
51,55,16609.467277
51,56,16558.318343
51,59,16455.484483
52,45,21600.500289
52,46,18410.487013
52,47,17872.016514
52,48,17697.253933
52,49,17648.236814
52,50,17214.069631
52,51,17050.704517
52,55,16609.467277
52,56,16558.318343
52,59,16455.484483
53,45,20513.809266
53,46,18410.487013
53,47,17829.527714
53,48,17545.304021
53,49,17520.185505
53,50,16810.082132
53,55,16518.658250
53,56,16327.706426
53,58,16293.556773
54,45,19019.789690
54,46,18410.487013
54,47,17829.527714
54,48,17545.304021
54,49,17458.672423
54,50,16810.082132
54,54,16514.230466
54,55,16471.537575
54,56,16327.706426
54,58,16293.556773
55,45,18948.372234
55,46,18393.592448
55,47,17523.388915
55,48,17510.157935
55,49,17441.129080
55,50,16810.082132
55,54,16331.118283
55,56,16305.372650
55,58,16265.170549
56,45,18948.372234
56,46,18393.592448
56,47,17523.388915
56,48,17510.157935
56,49,17441.129080
56,50,16810.082132
56,53,16722.996293
56,54,16331.118283
56,55,16255.226339
57,45,18948.372234
57,46,18174.353858
57,47,17490.048607
57,48,17435.374897
57,49,17016.185245
57,50,16729.136735
57,52,16724.405018
57,53,16054.800359
58,45,18948.372234
58,46,18174.353858
58,47,17490.048607
58,48,17435.374897
58,49,16664.114513
58,53,16054.800359
58,56,15924.429248
59,42,20090.476555
59,43,19819.902231
59,45,18948.372234
59,46,17993.434075
59,47,17429.163898
59,48,17371.945867
59,49,16613.902159
59,53,15994.348126
59,56,15919.797101
59,58,15832.706174
60,42,20090.476555
60,43,19819.902231
60,45,18945.082802
60,46,17993.434075
60,47,16352.726498
60,52,16200.196191
60,53,15994.348126
60,56,15919.797101
60,57,15813.119509
61,42,19970.789034
61,43,19637.257057
61,45,18685.105074
61,46,17206.984992
61,47,16352.726498
61,52,15976.963075
61,53,15864.292047
61,56,15860.785213
61,57,15749.001025
62,42,19970.789034
62,43,19128.988011
62,45,18685.105074
62,46,17206.984992
62,47,16352.726498
62,49,15815.936283
62,57,15749.001025
63,42,19783.336313
63,43,19091.867636
63,44,18563.773465
63,46,16169.605101
63,49,15686.005048
63,50,15677.697280
64,42,19783.336313
64,43,19091.867636
64,44,18563.773465
64,46,16169.605101
64,49,15686.005048
64,50,15677.697280
64,53,15670.126770
64,54,15669.264588
65,42,19783.336313
65,43,18843.040903
65,44,18476.963304
65,46,15918.167417
65,49,15644.111212
65,50,15639.789316
65,51,15466.683834
66,42,19783.336313
66,43,18843.040903
66,44,18476.963304
66,46,15918.167417
66,49,15644.111212
66,50,15639.789316
66,51,15466.683834
67,42,19575.129080
67,43,18612.899360
67,44,18461.257853
67,46,15879.127173
67,49,15550.871717
67,51,15437.701967
68,42,18993.566644
68,43,18542.137259
68,44,18461.257853
68,46,15879.127173
68,49,15550.871717
68,51,15437.701967
69,41,19685.174301
69,42,18812.900302
69,43,18542.137259
69,44,18333.648860
69,46,15677.157371
69,49,15523.686528
69,51,15396.767814
70,41,19350.461306
70,42,18812.900302
70,43,18542.137259
70,44,18333.648860
70,46,15677.157371
70,47,15615.929244
70,49,15523.686528
70,50,15468.664618
70,51,15396.767814
71,41,19225.283088
71,42,18714.350775
71,43,18454.012795
71,44,18301.788995
71,46,15670.781277
71,47,15608.306834
71,49,15523.686528
71,50,15317.762243
72,41,19225.283088
72,42,18714.350775
72,43,18454.012795
72,44,18301.788995
72,46,15670.781277
72,47,15608.306834
72,49,15523.686528
72,50,15317.762243
73,41,19169.077632
73,42,18681.964418
73,43,18350.023477
73,44,18301.788995
73,46,15654.768498
73,47,15515.616465
73,49,15400.203322
73,50,15197.368629
74,41,19169.077632
74,42,18535.650876
74,43,18350.023477
74,44,18301.788995
74,45,16756.637819
74,46,15654.768498
74,47,15515.616465
74,49,15400.203322
74,50,15197.368629
75,40,19850.548572
75,41,19013.858737
75,42,18310.320077
75,44,18285.503694
75,45,16626.385154
75,46,15594.864125
75,47,15486.465176
75,49,15394.549565
75,50,15163.735655
76,40,19850.548572
76,41,18989.419228
76,42,18310.320077
76,44,18285.503694
76,45,16626.385154
76,46,15594.864125
76,47,15486.465176
76,49,15341.466240
76,50,15163.735655
77,40,19814.175324
77,41,18760.081400
77,42,18038.912338
77,45,16626.385154
77,46,15574.312701
77,47,15440.048285
77,49,15049.064283
78,40,18917.135231
78,41,18760.081400
78,42,18038.912338
78,45,16626.385154
78,46,15574.312701
78,47,15440.048285
78,48,14961.339273
79,40,18757.687574
79,41,18707.443737
79,42,17960.481617
79,45,16622.028904
79,46,15574.312701
79,47,15440.048285
79,48,14961.339273
80,40,18757.687574
80,41,18707.443737
80,42,17960.481617
80,44,15948.246511
80,46,15574.312701
80,47,15420.282249
80,48,14961.339273
81,40,18632.842130
81,41,18053.758866
81,42,17797.218313
81,44,15925.942897
81,46,15574.312701
81,47,15376.840739
81,48,14938.825806
82,39,19794.259780
82,40,18632.842130
82,41,18053.758866
82,42,17797.218313
82,44,15925.942897
82,46,15574.312701
82,47,15376.840739
82,48,14938.825806
82,49,14875.330854
83,39,19262.107856
83,40,18098.928381
83,41,17547.896887
83,44,15839.790645
83,46,15510.148626
83,47,15374.017132
83,48,14892.085818
83,49,14866.767154
83,51,14846.967144
84,39,19262.107856
84,40,18098.928381
84,41,17547.896887
84,44,15839.790645
84,46,15505.871758
84,47,15374.017132
84,48,14892.085818
84,49,14866.767154
84,51,14846.967144
85,39,19262.107856
85,40,18035.303554
85,41,17489.757399
85,44,15838.727451
85,46,15483.118426
85,47,14888.022119
85,49,14866.767154
85,51,14822.581340
86,39,19262.107856
86,40,18035.303554
86,41,17489.757399
86,44,15838.727451
86,46,15483.118426
86,47,14888.022119
86,49,14866.767154
86,51,14822.581340
87,39,19007.569805
87,40,18017.702636
87,41,17489.757399
87,44,15838.600882
87,46,15460.971826
87,47,14888.022119
87,49,14847.980126
87,51,14752.434725
88,39,19007.569805
88,40,17875.212354
88,41,17489.757399
88,42,17461.423508
88,44,15838.600882
88,46,15123.024422
88,47,14888.022119
88,49,14847.980126
88,51,14752.434725
89,39,19007.569805
89,40,17875.212354
89,41,17489.757399
89,42,17381.260481
89,43,17299.785658
89,44,15818.525961
89,45,15496.592142
89,46,15035.871250
89,47,14888.022119
89,49,14847.980126
89,50,14802.053077
89,51,14739.116257
90,39,19007.569805
90,40,17875.212354
90,41,17489.757399
90,42,17381.260481
90,43,17299.785658
90,44,15818.525961
90,45,15496.592142
90,46,15035.871250
90,47,14888.022119
90,49,14847.980126
90,50,14802.053077
90,51,14739.116257
91,39,19007.569805
91,40,17875.212354
91,41,17465.164208
91,42,17293.342549
91,44,15818.525961
91,45,15496.592142
91,46,15035.871250
91,47,14888.022119
91,48,14763.478964
91,50,14756.815909
91,51,14709.191500
92,39,18854.827720
92,40,17875.212354
92,41,16959.447310
92,42,16949.918533
92,43,16808.716298
92,44,15818.525961
92,45,15496.592142
92,46,15035.871250
92,47,14888.022119
92,48,14763.478964
92,50,14756.815909
92,51,14709.191500
93,39,17832.303065
93,40,17373.370888
93,41,16889.499893
93,43,16756.795021
93,44,15818.525961
93,45,15472.955519
93,46,15035.871250
93,47,14874.339465
93,48,14753.136595
93,50,14738.155945
93,51,14708.734322
94,38,19982.567121
94,39,17832.303065
94,40,17373.370888
94,41,16889.499893
94,43,16756.795021
94,44,15818.525961
94,45,15130.892901
94,46,15035.871250
94,47,14874.339465
94,48,14753.136595
94,50,14738.155945
94,51,14708.734322
95,38,19982.567121
95,39,17832.303065
95,40,17373.370888
95,41,16475.530862
95,43,15795.114314
95,45,15006.364101
95,47,14867.796437
95,48,14745.467525
95,49,14679.071440
96,38,19640.354479
96,39,17832.303065
96,40,17373.370888
96,41,16475.530862
96,43,15795.114314
96,45,15006.364101
96,47,14867.796437
96,48,14745.467525
96,49,14679.071440
97,38,19603.119017
97,39,17709.403827
97,40,17123.340982
97,41,16436.993374
97,43,15777.504927
97,45,15006.364101
97,47,14865.359757
97,48,14745.467525
97,49,14679.071440
98,38,19603.119017
98,39,17709.403827
98,40,17123.340982
98,41,16436.993374
98,43,15777.504927
98,44,15652.545316
98,45,14935.786095
98,47,14865.359757
98,48,14745.467525
98,49,14679.071440
99,38,19390.388784
99,39,17122.412056
99,41,16382.274369
99,43,15753.653367
99,44,15602.048751
99,45,14926.945575
99,47,14865.359757
99,48,14700.750840
99,49,14677.645820
100,38,19240.893097
100,39,17122.412056
100,41,16294.372910
100,43,15753.653367
100,44,15602.048751
100,45,14926.945575
100,47,14865.359757
100,48,14700.750840
100,49,14677.645820
101,38,18387.731949
101,39,17001.943436
101,41,16082.448601
101,43,15739.258606
101,44,15583.037505
101,45,14881.354322
101,47,14861.098069
101,48,14696.626546
101,49,14641.709410
102,38,18387.731949
102,39,17001.943436
102,41,16082.448601
102,43,15739.258606
102,44,15272.172874
102,45,14881.354322
102,47,14836.738882
102,48,14696.626546
102,49,14641.709410
103,38,17428.445351
103,39,17001.943436
103,41,16082.448601
103,43,15600.479256
103,44,15226.604033
103,45,14881.354322
103,47,14836.738882
103,48,14681.430578
103,49,14615.553230
104,38,17428.445351
104,39,17001.943436
104,41,16082.448601
104,43,15360.210283
104,44,15226.604033
104,45,14881.354322
104,46,14872.995896
104,47,14836.738882
104,48,14681.430578
104,49,14615.553230
105,37,17901.516512
105,38,17233.910761
105,39,16899.906369
105,40,16547.361169
105,41,16035.118142
105,43,15360.210283
105,44,15185.560373
105,45,14875.992739
105,46,14872.995896
105,47,14832.116143
105,48,14681.430578
105,49,14608.393704
106,37,17901.516512
106,38,17002.724831
106,39,16899.906369
106,40,16547.361169
106,41,16035.118142
106,43,15360.210283
106,44,15185.560373
106,45,14744.099612
106,48,14681.430578
106,49,14608.393704
107,37,17822.211898
107,38,16950.928925
107,39,16842.021634
107,40,16465.665171
107,41,15959.165559
107,43,15359.565472
107,44,15054.370222
107,45,14740.678595
107,47,14675.316745
107,49,14606.935221
108,37,17822.211898
108,38,16950.928925
108,39,16828.982969
108,40,16465.665171
108,41,15959.165559
108,43,15359.565472
108,44,15054.370222
108,45,14740.678595
108,47,14675.316745
108,49,14606.935221
109,37,17631.831900
109,38,16902.623380
109,39,16828.982969
109,40,15997.398079
109,41,15959.165559
109,43,15183.272520
109,44,15051.418115
109,45,14688.759148
109,47,14662.955514
109,49,14597.779037
110,37,17631.831900
110,38,16902.623380
110,39,16828.982969
110,40,15997.398079
110,41,15959.165559
110,43,15183.272520
110,44,15051.418115
110,45,14688.759148
110,47,14662.955514
110,49,14597.779037
111,37,17304.099286
111,38,16804.061946
111,39,16774.312704
111,40,15937.109725
111,41,15815.284337
111,43,14997.663131
111,45,14688.759148
111,47,14614.219061
111,49,14597.779037
112,36,17924.228836
112,37,17304.099286
112,38,16804.061946
112,39,16774.312704
112,40,15937.109725
112,41,15815.284337
112,43,14997.663131
112,45,14688.759148
112,47,14614.219061
112,49,14597.779037
113,36,17827.202639
113,37,17304.099286
113,38,16641.100338
113,40,15917.965421
113,41,15784.165432
113,43,14997.663131
113,45,14670.297787
113,47,14516.608754
114,36,17827.202639
114,37,17304.099286
114,38,16641.100338
114,40,15917.965421
114,41,15784.165432
114,43,14997.663131
114,45,14670.297787
114,47,14516.608754
115,36,17635.062678
115,37,17006.213955
115,38,16641.100338
115,40,15917.965421
115,41,15739.944277
115,43,14997.663131
115,45,14670.297787
115,47,14516.338692
116,36,17635.062678
116,37,17006.213955
116,38,16641.100338
116,40,15917.965421
116,41,15739.944277
116,43,14997.663131
116,45,14670.297787
116,47,14516.338692
117,36,17534.204809
117,37,16927.583233
117,38,16567.639216
117,40,15867.586237
117,41,15739.944277
117,43,14893.834423
117,45,14668.993865
117,47,14504.594104
118,36,17534.204809
118,37,16927.583233
118,38,16567.639216
118,40,15867.586237
118,41,15739.944277
118,43,14893.834423
118,45,14668.993865
118,47,14504.594104
119,36,17432.927740
119,37,16557.210863
119,38,16540.974726
119,40,15678.622367
119,42,15630.389763
119,43,14825.426555
119,45,14656.080969
119,47,14491.232056
120,36,17432.927740
120,37,16557.210863
120,38,16540.974726
120,40,15678.622367
120,42,15630.389763
120,43,14825.426555
120,45,14656.080969
120,47,14491.232056
121,36,17413.141408
121,37,16462.246656
121,38,16162.789954
121,40,15670.918765
121,42,15467.978691
121,43,14752.617192
121,45,14656.080969
121,47,14485.240781
122,36,17413.141408
122,37,16462.246656
122,38,16162.789954
122,40,15670.918765
122,42,15467.978691
122,43,14752.617192
122,45,14656.080969
122,47,14485.240781
123,36,17274.795040
123,37,16462.246656
123,38,16042.031877
123,40,15531.872254
123,42,15453.784643
123,43,14745.664812
123,45,14656.080969
123,47,14479.459782
123,50,14468.448650
124,36,17274.795040
124,37,16462.246656
124,38,16042.031877
124,40,15531.872254
124,42,15153.438176
124,43,14745.664812
124,45,14656.080969
124,47,14479.459782
124,50,14468.448650
125,36,17185.322242
125,37,16421.924322
125,38,15922.602236
125,40,15529.710258
125,42,15016.065392
125,43,14712.331626
125,45,14642.183036
125,47,14436.252342
125,48,14360.678552
126,36,17185.322242
126,37,16421.924322
126,38,15922.602236
126,40,15529.710258
126,42,15016.065392
126,43,14712.331626
126,45,14642.183036
126,47,14436.252342
126,48,14325.403329
127,36,16976.528636
127,37,16385.956478
127,38,15922.602236
127,40,15447.185835
127,42,14988.611539
127,43,14708.348064
127,44,14346.807042
127,48,14325.403329
128,36,16976.528636
128,37,16385.956478
128,38,15922.602236
128,40,15447.185835
128,42,14988.611539
128,43,14708.348064
128,44,14346.807042
128,48,14297.869966
129,36,16782.630888
129,37,16362.922619
129,38,15903.172990
129,40,15447.185835
129,42,14957.473483
129,43,14692.177018
129,44,14346.807042
129,48,14297.869966
130,36,16782.630888
130,37,16362.922619
130,38,15903.172990
130,40,15447.185835
130,42,14957.473483
130,43,14692.177018
130,44,14346.807042
130,48,14297.869966
131,36,16688.901726
131,37,16224.045560
131,38,15903.172990
131,40,15443.457486
131,42,14944.485870
131,43,14677.659017
131,44,14346.807042
131,48,14282.296885
132,36,16688.901726
132,37,16109.581778
132,38,15903.172990
132,40,15443.457486
132,41,15224.446926
132,42,14944.485870
132,43,14677.659017
132,44,14346.807042
132,46,14205.117720
133,36,16677.617553
133,37,16087.620256
133,38,15903.172990
133,40,15430.912200
133,41,15221.192589
133,42,14912.490296
133,43,14661.531560
133,44,14346.793682
133,45,14173.799635
134,36,16677.617553
134,37,16087.620256
134,38,15903.172990
134,40,15430.912200
134,41,15221.192589
134,42,14912.490296
134,43,14661.531560
134,44,14346.793682
134,45,14173.799635
135,36,16656.632239
135,37,16082.904985
135,38,15786.926301
135,40,15410.238307
135,41,15055.134051
135,42,14912.490296
135,43,14661.531560
135,44,14333.945763
135,45,14172.515679
136,36,16656.632239
136,37,16082.904985
136,38,15786.926301
136,40,15410.238307
136,41,15055.134051
136,42,14912.490296
136,43,14661.531560
136,44,14333.945763
136,45,14172.515679
137,36,16246.015782
137,37,16015.105606
137,38,15786.926301
137,40,15410.238307
137,41,15002.039431
137,42,14901.748149
137,43,14656.534835
137,44,14310.306730
137,45,14172.515679
138,36,16140.375940
138,37,15809.636755
138,38,15786.926301
138,39,15503.356088
138,40,15410.238307
138,41,15002.039431
138,42,14901.748149
138,43,14656.534835
138,44,14310.306730
138,45,14172.515679
139,36,16140.375940
139,37,15509.687587
139,39,15497.452819
139,40,14917.408833
139,42,14894.744772
139,43,14627.107436
139,44,14309.413164
139,45,14170.216975
140,36,15933.962356
140,37,15509.687587
140,39,15497.452819
140,40,14917.408833
140,42,14894.744772
140,43,14627.107436
140,44,14309.413164
140,45,14170.216975
141,35,17542.547974
141,36,15930.211373
141,37,15499.933055
141,38,15409.205817
141,40,14872.446522
141,43,14428.252064
141,44,14309.413164
141,45,14170.216975
142,35,16105.159793
142,36,15930.211373
142,37,15499.933055
142,38,15409.205817
142,40,14872.446522
142,43,14424.893759
142,44,14121.006623
143,35,15734.484248
143,37,15330.283941
143,40,14863.292332
143,43,14364.686733
143,44,14090.363192
144,35,15734.484248
144,37,15330.283941
144,40,14863.292332
144,43,14364.686733
144,44,14090.363192
145,35,15655.893236
145,37,15330.283941
145,38,14935.355528
145,40,14779.045560
145,43,14362.631575
145,44,14084.371917
146,35,15655.893236
146,37,15330.283941
146,38,14935.355528
146,40,14779.045560
146,43,14362.631575
146,44,14084.371917
147,34,18222.383236
147,35,15655.893236
147,37,14796.156035
147,40,14772.417882
147,43,14336.937698
147,44,14081.934417
148,34,18222.383236
148,35,15655.893236
148,37,14738.949764
148,43,14336.937698
148,44,14081.934417
149,34,17938.159469
149,35,15632.665880
149,37,14720.978176
149,43,14327.538420
149,44,14075.520448
150,34,16143.938701
150,35,15632.665880
150,37,14720.978176
150,39,14584.644183
150,43,14327.538420
150,44,14075.520448
151,34,16064.146727
151,35,15408.086721
151,37,14675.550913
151,39,14577.594569
151,43,14327.538420
151,44,14072.774305
152,33,17009.166103
152,34,16064.146727
152,35,15408.086721
152,37,14675.550913
152,39,14577.594569
152,42,14434.230649
152,43,14327.538420
152,44,14072.774305
153,33,16992.638336
153,34,16016.082513
153,35,15408.086721
153,37,14674.636442
153,39,14472.872336
153,42,14413.751164
153,43,14325.239716
153,44,14069.372403
154,33,16992.638336
154,34,15967.383943
154,35,15408.086721
154,37,14674.636442
154,39,14472.872336
154,42,14413.751164
154,43,14325.239716
154,44,14069.372403
155,33,16975.203432
155,34,15840.080659
155,35,15367.343872
155,37,14651.276681
155,38,14604.245419
155,39,14450.282726
155,42,14371.157655
155,43,14325.239716
155,44,14038.414678
156,33,16975.203432
156,34,15840.080659
156,35,15367.343872
156,37,14651.276681
156,38,14604.245419
156,39,14450.282726
156,42,14371.157655
156,43,14325.239716
156,44,14038.414678
157,33,16968.918120
157,34,15829.055697
157,35,15320.251833
157,37,14651.276681
157,38,14582.148493
157,39,14433.758768
157,42,14329.873711
157,43,14318.482653
157,44,14030.715694
158,33,16968.918120
158,34,15829.055697
158,35,15320.251833
158,36,15033.182908
158,37,14639.081501
158,38,14529.743030
158,39,14433.758768
158,42,14329.873711
158,43,14318.482653
158,44,14030.715694
159,33,16963.628061
159,34,15808.980198
159,35,15267.958472
159,36,14994.342538
159,37,14613.033978
159,38,14518.677488
159,39,14402.818195
159,42,14322.117180
159,43,14315.292537
159,44,14012.873822
160,33,16627.879211
160,34,15774.186531
160,35,15219.114096
160,36,14994.342538
160,37,14613.033978
160,38,14518.677488
160,39,14402.818195
160,42,14322.117180
160,43,14315.292537
160,44,14012.873822
161,33,16482.022230
161,34,15770.704684
161,35,15136.726147
161,36,14949.318423
161,37,14592.007175
161,38,14485.107968
161,39,14400.726646
161,42,14321.984837
161,43,14315.292537
161,44,14011.490965
162,33,16482.022230
162,34,15770.704684
162,35,15136.726147
162,36,14949.318423
162,37,14592.007175
162,38,14485.107968
162,39,14400.726646
162,40,14396.943190
162,42,14321.984837
162,43,14315.292537
162,44,14011.490965
163,33,16379.648639
163,34,15761.468400
163,35,15136.726147
163,36,14933.813266
163,37,14540.430001
163,38,14458.289498
163,39,14341.754538
163,42,14320.662358
163,43,14308.587389
163,44,14004.183903
164,32,17286.610395
164,33,16185.989022
164,34,15761.468400
164,35,15136.726147
164,36,14933.813266
164,37,14540.430001
164,38,14425.768945
164,39,14341.754538
164,42,14205.993796
164,44,14004.183903
165,32,17127.496226
165,33,16185.989022
165,34,15761.468400
165,35,15113.381384
165,36,14924.518942
165,37,14540.430001
165,38,14425.768945
165,39,14340.792759
165,42,14191.678798
165,44,14004.183903
166,32,16206.387084
166,33,16019.127561
166,34,15761.468400
166,35,15113.381384
166,36,14924.518942
166,37,14540.430001
166,38,14425.768945
166,39,14340.792759
166,42,14191.678798
166,44,14004.183903
167,32,16057.674810
167,33,15710.885625
167,35,15057.281731
167,36,14924.518942
167,37,14492.976493
167,38,14425.768945
167,39,14340.792759
167,41,14323.641809
167,42,14191.678798
167,43,14039.536248
167,44,14004.183903
168,31,16549.297934
168,32,16057.674810
168,33,15710.885625
168,35,15057.281731
168,36,14924.518942
168,37,14492.976493
168,38,14397.708531
168,39,14311.170281
168,42,14191.678798
168,43,14039.536248
168,44,14004.183903
169,31,16549.297934
169,32,15788.229874
169,33,15701.956925
169,34,15593.037976
169,35,14985.241795
169,36,14864.740117
169,37,14492.976493
169,38,14385.497850
169,39,14311.170281
169,42,14191.678798
169,43,13963.477639
170,31,16549.297934
170,32,15788.229874
170,33,15701.956925
170,34,15593.037976
170,35,14985.241795
170,36,14854.899583
170,37,14492.976493
170,38,14385.497850
170,39,14311.170281
170,42,13995.191464
170,43,13963.477639
171,31,16549.297934
171,32,15599.235218
171,34,15551.410507
171,35,14959.909010
171,36,14840.521344
171,37,14462.571168
171,38,14366.189304
171,39,14311.170281
171,42,13983.854956
171,43,13943.770121
172,31,16549.297934
172,32,15599.235218
172,34,15551.410507
172,35,14959.909010
172,36,14840.521344
172,37,14462.571168
172,38,14366.189304
172,39,14311.170281
172,42,13983.854956
172,43,13943.770121
173,31,16549.297934
173,32,15578.718552
173,34,15450.459533
173,35,14813.205796
173,37,14414.551647
173,38,14348.564159
173,39,14277.862866
173,42,13965.476559
173,43,13943.219171
174,31,16549.297934
174,32,15578.718552
174,34,15450.459533
174,35,14813.205796
174,37,14414.551647
174,38,14348.564159
174,39,14277.862866
174,42,13965.476559
174,43,13943.219171
175,31,16465.935062
175,32,15554.679181
175,33,15470.262489
175,34,15324.932519
175,35,14813.205796
175,37,14414.551647
175,38,14345.826535
175,39,14264.218894
175,42,13965.476559
175,43,13930.579219
176,31,16465.935062
176,32,15554.679181
176,33,15470.262489
176,34,15316.899007
176,35,14813.205796
176,37,14414.551647
176,38,14345.826535
176,39,14264.218894
176,42,13965.476559
176,43,13930.579219
177,31,16446.398525
177,32,15554.679181
177,33,15323.470477
177,34,15316.899007
177,35,14791.415980
177,37,14373.022680
177,38,14322.791541
177,39,14228.799619
177,42,13965.476559
177,43,13930.579219
178,31,16446.398525
178,32,15554.679181
178,33,15323.470477
178,34,15316.899007
178,35,14791.415980
178,37,14373.022680
178,38,14322.791541
178,39,14228.799619
178,42,13965.476559
178,43,13930.579219
179,31,16401.382608
179,32,15356.354228
179,33,15254.874658
179,34,15147.270638
179,35,14772.715234
179,37,14373.022680
179,38,14298.067772
179,39,14219.050797
179,42,13965.476559
179,43,13895.534456
180,31,16401.382608
180,32,15356.354228
180,33,15254.874658
180,34,15147.270638
180,35,14772.715234
180,37,14373.022680
180,38,14298.067772
180,39,14219.050797
180,42,13965.476559
180,43,13895.534456
181,31,16401.382608
181,32,15313.282287
181,33,15231.426409
181,34,15132.072492
181,35,14772.715234
181,37,14312.851071
181,38,14273.695317
181,39,14190.373568
181,42,13962.961086
181,43,13890.300572
182,31,16401.382608
182,32,15313.282287
182,33,15231.426409
182,34,15101.380256
182,35,14772.715234
182,37,14312.851071
182,38,14273.695317
182,39,14190.373568
182,42,13962.961086
182,43,13890.300572
183,31,16356.389730
183,32,15211.367188
183,33,15177.447894
183,34,15019.769453
183,35,14744.937537
183,37,14312.851071
183,38,14248.494331
183,39,14190.373568
183,42,13942.409512
183,43,13856.127319
184,31,16356.389730
184,32,15211.367188
184,33,15177.447894
184,34,15019.769453
184,35,14744.937537
184,37,14312.851071
184,38,14248.494331
184,39,14190.373568
184,42,13942.409512
184,43,13856.127319
185,31,16356.389730
185,32,15182.908302
185,33,15087.041766
185,34,14986.729537
185,35,14740.815314
185,37,14312.851071
185,38,14246.101850
185,39,14190.373568
185,42,13942.409512
185,43,13849.090971
186,31,16356.389730
186,32,15182.908302
186,33,15087.041766
186,34,14986.729537
186,35,14740.815314
186,37,14312.851071
186,38,14246.101850
186,39,14190.373568
186,42,13942.409512
186,43,13849.090971
187,31,16322.510154
187,32,15182.908302
187,33,15087.041766
187,34,14978.609444
187,35,14720.016839
187,37,14312.851071
187,38,14183.614153
187,42,13942.409512
187,43,13845.138195
188,31,16129.399200
188,32,15182.908302
188,33,15087.041766
188,34,14978.609444
188,35,14720.016839
188,37,14312.851071
188,38,14183.614153
188,42,13942.409512
188,43,13845.138195
189,31,16095.978519
189,32,15182.908302
189,33,15087.041766
189,34,14978.609444
189,35,14699.799648
189,37,14289.282692
189,38,14165.340565
189,42,13747.711471
190,31,16095.978519
190,32,15182.908302
190,33,15087.041766
190,34,14978.609444
190,35,14699.799648
190,37,14289.282692
190,38,14165.340565
190,41,14091.660453
190,42,13747.711471
191,31,15974.117523
191,32,15182.908302
191,33,15063.575811
191,34,14961.528814
191,35,14699.799648
191,37,14289.282692
191,38,14165.340565
191,39,14159.524860
191,41,14091.660453
191,42,13700.133924
192,31,15974.117523
192,32,15182.908302
192,33,15063.575811
192,34,14961.528814
192,35,14699.799648
192,37,14289.282692
192,38,14165.340565
192,39,14159.524860
192,41,14091.660453
192,42,13700.133924
193,31,15974.117523
193,32,15000.413583
193,34,14866.378291
193,35,14699.799648
193,37,14282.106561
193,38,14131.502394
193,41,14089.550037
193,42,13695.780948
194,31,15974.117523
194,32,15000.413583
194,34,14866.378291
194,35,14699.799648
194,37,14282.106561
194,38,14131.502394
194,41,14089.550037
194,42,13695.780948
195,31,15948.895535
195,32,14993.420136
195,34,14866.378291
195,35,14699.799648
195,37,14282.106561
195,38,14131.502394
195,41,14089.550037
195,42,13694.235249
196,31,15948.895535
196,32,14993.420136
196,34,14866.378291
196,35,14699.799648
196,37,14282.106561
196,38,14131.502394
196,41,14089.550037
196,42,13694.235249
197,31,15923.981171
197,32,14936.486778
197,34,14843.862753
197,35,14679.078247
197,37,14282.081237
197,38,14131.502394
197,41,14085.311835
197,42,13689.268192
198,31,15923.981171
198,32,14936.486778
198,34,14843.862753
198,35,14679.078247
198,37,14282.081237
198,38,14131.502394
198,41,14085.311835
198,42,13689.268192
199,31,15897.325337
199,32,14931.908005
199,34,14843.862753
199,35,14646.021133
199,37,14245.451761
199,38,14075.211203
199,40,13930.852575
199,41,13907.541694
199,42,13689.268192
200,31,15889.940943
200,32,14931.908005
200,34,14843.862753
200,35,14646.021133
200,37,14245.451761
200,38,14075.211203
200,40,13930.852575
200,41,13907.541694
200,42,13680.649794
201,31,15748.093088
201,32,14865.571580
201,34,14842.820901
201,35,14613.455390
201,37,14238.620463
201,38,14074.151771
201,40,13930.408853
201,41,13900.284266
201,42,13679.385210
202,31,15748.093088
202,32,14865.571580
202,34,14842.820901
202,35,14613.455390
202,37,14238.620463
202,38,14051.516728
202,40,13930.408853
202,41,13900.284266
202,42,13679.385210
203,31,15660.071434
203,32,14865.571580
203,34,14842.820901
203,35,14578.960295
203,37,14237.416642
203,38,14051.491404
203,40,13930.408853
203,41,13900.284266
203,42,13677.197203
204,31,15660.071434
204,32,14865.571580
204,34,14842.820901
204,35,14578.960295
204,37,14237.416642
204,38,14042.796623
204,40,13930.408853
204,41,13900.284266
204,42,13677.197203
205,31,15660.071434
205,32,14864.891691
205,34,14842.820901
205,35,14578.960295
205,37,14223.440276
205,38,14033.509727
205,40,13875.756168
205,42,13666.853936
206,31,15660.071434
206,32,14864.891691
206,34,14842.820901
206,35,14578.960295
206,37,14223.440276
206,38,14033.509727
206,40,13875.756168
206,42,13665.244566
207,31,15205.803900
207,32,14864.891691
207,34,14840.614685
207,35,14569.389857
207,37,14223.440276
207,38,14027.067224
207,40,13875.756168
207,42,13665.244566
208,31,15205.803900
208,32,14864.891691
208,34,14840.614685
208,35,14569.389857
208,37,14223.440276
208,38,14027.067224
208,40,13804.160739
208,42,13665.244566
209,31,15205.803900
209,32,14863.031310
209,34,14836.165276
209,35,14567.592242
209,37,14167.651322
209,38,14027.067224
209,40,13804.160739
209,42,13654.829577
210,31,15205.803900
210,32,14863.031310
210,34,14836.165276
210,35,14567.592242
210,37,14167.651322
210,38,14027.067224
210,40,13804.160739
210,42,13654.829577
211,31,15200.538019
211,32,14764.638960
211,35,14515.994693
211,37,14163.280248
211,38,14000.737402
211,40,13804.160739
211,42,13633.765791
212,31,15200.538019
212,32,14764.638960
212,35,14515.994693
212,37,14163.280248
212,38,14000.737402
212,40,13804.160739
212,42,13633.765791
213,31,15103.584835
213,32,14638.559582
213,35,14515.989499
213,37,14163.021421
213,38,13988.127452
213,40,13791.263475
213,42,13633.765791
214,31,15103.584835
214,32,14638.559582
214,35,14515.989499
214,37,14163.021421
214,38,13988.127452
214,40,13791.263475
214,42,13633.765791
215,31,15024.664522
215,32,14595.061656
215,35,14515.265053
215,37,14141.249233
215,38,13953.752625
215,40,13775.965214
215,42,13619.736995
216,31,15024.664522
216,32,14595.061656
216,35,14515.265053
216,36,14462.613998
216,37,14141.249233
216,38,13886.167025
216,40,13775.965214
216,42,13619.736995
217,31,15020.768681
217,32,14472.700966
217,36,14457.050045
217,37,14107.920470
217,38,13885.048560
217,40,13764.484907
217,42,13588.435386
218,31,15020.768681
218,32,14472.700966
218,36,14457.050045
218,37,14107.920470
218,38,13885.048560
218,40,13764.484907
218,42,13588.435386
218,43,13582.067611
219,31,15014.995098
219,32,14472.700966
219,36,14339.036156
219,37,14069.250461
219,38,13871.826282
219,40,13764.484907
219,42,13586.186999
219,43,13581.434983
220,31,15014.995098
220,32,14472.700966
220,36,14339.036156
220,37,14069.250461
220,38,13871.826282
220,40,13764.484907
220,42,13586.186999
220,43,13571.549099
221,31,15012.433427
221,32,14458.562967
221,36,14339.036156
221,37,14060.514817
221,38,13847.830308
221,40,13724.846697
221,42,13581.561487
221,43,13558.977719
222,31,15012.433427
222,32,14458.562967
222,36,14339.036156
222,37,14060.514817
222,38,13847.830308
222,40,13724.846697
222,42,13581.561487
222,43,13558.977719
223,31,14902.688844
223,32,14445.624530
223,36,14339.036156
223,37,14058.914636
223,38,13847.830308
223,40,13690.117002
223,42,13581.477686
223,43,13558.977719
224,31,14902.688844
224,32,14445.624530
224,36,14339.036156
224,37,14058.914636
224,38,13847.830308
224,40,13690.117002
224,42,13581.477686
224,43,13558.977719
225,31,14797.795584
225,32,14410.585936
225,36,14313.572638
225,37,13995.727486
225,38,13810.181440
225,40,13680.051259
225,42,13581.477686
225,43,13541.467029
226,31,14797.795584
226,32,14410.585936
226,36,14313.572638
226,37,13995.727486
226,38,13810.181440
226,40,13680.051259
226,42,13581.477686
226,43,13541.467029
227,31,14790.791842
227,32,14368.768951
227,36,14307.686823
227,37,13995.727486
227,38,13806.227238
227,40,13677.674445
227,42,13558.580764
227,43,13537.245083
228,31,14790.791842
228,32,14368.768951
228,36,14265.752033
228,37,13995.727486
228,38,13806.227238
228,40,13677.674445
228,41,13591.803711
228,42,13558.580764
228,43,13537.245083
229,31,14743.450028
229,32,14358.929191
229,36,14246.084228
229,37,13995.727486
229,38,13806.219331
229,40,13677.674445
229,41,13588.997091
229,42,13558.580764
229,43,13528.567134
230,31,14743.450028
230,32,14358.929191
230,36,14246.084228
230,37,13995.727486
230,38,13806.219331
230,40,13677.674445
230,41,13588.997091
230,42,13550.153929
230,43,13528.567134
231,31,14634.433279
231,32,14317.755186
231,35,14131.532246
231,37,13995.727486
231,38,13794.373758
231,40,13579.819743
231,42,13502.663861
232,31,14634.433279
232,32,14317.755186
232,35,14131.532246
232,37,13995.727486
232,38,13794.373758
232,40,13579.819743
232,42,13502.663861
233,31,14634.433279
233,32,14248.916705
233,35,14097.352945
233,37,13986.373380
233,38,13790.756025
233,40,13579.819743
233,42,13498.768552
234,31,14634.433279
234,32,14248.916705
234,35,14094.719606
234,37,13986.373380
234,38,13790.756025
234,40,13579.819743
234,42,13498.768552
235,31,14634.433279
235,32,14248.916705
235,35,14094.719606
235,37,13973.025612
235,38,13790.756025
235,40,13577.148949
235,41,13529.669731
235,42,13498.768552
236,31,14634.433279
236,32,14248.916705
236,35,14094.719606
236,37,13973.025612
236,38,13790.756025
236,40,13577.148949
236,41,13529.669731
236,42,13498.768552
237,31,14634.433279
237,32,14245.141182
237,35,14085.828499
237,36,13932.585861
237,38,13790.756025
237,40,13560.315911
237,41,13528.396777
237,42,13498.768552
238,31,14634.433279
238,32,14173.661015
238,35,14085.828499
238,36,13932.585861
238,38,13790.756025
238,39,13770.704349
238,40,13560.315911
238,41,13504.377663
238,42,13498.768552
239,31,14600.669086
239,32,14130.433887
239,35,13956.744840
239,36,13919.230140
239,38,13731.581857
239,40,13482.372993
240,31,14600.669086
240,32,14043.030697
240,35,13956.744840
240,36,13919.230140
240,38,13731.581857
240,40,13482.372993
241,31,14592.201441
241,32,14029.169931
241,35,13942.973949
241,36,13913.724256
241,38,13731.581857
241,40,13474.003783
242,31,14592.201441
242,32,14029.169931
242,35,13942.973949
242,36,13913.724256
242,38,13731.581857
242,40,13474.003783
243,31,14592.201441
243,32,14015.237265
243,35,13942.973949
243,36,13910.976724
243,38,13730.105911
243,40,13468.802563
244,31,14592.201441
244,32,14015.237265
244,35,13942.973949
244,36,13910.976724
244,38,13730.105911
244,40,13468.802563
245,31,14432.392624
245,32,14015.237265
245,35,13887.891205
245,38,13730.105911
245,40,13468.802563
246,31,14432.392624
246,32,14015.237265
246,35,13887.891205
246,38,13730.105911
246,40,13468.802563
247,31,14380.822692
247,32,14014.974905
247,33,13970.144107
247,35,13887.891205
247,37,13842.346213
247,38,13726.026693
247,39,13705.948475
247,40,13464.912053
248,31,14380.822692
248,32,14014.974905
248,33,13970.144107
248,35,13887.891205
248,37,13842.346213
248,38,13726.026693
248,39,13705.690166
248,40,13464.912053
249,31,14355.087689
249,32,14014.974905
249,33,13956.635400
249,35,13860.754950
249,37,13835.112691
249,38,13726.026693
249,39,13705.690166
249,40,13459.373048
250,31,14355.087689
250,32,14014.974905
250,33,13956.635400
250,35,13860.754950
250,37,13835.112691
250,38,13726.026693
250,39,13705.690166
250,40,13459.373048
251,31,14355.087689
251,32,13993.067279
251,33,13956.635400
251,35,13810.490890
251,38,13715.347785
251,39,13705.447513
251,40,13452.476880
252,31,14355.087689
252,32,13993.067279
252,33,13956.635400
252,35,13810.490890
252,38,13715.347785
252,39,13705.447513
252,40,13452.476880
253,31,14349.516404
253,32,13891.375309
253,33,13888.561007
253,35,13792.563728
253,38,13715.347785
253,39,13698.254808
253,40,13452.476880
254,31,14349.516404
254,32,13891.375309
254,33,13888.561007
254,35,13792.563728
254,37,13788.424482
254,38,13715.347785
254,39,13698.254808
254,40,13452.476880
255,31,14233.225166
255,32,13842.752538
255,35,13790.273657
255,37,13762.297400
255,38,13668.466975
255,39,13634.502535
255,40,13452.476880
256,31,14233.225166
256,32,13842.752538
256,35,13790.273657
256,36,13766.568881
256,37,13762.297400
256,38,13668.466975
256,39,13634.502535
256,40,13452.476880
257,31,14233.225166
257,32,13817.907284
257,35,13770.127754
257,36,13765.680672
257,37,13720.884919
257,38,13668.466975
257,39,13602.409869
257,40,13448.018151
258,31,14233.225166
258,32,13817.907284
258,35,13770.127754
258,36,13765.680672
258,37,13720.884919
258,38,13343.148947
259,31,14231.802422
259,32,13804.693032
259,35,13713.372326
259,38,13343.148947
260,31,14231.802422
260,32,13739.331255
260,35,13713.372326
260,38,13343.148947
261,30,15275.652629
261,31,14231.802422
261,32,13737.592381
261,35,13704.839156
261,36,13656.853826
261,38,13325.368529
262,30,15275.652629
262,31,14231.802422
262,32,13737.592381
262,35,13704.839156
262,36,13656.853826
262,37,13280.894951
263,30,15247.000072
263,31,14230.656694
263,32,13729.529549
263,35,13653.632097
263,37,13263.154215
264,30,15247.000072
264,31,14230.656694
264,32,13729.529549
264,35,13653.632097
264,37,13263.154215
265,30,15245.639104
265,31,14214.550993
265,32,13726.747842
265,35,13615.224647
265,37,13263.154215
266,30,15245.639104
266,31,14214.550993
266,32,13726.747842
266,35,13615.224647
266,37,13263.154215
267,30,15117.685903
267,31,14194.175225
267,32,13695.770393
267,35,13606.129127
267,37,13261.040189
268,30,15117.685903
268,31,14194.175225
268,32,13695.770393
268,35,13606.129127
268,37,13261.040189
269,30,15061.557677
269,31,14194.175225
269,32,13694.438830
269,35,13602.157090
269,37,13244.778231
270,30,15061.557677
270,31,14194.175225
270,32,13694.438830
270,35,13600.066158
270,37,13244.778231
271,30,14968.816601
271,31,14180.559945
271,32,13689.174216
271,35,13570.513390
271,37,13244.778231
272,30,14968.816601
272,31,14153.739851
272,32,13689.174216
272,35,13570.513390
272,37,13244.778231
273,30,14968.816601
273,31,14153.192022
273,32,13658.276213
273,35,13535.745685
273,37,13244.778231
274,30,14968.816601
274,31,14153.192022
274,32,13658.276213
274,35,13535.745685
274,37,13244.778231
275,30,14925.322140
275,31,14153.192022
275,32,13655.232121
275,35,13533.965440
275,37,13244.778231
276,30,14925.322140
276,31,14153.192022
276,32,13655.232121
276,35,13533.965440
276,37,13244.778231
277,30,14428.813372
277,31,14153.192022
277,32,13615.921468
277,35,13532.753681
277,37,13244.778231
278,30,14428.813372
278,31,14153.192022
278,32,13615.921468
278,35,13532.753681
278,37,13244.778231
279,30,14385.634332
279,31,14147.107819
279,32,13525.697437
279,37,13241.770637
280,30,14385.634332
280,31,14147.107819
280,32,13525.697437
280,35,13496.947066
280,37,13241.770637
281,30,14369.890822
281,31,14139.104053
281,32,13525.697437
281,35,13496.947066
281,37,13241.550316
282,30,14369.890822
282,31,14139.104053
282,32,13525.697437
282,35,13496.947066
282,37,13241.550316
283,30,14328.974375
283,31,14139.104053
283,32,13521.272517
283,35,13496.883396
283,37,13241.550316
284,30,14328.974375
284,31,14103.657700
284,32,13521.272517
284,35,13493.934746
284,37,13241.550316
285,30,14193.655546
285,31,14097.707161
285,32,13514.871874
285,35,13493.934746
285,37,13241.550316
286,30,14193.655546
286,31,14097.707161
286,32,13514.871874
286,35,13493.934746
286,36,13369.987317
286,37,13231.302448
287,30,14177.497946
287,31,14080.020499
287,32,13514.114690
287,35,13493.840977
287,36,13342.800624
287,37,13220.903356
288,30,14177.497946
288,31,14080.020499
288,32,13514.114690
288,35,13474.781434
288,36,13342.800624
288,37,13220.903356
289,30,14169.309832
289,31,14070.237378
289,32,13487.945349
289,35,13474.501865
289,36,13342.800624
289,37,13220.903356
290,30,14169.309832
290,31,14070.237378
290,32,13487.945349
290,35,13474.501865
290,36,13342.800624
290,37,13220.903356
291,30,14061.593595
291,31,14045.769975
291,32,13487.945349
291,35,13472.448642
291,36,13342.800624
291,37,13217.509615
292,30,13899.393663
292,32,13487.945349
292,35,13472.448642
292,36,13342.800624
292,37,13217.509615
293,30,13896.697664
293,32,13484.733807
293,35,13472.448642
293,36,13342.800624
293,37,13217.509615
294,30,13896.697664
294,32,13484.733807
294,35,13472.448642
294,36,13342.800624
294,37,13217.509615
295,30,13896.697664
295,32,13484.466703
295,35,13472.448642
295,36,13342.800624
295,37,13217.509615
296,30,13896.697664
296,32,13484.466703
296,35,13472.448642
296,36,13342.800624
296,37,13217.509615
297,30,13860.971254
297,32,13477.172406
297,35,13472.448642
297,36,13338.450308
297,37,13194.058182
298,30,13860.971254
298,32,13477.172406
298,35,13472.448642
298,36,13338.450308
298,37,13194.058182
299,30,13828.438102
299,31,13823.742745
299,32,13477.172406
299,35,13472.448642
299,36,13329.692067
299,37,13189.172090
300,30,13828.438102
300,31,13823.742745
300,32,13477.172406
300,35,13472.448642
300,36,13329.692067
300,37,13189.172090
301,29,15262.366028
301,30,13828.287813
301,31,13823.742745
301,32,13471.430830
301,36,13324.005505
301,37,13189.172090
302,29,15262.366028
302,30,13828.287813
302,31,13823.742745
302,32,13471.430830
302,35,13470.865166
302,36,13324.005505
302,37,13189.172090
302,38,13174.556797
303,29,15262.366028
303,30,13810.793463
303,31,13800.485027
303,32,13471.430830
303,35,13400.344848
303,36,13310.653051
303,37,13155.836121
304,29,15262.366028
304,30,13770.108830
304,32,13465.092038
304,35,13400.344848
304,36,13310.653051
304,37,13155.836121
305,29,14506.222834
305,30,13770.108830
305,32,13465.092038
305,35,13375.816744
305,36,13305.015459
305,37,13130.394153
306,29,14506.222834
306,30,13770.108830
306,32,13465.092038
306,35,13375.816744
306,36,13305.015459
306,37,13130.394153
307,29,14438.638167
307,30,13742.404807
307,32,13405.025631
307,35,13283.345882
307,37,13130.394153
308,29,14438.638167
308,30,13742.404807
308,32,13405.025631
308,35,13283.345882
308,37,13130.394153
309,28,14987.098955
309,29,14438.638167
309,30,13729.684622
309,32,13405.025631
309,35,13277.308879
309,37,13130.394153
310,28,14987.098955
310,29,14438.638167
310,30,13729.684622
310,32,13387.124116
310,35,13277.308879
310,37,13130.394153
311,28,14983.261618
311,29,14396.168710
311,30,13715.810982
311,32,13385.486851
311,35,13261.951439
311,36,13135.598239
311,37,13126.725445
312,28,14983.261618
312,29,14396.168710
312,30,13715.810982
312,32,13370.165252
312,35,13250.960674
312,36,13135.598239
312,37,13126.725445
313,28,14983.261618
313,29,14396.168710
313,30,13703.930233
313,32,13370.165252
313,35,13250.960674
313,36,13133.772640
313,37,13126.725445
314,28,14983.261618
314,29,14396.168710
314,30,13703.930233
314,32,13370.165252
314,35,13250.960674
314,36,13133.772640
314,37,13126.725445
315,28,14936.703113
315,29,14396.168710
315,30,13698.358949
315,32,13350.782549
315,35,13240.017938
315,36,13116.031904
315,37,13106.673460
316,28,14936.703113
316,29,14396.168710
316,30,13698.358949
316,32,13350.782549
316,35,13240.017938
316,36,13116.031904
316,37,13106.673460
317,28,14936.703113
317,29,14396.168710
317,30,13677.734999
317,32,13350.782549
317,35,13233.384248
317,36,13116.031904
317,37,13106.673460
318,28,14936.703113
318,29,14396.168710
318,30,13677.734999
318,32,13350.782549
318,35,13233.384248
318,36,13116.031904
318,37,13106.673460
319,28,14924.974356
319,29,14396.168710
319,30,13677.734999
319,32,13350.782549
319,34,13215.215461
319,36,13116.031904
319,37,13084.430233
320,28,14924.974356
320,29,14396.168710
320,30,13677.734999
320,32,13350.782549
320,34,13215.215461
320,36,13116.031904
320,37,13084.430233
321,28,14924.974356
321,29,14378.517943
321,30,13677.021803
321,32,13350.782549
321,34,13215.215461
321,36,13116.031904
321,37,13075.431609
322,28,14924.974356
322,29,14378.517943
322,30,13677.021803
322,32,13350.782549
322,34,13215.215461
322,36,13116.031904
322,37,13075.431609
323,28,14815.782417
323,29,14337.327365
323,30,13662.798492
323,32,13350.782549
323,34,13211.987240
323,36,13111.211124
323,37,13075.431609
