Generation,NV,TOC
1,5,1547.001569
1,7,1376.880321
1,8,1336.405874
1,10,1264.773197
1,11,1244.509388
1,14,1236.121572
2,5,1547.001569
2,6,1253.122823
2,9,1225.753369
2,11,1209.161271
3,5,1547.001569
3,6,1253.122823
3,7,1242.111584
3,9,1225.753369
3,10,1192.870842
3,11,1177.529380
4,5,1547.001569
4,6,1253.122823
4,7,1242.111584
4,8,1216.452776
4,10,1168.395348
5,5,1547.001569
5,6,1253.122823
5,7,1108.329007
6,5,1357.571755
6,6,1253.122823
6,7,1108.329007
7,5,1279.879330
7,6,1147.510187
7,7,1094.682279
8,5,1279.879330
8,6,1147.510187
8,7,1094.682279
9,4,1652.003769
9,5,1279.879330
9,6,1147.510187
9,7,1094.682279
9,9,1075.447324
10,4,1652.003769
10,5,1266.652248
10,6,1147.510187
10,7,1076.516772
10,9,1072.756673
11,4,1601.863651
11,5,1252.967609
11,6,1123.827548
11,7,1076.516772
11,9,1072.756673
12,4,1281.823415
12,5,1252.967609
12,6,1123.827548
12,7,1076.516772
12,9,1065.359719
13,4,1281.823415
13,5,1222.604162
13,6,1108.007197
13,7,1076.516772
13,9,1065.359719
14,4,1281.823415
14,5,1212.869887
14,6,1108.007197
14,7,1033.810408
15,4,1258.550761
15,5,1099.582862
15,7,1033.810408
16,4,1258.550761
16,5,1099.582862
16,7,1033.810408
17,4,1258.550761
17,5,1099.582862
17,7,1033.810408
18,4,1258.550761
18,5,1070.771084
18,7,1033.810408
19,4,1203.318366
19,5,1070.771084
19,7,1033.810408
20,4,1203.318366
20,5,1070.771084
20,7,1033.810408
21,4,1203.318366
21,5,1070.771084
21,6,1034.240388
21,7,1033.810408
22,4,1203.318366
22,5,1059.402400
22,6,1034.240388
22,7,1033.810408
23,4,1203.318366
23,5,1059.402400
23,6,1034.240388
23,7,1030.370528
24,4,1176.731087
24,5,1059.402400
24,6,1034.240388
24,7,1030.370528
25,4,1176.731087
25,5,1059.402400
25,6,1034.240388
25,7,1030.370528
26,4,1176.731087
26,5,1059.402400
26,6,1023.487087
27,4,1176.731087
27,5,1059.402400
27,6,1023.487087
28,4,1162.289050
28,5,1059.402400
28,6,1023.487087
29,4,1162.289050
29,5,1059.402400
29,6,1023.487087
30,4,1146.039693
30,5,1034.046596
30,6,1023.487087
31,4,1146.039693
31,5,1034.046596
31,6,1023.487087
32,4,1146.039693
32,5,1034.046596
32,6,1023.487087
33,4,1146.039693
33,5,1034.046596
33,6,1013.197235
34,4,1146.039693
34,5,1034.046596
34,6,1013.197235
35,4,1146.039693
35,5,1034.046596
35,6,1013.197235
36,4,1146.039693
36,5,1034.046596
36,6,1013.197235
37,4,1146.039693
37,5,1034.046596
37,6,1006.570582
38,4,1146.039693
38,5,1034.046596
38,6,1006.570582
39,4,1060.369502
39,5,1034.046596
39,6,1006.570582
40,4,1060.369502
40,5,1034.046596
40,6,1006.570582
41,4,1060.369502
41,5,1034.046596
41,6,1006.570582
42,4,1060.369502
42,5,1034.046596
42,6,1006.570582
43,4,1060.369502
43,5,1034.046596
43,6,1005.744949
44,4,1060.369502
44,5,1034.046596
44,6,1005.744949
45,4,1060.369502
45,5,1034.046596
45,6,1005.744949
46,4,1060.369502
46,5,1034.046596
46,6,1005.744949
47,4,1060.369502
47,5,1034.046596
47,6,1005.744949
48,4,1060.369502
48,5,1034.046596
48,6,1005.744949
49,4,1060.369502
49,5,1034.046596
49,6,1005.744949
50,4,1060.369502
50,5,1034.046596
50,6,1005.744949
51,4,1060.369502
51,5,1019.695778
51,6,1005.744949
52,4,1060.369502
52,5,1019.695778
52,6,1005.744949
53,4,1060.369502
53,5,1019.695778
53,6,1005.744949
54,4,1060.369502
54,5,1019.695778
54,6,1005.744949
55,4,1060.369502
55,5,1019.695778
55,6,1005.744949
56,4,1060.369502
56,5,1019.695778
56,6,1005.744949
57,4,1060.369502
57,5,1004.907272
57,6,1004.740271
58,4,1060.369502
58,5,1004.907272
58,6,1004.740271
59,4,1060.369502
59,5,1004.907272
59,6,1004.740271
60,4,1060.369502
60,5,1004.907272
60,6,1004.740271
61,4,1060.369502
61,5,1004.907272
61,6,1004.740271
62,4,1060.369502
62,5,1004.907272
62,6,1004.740271
63,4,1060.369502
63,5,1004.907272
63,6,1004.740271
64,4,1060.369502
64,5,1004.907272
64,6,1004.740271
65,4,1060.369502
65,5,1004.907272
65,6,1004.740271
66,4,1060.369502
66,5,1004.907272
66,6,1004.740271
67,4,1060.369502
67,5,1004.907272
67,6,1004.740271
68,4,1060.369502
68,5,1004.907272
68,6,1004.740271
69,4,1060.369502
69,5,1004.907272
69,6,1004.740271
70,4,1060.369502
70,5,1004.907272
70,6,1004.740271
71,4,1060.369502
71,5,1004.907272
71,6,1004.740271
72,4,1060.369502
72,5,1004.907272
72,6,1004.740271
73,4,1060.369502
73,5,1003.369343
74,4,1060.369502
74,5,1003.369343
75,4,1060.369502
75,5,1002.021853
76,4,1060.369502
76,5,1000.019011
77,4,1060.369502
77,5,1000.019011
78,4,1060.369502
78,5,1000.019011
79,4,1060.369502
79,5,1000.019011
80,4,1060.369502
80,5,1000.019011
81,4,1060.369502
81,5,1000.019011
82,4,1060.369502
82,5,1000.019011
83,4,1060.369502
83,5,1000.019011
84,4,1060.369502
84,5,1000.019011
85,4,1060.369502
85,5,1000.019011
86,4,1060.369502
86,5,1000.019011
87,4,1060.369502
87,5,1000.019011
88,4,1060.369502
88,5,1000.019011
89,4,1060.369502
89,5,1000.019011
90,4,1060.369502
90,5,1000.019011
91,4,1060.369502
91,5,1000.019011
92,4,1060.369502
92,5,1000.019011
93,4,1060.369502
93,5,1000.019011
94,4,1060.369502
94,5,1000.019011
95,4,1060.369502
95,5,996.840848
96,4,1060.369502
96,5,996.840848
97,4,1060.369502
97,5,996.840848
98,4,1060.369502
98,5,996.840848
99,4,1060.369502
99,5,996.840848
100,4,1060.369502
100,5,996.840848
101,4,1060.369502
101,5,996.840848
102,4,1060.369502
102,5,996.840848
103,4,1055.840692
103,5,996.840848
104,4,1055.840692
104,5,996.840848
105,4,1055.840692
105,5,996.840848
106,4,1055.840692
106,5,996.840848
107,4,1055.840692
107,5,996.840848
108,4,1055.840692
108,5,996.840848
109,4,1055.840692
109,5,996.840848
110,4,1055.840692
110,5,996.840848
111,4,1055.840692
111,5,996.840848
112,4,1055.840692
112,5,996.840848
113,4,1055.840692
113,5,996.840848
114,4,1055.840692
114,5,996.840848
115,4,1055.840692
115,5,996.840848
116,4,1054.217619
116,5,996.840848
117,4,1054.217619
117,5,996.840848
118,4,1054.217619
118,5,996.840848
119,4,1049.479133
119,5,996.840848
120,4,1049.479133
120,5,996.840848
121,4,1049.479133
121,5,996.840848
122,4,1049.479133
122,5,996.840848
123,4,1049.479133
123,5,996.840848
124,4,1049.479133
124,5,996.840848
125,4,1049.479133
125,5,996.840848
126,4,1049.479133
126,5,996.840848
127,4,1049.479133
127,5,996.840848
128,4,1049.479133
128,5,996.840848
129,4,1049.479133
129,5,996.840848
130,4,1049.479133
130,5,996.840848
131,4,1049.479133
131,5,996.840848
132,4,1049.479133
132,5,996.840848
133,4,1049.479133
133,5,996.840848
134,4,1049.479133
134,5,996.840848
135,4,1049.479133
135,5,996.840848
136,4,1047.856060
136,5,996.840848
137,4,1047.856060
137,5,996.840848
138,4,1047.856060
138,5,996.840848
139,4,1047.856060
139,5,996.840848
140,4,1047.856060
140,5,996.840848
141,4,1047.856060
141,5,996.840848
142,4,1047.856060
142,5,996.840848
143,4,1047.856060
143,5,996.840848
144,4,1047.856060
144,5,996.840848
145,4,1047.856060
145,5,996.840848
146,4,1047.856060
146,5,996.840848
147,4,1047.856060
147,5,996.840848
148,4,1047.856060
148,5,996.840848
149,4,1047.856060
149,5,996.840848
150,4,1047.856060
150,5,996.840848
151,4,1047.856060
151,5,996.840848
152,4,1047.856060
152,5,996.840848
153,4,1047.856060
153,5,996.840848
154,4,1047.856060
154,5,996.840848
155,4,1047.856060
155,5,996.840848
156,4,1047.856060
156,5,996.840848
157,4,1047.856060
157,5,996.840848
158,4,1047.856060
158,5,996.840848
159,4,1047.856060
159,5,996.840848
160,4,1047.856060
160,5,996.840848
161,4,1047.856060
161,5,996.840848
162,4,1047.856060
162,5,996.840848
163,4,1047.856060
163,5,996.840848
164,4,1047.856060
164,5,996.840848
165,4,1047.856060
165,5,996.840848
166,4,1047.856060
166,5,996.840848
167,4,1047.856060
167,5,996.840848
168,4,1047.856060
168,5,996.840848
169,4,1047.856060
169,5,996.840848
170,4,1047.856060
170,5,996.840848
171,4,1047.856060
171,5,996.840848
172,4,1047.856060
172,5,996.840848
173,4,1047.856060
173,5,996.840848
174,4,1047.856060
174,5,996.840848
175,4,1047.856060
175,5,996.840848
176,4,1047.856060
176,5,996.840848
177,4,1047.856060
177,5,996.840848
178,4,1047.856060
178,5,996.840848
179,4,1047.856060
179,5,996.840848
180,4,1047.856060
180,5,996.840848
181,4,1047.856060
181,5,996.840848
182,4,1047.856060
182,5,996.840848
183,4,1047.856060
183,5,996.840848
184,4,1047.856060
184,5,996.840848
185,4,1047.856060
185,5,996.840848
186,4,1047.856060
186,5,996.840848
187,4,1047.856060
187,5,996.840848
188,4,1047.856060
188,5,996.840848
189,4,1047.856060
189,5,996.840848
190,4,1047.856060
190,5,996.840848
191,4,1047.856060
191,5,996.840848
192,4,1047.856060
192,5,996.840848
193,4,1047.856060
193,5,996.840848
194,4,1047.856060
194,5,996.840848
195,4,1047.856060
195,5,996.840848
196,4,1047.856060
196,5,996.840848
197,4,1047.856060
197,5,996.840848
198,4,1047.856060
198,5,996.840848
199,4,1047.856060
199,5,996.840848
200,4,1047.856060
200,5,996.840848
201,4,1047.856060
201,5,996.840848
202,4,1047.856060
202,5,996.840848
203,4,1047.856060
203,5,996.840848
204,4,1047.856060
204,5,996.840848
205,4,1047.856060
205,5,996.840848
206,4,1047.856060
206,5,996.840848
207,4,1047.856060
207,5,996.840848
208,4,1047.856060
208,5,996.840848
209,4,1047.856060
209,5,996.840848
210,4,1047.856060
210,5,996.840848
211,4,1047.856060
211,5,996.840848
212,4,1047.856060
212,5,996.840848
213,4,1047.856060
213,5,996.840848
214,4,1047.856060
214,5,996.840848
215,4,1047.856060
215,5,996.840848
216,4,1047.856060
216,5,996.840848
217,4,1047.856060
217,5,996.840848
218,4,1047.856060
218,5,996.840848
219,4,1047.856060
219,5,996.840848
220,4,1047.856060
220,5,996.840848
221,4,1047.856060
221,5,996.840848
222,4,1047.856060
222,5,996.840848
223,4,1047.856060
223,5,996.840848
224,4,1047.856060
224,5,996.840848
225,4,1047.856060
225,5,996.840848
226,4,1047.856060
226,5,996.840848
227,4,1047.856060
227,5,996.840848
228,4,1047.856060
228,5,996.840848
229,4,1047.856060
229,5,996.840848
230,4,1047.856060
230,5,996.840848
231,4,1047.856060
231,5,996.840848
232,4,1047.856060
232,5,996.840848
233,4,1047.856060
233,5,996.840848
234,4,1047.856060
234,5,996.840848
235,4,1047.856060
235,5,996.840848
236,4,1047.856060
236,5,996.840848
237,4,1047.856060
237,5,996.840848
238,4,1047.856060
238,5,996.840848
239,4,1047.856060
239,5,996.840848
240,4,1047.856060
240,5,996.840848
241,4,1047.856060
241,5,996.840848
242,4,1047.856060
242,5,996.840848
243,4,1047.856060
243,5,996.840848
244,4,1047.856060
244,5,996.840848
245,4,1047.856060
245,5,996.840848
246,4,1047.856060
246,5,996.840848
247,4,1047.856060
247,5,996.840848
248,4,1047.856060
248,5,996.840848
249,4,1047.856060
249,5,996.840848
250,4,1047.856060
250,5,996.840848
251,4,1047.856060
251,5,996.840848
252,4,1047.856060
252,5,996.840848
253,4,1047.856060
253,5,996.840848
254,4,1047.856060
254,5,996.840848
255,4,1047.856060
255,5,996.840848
256,4,1047.856060
256,5,996.840848
257,4,1047.856060
257,5,996.840848
258,4,1047.856060
258,5,996.840848
259,4,1047.856060
259,5,996.840848
260,4,1047.856060
260,5,996.840848
261,4,1047.856060
261,5,996.840848
262,4,1047.856060
262,5,996.840848
263,4,1047.856060
263,5,996.840848
264,4,1047.856060
264,5,996.840848
265,4,1047.856060
265,5,996.840848
266,4,1047.856060
266,5,996.840848
267,4,1047.856060
267,5,996.840848
268,4,1047.856060
268,5,996.840848
269,4,1047.856060
269,5,996.840848
270,4,1047.856060
270,5,996.840848
271,4,1047.856060
271,5,996.840848
272,4,1047.856060
272,5,996.840848
273,4,1047.856060
273,5,996.840848
274,4,1047.856060
274,5,996.840848
275,4,1047.856060
275,5,996.840848
276,4,1047.856060
276,5,996.840848
277,4,1047.856060
277,5,996.840848
278,4,1047.856060
278,5,996.840848
279,4,1047.856060
279,5,996.840848
280,4,1047.856060
280,5,996.840848
281,4,1047.856060
281,5,996.840848
282,4,1047.856060
282,5,996.840848
283,4,1047.856060
283,5,996.840848
284,4,1047.856060
284,5,996.840848
285,4,1047.856060
285,5,996.840848
286,4,1047.856060
286,5,996.840848
287,4,1047.856060
287,5,996.840848
288,4,1047.856060
288,5,996.840848
289,4,1047.856060
289,5,996.840848
290,4,1047.856060
290,5,996.840848
291,4,1047.856060
291,5,996.840848
292,4,1047.856060
292,5,996.840848
293,4,1047.856060
293,5,996.840848
294,4,1047.856060
294,5,996.840848
295,4,1047.856060
295,5,996.840848
296,4,1047.856060
296,5,996.840848
297,4,1047.856060
297,5,996.840848
298,4,1047.856060
298,5,996.840848
299,4,1047.767897
299,5,996.840848
300,4,1047.767897
300,5,996.840848
301,4,1047.767897
301,5,996.840848
302,4,1047.767897
302,5,996.840848
303,4,1047.767897
303,5,996.840848
304,4,1047.767897
304,5,996.840848
305,4,1047.767897
305,5,996.840848
306,4,1047.767897
306,5,996.840848
307,4,1047.767897
307,5,996.840848
308,4,1047.767897
308,5,996.840848
309,4,1047.767897
309,5,996.840848
310,4,1047.767897
310,5,996.840848
311,4,1047.767897
311,5,996.840848
312,4,1047.767897
312,5,996.840848
313,4,1047.767897
313,5,996.840848
314,4,1047.767897
314,5,996.840848
315,4,1047.767897
315,5,996.840848
316,4,1047.767897
316,5,996.840848
317,4,1047.767897
317,5,996.840848
318,4,1047.767897
318,5,996.840848
319,4,1047.117400
319,5,996.840848
320,4,1047.117400
320,5,996.840848
321,4,1047.117400
321,5,996.840848
322,4,1047.117400
322,5,996.840848
323,4,1047.117400
323,5,996.840848
324,4,1047.117400
324,5,996.840848
325,4,1047.117400
325,5,996.840848
326,4,1047.117400
326,5,996.840848
327,4,1047.117400
327,5,996.840848
328,4,1047.117400
328,5,996.840848
329,4,1047.117400
329,5,996.840848
330,4,1047.117400
330,5,996.840848
331,4,1047.117400
331,5,996.840848
