Generation,NV,TOC
1,19,9403.110074
1,20,9316.565319
1,22,8837.078289
1,24,8294.680841
1,27,8122.817585
1,33,7961.233342
1,36,7945.620139
1,37,7580.779190
1,38,6988.741844
1,44,6672.548786
1,52,6423.457133
1,56,6279.075663
1,60,6176.645658
1,62,6175.084201
1,63,6030.017806
1,75,5917.936303
2,19,9403.110074
2,20,9316.565319
2,21,9153.217612
2,22,8818.451778
2,24,8294.680841
2,27,8122.817585
2,30,7984.600284
2,33,7961.233342
2,34,7720.976040
2,36,7635.258117
2,37,7445.196895
2,38,6988.741844
2,44,6672.548786
2,46,6318.350280
2,56,6279.075663
2,58,6263.064601
2,59,6035.055475
2,63,6030.017806
2,75,5917.936303
2,85,5917.360533
3,19,9121.782887
3,20,8771.564509
3,24,8294.680841
3,27,8122.817585
3,30,7984.600284
3,31,7775.720529
3,34,7720.976040
3,35,7438.151928
3,38,6988.741844
3,42,6859.351958
3,44,6672.548786
3,46,6318.350280
3,54,6305.898118
3,56,6245.868844
3,59,6035.055475
3,63,6030.017806
3,66,6020.606957
3,73,5918.114147
3,75,5917.936303
3,85,5917.360533
4,19,9121.782887
4,20,8771.564509
4,22,8581.755606
4,24,8294.680841
4,27,8122.817585
4,28,7961.154879
4,31,7149.496441
4,38,6988.741844
4,41,6948.681664
4,42,6859.351958
4,44,6603.978790
4,46,6318.350280
4,54,6305.898118
4,56,6193.684085
4,57,6132.265699
4,59,6035.055475
4,63,6030.017806
4,65,5961.490911
4,70,5827.317278
4,80,5791.189122
5,19,9121.782887
5,20,8771.564509
5,21,8606.163473
5,22,8581.755606
5,24,8294.680841
5,25,8048.326218
5,28,7961.154879
5,29,7840.577265
5,31,7149.496441
5,38,6988.741844
5,40,6983.228863
5,41,6948.681664
5,42,6859.351958
5,43,6538.829843
5,46,6318.350280
5,54,6305.898118
5,56,6145.286520
5,57,6132.265699
5,59,6035.055475
5,63,6030.017806
5,64,5915.223172
5,70,5827.317278
5,74,5786.993424
6,19,9121.782887
6,20,8771.564509
6,21,8606.163473
6,22,8581.755606
6,24,8194.353670
6,25,8048.326218
6,28,7793.193955
6,31,7149.496441
6,38,6988.741844
6,40,6983.228863
6,41,6948.681664
6,42,6849.484693
6,43,6538.829843
6,44,6527.634995
6,46,6318.350280
6,54,6305.898118
6,55,6174.630359
6,56,6145.286520
6,57,6132.265699
6,58,6124.746679
6,59,6035.055475
6,60,5906.442054
6,68,5894.312630
6,70,5827.317278
6,71,5768.637535
6,77,5752.186079
7,18,9275.179527
7,19,9121.782887
7,20,8652.913378
7,21,8606.163473
7,22,8581.755606
7,23,8002.322955
7,26,7714.479086
7,28,7398.726981
7,30,7098.135528
7,31,6925.247887
7,37,6690.529731
7,39,6337.434775
7,41,6138.922787
7,48,5950.508513
7,50,5827.042777
7,58,5653.766205
7,72,5648.211215
8,18,9275.179527
8,19,9121.782887
8,20,8652.913378
8,21,8606.163473
8,22,8581.755606
8,23,8002.322955
8,24,7909.254435
8,25,7658.912212
8,27,7308.945449
8,29,7298.657553
8,30,7098.135528
8,31,6925.247887
8,35,6832.283019
8,36,6221.287798
8,37,6174.335121
8,41,6138.922787
8,48,5950.508513
8,49,5860.784547
8,50,5827.042777
8,58,5653.766205
8,65,5587.087997
9,18,9275.179527
9,19,9121.782887
9,20,8652.913378
9,21,8317.759426
9,22,8055.210124
9,23,8002.322955
9,24,7909.254435
9,25,7658.912212
9,27,7308.945449
9,28,7289.522370
9,30,6977.378686
9,31,6925.247887
9,35,6764.759805
9,36,6221.287798
9,37,6174.335121
9,41,6138.922787
9,48,5950.508513
9,49,5860.784547
9,50,5827.042777
9,57,5786.093684
9,58,5653.766205
9,65,5532.967616
9,66,5519.303646
10,18,9275.179527
10,19,9121.782887
10,20,8652.913378
10,21,8136.570480
10,22,8055.210124
10,23,7991.329481
10,24,7909.254435
10,25,7658.912212
10,27,7308.945449
10,28,7289.522370
10,30,6977.378686
10,31,6925.247887
10,32,6800.681792
10,35,6764.759805
10,36,6221.287798
10,37,6174.335121
10,41,6138.922787
10,48,5950.508513
10,49,5860.784547
10,50,5827.042777
10,55,5820.643386
10,57,5786.093684
10,58,5653.766205
10,65,5532.967616
10,66,5519.303646
11,18,9275.179527
11,19,9121.782887
11,20,8652.913378
11,21,8136.570480
11,22,7945.031310
11,24,7822.247635
11,25,7658.912212
11,26,7515.005526
11,27,7308.945449
11,28,7289.522370
11,30,6977.378686
11,31,6925.247887
11,32,6800.681792
11,35,6764.759805
11,36,6221.287798
11,37,6174.335121
11,41,6138.922787
11,48,5950.508513
11,49,5860.784547
11,50,5827.042777
11,55,5820.643386
11,57,5786.093684
11,58,5653.766205
11,65,5532.967616
11,66,5519.303646
12,18,9275.179527
12,19,9121.782887
12,20,8225.704263
12,21,8136.570480
12,22,7945.031310
12,23,7638.642438
12,26,7515.005526
12,27,7308.945449
12,28,7289.522370
12,30,6977.378686
12,31,6925.247887
12,32,6800.681792
12,35,6626.735406
12,36,6221.287798
12,37,6174.335121
12,41,6138.922787
12,44,6086.026373
12,46,5894.884990
12,49,5768.603222
12,50,5754.551333
12,57,5586.388765
12,62,5565.702125
12,65,5472.917197
13,18,9275.179527
13,19,8914.913384
13,20,8225.704263
13,21,8136.570480
13,22,7798.107899
13,23,7638.642438
13,24,7361.206484
13,27,7308.945449
13,28,7289.522370
13,30,6977.378686
13,31,6925.247887
13,32,6800.681792
13,35,6626.735406
13,36,6221.287798
13,37,6148.247452
13,41,6138.922787
13,44,6086.026373
13,46,5894.884990
13,49,5768.603222
13,50,5754.551333
13,56,5711.908872
13,57,5586.388765
13,61,5563.016168
13,63,5526.676559
13,65,5472.917197
14,18,9275.179527
14,19,8484.626152
14,20,8225.704263
14,21,8136.570480
14,22,7798.107899
14,23,7638.642438
14,24,7361.206484
14,26,7205.925822
14,30,6977.378686
14,31,6925.247887
14,32,6755.986936
14,35,6626.735406
14,36,6221.287798
14,37,6148.247452
14,41,6063.150937
14,46,5894.884990
14,49,5768.603222
14,50,5754.551333
14,56,5711.908872
14,57,5586.388765
14,61,5563.016168
14,63,5526.676559
14,64,5503.953379
14,65,5472.917197
15,18,9275.179527
15,19,8306.064494
15,20,8169.128797
15,21,7989.174359
15,22,7798.107899
15,23,7638.642438
15,24,7100.787362
15,29,6962.677033
15,30,6756.825832
15,32,6755.986936
15,34,6631.865226
15,35,6626.735406
15,36,6196.338143
15,37,6148.247452
15,41,6063.150937
15,46,5894.884990
15,49,5768.603222
15,50,5610.970314
15,57,5586.388765
15,61,5563.016168
15,62,5538.343935
15,63,5492.591311
15,65,5472.917197
16,18,9265.834609
16,19,8142.493967
16,20,7998.509576
16,21,7989.174359
16,22,7798.107899
16,23,7638.642438
16,24,7100.787362
16,29,6845.300188
16,30,6699.098803
16,34,6631.865226
16,35,6626.735406
16,36,6196.338143
16,37,6148.247452
16,41,6063.150937
16,46,5833.927147
16,49,5768.603222
16,50,5610.970314
16,57,5586.388765
16,61,5563.016168
16,62,5538.343935
16,63,5492.591311
16,65,5472.917197
17,18,9265.834609
17,19,8142.493967
17,20,7998.509576
17,21,7979.215631
17,22,7301.613226
17,24,7100.787362
17,25,6992.601523
17,29,6696.829234
17,31,6639.358936
17,33,6434.781968
17,36,6196.338143
17,37,6148.247452
17,41,6063.150937
17,42,6061.573650
17,45,5814.533626
17,49,5768.603222
17,50,5610.970314
17,57,5586.388765
17,61,5563.016168
17,62,5538.343935
17,63,5492.591311
17,65,5472.917197
18,18,9251.667296
18,19,8142.493967
18,20,7998.509576
18,21,7979.215631
18,22,7301.613226
18,24,7100.787362
18,25,6992.601523
18,29,6696.829234
18,30,6629.411449
18,32,6311.991533
18,36,6196.338143
18,37,6148.247452
18,40,5937.407424
18,41,5870.361653
18,42,5768.907560
18,45,5691.567448
18,50,5610.970314
18,56,5608.785288
18,57,5586.388765
18,61,5518.016842
18,63,5492.591311
18,65,5472.917197
18,66,5451.757941
19,18,9099.179914
19,19,7991.510023
19,21,7979.215631
19,22,7301.613226
19,24,7100.787362
19,25,6992.601523
19,29,6696.829234
19,30,6629.411449
19,31,6606.102826
19,32,6311.991533
19,36,6196.338143
19,37,6148.247452
19,40,5937.407424
19,41,5870.361653
19,42,5768.907560
19,45,5609.183915
19,48,5593.058244
19,49,5552.066727
19,61,5518.016842
19,63,5492.591311
19,65,5472.917197
19,66,5451.757941
20,18,9099.179914
20,19,7991.510023
20,20,7514.045618
20,22,7301.613226
20,24,7100.787362
20,25,6992.601523
20,26,6683.196195
20,30,6629.411449
20,31,6557.221056
20,32,6311.991533
20,36,6196.338143
20,37,6148.247452
20,40,5937.407424
20,41,5870.361653
20,42,5768.907560
20,45,5609.183915
20,48,5593.058244
20,49,5552.066727
20,61,5518.016842
20,63,5492.591311
20,65,5472.917197
20,66,5451.757941
21,18,9099.179914
21,19,7991.510023
21,20,7514.045618
21,22,7301.613226
21,24,7100.787362
21,25,6947.208390
21,26,6566.441289
21,31,6557.221056
21,32,6311.991533
21,36,6196.338143
21,37,6148.247452
21,40,5937.407424
21,41,5870.361653
21,42,5768.907560
21,45,5609.183915
21,48,5593.058244
21,49,5552.066727
21,61,5518.016842
21,63,5492.591311
21,65,5472.917197
21,66,5451.757941
22,18,8808.401076
22,19,7991.510023
22,20,7514.045618
22,22,7301.613226
22,24,7100.787362
22,25,6947.208390
22,26,6566.441289
22,30,6432.711219
22,32,6281.423664
22,35,6120.658275
22,40,5937.407424
22,41,5870.361653
22,42,5768.907560
22,44,5492.597680
22,63,5492.591311
22,65,5472.917197
22,66,5451.757941
23,18,8441.814220
23,19,7991.510023
23,20,7514.045618
23,22,7301.613226
23,24,7091.073543
23,25,6947.208390
23,26,6566.441289
23,28,6519.147282
23,30,6432.711219
23,32,6281.423664
23,35,6120.658275
23,38,6056.747908
23,40,5937.407424
23,41,5870.361653
23,42,5768.907560
23,43,5635.040881
23,44,5492.597680
23,59,5478.009433
23,65,5472.917197
23,66,5451.757941
24,18,8213.588349
24,19,7991.510023
24,20,7514.045618
24,22,7301.613226
24,24,7091.073543
24,25,6947.208390
24,26,6566.441289
24,28,6519.147282
24,30,6432.711219
24,32,6281.423664
24,35,6120.658275
24,38,5860.193237
24,41,5749.511282
24,42,5738.738515
24,43,5635.040881
24,44,5492.597680
24,55,5472.705837
24,66,5442.035245
25,18,8213.588349
25,19,7991.510023
25,20,7514.045618
25,22,7301.613226
25,23,7221.983239
25,24,7091.073543
25,25,6947.208390
25,26,6566.441289
25,28,6519.147282
25,29,6303.438186
25,32,6281.423664
25,35,6059.773427
25,38,5836.706736
25,40,5579.118051
25,42,5452.099833
25,49,5374.045863
26,18,8213.588349
26,19,7718.813843
26,20,7514.045618
26,22,7301.613226
26,23,7221.983239
26,24,7091.073543
26,25,6947.208390
26,26,6566.441289
26,28,6519.147282
26,29,6303.438186
26,32,6281.423664
26,35,6059.773427
26,38,5836.706736
26,40,5579.118051
26,42,5452.099833
26,45,5422.357743
26,49,5374.045863
27,18,8213.588349
27,19,7709.801854
27,20,7514.045618
27,22,7301.613226
27,23,7221.983239
27,24,7091.073543
27,25,6700.389150
27,26,6566.441289
27,28,6519.147282
27,29,6303.438186
27,32,6281.423664
27,35,6059.773427
27,38,5836.706736
27,40,5579.118051
27,42,5452.099833
27,45,5420.497091
27,49,5374.045863
27,50,5363.605964
28,18,8213.588349
28,19,7709.801854
28,20,7514.045618
28,22,7301.613226
28,23,7221.983239
28,24,7091.073543
28,25,6700.389150
28,26,6566.441289
28,28,6519.147282
28,29,6303.438186
28,32,6281.423664
28,34,5886.155474
28,38,5836.706736
28,40,5579.118051
28,42,5417.348113
28,49,5374.045863
28,50,5363.605964
29,18,7465.204018
29,22,7301.613226
29,23,7221.983239
29,24,7030.214731
29,25,6700.389150
29,26,6566.441289
29,28,6519.147282
29,29,6303.438186
29,32,6281.423664
29,34,5886.155474
29,38,5836.706736
29,40,5579.118051
29,42,5417.348113
29,49,5374.045863
29,50,5363.605964
30,18,7465.204018
30,19,7344.341228
30,22,7236.139974
30,23,6936.349828
30,25,6700.389150
30,26,6566.441289
30,28,6519.147282
30,29,6303.438186
30,32,6123.305198
30,34,5886.155474
30,38,5270.036418
30,47,5240.296051
31,18,7465.204018
31,19,7272.523585
31,22,7015.799920
31,23,6888.343621
31,25,6700.389150
31,26,6566.441289
31,28,6519.147282
31,29,6303.438186
31,30,6199.710777
31,32,6123.305198
31,34,5886.155474
31,36,5865.629703
31,38,5270.036418
31,47,5240.296051
32,18,7465.204018
32,19,7272.523585
32,22,7015.799920
32,23,6888.343621
32,25,6700.389150
32,26,6566.441289
32,28,6519.147282
32,29,6303.438186
32,30,6199.710777
32,32,6123.305198
32,34,5886.155474
32,36,5865.629703
32,38,5270.036418
32,47,5240.296051
33,17,8483.515772
33,18,7351.501621
33,19,7272.523585
33,21,7165.583929
33,22,7015.799920
33,23,6888.343621
33,25,6700.389150
33,26,6566.441289
33,28,6519.147282
33,29,6303.438186
33,30,6199.710777
33,32,6123.305198
33,34,5886.155474
33,36,5715.098991
33,38,5270.036418
33,47,5240.296051
34,17,8156.939829
34,18,7351.501621
34,19,7272.523585
34,21,7165.583929
34,22,7015.799920
34,23,6888.343621
34,25,6700.389150
34,26,6566.441289
34,27,6480.104971
34,29,6303.438186
34,30,6199.710777
34,32,6052.656909
34,34,5886.155474
34,35,5818.616267
34,36,5715.098991
34,38,5270.036418
34,47,5240.296051
35,17,8156.939829
35,18,7351.501621
35,19,7272.523585
35,21,7165.583929
35,22,7015.799920
35,23,6888.343621
35,24,6743.866455
35,25,6505.686615
35,26,6457.962857
35,29,6161.635213
35,32,6052.656909
35,33,5819.195556
35,35,5758.188684
35,36,5655.231706
35,37,5231.940178
35,47,5216.642982
36,17,8156.939829
36,18,7351.501621
36,19,7272.523585
36,20,7269.178521
36,21,7146.938429
36,22,7015.799920
36,23,6888.343621
36,24,6743.866455
36,25,6505.686615
36,26,6457.962857
36,29,6161.635213
36,32,6052.656909
36,33,5819.195556
36,35,5758.188684
36,36,5655.231706
36,37,5231.940178
36,47,5216.642982
37,16,7846.681451
37,18,7351.501621
37,19,7272.523585
37,20,7027.701145
37,22,7015.799920
37,23,6888.343621
37,24,6683.814560
37,25,6505.686615
37,26,6457.962857
37,28,6262.496838
37,29,6161.635213
37,32,6052.656909
37,33,5819.195556
37,35,5756.268192
37,36,5585.703472
37,37,5231.940178
37,47,5216.642982
37,48,5206.203083
38,16,7846.681451
38,18,7351.501621
38,19,7272.523585
38,20,6956.777206
38,22,6933.049350
38,23,6888.343621
38,24,6539.218539
38,25,6505.686615
38,26,6457.962857
38,27,6427.630756
38,28,6262.496838
38,29,6161.635213
38,31,6148.185901
38,32,6052.656909
38,33,5819.195556
38,35,5756.268192
38,36,5585.703472
38,37,5231.940178
38,47,5216.642982
38,48,5206.203083
39,16,7846.681451
39,18,7351.501621
39,19,7272.523585
39,20,6956.777206
39,21,6787.344552
39,22,6756.586218
39,24,6539.218539
39,25,6505.686615
39,26,6457.962857
39,27,6427.630756
39,28,6262.496838
39,29,6161.635213
39,31,6148.185901
39,32,6052.656909
39,33,5819.195556
39,35,5756.268192
39,36,5585.703472
39,37,5231.940178
39,47,5216.642982
39,48,5206.203083
40,15,8590.245106
40,16,7846.681451
40,18,7351.501621
40,19,7110.254799
40,20,6956.777206
40,21,6787.344552
40,22,6756.586218
40,24,6539.218539
40,25,6505.686615
40,26,6457.962857
40,27,6427.630756
40,28,6262.496838
40,29,6161.635213
40,30,6113.432058
40,32,5988.197097
40,33,5819.195556
40,35,5673.190664
40,36,5558.959284
40,37,5231.940178
40,43,5174.603564
40,50,5128.726018
41,15,8590.245106
41,16,7846.681451
41,18,7351.501621
41,19,7110.254799
41,20,6956.777206
41,21,6787.344552
41,22,6602.399231
41,24,6426.951321
41,28,6262.496838
41,29,6161.635213
41,30,6113.432058
41,32,5988.197097
41,33,5819.195556
41,35,5673.190664
41,36,5558.959284
41,37,5231.940178
41,41,5194.414863
41,42,5150.004140
41,50,5128.726018
42,15,8590.245106
42,16,7846.681451
42,18,7351.501621
42,19,7110.254799
42,20,6956.777206
42,21,6787.344552
42,22,6602.399231
42,24,6426.951321
42,27,6414.523327
42,28,6262.496838
42,29,6161.635213
42,30,6113.432058
42,31,6074.377330
42,32,5988.197097
42,33,5819.195556
42,35,5673.190664
42,36,5558.959284
42,37,5231.940178
42,41,5194.414863
42,42,5150.004140
42,50,5128.726018
43,14,8326.161928
43,16,7846.681451
43,18,7351.501621
43,19,7110.254799
43,20,6956.777206
43,21,6787.344552
43,22,6602.399231
43,24,6426.951321
43,27,6414.523327
43,28,6262.496838
43,29,6161.635213
43,30,6113.432058
43,31,6074.377330
43,32,5988.197097
43,33,5819.195556
43,35,5673.190664
43,36,5558.959284
43,37,5231.940178
43,41,5194.414863
43,42,5150.004140
43,50,5128.726018
44,14,8326.161928
44,16,7846.681451
44,18,7351.501621
44,19,7110.254799
44,20,6956.777206
44,21,6734.680514
44,22,6602.399231
44,24,6426.951321
44,27,6390.000494
44,28,6262.496838
44,29,6161.635213
44,30,6113.432058
44,31,6074.377330
44,32,5988.197097
44,33,5819.195556
44,35,5673.190664
44,36,5558.959284
44,37,5231.940178
44,41,5194.414863
44,42,5150.004140
44,50,5128.726018
45,14,8326.161928
45,16,7715.890999
45,18,7351.501621
45,19,7110.254799
45,20,6956.777206
45,21,6734.680514
45,22,6602.399231
45,24,6426.951321
45,26,6321.935730
45,27,6154.346632
45,30,6007.850986
45,31,5806.181812
45,34,5633.623510
45,36,5558.959284
45,37,5218.367148
45,40,5104.291985
46,14,8326.161928
46,16,7715.890999
46,18,7351.501621
46,19,7110.254799
46,20,6956.777206
46,21,6734.680514
46,22,6602.399231
46,24,6426.951321
46,26,6321.935730
46,27,6154.346632
46,30,6007.850986
46,31,5806.181812
46,34,5633.623510
46,36,5558.959284
46,37,5218.367148
46,40,5104.291985
47,14,8326.161928
47,16,7715.890999
47,18,7351.501621
47,19,7110.254799
47,20,6956.777206
47,21,6734.680514
47,22,6602.399231
47,24,6426.951321
47,25,6403.984992
47,26,6115.924730
47,30,6007.850986
47,31,5806.181812
47,34,5633.623510
47,36,5558.959284
47,37,5218.367148
47,40,5104.291985
48,14,8326.161928
48,16,7715.890999
48,18,7351.501621
48,19,7110.254799
48,20,6783.514088
48,21,6734.680514
48,22,6602.399231
48,24,6426.951321
48,25,6403.984992
48,26,6115.924730
48,28,5807.354010
48,31,5672.360577
48,34,5633.623510
48,35,5590.576081
48,36,5522.249379
48,37,5218.367148
48,40,5104.291985
48,42,5095.802602
49,14,8326.161928
49,16,7715.890999
49,18,7351.501621
49,19,6619.987825
49,21,6609.549484
49,22,6602.399231
49,23,6583.533123
49,24,6426.951321
49,25,6403.984992
49,26,6115.924730
49,28,5807.354010
49,31,5672.360577
49,34,5397.000679
49,35,5365.381843
49,37,5218.367148
49,40,5104.291985
49,42,5095.802602
50,14,8326.161928
50,15,8176.074809
50,16,7715.890999
50,18,7351.501621
50,19,6619.987825
50,21,6609.549484
50,22,6602.399231
50,23,6561.282173
50,24,6414.624917
50,25,6179.803912
50,26,6013.081922
50,28,5807.354010
50,29,5621.478088
50,34,5324.343565
50,36,5155.638489
50,39,5077.823074
51,14,8326.161928
51,15,8176.074809
51,16,7715.890999
51,18,7351.501621
51,19,6619.987825
51,21,6609.549484
51,22,6520.635002
51,23,6472.083787
51,24,6414.624917
51,25,6179.803912
51,26,6013.081922
51,28,5807.354010
51,29,5621.478088
51,33,5472.135952
51,34,5324.343565
51,36,5155.638489
51,39,5077.823074
52,14,8326.161928
52,15,8176.074809
52,16,7715.890999
52,18,7351.501621
52,19,6526.523026
52,22,6520.635002
52,23,6472.083787
52,24,6414.624917
52,25,6167.070206
52,26,6013.081922
52,28,5807.354010
52,29,5621.478088
52,33,5472.135952
52,34,5324.343565
52,36,5155.638489
52,39,5077.823074
53,14,8326.161928
53,15,8176.074809
53,16,7715.890999
53,18,7298.227460
53,19,6336.518336
53,24,6273.509472
53,25,6167.070206
53,26,6013.081922
53,28,5807.354010
53,29,5621.478088
53,33,5472.135952
53,34,5324.343565
53,36,5155.638489
53,39,5077.823074
53,40,5070.553473
54,14,8326.161928
54,15,8128.264531
54,16,7715.890999
54,18,7298.227460
54,19,6336.518336
54,24,6273.509472
54,25,6131.134487
54,26,6013.081922
54,28,5807.354010
54,29,5621.478088
54,33,5472.135952
54,34,5324.343565
54,36,5155.638489
54,39,5077.823074
54,40,5070.553473
55,14,8326.161928
55,15,8128.264531
55,16,7715.890999
55,17,7568.349939
55,18,7298.227460
55,19,6336.518336
55,24,6273.509472
55,25,6131.134487
55,26,5785.545544
55,29,5618.596878
55,32,5411.502225
55,34,5308.041776
55,36,5155.638489
55,39,5077.823074
55,40,5070.553473
55,42,5064.641165
56,14,8326.161928
56,15,8128.264531
56,16,7715.890999
56,17,7568.349939
56,18,7235.683013
56,19,6336.518336
56,24,6273.509472
56,25,6131.134487
56,26,5785.545544
56,29,5618.596878
56,32,5411.502225
56,34,5308.041776
56,36,5155.638489
56,39,5077.823074
56,40,5070.553473
56,42,5064.641165
57,14,8326.161928
57,15,8128.264531
57,16,7715.890999
57,17,7568.349939
57,18,7235.683013
57,19,6336.518336
57,24,6273.509472
57,25,6131.134487
57,26,5785.545544
57,29,5618.596878
57,32,5411.502225
57,34,5308.041776
57,36,5155.638489
57,39,5077.823074
57,40,5070.553473
57,42,5064.641165
58,14,8326.161928
58,15,8052.703843
58,16,7594.990802
58,17,7568.349939
58,18,7215.911156
58,19,6336.518336
58,24,6273.509472
58,25,6122.202096
58,26,5785.545544
58,29,5618.596878
58,32,5411.502225
58,34,5308.041776
58,36,5155.638489
58,39,5077.823074
58,40,5070.553473
58,41,5064.143287
58,43,5062.593548
59,14,8326.161928
59,15,8052.703843
59,16,7594.990802
59,17,7338.149198
59,18,7160.798193
59,19,6336.518336
59,24,6273.509472
59,25,6077.928372
59,26,5785.545544
59,29,5618.596878
59,32,5411.502225
59,34,5308.041776
59,36,5155.638489
59,39,5077.823074
59,40,5070.553473
59,41,5064.143287
59,43,5061.567711
60,14,8326.161928
60,15,8052.703843
60,16,7594.990802
60,17,7338.149198
60,18,7160.798193
60,19,6336.518336
60,24,6273.509472
60,25,6077.928372
60,26,5725.786455
60,29,5575.103465
60,32,5411.254156
60,34,5308.041776
60,36,5142.977512
60,39,5077.823074
60,40,5024.013054
61,14,8326.161928
61,15,8052.703843
61,16,7313.340958
61,17,7144.108685
61,19,6336.518336
61,24,6273.509472
61,25,6034.231125
61,26,5725.786455
61,29,5575.103465
61,32,5411.254156
61,34,5308.041776
61,36,5142.977512
61,39,5077.823074
61,40,5024.013054
62,13,8356.286646
62,14,8326.161928
62,15,8052.703843
62,16,7313.340958
62,17,7144.108685
62,19,6336.518336
62,24,6273.509472
62,25,6034.231125
62,26,5725.786455
62,29,5575.103465
62,32,5411.254156
62,34,5308.041776
62,36,5142.977512
62,37,5037.514177
62,40,5024.013054
63,13,8356.286646
63,14,8326.161928
63,15,7841.172550
63,16,7313.340958
63,17,7144.108685
63,19,6336.518336
63,24,6273.509472
63,25,6034.231125
63,26,5725.786455
63,29,5575.103465
63,32,5411.254156
63,34,5308.041776
63,36,5142.977512
63,37,5037.514177
63,40,5024.013054
64,13,8356.286646
64,14,8326.161928
64,15,7841.172550
64,16,7313.340958
64,17,7144.108685
64,18,6648.150194
64,19,6336.518336
64,24,6115.198969
64,25,6034.231125
64,26,5725.786455
64,29,5575.103465
64,32,5411.254156
64,34,5308.041776
64,36,5142.977512
64,37,5037.514177
64,40,5024.013054
65,13,8356.286646
65,14,8326.161928
65,15,7841.172550
65,16,7291.548253
65,17,7087.682946
65,18,6648.150194
65,19,6327.401948
65,24,6099.818515
65,25,5993.511778
65,26,5720.255697
65,29,5562.067618
65,32,5411.254156
65,33,5192.486044
65,35,5114.036412
65,36,5012.667000
65,40,4994.043075
66,13,8356.286646
66,14,8326.161928
66,15,7841.172550
66,16,7291.548253
66,17,7087.682946
66,18,6648.150194
66,19,6327.401948
66,24,6099.818515
66,25,5993.511778
66,26,5720.255697
66,29,5562.067618
66,32,5411.254156
66,33,5192.486044
66,35,5114.036412
66,36,5012.667000
66,37,4999.107225
66,40,4994.043075
67,13,8356.286646
67,14,8326.161928
67,15,7841.172550
67,16,7291.548253
67,17,7087.682946
67,18,6648.150194
67,19,6327.401948
67,23,6325.592614
67,24,6099.818515
67,25,5993.511778
67,26,5720.255697
67,29,5562.067618
67,32,5411.254156
67,33,5192.486044
67,35,5114.036412
67,36,5012.667000
67,37,4999.107225
67,40,4994.043075
68,13,8356.286646
68,14,8326.161928
68,15,7841.172550
68,16,7215.713500
68,17,7087.682946
68,18,6648.150194
68,19,6327.401948
68,23,6202.497300
68,24,6063.774014
68,25,5993.511778
68,26,5720.255697
68,29,5447.277307
68,32,5411.254156
68,33,5192.486044
68,35,5114.036412
68,36,5012.667000
68,37,4999.107225
68,39,4989.103801
69,13,8356.286646
69,14,8326.161928
69,15,7841.172550
69,16,7215.713500
69,17,7087.682946
69,18,6365.327290
69,19,6327.401948
69,23,6202.497300
69,24,6063.774014
69,25,5993.511778
69,26,5720.255697
69,29,5447.277307
69,32,5411.254156
69,33,5192.486044
69,35,5114.036412
69,36,5012.667000
69,37,4999.107225
69,39,4989.103801
70,13,8356.286646
70,14,8326.161928
70,15,7841.172550
70,16,7215.713500
70,17,7087.682946
70,18,6365.327290
70,19,6327.401948
70,21,6249.925338
70,23,6189.063034
70,24,6037.582250
70,25,5945.792967
70,26,5720.255697
70,28,5389.836104
70,33,5185.067125
70,35,5043.509981
70,36,5012.667000
70,37,4973.950529
71,13,8356.286646
71,14,8326.161928
71,15,7841.172550
71,16,7215.713500
71,17,7087.682946
71,18,6365.327290
71,19,6299.373245
71,21,6199.651111
71,23,6189.063034
71,24,6037.582250
71,25,5945.792967
71,26,5720.255697
71,28,5389.836104
71,33,5185.067125
71,35,5043.509981
71,36,5012.667000
71,37,4973.950529
72,13,8356.286646
72,14,8326.161928
72,15,7841.172550
72,16,7215.713500
72,17,7087.682946
72,18,6365.327290
72,19,6047.893557
72,24,6037.582250
72,25,5945.792967
72,26,5720.255697
72,28,5389.836104
72,30,5202.275665
72,33,5185.067125
72,34,5123.247237
72,35,5043.509981
72,36,5012.667000
72,37,4973.950529
73,13,8356.286646
73,14,8326.161928
73,15,7841.172550
73,16,7215.713500
73,17,7087.682946
73,18,6365.327290
73,19,6047.893557
73,24,6037.582250
73,25,5945.792967
73,26,5720.255697
73,28,5389.836104
73,30,5202.275665
73,33,5185.067125
73,34,5123.247237
73,35,5043.509981
73,36,5012.667000
73,37,4973.950529
74,13,8356.286646
74,14,8260.299440
74,15,7686.924916
74,16,7215.713500
74,17,7087.682946
74,18,6365.327290
74,19,6047.893557
74,24,6037.582250
74,25,5945.792967
74,26,5720.255697
74,28,5389.836104
74,30,5202.275665
74,32,5093.252824
74,35,5043.509981
74,36,5012.667000
74,37,4973.950529
75,13,8356.286646
75,14,8260.299440
75,15,7686.924916
75,16,7215.713500
75,17,6608.323706
75,18,6365.327290
75,19,6047.893557
75,24,6037.582250
75,25,5944.152573
75,26,5704.183793
75,28,5389.836104
75,29,5195.689760
75,32,5074.263473
75,35,4997.323388
75,37,4973.677897
76,13,8356.286646
76,14,8049.116259
76,15,7544.529704
76,16,7153.356972
76,17,6608.323706
76,18,6365.327290
76,19,6047.893557
76,22,6034.745382
76,25,5944.152573
76,26,5704.183793
76,28,5389.836104
76,29,5195.689760
76,32,5074.263473
76,35,4997.323388
76,37,4973.677897
77,13,8356.286646
77,14,8049.116259
77,15,7544.529704
77,16,7064.841142
77,17,6551.565841
77,18,6365.327290
77,19,6047.893557
77,22,6034.745382
77,24,6000.451188
77,25,5944.152573
77,26,5704.183793
77,28,5389.836104
77,29,5195.689760
77,32,5074.263473
77,35,4997.323388
77,37,4973.677897
77,43,4964.195270
78,13,8356.286646
78,14,8049.116259
78,15,7544.529704
78,16,7064.841142
78,17,6551.565841
78,18,6365.327290
78,19,6047.893557
78,22,6034.745382
78,23,6009.420305
78,24,6000.451188
78,25,5943.021427
78,26,5704.183793
78,28,5389.836104
78,29,5195.689760
78,32,5074.263473
78,35,4997.323388
78,37,4973.677897
78,43,4964.195270
79,13,8356.286646
79,14,8049.116259
79,15,7544.529704
79,16,7064.841142
79,17,6207.839768
79,19,6047.893557
79,22,6034.745382
79,23,5830.755824
79,26,5704.183793
79,28,5389.836104
79,29,5195.689760
79,32,5074.263473
79,35,4997.323388
79,37,4973.677897
79,43,4964.195270
80,13,8264.147248
80,14,8049.116259
80,15,7544.529704
80,16,6987.910265
80,17,6207.839768
80,19,6047.893557
80,20,5985.981081
80,23,5816.365954
80,24,5758.681241
80,26,5704.183793
80,28,5367.267029
80,29,5195.689760
80,32,5055.693061
80,35,4997.323388
80,37,4953.618969
80,40,4928.752386
81,13,8142.418370
81,14,8049.116259
81,15,7544.529704
81,16,6889.696822
81,17,6207.839768
81,19,6047.893557
81,20,5985.981081
81,23,5816.365954
81,24,5758.681241
81,26,5704.183793
81,28,5367.267029
81,29,5195.689760
81,32,5055.693061
81,35,4984.478594
81,37,4953.618969
81,40,4928.752386
82,13,8142.418370
82,14,8049.116259
82,15,7544.529704
82,16,6889.696822
82,17,6207.839768
82,19,6047.893557
82,20,5985.981081
82,23,5816.365954
82,24,5758.681241
82,26,5704.183793
82,28,5367.267029
82,29,5195.689760
82,32,5055.693061
82,35,4978.120297
82,37,4953.618969
82,38,4937.445187
82,40,4928.752386
83,13,7240.813701
83,16,6889.696822
83,17,6207.839768
83,18,6173.075233
83,19,6047.893557
83,20,5985.981081
83,22,5936.310143
83,23,5816.365954
83,24,5758.681241
83,26,5704.183793
83,28,5367.267029
83,29,5195.689760
83,32,5055.693061
83,35,4978.120297
83,37,4953.618969
83,38,4937.445187
83,40,4928.752386
83,43,4900.546351
84,13,7240.813701
84,16,6889.696822
84,17,6207.839768
84,18,6173.075233
84,19,6047.893557
84,20,5985.981081
84,22,5936.310143
84,23,5816.365954
84,24,5758.681241
84,26,5704.183793
84,28,5233.762367
84,29,5195.689760
84,32,5055.693061
84,35,4978.120297
84,37,4953.618969
84,38,4937.445187
84,39,4927.269629
84,43,4900.546351
85,13,7240.813701
85,16,6889.696822
85,17,6207.839768
85,18,6173.075233
85,19,6047.893557
85,20,5985.981081
85,22,5936.310143
85,23,5816.365954
85,24,5682.232976
85,26,5680.850480
85,28,5192.457378
85,32,5037.947199
85,35,4950.899263
85,38,4897.709569
85,42,4890.029338
86,13,7240.813701
86,14,7003.731212
86,16,6889.696822
86,17,6207.839768
86,18,6173.075233
86,19,6047.893557
86,20,5985.981081
86,22,5905.719064
86,23,5816.365954
86,24,5682.232976
86,26,5680.850480
86,27,5670.691521
86,28,5192.457378
86,31,5106.748732
86,32,5037.947199
86,35,4950.899263
86,38,4897.709569
86,42,4890.029338
87,13,7240.813701
87,14,7003.731212
87,16,6889.696822
87,17,6207.839768
87,18,6173.075233
87,19,6047.893557
87,20,5985.981081
87,22,5905.719064
87,23,5816.365954
87,24,5682.232976
87,26,5543.833391
87,28,5192.457378
87,31,5106.748732
87,32,5037.947199
87,35,4950.899263
87,38,4897.709569
87,39,4890.528924
87,42,4890.029338
88,13,7240.813701
88,14,7003.731212
88,16,6889.696822
88,17,6207.839768
88,18,6173.075233
88,19,6047.893557
88,20,5985.981081
88,22,5905.719064
88,23,5816.365954
88,24,5682.232976
88,26,5543.833391
88,28,5192.457378
88,31,5106.748732
88,32,5037.947199
88,35,4950.899263
88,38,4897.709569
88,39,4878.739323
89,13,7240.813701
89,14,7003.731212
89,16,6889.696822
89,17,6207.839768
89,18,6173.075233
89,19,6047.893557
89,20,5985.981081
89,22,5905.719064
89,23,5816.365954
89,24,5682.232976
89,26,5543.833391
89,28,5192.457378
89,29,5144.823973
89,31,5106.748732
89,32,5037.947199
89,35,4950.899263
89,38,4897.709569
89,39,4878.739323
90,13,7205.141739
90,14,7003.731212
90,16,6889.696822
90,17,6207.839768
90,18,6173.075233
90,19,6047.893557
90,20,5985.981081
90,22,5905.719064
90,23,5816.365954
90,24,5682.232976
90,26,5543.833391
90,28,5174.199681
90,29,5134.266887
90,31,5086.480445
90,32,5029.385147
90,35,4947.710433
90,38,4897.709569
90,39,4869.728344
91,13,7205.141739
91,14,7003.731212
91,16,6889.696822
91,17,6207.839768
91,18,6173.075233
91,19,6047.893557
91,20,5985.981081
91,21,5919.703038
91,22,5905.719064
91,23,5816.365954
91,24,5601.131909
91,26,5543.833391
91,27,5520.467258
91,28,5174.199681
91,29,5134.266887
91,31,5086.480445
91,32,5029.385147
91,35,4947.710433
91,38,4897.709569
91,39,4869.728344
92,13,7205.141739
92,14,7003.731212
92,16,6889.696822
92,17,6192.915350
92,18,6173.075233
92,19,6047.893557
92,20,5985.981081
92,21,5919.703038
92,22,5905.719064
92,23,5816.365954
92,24,5601.131909
92,26,5543.833391
92,27,5520.467258
92,28,5174.199681
92,29,5134.266887
92,31,5086.480445
92,32,5029.385147
92,35,4947.710433
92,38,4897.709569
92,39,4869.728344
93,12,6935.376393
93,16,6889.696822
93,17,6151.696870
93,19,6047.893557
93,20,5985.981081
93,21,5919.703038
93,22,5905.719064
93,23,5816.365954
93,24,5601.131909
93,26,5543.833391
93,27,5520.467258
93,28,5174.199681
93,29,5134.266887
93,31,5086.480445
93,32,5029.385147
93,35,4947.710433
93,38,4897.709569
93,39,4869.728344
94,12,6935.376393
94,16,6889.696822
94,17,6151.696870
94,19,6047.893557
94,20,5985.981081
94,21,5919.703038
94,22,5905.719064
94,23,5816.365954
94,24,5601.131909
94,26,5543.833391
94,27,5520.467258
94,28,5174.199681
94,29,5111.040970
94,31,5086.480445
94,32,5029.385147
94,33,5013.310725
94,35,4947.710433
94,38,4897.709569
94,39,4869.728344
95,12,6935.376393
95,15,6781.652179
95,17,6151.696870
95,19,6047.893557
95,20,5985.981081
95,21,5919.703038
95,22,5905.719064
95,23,5816.365954
95,24,5601.131909
95,26,5485.821655
95,28,5174.199681
95,29,5103.727034
95,31,5086.480445
95,32,5013.104049
95,35,4943.487922
95,38,4848.100466
96,12,6935.376393
96,14,6715.219216
96,17,6151.696870
96,19,6047.893557
96,20,5985.981081
96,21,5919.703038
96,22,5905.719064
96,23,5816.365954
96,24,5601.131909
96,26,5485.821655
96,28,5086.118711
96,32,5013.104049
96,35,4943.487922
96,36,4898.778716
96,38,4848.100466
97,12,6935.376393
97,14,6715.219216
97,17,6099.582194
97,19,6047.893557
97,20,5985.981081
97,21,5919.703038
97,22,5905.719064
97,23,5816.365954
97,24,5513.651196
97,26,5485.821655
97,28,5086.118711
97,32,5013.104049
97,35,4943.487922
97,36,4898.778716
97,38,4848.100466
98,12,6935.376393
98,14,6715.219216
98,16,6690.043474
98,17,6099.582194
98,19,5926.269680
98,21,5919.703038
98,22,5905.719064
98,23,5816.365954
98,24,5513.651196
98,26,5485.821655
98,28,5086.118711
98,32,5000.603910
98,33,4910.255364
98,36,4898.778716
98,38,4848.100466
99,12,6935.376393
99,14,6715.219216
99,16,6439.444907
99,17,6099.582194
99,19,5926.269680
99,21,5913.319490
99,22,5905.719064
99,23,5816.365954
99,24,5513.651196
99,26,5485.821655
99,28,5086.118711
99,32,5000.603910
99,33,4910.255364
99,36,4898.778716
99,38,4848.100466
100,12,6935.376393
100,13,6879.292156
100,14,6715.219216
100,16,6439.444907
100,17,6096.910237
100,19,5926.269680
100,21,5913.319490
100,22,5902.761255
100,23,5759.165769
100,24,5453.209129
100,27,5414.253897
100,28,5075.987305
100,32,5000.603910
100,33,4910.255364
100,36,4876.279204
100,38,4836.516536
101,12,6935.376393
101,13,6879.292156
101,14,6715.219216
101,16,6439.444907
101,17,6072.578526
101,19,5926.269680
101,21,5913.319490
101,22,5853.341941
101,23,5759.165769
101,24,5453.209129
101,27,5414.253897
101,28,5075.987305
101,31,5041.684319
101,32,5000.603910
101,33,4910.255364
101,36,4876.279204
101,38,4836.516536
102,12,6935.376393
102,13,6736.790568
102,14,6715.219216
102,16,6439.444907
102,17,6072.578526
102,18,6042.767340
102,19,5801.284885
102,23,5759.165769
102,24,5453.209129
102,27,5414.253897
102,28,5075.987305
102,31,5041.684319
102,32,5000.603910
102,33,4910.255364
102,36,4876.279204
102,38,4836.516536
103,12,6935.376393
103,13,6736.790568
103,14,6715.219216
103,16,6439.444907
103,17,6072.578526
103,18,6042.767340
103,19,5801.284885
103,23,5759.165769
103,24,5453.209129
103,27,5414.253897
103,28,5075.987305
103,31,5041.684319
103,32,5000.603910
103,33,4910.255364
103,36,4876.279204
103,38,4836.516536
104,12,6935.376393
104,13,6709.975183
104,16,6439.444907
104,17,6072.578526
104,18,6042.767340
104,19,5801.284885
104,23,5759.165769
104,24,5453.209129
104,27,5414.253897
104,28,5075.987305
104,30,5037.538783
104,32,5000.603910
104,33,4910.255364
104,36,4876.279204
104,38,4836.516536
105,12,6935.376393
105,13,6709.975183
105,14,6696.524872
105,15,6595.638367
105,16,6439.444907
105,17,6072.578526
105,18,6042.767340
105,19,5801.284885
105,22,5700.001674
105,24,5453.209129
105,27,5406.239837
105,28,5070.482172
105,30,5037.538783
105,32,5000.603910
105,33,4895.078403
105,35,4867.453363
105,38,4836.516536
106,12,6935.376393
106,13,6709.975183
106,14,6696.524872
106,15,6595.638367
106,16,6382.023641
106,17,6072.578526
106,18,6042.767340
106,19,5801.284885
106,22,5700.001674
106,24,5453.209129
106,25,5196.912531
106,28,5070.482172
106,30,5037.538783
106,32,5000.603910
106,33,4895.078403
106,35,4867.453363
106,38,4836.516536
107,12,6935.376393
107,13,6709.975183
107,14,6696.524872
107,15,6559.959619
107,16,6347.965216
107,17,6038.629408
107,19,5801.284885
107,22,5700.001674
107,24,5453.209129
107,25,5196.912531
107,28,5070.482172
107,30,5037.538783
107,32,5000.603910
107,33,4895.078403
107,35,4867.453363
107,38,4836.516536
108,12,6935.376393
108,13,6709.975183
108,14,6588.892703
108,15,6559.959619
108,16,6347.965216
108,17,6038.629408
108,19,5801.284885
108,22,5700.001674
108,24,5453.209129
108,25,5196.912531
108,28,5070.482172
108,30,5037.538783
108,32,5000.603910
108,33,4895.078403
108,35,4867.453363
108,38,4836.516536
109,12,6935.376393
109,13,6709.975183
109,14,6588.892703
109,15,6559.959619
109,16,6347.965216
109,17,6038.629408
109,19,5801.284885
109,21,5752.208732
109,22,5700.001674
109,24,5453.209129
109,25,5196.912531
109,28,5070.482172
109,30,5037.538783
109,32,5000.603910
109,33,4895.078403
109,35,4867.453363
109,38,4836.516536
110,12,6935.376393
110,13,6709.975183
110,14,6588.892703
110,15,6559.959619
110,16,6238.175499
110,17,6038.629408
110,18,6026.872566
110,19,5801.284885
110,21,5752.208732
110,22,5700.001674
110,24,5453.209129
110,25,5195.338923
110,26,5152.410512
110,28,5070.482172
110,30,5037.538783
110,31,5012.551290
110,32,4971.453397
110,33,4877.215765
110,35,4867.453363
110,38,4835.737447
111,12,6935.376393
111,13,6709.975183
111,14,6588.892703
111,15,6559.959619
111,16,6169.218883
111,17,6038.629408
111,18,6026.872566
111,19,5801.284885
111,21,5752.208732
111,22,5700.001674
111,24,5453.209129
111,25,5195.338923
111,26,5152.410512
111,28,5070.482172
111,30,5037.538783
111,31,5012.551290
111,32,4971.453397
111,33,4877.215765
111,35,4867.453363
111,38,4835.737447
112,12,6935.376393
112,13,6709.975183
112,14,6588.892703
112,15,6559.959619
112,16,6169.218883
112,17,6038.629408
112,18,6026.872566
112,19,5801.284885
112,21,5752.208732
112,22,5700.001674
112,24,5453.209129
112,25,5195.338923
112,26,5152.410512
112,28,5070.482172
112,30,5037.538783
112,31,5012.551290
112,32,4971.453397
112,33,4877.215765
112,35,4867.453363
112,38,4835.737447
113,12,6935.376393
113,13,6709.975183
113,14,6499.954390
113,15,6343.417398
113,16,6169.218883
113,17,6038.629408
113,18,6026.872566
113,19,5801.284885
113,21,5752.208732
113,22,5700.001674
113,24,5453.209129
113,25,5195.338923
113,26,5152.410512
113,28,5070.482172
113,30,5037.538783
113,31,5012.551290
113,32,4971.453397
113,33,4877.215765
113,35,4867.453363
113,38,4835.737447
114,12,6935.376393
114,13,6709.975183
114,14,6499.954390
114,15,6343.417398
114,16,6025.305526
114,19,5791.362354
114,21,5752.208732
114,22,5700.001674
114,24,5453.209129
114,25,5195.338923
114,26,5152.410512
114,28,5070.482172
114,30,5037.538783
114,31,5012.551290
114,32,4971.453397
114,33,4877.215765
114,35,4867.453363
114,38,4835.737447
115,12,6710.973996
115,13,6313.215731
115,16,6025.305526
115,19,5791.362354
115,21,5752.208732
115,22,5700.001674
115,24,5453.209129
115,25,5174.577217
115,26,5152.410512
115,28,5064.565661
115,29,5016.579634
115,31,5012.551290
115,32,4971.453397
115,33,4864.532427
115,34,4858.786336
115,38,4835.737447
116,12,6710.973996
116,13,6313.215731
116,16,6025.305526
116,19,5791.362354
116,21,5739.396238
116,22,5507.502395
116,24,5453.209129
116,25,5174.577217
116,26,5152.410512
116,27,5125.312486
116,28,5064.565661
116,29,5016.579634
116,31,5012.551290
116,32,4971.453397
116,33,4864.532427
116,34,4858.786336
116,38,4835.737447
117,12,6710.973996
117,13,6313.215731
117,16,6025.305526
117,17,5880.818922
117,19,5791.362354
117,21,5739.396238
117,22,5507.502395
117,24,5453.209129
117,25,5174.577217
117,26,5152.410512
117,27,5125.312486
117,28,5064.565661
117,29,5016.579634
117,31,5012.551290
117,32,4971.453397
117,33,4864.532427
117,34,4858.786336
117,38,4835.737447
118,12,6710.973996
118,13,6259.833066
118,16,6025.305526
118,17,5880.818922
118,19,5791.362354
118,20,5736.396718
118,22,5507.502395
118,24,5453.209129
118,25,5174.577217
118,26,5111.369855
118,28,5064.565661
118,29,5016.579634
118,30,4940.486798
118,33,4864.532427
118,34,4858.786336
118,38,4835.737447
119,12,6710.973996
119,13,6259.833066
119,16,6025.305526
119,17,5880.818922
119,19,5791.362354
119,20,5736.396718
119,22,5507.502395
119,24,5453.209129
119,25,5174.577217
119,26,5111.369855
119,28,5064.565661
119,29,5016.579634
119,30,4940.486798
119,33,4864.532427
119,34,4858.786336
119,38,4835.737447
120,12,6180.469928
120,16,6025.305526
120,17,5880.818922
120,19,5791.362354
120,20,5736.396718
120,22,5507.502395
120,24,5441.265516
120,25,5144.878122
120,26,5096.323853
120,28,5064.565661
120,29,5016.579634
120,30,4940.486798
120,33,4864.532427
120,34,4858.786336
120,35,4856.431486
120,38,4835.737447
121,12,6180.469928
121,16,6025.305526
121,17,5880.818922
121,19,5790.261696
121,20,5736.396718
121,22,5507.502395
121,24,5441.265516
121,25,5144.878122
121,26,5096.323853
121,28,5064.565661
121,29,5016.579634
121,30,4940.486798
121,33,4864.532427
121,34,4858.786336
121,35,4856.431486
121,38,4835.737447
122,12,6180.469928
122,15,5969.445470
122,17,5880.818922
122,19,5790.261696
122,20,5736.396718
122,22,5507.502395
122,24,5348.417095
122,25,5144.878122
122,26,5096.323853
122,28,5064.565661
122,29,5016.579634
122,30,4940.486798
122,33,4864.532427
122,34,4858.786336
122,35,4856.431486
122,38,4835.737447
123,12,6180.469928
123,13,6165.449126
123,14,6060.509681
123,15,5969.445470
123,16,5961.845672
123,17,5880.818922
123,19,5790.261696
123,20,5736.396718
123,22,5507.502395
123,24,5348.417095
123,25,5144.878122
123,26,5096.323853
123,28,5064.565661
123,29,5016.579634
123,30,4940.486798
123,33,4864.532427
123,34,4858.786336
123,35,4856.431486
123,38,4835.737447
123,41,4821.413499
124,12,6180.469928
124,13,6165.449126
124,14,6060.509681
124,15,5969.445470
124,16,5782.179633
124,20,5736.396718
124,22,5507.502395
124,24,5348.417095
124,25,5144.878122
124,26,5096.323853
124,28,5064.565661
124,29,5016.579634
124,30,4940.486798
124,33,4864.532427
124,34,4858.786336
124,35,4856.431486
124,38,4835.737447
124,41,4821.413499
125,12,6132.152961
125,14,6030.738495
125,15,5969.445470
125,16,5782.179633
125,17,5607.823590
125,21,5408.011091
125,24,5348.417095
125,25,5144.513835
125,26,5073.689213
125,28,5064.565661
125,29,5016.579634
125,30,4931.969114
125,33,4864.532427
125,34,4858.786336
125,35,4856.431486
125,38,4835.737447
125,41,4816.211508
126,12,6132.152961
126,14,6030.738495
126,15,5969.445470
126,16,5782.179633
126,17,5607.823590
126,19,5482.793509
126,21,5408.011091
126,24,5348.417095
126,25,5144.513835
126,26,5073.689213
126,28,5064.565661
126,29,5016.579634
126,30,4931.969114
126,33,4864.532427
126,34,4858.786336
126,35,4856.431486
126,37,4847.070839
126,38,4835.737447
126,41,4816.211508
127,12,6132.152961
127,13,5812.727846
127,16,5782.179633
127,17,5607.823590
127,19,5482.793509
127,21,5408.011091
127,24,5348.417095
127,25,5144.513835
127,26,5073.689213
127,28,5064.565661
127,29,5016.579634
127,30,4931.969114
127,33,4864.532427
127,34,4858.786336
127,35,4856.431486
127,37,4847.070839
127,38,4835.737447
127,41,4816.211508
128,12,6132.152961
128,13,5812.727846
128,16,5782.179633
128,17,5607.823590
128,19,5482.793509
128,21,5408.011091
128,24,5348.417095
128,25,5144.513835
128,26,5073.689213
128,28,5064.565661
128,29,5016.579634
128,30,4931.969114
128,33,4864.532427
128,34,4858.786336
128,35,4856.431486
128,37,4847.070839
128,38,4835.737447
128,41,4816.211508
129,12,6132.152961
129,13,5812.727846
129,16,5715.637686
129,17,5544.712801
129,19,5482.793509
129,21,5408.011091
129,23,5382.371249
129,24,5348.417095
129,25,5144.513835
129,26,5073.689213
129,28,5064.565661
129,29,5016.579634
129,30,4931.969114
129,33,4864.532427
129,34,4834.471099
129,35,4804.899722
130,12,6132.152961
130,13,5812.727846
130,16,5715.637686
130,17,5544.712801
130,19,5482.793509
130,21,5408.011091
130,23,5382.371249
130,24,5348.417095
130,25,5144.513835
130,26,5073.689213
130,28,5002.170639
130,30,4910.998892
130,33,4864.532427
130,34,4795.525917
131,12,6132.152961
131,13,5812.727846
131,14,5683.495517
131,17,5544.712801
131,19,5482.793509
131,21,5408.011091
131,22,5313.601608
131,25,5144.513835
131,26,5073.689213
131,28,5002.170639
131,30,4910.998892
131,33,4864.532427
131,34,4795.525917
132,12,6132.152961
132,13,5812.727846
132,14,5683.495517
132,17,5544.712801
132,18,5530.450305
132,19,5438.087941
132,21,5408.011091
132,22,5313.601608
132,25,5140.853890
132,26,5073.689213
132,28,5002.170639
132,30,4910.998892
132,33,4864.532427
132,34,4795.525917
133,12,5978.109284
133,13,5812.727846
133,14,5683.495517
133,17,5544.712801
133,18,5530.450305
133,19,5438.087941
133,21,5408.011091
133,22,5307.368735
133,25,5140.853890
133,26,5073.689213
133,28,5002.170639
133,30,4910.998892
133,33,4864.532427
133,34,4795.525917
134,12,5978.109284
134,13,5798.019036
134,14,5683.495517
134,16,5645.866862
134,17,5525.898734
134,19,5438.087941
134,21,5408.011091
134,22,5307.368735
134,25,5140.853890
134,26,5073.689213
134,28,5002.170639
134,30,4910.998892
134,33,4864.532427
134,34,4795.525917
135,12,5978.109284
135,13,5798.019036
135,14,5683.495517
135,16,5645.866862
135,17,5453.802022
135,19,5438.087941
135,21,5373.621802
135,22,5307.368735
135,25,5138.297792
135,26,5073.689213
135,28,5002.170639
135,30,4910.998892
135,33,4864.532427
135,34,4776.528033
136,12,5978.109284
136,13,5798.019036
136,14,5683.495517
136,15,5588.492229
136,17,5437.756719
136,20,5431.918891
136,21,5373.621802
136,22,5307.368735
136,24,5303.008321
136,25,5138.297792
136,26,5073.689213
136,28,5002.170639
136,30,4910.998892
136,33,4864.532427
136,34,4776.528033
137,12,5978.109284
137,13,5798.019036
137,14,5683.495517
137,15,5588.492229
137,17,5437.756719
137,20,5431.918891
137,21,5373.621802
137,22,5307.368735
137,23,5231.421342
137,25,5138.297792
137,26,5073.689213
137,28,5002.170639
137,30,4910.998892
137,33,4864.532427
137,34,4776.528033
138,12,5978.109284
138,13,5683.771181
138,14,5683.495517
138,15,5588.492229
138,17,5437.756719
138,18,5389.342833
138,21,5373.621802
138,22,5226.707260
138,24,5124.247178
138,26,5061.085925
138,28,5002.170639
138,30,4910.998892
138,33,4864.532427
138,34,4776.528033
139,12,5978.109284
139,13,5683.771181
139,14,5599.915196
139,15,5588.492229
139,17,5437.756719
139,18,5389.342833
139,21,5373.621802
139,22,5226.707260
139,23,5133.520364
139,24,5124.247178
139,26,5061.085925
139,28,5002.170639
139,30,4910.998892
139,33,4856.258328
139,34,4776.528033
140,12,5978.109284
140,13,5683.771181
140,14,5599.915196
140,15,5588.492229
140,17,5437.756719
140,18,5379.975778
140,20,5234.075307
140,22,5208.209747
140,23,5133.520364
140,24,5113.744123
140,26,5061.085925
140,28,5002.141421
140,30,4900.752513
140,33,4850.414529
140,34,4776.528033
141,12,5978.109284
141,13,5683.771181
141,14,5599.915196
141,15,5588.492229
141,17,5437.756719
141,18,5379.975778
141,20,5234.075307
141,22,5208.209747
141,23,5133.520364
141,24,5113.744123
141,26,5061.085925
141,28,5002.141421
141,30,4900.752513
141,33,4850.414529
141,34,4776.528033
141,38,4771.253702
142,12,5623.430767
142,14,5599.915196
142,15,5541.458264
142,17,5437.756719
142,18,5379.975778
142,20,5234.075307
142,22,5208.209747
142,23,5133.520364
142,24,5113.744123
142,26,5061.085925
142,28,5002.141421
142,30,4900.752513
142,33,4850.414529
142,34,4776.528033
142,38,4771.253702
143,12,5623.430767
143,14,5599.915196
143,15,5541.458264
143,17,5437.756719
143,18,5379.975778
143,20,5234.075307
143,22,5208.209747
143,23,5133.520364
143,24,5113.744123
143,26,5061.085925
143,28,5002.141421
143,30,4900.752513
143,33,4813.094517
143,34,4776.528033
143,38,4771.253702
144,12,5623.430767
144,14,5599.915196
144,15,5541.458264
144,17,5437.756719
144,18,5379.975778
144,20,5234.075307
144,22,5208.209747
144,23,5133.520364
144,24,5113.744123
144,25,5071.066717
144,26,5061.085925
144,28,5002.141421
144,30,4900.752513
144,33,4813.094517
144,34,4776.528033
144,38,4771.253702
145,12,5623.430767
145,14,5599.915196
145,15,5432.504537
145,17,5401.228523
145,18,5379.975778
145,20,5234.075307
145,22,5089.438238
145,25,5059.915101
145,26,5054.747491
145,28,5002.141421
145,30,4895.544716
145,33,4813.094517
145,34,4776.528033
145,38,4771.224100
146,12,5623.430767
146,13,5601.595568
146,14,5599.915196
146,15,5432.504537
146,17,5401.228523
146,18,5379.975778
146,20,5234.075307
146,22,5089.438238
146,25,5059.915101
146,26,5054.747491
146,28,5002.141421
146,30,4895.544716
146,32,4780.861487
146,34,4776.528033
146,38,4771.224100
147,12,5623.430767
147,13,5601.595568
147,14,5593.660810
147,15,5432.504537
147,17,5401.228523
147,18,5379.975778
147,20,5234.075307
147,22,5089.438238
147,25,5059.915101
147,26,5054.747491
147,28,5002.141421
147,30,4895.544716
147,32,4780.861487
147,34,4776.528033
147,38,4771.224100
148,12,5623.430767
148,13,5601.595568
148,14,5593.660810
148,15,5432.504537
148,17,5401.228523
148,18,5373.959175
148,20,5234.075307
148,22,5089.438238
148,25,5059.915101
148,26,5054.747491
148,28,5002.141421
148,30,4895.544716
148,32,4780.861487
148,34,4776.528033
148,38,4771.224100
149,12,5623.430767
149,13,5601.595568
149,14,5535.849604
149,15,5432.504537
149,17,5401.228523
149,18,5373.959175
149,20,5234.075307
149,22,5089.438238
149,25,5059.915101
149,26,5054.747491
149,28,5002.141421
149,30,4895.544716
149,32,4780.861487
149,34,4776.528033
149,38,4771.224100
150,12,5548.910367
150,14,5517.731538
150,15,5432.504537
150,17,5401.228523
150,18,5349.053809
150,20,5167.272912
150,22,5086.237905
150,25,5040.306900
150,27,5010.173353
150,28,4989.398697
150,30,4892.258307
150,32,4751.915418
151,12,5548.910367
151,14,5517.731538
151,15,5432.504537
151,17,5401.228523
151,18,5349.053809
151,20,5167.272912
151,22,5086.237905
151,25,5040.306900
151,27,5010.173353
151,28,4989.398697
151,30,4892.258307
151,32,4751.915418
151,40,4751.379166
152,12,5548.910367
152,14,5517.731538
152,15,5432.504537
152,17,5401.228523
152,18,5349.053809
152,20,5167.272912
152,22,5086.237905
152,25,5040.306900
152,27,5010.173353
152,28,4989.398697
152,30,4892.258307
152,32,4751.915418
152,40,4751.379166
153,12,5548.910367
153,13,5507.442118
153,15,5432.504537
153,17,5401.228523
153,18,5349.053809
153,20,5167.272912
153,22,5086.237905
153,25,5040.306900
153,27,5010.173353
153,28,4989.398697
153,30,4892.258307
153,32,4751.915418
153,40,4751.379166
154,12,5548.910367
154,13,5507.442118
154,14,5483.217820
154,15,5432.504537
154,17,5401.228523
154,18,5349.053809
154,19,5292.982102
154,20,5167.272912
154,22,5086.237905
154,25,5040.306900
154,27,5010.173353
154,28,4989.398697
154,30,4892.258307
154,32,4751.915418
154,40,4751.379166
155,12,5548.910367
155,13,5507.442118
155,14,5483.217820
155,15,5378.950479
155,18,5348.969781
155,19,5292.982102
155,20,5127.681500
155,22,5085.681096
155,24,5021.302630
155,27,5010.173353
155,28,4989.245650
155,30,4879.232216
155,32,4751.915418
155,40,4751.379166
156,12,5524.044466
156,13,5507.442118
156,14,5483.217820
156,15,5378.950479
156,18,5348.969781
156,19,5292.982102
156,20,5127.681500
156,22,5085.681096
156,24,5021.302630
156,27,5010.173353
156,28,4897.885118
156,30,4879.232216
156,32,4751.915418
156,40,4751.379166
157,12,5524.044466
157,13,5507.442118
157,14,5483.217820
157,15,5378.950479
157,18,5348.969781
157,19,5292.982102
157,20,5127.681500
157,22,5085.681096
157,24,5021.302630
157,27,5010.173353
157,28,4897.885118
157,30,4879.232216
157,32,4751.915418
157,40,4751.379166
158,12,5524.044466
158,13,5507.442118
158,14,5460.434926
158,15,5378.950479
158,18,5348.969781
158,19,5287.986893
158,20,5127.681500
158,22,5085.681096
158,24,5021.302630
158,27,5010.173353
158,28,4897.885118
158,30,4879.232216
158,32,4751.915418
158,40,4751.379166
159,12,5434.863626
159,15,5378.950479
159,18,5348.969781
159,19,5287.986893
159,20,5127.681500
159,22,5085.681096
159,24,5021.302630
159,27,5010.173353
159,28,4897.885118
159,30,4879.232216
159,32,4751.915418
159,37,4735.388105
160,12,5422.664163
160,15,5288.329375
160,19,5165.277930
160,20,5126.658813
160,22,5085.681096
160,24,5021.302630
160,27,5010.173353
160,28,4897.885118
160,30,4878.819923
160,32,4751.915418
160,37,4735.388105
161,12,5422.664163
161,14,5380.894015
161,15,5288.329375
161,19,5165.277930
161,20,5126.658813
161,22,5085.681096
161,24,5021.302630
161,27,5010.173353
161,28,4897.885118
161,30,4878.819923
161,31,4834.078864
161,32,4751.915418
161,37,4735.388105
161,38,4735.120233
162,12,5422.664163
162,14,5380.894015
162,15,5288.329375
162,19,5165.277930
162,20,5097.516324
162,22,5085.681096
162,24,5021.302630
162,27,5010.173353
162,28,4897.885118
162,30,4878.819923
162,31,4834.078864
162,32,4751.915418
162,37,4735.388105
162,38,4735.120233
163,12,5422.664163
163,14,5380.894015
163,15,5288.329375
163,19,5116.766929
163,20,5097.516324
163,22,5085.681096
163,23,5068.035899
163,24,5021.302630
163,27,5010.173353
163,28,4897.885118
163,30,4878.819923
163,31,4834.078864
163,32,4751.915418
163,37,4735.388105
163,38,4735.120233
164,12,5422.664163
164,14,5380.894015
164,15,5288.329375
164,19,5116.766929
164,20,5097.516324
164,22,5085.681096
164,23,5068.035899
164,24,5021.302630
164,27,5010.173353
164,28,4897.885118
164,30,4878.819923
164,31,4834.078864
164,32,4751.915418
164,33,4750.796438
164,37,4735.388105
164,38,4735.120233
165,12,5422.664163
165,14,5380.254631
165,15,5288.329375
165,19,5065.123103
165,24,5019.978562
165,25,5005.980059
165,28,4897.885118
165,30,4824.613957
165,32,4725.844047
166,12,5422.664163
166,14,5380.254631
166,15,5288.329375
166,19,5065.123103
166,23,5059.939427
166,24,5019.978562
166,25,5005.980059
166,28,4897.885118
166,29,4787.209692
166,32,4725.844047
167,12,5422.664163
167,14,5380.254631
167,15,5288.329375
167,19,5065.123103
167,20,5045.648721
167,24,4961.559826
167,28,4897.885118
167,29,4787.209692
167,32,4725.844047
167,37,4715.688925
167,39,4715.428535
168,12,5422.664163
168,14,5380.254631
168,15,5288.329375
168,17,5181.957134
168,19,5065.123103
168,20,5045.648721
168,24,4961.559826
168,28,4897.885118
168,29,4787.209692
168,32,4725.844047
168,37,4715.688925
168,39,4715.428535
169,12,5422.664163
169,14,5380.254631
169,15,5288.329375
169,16,5261.690192
169,17,5181.957134
169,19,5065.123103
169,20,5045.648721
169,24,4961.559826
169,28,4897.885118
169,29,4787.209692
169,31,4744.591317
169,32,4725.844047
169,37,4715.688925
169,39,4715.428535
170,12,5422.664163
170,14,5380.254631
170,15,5276.166282
170,16,5261.690192
170,17,5181.957134
170,19,5065.123103
170,20,5024.727171
170,24,4961.559826
170,28,4897.885118
170,29,4783.298847
170,31,4744.591317
170,32,4719.155712
170,37,4715.688925
170,38,4702.723126
171,12,5422.664163
171,14,5380.254631
171,15,5276.166282
171,16,5261.690192
171,17,5181.957134
171,19,5065.123103
171,20,5024.727171
171,24,4961.559826
171,28,4897.885118
171,29,4783.298847
171,30,4764.511480
171,31,4744.591317
171,32,4719.155712
171,37,4715.688925
171,38,4702.723126
172,12,5422.664163
172,14,5380.254631
172,15,5276.166282
172,16,5261.690192
172,17,5181.957134
172,19,5065.123103
172,20,5024.727171
172,24,4961.559826
172,28,4897.885118
172,29,4783.298847
172,30,4764.511480
172,31,4744.591317
172,32,4719.155712
172,37,4715.688925
172,38,4702.723126
173,12,5422.664163
173,14,5380.254631
173,15,5274.805300
173,16,5261.690192
173,17,5142.994702
173,19,5051.991913
173,20,5024.727171
173,24,4961.559826
173,28,4897.885118
173,29,4783.298847
173,30,4764.511480
173,31,4744.591317
173,32,4719.155712
173,35,4717.120978
173,37,4715.688925
173,38,4702.723126
174,12,5422.664163
174,13,5416.447912
174,14,5380.254631
174,15,5270.769083
174,16,5261.690192
174,17,5142.994702
174,19,5051.991913
174,20,5024.727171
174,24,4961.559826
174,28,4897.885118
174,29,4783.298847
174,30,4764.511480
174,31,4744.591317
174,32,4719.155712
174,35,4717.120978
174,37,4715.688925
174,38,4702.723126
175,12,5422.664163
175,13,5393.546584
175,14,5380.254631
175,15,5270.769083
175,16,5261.690192
175,17,5142.994702
175,19,5051.991913
175,20,5024.727171
175,24,4958.418307
175,28,4897.885118
175,29,4783.298847
175,30,4764.511480
175,31,4742.787619
175,32,4718.956680
175,35,4717.120978
175,36,4686.845872
176,12,5422.664163
176,13,5381.382480
176,14,5380.254631
176,15,5220.057305
176,17,5142.994702
176,19,5051.991913
176,20,5024.727171
176,21,5011.302367
176,24,4958.418307
176,28,4863.404198
176,29,4783.298847
176,30,4764.511480
176,31,4733.130117
176,32,4718.956680
176,34,4710.115271
176,36,4686.845872
177,12,5422.664163
177,13,5381.382480
177,14,5380.254631
177,15,5220.057305
177,16,5195.473239
177,17,5142.994702
177,19,5042.590389
177,20,5024.727171
177,21,5011.302367
177,23,4998.591782
177,24,4958.418307
177,28,4863.404198
177,29,4783.298847
177,30,4764.511480
177,31,4733.130117
177,32,4713.442811
177,34,4710.115271
177,36,4686.845872
178,12,5422.664163
178,13,5381.382480
178,14,5380.254631
178,15,5182.428121
178,17,5142.994702
178,19,5042.590389
178,20,5024.727171
178,21,5011.302367
178,23,4998.591782
178,24,4958.418307
178,28,4863.404198
178,29,4783.298847
178,30,4764.511480
178,31,4733.130117
178,32,4713.442811
178,34,4710.115271
178,36,4686.845872
179,12,5422.664163
179,13,5381.382480
179,14,5380.254631
179,15,5182.428121
179,17,5142.994702
179,19,5042.590389
179,20,5013.484104
179,21,5011.302367
179,23,4998.591782
179,24,4958.418307
179,28,4863.404198
179,29,4783.298847
179,30,4764.511480
179,31,4716.641360
179,32,4713.442811
179,34,4710.115271
179,36,4686.845872
180,12,5422.664163
180,13,5381.382480
180,14,5360.274200
180,15,5182.428121
180,17,5142.994702
180,19,5042.590389
180,20,5003.651745
180,22,4989.002171
180,24,4958.418307
180,28,4863.404198
180,29,4763.108860
180,31,4716.641360
180,32,4713.442811
180,34,4710.115271
180,36,4686.845872
181,12,5422.664163
181,13,5357.283389
181,14,5340.018791
181,15,5182.428121
181,17,5142.994702
181,19,5042.590389
181,20,5003.651745
181,22,4987.867863
181,24,4958.418307
181,28,4863.404198
181,29,4763.108860
181,30,4695.711631
181,36,4686.845872
182,12,5422.664163
182,13,5357.283389
182,14,5340.018791
182,15,5182.428121
182,17,5142.994702
182,19,5042.590389
182,20,5003.651745
182,22,4987.867863
182,24,4958.418307
182,28,4836.166025
182,29,4763.108860
182,30,4695.711631
182,36,4686.845872
183,12,5422.664163
183,13,5357.283389
183,14,5340.018791
183,15,5182.428121
183,17,5142.994702
183,19,5042.590389
183,20,5003.651745
183,22,4987.867863
183,24,4958.418307
183,28,4836.166025
183,29,4763.108860
183,30,4695.711631
183,32,4678.517416
184,12,5422.664163
184,13,5278.638475
184,15,5182.428121
184,17,5088.669170
184,19,5042.590389
184,20,5003.651745
184,22,4987.867863
184,24,4958.418307
184,28,4836.166025
184,29,4763.108860
184,30,4695.711631
184,32,4648.373341
185,12,5422.664163
185,13,5278.638475
185,15,5182.428121
185,17,5042.877725
185,19,5042.590389
185,20,5001.142874
185,22,4981.646628
185,23,4949.993679
185,28,4810.214946
185,29,4763.108860
185,30,4663.426867
185,32,4638.346224
186,12,5420.042369
186,13,5278.638475
186,15,5182.428121
186,17,5042.877725
186,19,5042.590389
186,20,5001.142874
186,22,4981.646628
186,23,4949.993679
186,28,4810.214946
186,29,4763.108860
186,30,4663.426867
186,32,4619.635303
187,12,5420.042369
187,13,5278.638475
187,15,5182.428121
187,17,5042.877725
187,19,5042.590389
187,20,5001.142874
187,22,4981.646628
187,23,4949.993679
187,28,4810.214946
187,29,4763.108860
187,30,4663.426867
187,32,4619.635303
188,12,5420.042369
188,13,5278.638475
188,15,5182.428121
188,17,5042.877725
188,19,5042.590389
188,20,4985.276543
188,22,4981.646628
188,23,4949.993679
188,28,4810.214946
188,29,4763.108860
188,30,4663.426867
188,32,4619.635303
189,12,5407.373010
189,13,5278.638475
189,15,5182.428121
189,17,5042.877725
189,19,5008.731310
189,20,4985.276543
189,22,4981.646628
189,23,4949.993679
189,28,4810.214946
189,29,4763.108860
189,30,4663.426867
189,32,4619.635303
190,12,5407.373010
190,13,5278.638475
190,15,5182.428121
190,17,5042.877725
190,19,5008.731310
190,20,4977.521571
190,22,4976.769329
190,23,4940.424609
190,28,4806.045719
190,29,4674.568605
190,30,4663.426867
190,31,4617.090427
191,12,5407.373010
191,13,5278.638475
191,15,5182.428121
191,17,5042.877725
191,19,5008.731310
191,20,4977.521571
191,22,4948.358338
191,23,4940.424609
191,28,4806.045719
191,29,4674.568605
191,30,4663.426867
191,31,4617.090427
192,12,5404.750019
192,13,5278.638475
192,14,5261.402131
192,15,5182.428121
192,16,5147.227610
192,17,5042.877725
192,19,5008.731310
192,20,4977.521571
192,21,4965.293624
192,22,4948.358338
192,23,4940.424609
192,27,4887.884832
192,28,4806.045719
192,29,4674.568605
192,30,4663.426867
192,31,4617.090427
193,12,5404.750019
193,13,5270.579841
193,14,5250.248989
193,15,5173.761110
193,16,5147.227610
193,17,5042.877725
193,19,5008.731310
193,20,4937.314560
193,27,4887.884832
193,28,4806.045719
193,29,4674.568605
193,30,4663.426867
193,31,4617.090427
194,12,5396.179169
194,13,5270.579841
194,14,5250.248989
194,15,5173.761110
194,16,5147.227610
194,17,5042.877725
194,19,5008.731310
194,20,4937.314560
194,27,4887.884832
194,28,4806.045719
194,29,4674.568605
194,30,4663.426867
194,31,4617.090427
195,12,5396.179169
195,13,5266.958114
195,14,5250.248989
195,15,5141.013863
195,16,5072.139215
195,17,5025.926284
195,19,5008.731310
195,20,4937.314560
195,27,4887.884832
195,28,4800.867296
195,29,4666.698839
195,30,4603.818518
196,12,5396.179169
196,13,5224.630506
196,15,5141.013863
196,16,5072.139215
196,17,5025.926284
196,19,4985.346683
196,20,4937.314560
196,21,4910.702961
196,27,4887.884832
196,28,4800.867296
196,29,4666.698839
196,30,4603.818518
197,12,5396.179169
197,13,5224.630506
197,15,5106.635278
197,16,5072.139215
197,17,5025.926284
197,19,4985.346683
197,20,4937.314560
197,21,4910.702961
197,27,4887.884832
197,28,4800.867296
197,29,4666.698839
197,30,4603.818518
198,12,5396.179169
198,13,5209.865690
198,15,5106.635278
198,16,5072.139215
198,17,5025.926284
198,18,4944.278783
198,20,4937.314560
198,21,4910.702961
198,27,4887.884832
198,28,4800.867296
198,29,4666.698839
198,30,4603.818518
199,12,5396.179169
199,13,5209.865690
199,15,5106.635278
199,16,5072.139215
199,17,5025.926284
199,18,4944.278783
199,20,4937.314560
199,21,4910.702961
199,23,4907.104030
199,27,4887.884832
199,28,4800.867296
199,29,4666.698839
199,30,4603.818518
200,12,5396.179169
200,13,5206.755044
200,15,5106.635278
200,16,5072.139215
200,17,5025.926284
200,18,4944.278783
200,20,4934.653380
200,21,4910.702961
200,23,4866.577038
200,28,4643.764227
200,30,4603.818518
200,31,4600.053105
201,12,5396.179169
201,13,5206.755044
201,15,5106.635278
201,16,5072.139215
201,17,5025.926284
201,18,4944.278783
201,19,4909.017037
201,23,4866.577038
201,28,4643.764227
201,30,4603.818518
201,31,4599.371620
202,12,5364.841266
202,13,5206.755044
202,14,5193.809090
202,15,5106.635278
202,16,5072.139215
202,17,5025.926284
202,18,4944.278783
202,19,4909.017037
202,23,4866.577038
202,28,4643.764227
202,30,4603.818518
202,31,4599.371620
203,12,5364.841266
203,13,5206.755044
203,14,5193.809090
203,15,5106.635278
203,16,5072.139215
203,17,5025.926284
203,18,4944.278783
203,19,4909.017037
203,23,4866.577038
203,28,4643.764227
203,30,4603.818518
203,31,4599.371620
204,12,5364.841266
204,13,5206.755044
204,14,5167.792835
204,15,5106.635278
204,16,5072.139215
204,17,5025.926284
204,18,4944.278783
204,19,4909.017037
204,23,4866.577038
204,28,4643.764227
204,30,4603.818518
204,31,4599.371620
205,12,5364.841266
205,13,5183.529350
205,14,5167.792835
205,15,5106.635278
205,16,5069.686308
205,17,5025.926284
205,18,4944.278783
205,19,4909.017037
205,23,4866.577038
205,28,4633.836929
205,29,4589.379533
206,12,5364.841266
206,13,5183.529350
206,14,5167.792835
206,15,5106.635278
206,16,5069.686308
206,17,5025.926284
206,18,4944.278783
206,19,4909.017037
206,23,4866.577038
206,28,4633.836929
206,29,4589.379533
207,12,5364.841266
207,13,5137.478526
207,15,5106.635278
207,16,5069.686308
207,17,5025.926284
207,18,4944.278783
207,19,4909.017037
207,23,4866.577038
207,28,4633.836929
207,29,4589.379533
208,12,5357.993007
208,13,5137.478526
208,15,5106.635278
208,16,5069.686308
208,17,5025.926284
208,18,4944.278783
208,19,4909.017037
208,23,4866.577038
208,27,4687.527114
208,28,4633.836929
208,29,4589.379533
209,12,5357.993007
209,13,5137.478526
209,15,5106.635278
209,16,5069.686308
209,17,5025.926284
209,18,4944.278783
209,19,4909.017037
209,23,4866.577038
209,26,4629.688837
209,28,4622.444063
209,29,4589.379533
210,12,5357.993007
210,13,5137.478526
210,15,5094.974505
210,16,5068.955924
210,17,5025.926284
210,18,4932.281842
210,19,4909.017037
210,23,4862.687207
210,26,4629.688837
210,28,4617.107857
210,29,4589.379533
211,12,5357.993007
211,13,5137.478526
211,15,5094.974505
211,16,5068.955924
211,17,5025.926284
211,18,4932.281842
211,19,4909.017037
211,23,4862.687207
211,26,4629.688837
211,28,4617.107857
211,29,4589.379533
212,12,5357.993007
212,13,5137.478526
212,15,5094.974505
212,16,5068.955924
212,17,5025.926284
212,18,4932.281842
212,19,4909.017037
212,23,4862.687207
212,26,4629.688837
212,28,4617.107857
212,29,4589.379533
213,12,5325.710836
213,13,5117.068250
213,15,5094.974505
213,16,5068.955924
213,17,5025.926284
213,18,4932.281842
213,19,4909.017037
213,23,4862.687207
213,26,4629.688837
213,28,4592.125195
213,29,4589.379533
214,12,5325.710836
214,13,5117.068250
214,15,5094.974505
214,16,5068.955924
214,17,5025.926284
214,18,4932.281842
214,19,4909.017037
214,23,4862.687207
214,26,4629.688837
214,27,4596.231147
214,28,4563.503082
215,12,5325.710836
215,13,5101.491269
215,15,5094.974505
215,16,5065.137428
215,17,5025.926284
215,18,4888.727715
215,23,4862.687207
215,26,4629.688837
215,27,4596.231147
215,28,4563.503082
216,12,5325.710836
216,13,5101.491269
216,15,5094.974505
216,16,5065.137428
216,17,5025.926284
216,18,4888.727715
216,23,4862.687207
216,26,4629.688837
216,27,4596.231147
216,28,4563.503082
217,12,5325.710836
217,13,5101.491269
217,15,5094.974505
217,16,5065.137428
217,17,5025.926284
217,18,4888.727715
217,22,4795.109926
217,26,4629.688837
217,27,4596.231147
217,28,4563.503082
218,12,5325.710836
218,13,5101.491269
218,15,5094.974505
218,16,5065.137428
218,17,5025.926284
218,18,4888.727715
218,22,4795.109926
218,26,4629.688837
218,27,4596.231147
218,28,4563.503082
219,12,5325.710836
219,13,5101.491269
219,15,5093.733094
219,16,5065.137428
219,17,5025.926284
219,18,4888.727715
219,22,4795.109926
219,26,4629.688837
219,27,4596.231147
219,28,4563.503082
220,12,5325.710836
220,13,5098.228603
220,15,5093.733094
220,16,5065.137428
220,17,5025.926284
220,18,4888.727715
220,22,4795.109926
220,26,4629.688837
220,27,4596.231147
220,28,4538.583423
221,12,5325.710836
221,13,5082.628402
221,16,5065.137428
221,17,5025.926284
221,18,4888.727715
221,22,4795.109926
221,26,4629.688837
221,27,4596.231147
221,28,4538.583423
222,12,5325.710836
222,13,5082.628402
222,16,5065.137428
222,17,5025.926284
222,18,4888.727715
222,22,4795.109926
222,26,4629.688837
222,27,4596.231147
222,28,4538.583423
223,12,5325.710836
223,13,5082.628402
223,16,5065.137428
223,17,5025.926284
223,18,4888.727715
223,21,4886.385106
223,22,4795.109926
223,26,4629.688837
223,27,4596.231147
223,28,4538.583423
224,12,5325.710836
224,13,5075.223392
224,16,5065.137428
224,17,5025.926284
224,18,4888.727715
224,21,4886.385106
224,22,4795.109926
224,26,4629.688837
224,27,4596.231147
224,28,4538.583423
225,12,5320.279995
225,13,5075.223392
225,16,5040.109670
225,17,5025.926284
225,18,4888.727715
225,21,4854.308739
225,22,4786.138901
225,26,4629.688837
225,27,4596.231147
225,28,4538.583423
226,12,5320.279995
226,13,5075.223392
226,16,5040.109670
226,17,5025.926284
226,18,4867.922355
226,21,4854.308739
226,22,4786.138901
226,26,4629.688837
226,27,4596.231147
226,28,4538.583423
227,12,5320.279995
227,13,5075.223392
227,15,5037.849305
227,17,5025.926284
227,18,4867.922355
227,21,4854.308739
227,22,4786.138901
227,26,4629.688837
227,27,4596.231147
227,28,4538.583423
228,12,5320.279995
228,13,5075.223392
228,15,5037.849305
228,17,5025.926284
228,18,4867.922355
228,21,4854.308739
228,22,4786.138901
228,26,4629.688837
228,27,4596.231147
228,28,4538.583423
229,12,5320.279995
229,13,5075.223392
229,15,5028.821281
229,17,5025.926284
229,18,4867.922355
229,21,4854.308739
229,22,4786.138901
229,25,4683.836690
229,26,4629.688837
229,27,4596.231147
229,28,4538.583423
230,12,5320.279995
230,13,5075.223392
230,14,5066.337946
230,15,4981.751530
230,18,4867.922355
230,21,4854.308739
230,22,4786.138901
230,25,4607.409604
230,27,4596.231147
230,28,4538.583423
231,12,5320.279995
231,13,5075.223392
231,14,5066.337946
231,15,4981.751530
231,18,4867.922355
231,19,4854.962227
231,21,4854.308739
231,22,4786.138901
231,25,4607.409604
231,27,4596.231147
231,28,4538.583423
232,12,5320.279995
232,13,5075.223392
232,14,5066.337946
232,15,4981.751530
232,18,4867.922355
232,19,4854.962227
232,21,4854.308739
232,22,4786.138901
232,25,4607.409604
232,27,4596.231147
232,28,4538.583423
233,12,5320.279995
233,13,5075.223392
233,14,5029.554950
233,15,4981.751530
233,18,4867.922355
233,19,4854.962227
233,20,4788.587889
233,22,4786.138901
233,25,4607.409604
233,27,4555.965588
233,28,4538.583423
234,12,5320.279995
234,13,5071.862708
234,14,5029.554950
234,15,4981.751530
234,18,4867.922355
234,19,4854.962227
234,20,4788.587889
234,22,4786.138901
234,25,4607.409604
234,27,4555.965588
234,28,4538.583423
235,12,5320.279995
235,13,5066.872181
235,14,5029.554950
235,15,4981.751530
235,18,4847.441032
235,20,4788.587889
235,22,4786.138901
235,25,4604.377782
235,27,4555.965588
235,28,4537.211525
236,12,5320.279995
236,13,5066.872181
236,14,5029.554950
236,15,4981.751530
236,18,4847.441032
236,20,4788.587889
236,22,4786.138901
236,25,4604.377782
236,27,4555.965588
236,28,4537.211525
237,12,5320.279995
237,13,5066.872181
237,14,5029.554950
237,15,4981.751530
237,17,4848.462617
237,18,4847.441032
237,20,4788.587889
237,21,4775.471150
237,25,4604.377782
237,27,4555.965588
237,28,4537.211525
237,30,4531.489750
237,31,4525.708388
238,12,5320.279995
238,13,5066.872181
238,14,5029.554950
238,15,4981.751530
238,17,4848.462617
238,18,4847.441032
238,20,4788.587889
238,21,4775.471150
238,25,4604.377782
238,27,4555.965588
238,28,4537.211525
238,30,4531.489750
238,31,4525.708388
239,12,5320.279995
239,13,5066.872181
239,14,5029.554950
239,15,4981.751530
239,17,4848.462617
239,18,4847.441032
239,20,4788.587889
239,21,4775.471150
239,25,4586.997654
239,27,4544.860899
239,28,4527.681219
239,31,4525.708388
240,12,5320.279995
240,13,5066.872181
240,14,5029.554950
240,15,4981.102594
240,17,4848.462617
240,18,4847.441032
240,20,4785.932230
240,21,4771.331367
240,25,4586.997654
240,27,4538.375629
240,28,4526.309321
240,31,4525.708388
241,12,5320.279995
241,13,5066.872181
241,14,5029.554950
241,15,4981.102594
241,17,4848.462617
241,18,4847.441032
241,20,4785.932230
241,21,4771.331367
241,25,4586.997654
241,27,4538.375629
241,28,4526.309321
241,31,4525.708388
242,12,5320.279995
242,13,5066.872181
242,14,5029.554950
242,15,4981.102594
242,17,4848.462617
242,18,4847.441032
242,19,4794.308713
242,20,4785.932230
242,21,4771.331367
242,23,4604.793696
242,25,4586.997654
242,26,4573.525226
242,27,4538.375629
242,28,4526.309321
242,31,4525.708388
243,12,5139.245549
243,13,5066.872181
243,14,4998.867322
243,15,4981.102594
243,17,4848.462617
243,18,4847.441032
243,19,4794.308713
243,20,4785.932230
243,21,4771.331367
243,23,4604.793696
243,25,4577.863053
243,26,4573.525226
243,27,4538.375629
243,28,4526.309321
243,31,4525.708388
244,12,5139.245549
244,13,5066.872181
244,14,4998.867322
244,15,4981.102594
244,17,4848.462617
244,18,4847.441032
244,19,4794.308713
244,20,4785.932230
244,21,4771.331367
244,23,4604.793696
244,25,4577.863053
244,26,4573.525226
244,27,4538.375629
244,28,4526.309321
244,31,4525.708388
245,12,5139.245549
245,13,5066.872181
245,14,4998.867322
245,15,4981.102594
245,17,4848.462617
245,18,4847.441032
245,19,4794.308713
245,20,4781.562662
245,21,4766.472272
245,23,4604.793696
245,25,4577.863053
245,26,4570.354810
245,27,4537.773759
245,28,4526.309321
245,31,4525.708388
246,12,5139.245549
246,13,4983.210179
246,15,4981.102594
246,17,4848.462617
246,18,4844.213347
246,19,4794.308713
246,20,4781.562662
246,21,4766.472272
246,23,4604.793696
246,24,4598.564922
246,25,4577.863053
246,26,4570.354810
246,27,4537.773759
246,28,4526.309321
246,31,4525.708388
247,12,5139.245549
247,13,4983.210179
247,15,4981.102594
247,16,4980.146650
247,17,4848.462617
247,18,4844.213347
247,19,4794.308713
247,20,4781.562662
247,21,4726.326996
247,23,4604.793696
247,24,4598.564922
247,25,4577.863053
247,26,4570.354810
247,27,4537.773759
247,28,4526.309321
247,31,4525.708388
248,12,5139.245549
248,13,4983.210179
248,15,4981.102594
248,16,4979.472118
248,17,4848.462617
248,18,4844.213347
248,19,4794.308713
248,20,4781.562662
248,21,4726.326996
248,23,4604.793696
248,24,4591.909489
248,25,4577.863053
248,26,4538.216600
248,27,4537.773759
248,28,4526.309321
248,31,4525.708388
249,12,5139.245549
249,13,4954.008230
249,17,4848.462617
249,18,4844.213347
249,19,4794.308713
249,20,4781.562662
249,21,4726.326996
249,23,4604.793696
249,24,4591.909489
249,25,4541.380130
249,26,4538.216600
249,27,4537.773759
249,28,4526.309321
249,31,4525.708388
250,12,5139.245549
250,13,4954.008230
250,17,4848.462617
250,18,4788.027455
250,20,4781.202420
250,21,4726.326996
250,23,4604.793696
250,24,4591.909489
250,25,4541.380130
250,26,4538.216600
250,27,4537.773759
250,28,4514.742008
251,12,5139.245549
251,13,4954.008230
251,16,4951.980514
251,17,4848.462617
251,18,4788.027455
251,20,4781.202420
251,21,4726.326996
251,23,4604.793696
251,24,4591.909489
251,25,4541.380130
251,26,4538.216600
251,27,4537.773759
251,28,4514.742008
252,12,5139.245549
252,13,4954.008230
252,15,4940.642891
252,17,4848.462617
252,18,4788.027455
252,20,4781.202420
252,21,4726.326996
252,23,4604.793696
252,24,4591.909489
252,25,4517.122114
252,28,4514.742008
253,12,5139.245549
253,13,4954.008230
253,15,4940.642891
253,17,4848.462617
253,18,4788.027455
253,20,4781.202420
253,21,4726.326996
253,23,4604.793696
253,24,4591.909489
253,25,4505.702180
254,12,5107.913802
254,13,4954.008230
254,15,4940.642891
254,17,4848.462617
254,18,4788.027455
254,20,4781.202420
254,21,4726.326996
254,23,4604.793696
254,24,4591.909489
254,25,4505.702180
255,12,5107.913802
255,13,4898.578240
255,17,4806.130630
255,18,4788.027455
255,20,4781.202420
255,21,4723.264435
255,23,4604.793696
255,24,4590.232195
255,25,4488.258977
256,12,5107.913802
256,13,4898.578240
256,17,4806.130630
256,18,4788.027455
256,20,4781.202420
256,21,4723.264435
256,23,4604.793696
256,24,4590.232195
256,25,4488.258977
257,12,5107.913802
257,13,4898.578240
257,17,4806.130630
257,18,4770.234095
257,21,4723.264435
257,23,4604.793696
257,24,4590.232195
257,25,4488.258977
258,12,5107.913802
258,13,4898.578240
258,17,4806.130630
258,18,4746.820947
258,21,4723.264435
258,23,4604.793696
258,24,4590.232195
258,25,4488.258977
258,26,4485.095446
259,12,5001.005596
259,13,4898.578240
259,17,4806.130630
259,18,4746.820947
259,20,4715.214443
259,23,4604.793696
259,24,4590.232195
259,25,4488.258977
259,26,4485.095446
260,12,5001.005596
260,13,4898.578240
260,17,4804.402619
260,18,4743.627959
260,20,4709.718041
260,23,4604.793696
260,24,4590.232195
260,25,4488.258977
260,26,4485.095446
261,12,5001.005596
261,13,4898.578240
261,16,4898.325479
261,17,4804.402619
261,18,4743.627959
261,20,4709.718041
261,23,4604.793696
261,24,4566.991289
261,25,4488.258977
261,26,4485.095446
262,12,5001.005596
262,13,4898.578240
262,16,4898.325479
262,17,4804.402619
262,18,4743.627959
262,19,4738.243125
262,20,4709.718041
262,23,4604.793696
262,24,4566.991289
262,25,4488.258977
262,26,4485.095446
263,12,5001.005596
263,13,4898.578240
263,15,4891.143183
263,17,4804.402619
263,18,4743.627959
263,19,4738.243125
263,20,4709.718041
263,23,4604.793696
263,24,4540.122493
263,25,4488.258977
263,26,4485.095446
263,27,4477.211353
264,12,5001.005596
264,13,4898.578240
264,14,4888.564824
264,17,4804.402619
264,18,4743.627959
264,19,4738.243125
264,20,4709.718041
264,23,4604.793696
264,24,4540.122493
264,25,4488.258977
264,26,4485.095446
264,27,4477.211353
265,12,5001.005596
265,13,4898.578240
265,14,4888.564824
265,17,4804.402619
265,18,4743.627959
265,19,4718.098587
265,20,4709.718041
265,23,4604.793696
265,24,4540.122493
265,25,4488.197117
265,26,4485.095446
265,27,4476.389411
266,12,5001.005596
266,13,4898.578240
266,14,4869.186990
266,17,4773.278879
266,18,4743.627959
266,19,4693.490638
266,23,4532.759687
266,25,4488.197117
266,26,4456.985334
267,12,5001.005596
267,13,4898.578240
267,14,4869.186990
267,17,4773.278879
267,18,4743.627959
267,19,4693.490638
267,22,4688.203246
267,23,4532.759687
267,25,4488.197117
267,26,4456.985334
268,11,5088.219922
268,12,5001.005596
268,13,4898.578240
268,14,4869.186990
268,17,4765.602991
268,18,4743.627959
268,19,4693.490638
268,22,4688.203246
268,23,4532.759687
268,25,4488.197117
268,26,4456.985334
269,11,5088.219922
269,12,5001.005596
269,13,4898.578240
269,14,4869.186990
269,17,4765.602991
269,18,4743.627959
269,19,4693.490638
269,22,4688.203246
269,23,4532.759687
269,24,4469.008737
269,26,4456.985334
270,11,5088.219922
270,12,5001.005596
270,13,4877.453285
270,14,4845.753872
270,17,4765.602991
270,18,4743.627959
270,19,4693.490638
270,22,4680.671084
270,23,4532.759687
270,24,4469.008737
270,26,4456.985334
271,11,5088.219922
271,12,5001.005596
271,13,4877.453285
271,14,4845.753872
271,16,4794.084573
271,17,4765.602991
271,18,4743.627959
271,19,4693.490638
271,22,4680.671084
271,23,4532.759687
271,24,4469.008737
271,26,4456.985334
272,11,5088.219922
272,12,5001.005596
272,13,4877.453285
272,14,4845.753872
272,16,4794.084573
272,17,4765.602991
272,18,4743.627959
272,19,4693.490638
272,22,4680.671084
272,23,4532.759687
272,24,4469.008737
272,26,4456.985334
273,11,5088.219922
273,12,5001.005596
273,13,4877.453285
273,14,4845.753872
273,16,4794.084573
273,17,4765.602991
273,18,4697.713319
273,19,4693.490638
273,20,4668.794141
273,23,4532.759687
273,24,4469.008737
273,26,4456.985334
274,11,5088.219922
274,12,5001.005596
274,13,4877.453285
274,14,4823.625250
274,16,4794.084573
274,17,4765.602991
274,18,4697.713319
274,19,4693.490638
274,20,4658.986069
274,23,4532.759687
274,24,4469.008737
274,26,4456.985334
275,11,5088.219922
275,12,4947.022036
275,13,4877.453285
275,14,4823.625250
275,16,4794.084573
275,17,4765.602991
275,18,4668.383222
275,20,4658.986069
275,23,4532.759687
275,24,4469.008737
275,26,4456.985334
276,11,5088.219922
276,12,4947.022036
276,13,4877.453285
276,14,4823.625250
276,16,4794.084573
276,17,4765.602991
276,18,4668.383222
276,20,4658.986069
276,23,4532.759687
276,24,4469.008737
276,26,4456.985334
277,11,5088.219922
277,12,4947.022036
277,13,4877.453285
277,14,4823.625250
277,16,4712.242907
277,18,4668.383222
277,19,4640.847322
277,23,4532.759687
277,24,4469.008737
277,26,4456.985334
278,11,5088.219922
278,12,4947.022036
278,13,4877.453285
278,14,4823.625250
278,16,4712.242907
278,18,4668.383222
278,19,4640.847322
278,23,4532.759687
278,24,4469.008737
278,26,4456.985334
279,11,5088.219922
279,12,4947.022036
279,13,4877.453285
279,14,4823.625250
279,15,4821.078867
279,16,4712.242907
279,18,4668.383222
279,19,4640.847322
279,23,4532.759687
279,24,4469.008737
279,26,4456.985334
280,11,5088.219922
280,12,4947.022036
280,13,4877.453285
280,14,4823.625250
280,15,4821.078867
280,16,4712.242907
280,18,4668.383222
280,19,4640.847322
280,20,4635.131248
280,21,4530.757930
280,24,4469.008737
280,26,4456.830643
280,27,4449.505691
281,11,5088.219922
281,12,4947.022036
281,13,4867.938885
281,14,4823.625250
281,15,4821.078867
281,16,4712.242907
281,18,4654.454983
281,19,4640.847322
281,20,4635.131248
281,21,4530.757930
281,24,4469.008737
281,26,4456.830643
281,27,4449.505691
282,11,5088.219922
282,12,4947.022036
282,13,4867.938885
282,14,4823.625250
282,15,4821.078867
282,16,4712.242907
282,17,4697.349385
282,18,4654.454983
282,19,4640.847322
282,20,4635.131248
282,21,4530.757930
282,24,4469.008737
282,26,4456.830643
282,27,4449.505691
283,11,5088.219922
283,12,4947.022036
283,13,4867.938885
283,14,4823.625250
283,15,4821.078867
283,16,4712.242907
283,17,4697.349385
283,18,4654.454983
283,19,4640.847322
283,20,4635.131248
283,21,4530.757930
283,24,4469.008737
283,26,4456.830643
283,27,4449.505691
284,11,5088.219922
284,12,4947.022036
284,13,4867.938885
284,14,4823.625250
284,15,4821.078867
284,16,4712.242907
284,17,4697.349385
284,18,4654.454983
284,19,4640.847322
284,20,4635.131248
284,21,4530.757930
284,24,4469.008737
284,26,4456.830643
284,27,4449.505691
285,11,5088.219922
285,12,4947.022036
285,13,4867.938885
285,14,4823.625250
285,15,4817.827143
285,16,4701.178286
285,17,4697.349385
285,18,4654.454983
285,19,4629.650321
285,21,4527.726107
285,24,4469.008737
285,26,4456.830643
285,27,4449.505691
286,11,5088.219922
286,12,4947.022036
286,13,4867.938885
286,14,4823.625250
286,15,4817.827143
286,16,4701.178286
286,17,4697.349385
286,18,4654.454983
286,19,4629.650321
286,21,4527.726107
286,24,4469.008737
286,26,4456.830643
286,27,4449.505691
287,11,5088.219922
287,12,4947.022036
287,13,4867.938885
287,14,4823.625250
287,15,4786.578482
287,16,4701.178286
287,17,4697.349385
287,18,4654.454983
287,19,4629.650321
287,21,4527.726107
287,24,4469.008737
287,26,4456.830643
287,27,4449.505691
288,11,5088.219922
288,12,4947.022036
288,13,4867.938885
288,14,4823.625250
288,15,4786.578482
288,16,4701.178286
288,17,4697.349385
288,18,4654.454983
288,19,4629.650321
288,21,4527.726107
288,24,4469.008737
288,26,4456.830643
288,27,4449.505691
289,11,5036.733701
289,12,4947.022036
289,13,4867.938885
289,14,4823.625250
289,15,4786.578482
289,16,4698.907682
289,17,4697.349385
289,18,4654.454983
289,19,4629.650321
289,21,4527.726107
289,24,4469.008737
289,26,4456.830643
289,27,4449.505691
290,11,5036.733701
290,12,4947.022036
290,13,4867.938885
290,14,4823.625250
290,15,4786.578482
290,16,4698.239089
290,17,4697.349385
290,18,4645.265051
290,19,4629.650321
290,21,4527.726107
290,24,4465.999182
290,26,4456.830643
290,27,4441.790227
291,11,5036.733701
291,12,4947.022036
291,13,4867.938885
291,14,4823.625250
291,15,4786.578482
291,16,4698.239089
291,17,4697.349385
291,18,4645.265051
291,19,4629.650321
291,21,4527.726107
291,24,4465.999182
291,26,4456.830643
291,27,4441.790227
292,11,5036.733701
292,12,4947.022036
292,13,4867.938885
292,14,4823.625250
292,15,4786.578482
292,16,4698.239089
292,17,4673.933174
292,18,4645.265051
292,19,4629.650321
292,21,4527.726107
292,24,4465.999182
292,26,4424.021997
293,11,5036.733701
293,12,4896.532822
293,13,4867.938885
293,14,4811.771549
293,15,4776.527742
293,16,4698.239089
293,17,4673.933174
293,18,4645.265051
293,19,4629.650321
293,21,4527.726107
293,24,4465.999182
293,26,4424.021997
294,11,5036.733701
294,12,4896.532822
294,13,4867.938885
294,14,4811.771549
294,15,4755.131428
294,16,4698.239089
294,17,4673.933174
294,18,4645.265051
294,19,4603.351529
294,21,4527.726107
294,23,4492.335260
294,24,4465.999182
294,26,4424.021997
295,11,5036.561161
295,12,4896.532822
295,13,4867.557172
295,14,4811.771549
295,15,4742.931287
295,16,4672.164467
295,18,4642.846212
295,19,4603.351529
295,21,4527.726107
295,23,4492.335260
295,24,4462.782141
295,26,4424.021997
296,11,5036.561161
296,12,4896.532822
296,13,4838.470319
296,14,4811.771549
296,15,4742.931287
296,16,4672.164467
296,18,4642.846212
296,19,4603.351529
296,21,4527.726107
296,23,4492.335260
296,24,4462.782141
296,26,4424.021997
297,11,5036.561161
297,12,4896.532822
297,13,4838.470319
297,14,4779.974264
297,15,4742.931287
297,16,4672.164467
297,18,4642.846212
297,19,4603.351529
297,21,4527.726107
297,23,4492.335260
297,24,4462.782141
297,26,4424.021997
298,11,5036.561161
298,12,4896.532822
298,13,4838.470319
298,14,4779.974264
298,15,4742.931287
298,16,4672.164467
298,17,4660.126969
298,18,4642.846212
298,19,4603.351529
298,21,4527.726107
298,23,4461.936900
298,26,4424.021997
299,11,5036.561161
299,12,4896.532822
299,13,4826.332494
299,14,4779.974264
299,15,4742.931287
299,16,4672.164467
299,17,4654.545307
299,18,4642.846212
299,19,4603.351529
299,21,4527.726107
299,23,4461.936900
299,26,4424.021997
300,11,5036.561161
300,12,4896.532822
300,13,4824.731207
300,14,4779.974264
300,15,4739.833351
300,16,4672.164467
300,17,4633.824673
300,19,4603.351529
300,21,4527.726107
300,23,4461.936900
300,26,4424.021997
301,11,5036.561161
301,12,4896.532822
301,13,4824.731207
301,14,4779.974264
301,15,4739.833351
301,16,4672.164467
301,17,4633.824673
301,19,4603.351529
301,21,4527.726107
301,23,4461.936900
301,26,4414.313075
302,11,5036.561161
302,12,4896.532822
302,13,4824.731207
302,14,4779.974264
302,15,4739.833351
302,16,4672.164467
302,17,4633.824673
302,19,4603.351529
302,21,4527.726107
302,23,4461.936900
302,26,4414.313075
303,11,5036.561161
303,12,4896.532822
303,13,4824.731207
303,14,4779.974264
303,15,4739.833351
303,16,4672.164467
303,17,4633.824673
303,19,4603.351529
303,21,4527.726107
303,23,4461.936900
303,26,4414.313075
304,11,4996.800304
304,12,4896.532822
304,13,4824.731207
304,14,4779.974264
304,15,4739.833351
304,16,4672.164467
304,17,4633.824673
304,19,4603.351529
304,21,4527.726107
304,23,4461.936900
304,26,4414.313075
305,11,4996.800304
305,12,4896.532822
305,13,4824.731207
305,14,4779.974264
305,15,4732.770364
305,16,4669.758874
305,17,4628.732094
305,19,4603.351529
305,21,4527.726107
305,23,4461.936900
305,26,4414.313075
306,11,4951.027438
306,12,4896.532822
306,13,4824.731207
306,14,4779.974264
306,15,4732.770364
306,16,4669.758874
306,17,4628.732094
306,19,4603.351529
306,21,4527.726107
306,23,4461.936900
306,26,4414.313075
307,11,4951.027438
307,12,4870.848671
307,13,4824.731207
307,14,4779.974264
307,15,4732.770364
307,16,4669.758874
307,17,4628.732094
307,19,4603.351529
307,21,4527.726107
307,23,4461.936900
307,26,4414.313075
308,11,4951.027438
308,12,4870.848671
308,13,4824.731207
308,14,4779.974264
308,15,4732.770364
308,16,4669.758874
308,17,4628.732094
308,19,4603.351529
308,21,4504.570247
308,23,4461.936900
308,26,4414.313075
309,11,4951.027438
309,12,4870.848671
309,13,4824.731207
309,14,4779.974264
309,15,4732.770364
309,16,4669.758874
309,17,4628.732094
309,19,4603.351529
309,21,4504.570247
309,23,4461.936900
309,24,4455.052276
309,26,4414.313075
310,11,4951.027438
310,12,4870.848671
310,13,4824.731207
310,14,4726.947760
310,15,4717.113620
310,16,4669.430484
310,17,4628.732094
310,19,4603.351529
310,20,4596.945797
310,21,4504.570247
310,23,4461.936900
310,24,4455.052276
310,26,4414.313075
311,11,4951.027438
311,12,4870.848671
311,13,4824.731207
311,14,4726.947760
311,15,4717.113620
311,16,4669.430484
311,17,4628.732094
311,19,4603.351529
311,20,4596.945797
311,21,4504.570247
311,23,4461.936900
311,24,4455.052276
311,26,4414.313075
312,11,4951.027438
312,12,4862.928036
312,13,4824.731207
312,14,4726.947760
312,15,4717.113620
312,16,4669.430484
312,17,4628.732094
312,19,4603.351529
312,20,4596.945797
312,21,4504.570247
312,23,4461.936900
312,24,4455.052276
312,25,4450.857343
312,26,4414.313075
313,11,4951.027438
313,12,4862.928036
313,13,4824.731207
313,14,4726.947760
313,15,4717.113620
313,16,4669.430484
313,17,4628.732094
313,19,4603.351529
313,20,4596.945797
313,21,4504.570247
313,23,4461.936900
313,24,4455.052276
313,25,4436.762595
313,26,4414.313075
314,11,4951.027438
314,12,4862.928036
314,13,4824.731207
314,14,4726.947760
314,15,4717.113620
314,16,4669.430484
314,17,4628.732094
314,19,4603.351529
314,20,4596.945797
314,21,4504.570247
314,23,4461.936900
314,24,4455.052276
314,25,4436.762595
314,26,4414.313075
315,11,4951.027438
315,12,4862.928036
315,13,4824.731207
315,14,4726.947760
315,15,4713.743577
315,16,4669.430484
315,17,4628.732094
315,19,4603.351529
315,20,4596.945797
315,21,4504.570247
315,23,4461.936900
315,24,4455.052276
315,25,4429.164225
315,26,4414.313075
316,11,4951.027438
316,12,4862.928036
316,13,4824.731207
316,14,4726.947760
316,15,4713.743577
316,16,4669.430484
316,17,4628.732094
316,18,4615.951680
316,19,4603.351529
316,20,4596.945797
316,21,4504.570247
316,23,4461.936900
316,24,4455.052276
316,25,4429.164225
316,26,4414.313075
317,11,4924.188161
317,12,4862.928036
317,13,4824.731207
317,14,4726.947760
317,15,4713.743577
317,16,4669.430484
317,17,4592.526024
317,21,4504.570247
317,23,4461.936900
317,24,4455.052276
317,25,4429.164225
317,26,4414.313075
318,11,4924.188161
318,12,4862.928036
318,13,4824.731207
318,14,4726.947760
318,15,4713.743577
318,16,4669.430484
318,17,4592.526024
318,21,4504.570247
318,23,4461.936900
318,24,4449.913702
318,25,4429.164225
318,26,4414.313075
319,11,4924.188161
319,12,4862.928036
319,13,4824.731207
319,14,4726.947760
319,15,4713.743577
319,16,4669.430484
319,17,4592.526024
319,21,4504.570247
319,23,4461.936900
319,24,4449.913702
319,25,4429.164225
319,26,4414.313075
320,11,4924.188161
320,12,4862.928036
320,13,4824.731207
320,14,4708.557558
320,16,4669.430484
320,17,4592.526024
320,18,4583.435210
320,21,4504.570247
320,23,4461.936900
320,24,4449.913702
320,25,4429.164225
320,26,4414.313075
321,11,4924.188161
321,12,4862.928036
321,13,4824.731207
321,14,4708.557558
321,16,4669.430484
321,17,4592.526024
321,18,4583.435210
321,21,4504.570247
321,23,4461.936900
321,24,4449.913702
321,25,4429.164225
321,26,4414.313075
322,11,4924.188161
322,12,4862.928036
322,13,4824.731207
322,14,4698.817991
322,16,4669.430484
322,17,4592.526024
322,18,4583.435210
322,21,4504.570247
322,22,4470.926124
322,23,4461.936900
322,24,4449.913702
322,25,4429.164225
322,26,4414.313075
323,11,4924.188161
323,12,4854.544296
323,13,4824.731207
323,14,4698.817991
323,16,4669.430484
323,17,4592.526024
323,18,4583.435210
323,21,4504.570247
323,22,4470.926124
323,23,4461.936900
323,24,4449.913702
323,25,4429.164225
323,26,4414.313075
324,11,4924.188161
324,12,4854.544296
324,13,4824.731207
324,14,4698.817991
324,16,4669.430484
324,17,4592.526024
324,18,4583.435210
324,21,4504.570247
324,22,4470.926124
324,23,4461.936900
324,24,4449.913702
324,25,4429.164225
324,26,4414.313075
325,11,4924.188161
325,12,4854.544296
325,13,4824.731207
325,14,4698.817991
325,16,4669.430484
325,17,4589.312165
325,18,4583.435210
325,19,4577.611983
325,21,4504.132009
325,22,4470.926124
325,23,4461.936900
325,24,4449.913702
325,25,4429.164225
325,26,4414.313075
326,11,4924.188161
326,12,4854.544296
326,13,4824.731207
326,14,4698.817991
326,16,4669.430484
326,17,4589.312165
326,18,4583.435210
326,19,4568.541687
326,21,4504.132009
326,22,4470.926124
326,23,4461.936900
326,24,4449.913702
326,25,4429.164225
326,26,4414.313075
327,11,4924.188161
327,12,4854.544296
327,13,4801.062271
327,14,4698.817991
327,16,4669.430484
327,17,4589.312165
327,18,4583.435210
327,19,4568.541687
327,21,4504.132009
327,22,4470.926124
327,23,4461.936900
327,24,4449.913702
327,25,4429.164225
327,26,4414.313075
328,11,4924.188161
328,12,4854.544296
328,13,4801.062271
328,14,4690.746988
328,16,4669.430484
328,17,4589.312165
328,18,4583.435210
328,19,4568.541687
328,21,4504.132009
328,22,4470.926124
328,23,4461.936900
328,24,4449.913702
328,25,4429.164225
328,26,4414.313075
