Generation,NV,TOC
1,28,8542.494606
1,30,8104.916100
1,31,7633.238206
1,34,7319.337477
1,36,6722.509966
1,43,6422.697761
1,46,5891.539272
1,65,5815.412060
1,68,5750.506394
1,69,5746.986425
1,73,5684.984950
1,74,5567.297802
2,26,9184.782587
2,27,8921.051311
2,28,7899.177702
2,30,7156.216103
2,34,7119.557743
2,35,7034.372114
2,36,6722.509966
2,41,6427.083200
2,42,6403.683759
2,46,5891.539272
2,53,5884.454957
2,60,5540.054456
2,65,5477.354188
2,77,5360.650053
3,26,8828.828687
3,28,7899.177702
3,29,7609.128682
3,30,7156.216103
3,34,6985.997276
3,35,6774.739706
3,36,6722.509966
3,37,6388.631421
3,40,6305.746146
3,45,6268.833566
3,46,5891.539272
3,53,5884.454957
3,56,5771.838870
3,59,5603.397866
3,60,5540.054456
3,62,5463.807411
3,63,5279.042602
3,64,5268.333699
4,26,8828.828687
4,28,7882.866693
4,29,7609.128682
4,30,7156.216103
4,33,7096.766165
4,34,6985.997276
4,35,6710.568749
4,36,6577.397178
4,37,6388.631421
4,40,6294.002993
4,42,6191.118027
4,44,5862.741662
4,45,5794.666685
4,48,5729.711031
4,59,5603.397866
4,60,5540.054456
4,62,5463.807411
4,63,5279.042602
4,64,5268.333699
5,26,8828.828687
5,27,8137.271912
5,28,7882.866693
5,29,7369.222798
5,30,7156.216103
5,31,6836.549420
5,35,6699.958223
5,36,6473.772805
5,37,6083.555905
5,38,6005.858096
5,44,5862.741662
5,45,5794.666685
5,47,5612.633515
5,59,5603.397866
5,60,5540.054456
5,61,5463.063731
5,63,5279.042602
5,64,5268.333699
6,26,8000.534420
6,28,6955.387286
6,30,6600.786064
6,32,6559.440380
6,33,6227.968397
6,37,6083.555905
6,38,6005.858096
6,44,5862.741662
6,45,5794.666685
6,47,5612.633515
6,48,5558.406417
6,53,5415.653687
6,60,5405.418503
6,63,5279.042602
6,64,5268.333699
7,26,6914.179243
7,30,6600.786064
7,32,6516.760482
7,33,6227.968397
7,34,5885.436682
7,37,5548.975700
7,46,5511.138663
7,50,5472.158707
7,53,5405.319385
7,58,5379.819073
7,62,5263.747130
7,64,5248.142947
8,25,9490.211730
8,26,6914.179243
8,30,6600.786064
8,31,6552.627119
8,32,6516.760482
8,33,6227.968397
8,34,5885.436682
8,36,5691.000322
8,37,5548.975700
8,44,5335.754245
8,46,5277.081984
8,56,5241.681942
9,25,9490.211730
9,26,6680.444384
9,29,6606.102245
9,30,6600.786064
9,31,6246.416455
9,33,6187.020978
9,34,5885.436682
9,36,5691.000322
9,37,5543.956724
9,40,5444.194612
9,44,5335.754245
9,46,5277.081984
9,56,5241.681942
9,65,5208.188220
10,25,6466.496624
10,31,6242.597323
10,33,6147.933408
10,34,5885.436682
10,35,5844.400829
10,36,5691.000322
10,37,5543.956724
10,40,5279.863823
10,46,5277.081984
10,47,5240.250964
10,60,5204.755364
10,61,5147.825206
11,24,6669.594339
11,25,6466.496624
11,30,6332.764501
11,31,6137.432372
11,34,5885.436682
11,35,5844.400829
11,36,5691.000322
11,37,5543.956724
11,40,5279.863823
11,44,5232.946671
11,56,5204.103391
11,61,5147.825206
11,62,5142.779644
12,23,7042.389166
12,24,6669.594339
12,25,6466.496624
12,26,6368.607961
12,27,6009.380108
12,30,5867.306557
12,31,5736.375915
12,36,5691.000322
12,37,5543.956724
12,39,5505.935052
12,40,5279.863823
12,44,5232.946671
12,56,5204.103391
12,57,5054.576467
13,23,7042.389166
13,24,6590.976166
13,25,6316.081688
13,27,6009.380108
13,30,5867.306557
13,31,5736.375915
13,34,5706.388706
13,36,5691.000322
13,37,5543.956724
13,39,5505.935052
13,40,5279.863823
13,42,5241.462404
13,44,5232.946671
13,56,5204.103391
13,57,5054.576467
14,23,7042.389166
14,24,6590.976166
14,25,6316.081688
14,26,6048.590668
14,27,6009.380108
14,29,5692.459249
14,30,5635.708939
14,33,5530.638325
14,38,5459.205858
14,40,5245.851450
14,41,5229.048398
14,42,5163.736737
14,53,5062.537337
14,56,5048.330530
14,58,4963.101559
15,23,7042.389166
15,24,6317.252385
15,25,6316.081688
15,26,5808.903392
15,29,5670.544862
15,30,5635.708939
15,33,5530.638325
15,34,5473.271048
15,38,5455.237485
15,39,5450.724887
15,40,5245.851450
15,41,5229.048398
15,42,5163.736737
15,53,5062.537337
15,56,5048.330530
15,58,4963.101559
16,23,6405.232415
16,24,6317.252385
16,25,6316.081688
16,26,5808.903392
16,28,5636.569846
16,29,5585.078579
16,33,5530.638325
16,34,5473.271048
16,37,5334.415109
16,40,5245.851450
16,41,5229.048398
16,42,5117.712459
16,53,5062.537337
16,56,5035.342229
16,58,4963.101559
17,23,6405.232415
17,24,6215.409504
17,25,5937.374435
17,26,5808.903392
17,28,5636.569846
17,29,5585.078579
17,33,5530.638325
17,34,5473.271048
17,37,5334.415109
17,38,5282.102402
17,40,5245.851450
17,41,5229.048398
17,42,5117.712459
17,53,5062.537337
17,56,5035.342229
17,58,4963.101559
18,22,7847.280907
18,23,6405.232415
18,24,6057.592416
18,25,5937.374435
18,26,5808.903392
18,27,5646.330329
18,28,5636.569846
18,29,5585.078579
18,32,5360.961848
18,36,5341.097831
18,37,5334.415109
18,38,5242.915594
18,41,5188.637136
18,42,5117.712459
18,53,5062.537337
18,54,5061.835779
18,56,5035.342229
18,58,4963.101559
19,21,7228.431438
19,23,5973.865309
19,25,5937.374435
19,26,5808.903392
19,27,5646.330329
19,28,5636.569846
19,29,5585.078579
19,30,5424.853097
19,32,5320.044445
19,34,5246.095651
19,35,5227.655140
19,37,5129.990919
19,39,5048.483003
19,41,5028.985163
19,51,5018.538059
19,58,4920.426085
20,21,7228.431438
20,23,5973.865309
20,24,5739.852295
20,25,5729.475208
20,26,5576.940290
20,29,5500.100605
20,30,5308.634430
20,34,5246.095651
20,35,5227.655140
20,37,5101.560058
20,39,5048.483003
20,40,5036.895775
20,41,5028.985163
20,44,4832.846301
21,21,7113.519097
21,23,5973.865309
21,24,5701.661077
21,26,5576.940290
21,28,5538.672106
21,29,5500.100605
21,30,5308.634430
21,34,5153.907182
21,36,5120.236110
21,37,5101.560058
21,39,5048.483003
21,40,4772.162961
22,21,6696.444461
22,22,6503.005532
22,23,5973.865309
22,24,5701.661077
22,26,5576.940290
22,28,5538.672106
22,29,5437.172730
22,30,5308.634430
22,34,5153.907182
22,35,5028.817837
22,40,4772.162961
23,21,6696.444461
23,22,6503.005532
23,23,5973.865309
23,24,5701.661077
23,26,5576.940290
23,28,5538.672106
23,29,5437.172730
23,30,5308.634430
23,33,5144.958593
23,35,5028.817837
23,40,4772.162961
24,21,6696.444461
24,22,6503.005532
24,23,5973.865309
24,24,5701.661077
24,26,5453.429411
24,28,5328.400885
24,29,5193.161110
24,31,5006.844041
24,37,4831.791378
24,40,4763.935012
25,21,6696.444461
25,22,6503.005532
25,23,5973.865309
25,24,5701.661077
25,25,5653.233100
25,26,5453.429411
25,28,5328.400885
25,29,5193.161110
25,31,5006.844041
25,37,4831.791378
25,40,4763.935012
25,47,4746.532517
26,21,6696.444461
26,22,6202.472185
26,23,5973.865309
26,24,5701.661077
26,25,5587.646422
26,26,5453.429411
26,28,5328.400885
26,29,5193.161110
26,31,5006.844041
26,37,4831.791378
26,40,4763.935012
26,47,4746.532517
27,20,6866.861211
27,21,6696.444461
27,22,6202.472185
27,23,5973.865309
27,24,5701.661077
27,25,5585.234754
27,26,5453.429411
27,28,5328.400885
27,29,5193.161110
27,31,5006.844041
27,37,4831.791378
27,40,4763.935012
27,47,4746.532517
28,20,6866.861211
28,21,6696.444461
28,22,6202.472185
28,23,5973.865309
28,24,5577.240700
28,26,5453.429411
28,28,5328.400885
28,29,5193.161110
28,31,5006.844041
28,37,4831.791378
28,40,4763.935012
28,47,4746.532517
28,48,4708.366648
29,20,6866.861211
29,21,6652.855889
29,22,6202.472185
29,23,5731.649733
29,24,5577.240700
29,26,5322.261968
29,28,5287.983172
29,29,5174.184848
29,31,5006.844041
29,37,4810.792795
29,40,4763.935012
29,47,4668.398384
30,20,6807.212433
30,21,6652.855889
30,22,6202.472185
30,23,5731.649733
30,24,5577.240700
30,26,5322.261968
30,28,5287.983172
30,29,5174.184848
30,31,5006.844041
30,37,4810.792795
30,39,4785.198393
30,40,4763.935012
30,42,4733.154268
30,47,4668.398384
31,20,6339.940821
31,22,5626.982852
31,23,5551.292707
31,26,5322.261968
31,28,5287.983172
31,29,5174.184848
31,31,5006.844041
31,35,4908.478106
31,37,4810.792795
31,39,4785.198393
31,40,4749.804928
31,41,4709.573890
31,44,4697.679948
31,47,4668.398384
32,20,6339.940821
32,22,5591.948935
32,23,5551.292707
32,25,5458.285553
32,26,5322.261968
32,28,5287.983172
32,29,5174.184848
32,31,5006.844041
32,35,4908.478106
32,37,4810.792795
32,39,4785.198393
32,40,4749.804928
32,41,4709.573890
32,44,4697.679948
32,47,4668.398384
33,20,6339.940821
33,21,5685.956656
33,22,5591.948935
33,23,5551.292707
33,24,5438.287787
33,26,5322.261968
33,28,5287.983172
33,29,5174.184848
33,31,5006.844041
33,35,4908.478106
33,37,4705.021239
33,44,4697.679948
33,47,4668.398384
34,19,6607.384756
34,20,6339.940821
34,21,5685.956656
34,22,5591.948935
34,23,5444.368470
34,24,5356.045846
34,25,5214.076373
34,29,5154.096671
34,31,5003.368575
34,34,4901.274285
34,37,4694.195133
34,42,4612.891913
35,19,6607.384756
35,20,6339.940821
35,21,5685.956656
35,22,5591.948935
35,23,5444.368470
35,24,5356.045846
35,25,5214.076373
35,29,5154.096671
35,31,5003.368575
35,34,4901.274285
35,37,4694.195133
35,39,4685.274795
35,42,4612.891913
36,19,6607.384756
36,20,6281.699008
36,21,5685.956656
36,22,5591.948935
36,23,5444.368470
36,24,5356.045846
36,25,5214.076373
36,29,5154.096671
36,31,5003.368575
36,34,4901.274285
36,37,4694.195133
36,38,4692.338631
36,39,4685.274795
36,42,4612.891913
37,19,6607.384756
37,20,5968.245538
37,21,5595.553826
37,22,5591.948935
37,23,5134.364264
37,31,5003.368575
37,34,4901.274285
37,37,4694.195133
37,38,4692.338631
37,39,4685.274795
37,40,4666.312468
37,42,4612.891913
38,19,6607.384756
38,20,5968.245538
38,21,5586.998924
38,23,5134.364264
38,29,5083.704438
38,31,4904.988719
38,32,4848.049138
38,37,4694.195133
38,38,4666.498920
38,40,4666.312468
38,42,4612.891913
39,19,6607.384756
39,20,5968.245538
39,21,5586.998924
39,22,5535.828170
39,23,5129.718224
39,29,5028.029118
39,31,4891.375315
39,32,4848.049138
39,35,4638.252004
39,42,4586.240100
40,19,6607.384756
40,20,5968.245538
40,21,5480.782847
40,23,5129.718224
40,26,5057.645020
40,29,5028.029118
40,31,4891.375315
40,32,4848.049138
40,33,4832.044172
40,34,4772.925660
40,35,4638.252004
40,42,4586.240100
41,19,6607.384756
41,20,5672.229084
41,21,5480.782847
41,23,5129.718224
41,26,5057.645020
41,28,5006.110082
41,31,4891.375315
41,32,4848.049138
41,33,4832.044172
41,34,4772.925660
41,35,4638.252004
41,42,4586.240100
42,19,6607.384756
42,20,5645.272839
42,21,5480.782847
42,23,5129.718224
42,26,5057.645020
42,28,5006.110082
42,31,4891.375315
42,32,4848.049138
42,33,4832.044172
42,34,4772.925660
42,35,4638.252004
42,42,4586.240100
43,19,6607.384756
43,20,5645.272839
43,21,5480.782847
43,23,5129.718224
43,26,5057.645020
43,28,5006.110082
43,31,4891.375315
43,32,4786.419285
43,34,4764.776620
43,35,4638.252004
43,39,4591.526733
43,42,4586.240100
44,19,6607.384756
44,20,5645.272839
44,21,5465.740123
44,23,5097.186289
44,26,5057.645020
44,28,4984.979997
44,30,4855.787168
44,32,4786.419285
44,34,4710.547289
44,35,4638.252004
44,39,4591.526733
44,42,4586.240100
44,44,4564.816111
45,19,6607.384756
45,20,5645.272839
45,21,5465.740123
45,22,5449.477233
45,23,5097.186289
45,26,5047.651778
45,28,4984.979997
45,30,4855.787168
45,31,4827.011753
45,32,4786.419285
45,34,4710.547289
45,35,4638.252004
45,39,4591.526733
45,42,4586.240100
45,44,4564.816111
46,19,6139.943381
46,20,5571.457440
46,21,5465.740123
46,22,5267.885645
46,23,4969.963497
46,28,4838.706524
46,31,4827.011753
46,32,4786.419285
46,34,4710.547289
46,35,4638.252004
46,38,4633.135635
46,39,4591.526733
46,42,4586.240100
46,44,4564.816111
47,19,5646.807658
47,20,5571.457440
47,21,5246.600799
47,23,4969.963497
47,28,4838.706524
47,29,4823.452334
47,32,4786.419285
47,34,4710.547289
47,35,4638.252004
47,38,4633.135635
47,39,4591.526733
47,42,4586.240100
47,44,4564.816111
48,19,5508.231501
48,20,5341.934640
48,21,5246.600799
48,23,4969.963497
48,28,4838.706524
48,29,4823.452334
48,32,4749.160897
48,34,4710.547289
48,35,4633.501048
48,38,4633.135635
48,39,4591.526733
48,42,4586.240100
48,44,4564.816111
49,19,5508.231501
49,20,5341.934640
49,21,5246.600799
49,23,4969.963497
49,27,4811.601998
49,29,4804.440544
49,32,4745.075633
49,34,4710.547289
49,35,4633.501048
49,37,4607.368155
49,39,4588.211719
49,41,4579.439724
49,42,4519.127564
50,19,5508.231501
50,20,5341.934640
50,21,5209.410298
50,22,5180.271017
50,23,4969.963497
50,27,4811.601998
50,29,4804.440544
50,31,4702.062740
50,35,4633.501048
50,37,4607.368155
50,39,4588.211719
50,41,4579.439724
50,42,4519.127564
51,18,6025.471883
51,19,5508.231501
51,20,5341.934640
51,21,5209.410298
51,22,5180.271017
51,23,4969.963497
51,27,4811.601998
51,28,4763.030238
51,31,4702.062740
51,33,4701.449751
51,35,4633.501048
51,37,4607.368155
51,39,4588.211719
51,41,4579.439724
51,42,4519.127564
52,18,6025.471883
52,19,5508.231501
52,20,5285.009991
52,21,5209.410298
52,22,5180.271017
52,23,4969.963497
52,25,4889.636663
52,27,4811.601998
52,28,4763.030238
52,31,4702.062740
52,33,4701.449751
52,35,4633.501048
52,37,4607.368155
52,39,4588.211719
52,41,4579.439724
52,42,4519.127564
53,18,5872.799156
53,19,5508.231501
53,20,5285.009991
53,21,5209.410298
53,22,5180.271017
53,23,4969.963497
53,25,4889.636663
53,27,4811.601998
53,28,4763.030238
53,31,4702.062740
53,33,4701.449751
53,34,4697.535574
53,35,4633.501048
53,37,4595.258811
53,39,4588.211719
53,40,4539.871417
53,42,4519.127564
54,18,5872.799156
54,19,5174.805455
54,23,4969.963497
54,25,4889.636663
54,27,4791.570960
54,28,4715.771415
54,31,4671.031217
54,32,4669.857379
54,33,4658.382666
54,35,4633.501048
54,37,4564.408541
54,39,4536.361763
54,42,4465.246059
55,18,5872.799156
55,19,5174.805455
55,23,4969.963497
55,24,4895.544257
55,25,4889.636663
55,27,4791.570960
55,28,4715.771415
55,31,4671.031217
55,32,4669.857379
55,33,4658.382666
55,35,4633.501048
55,37,4564.408541
55,39,4536.361763
55,42,4465.246059
56,18,5704.254094
56,19,5174.805455
56,23,4969.963497
56,24,4895.544257
56,25,4889.636663
56,27,4791.570960
56,28,4715.771415
56,31,4671.031217
56,32,4669.857379
56,33,4658.382666
56,35,4633.501048
56,37,4564.408541
56,39,4536.361763
56,42,4465.246059
57,18,5704.254094
57,19,5174.805455
57,23,4969.963497
57,24,4895.544257
57,25,4889.636663
57,27,4791.570960
57,28,4715.771415
57,30,4707.091345
57,31,4671.031217
57,32,4669.857379
57,33,4658.382666
57,35,4633.501048
57,37,4564.408541
57,39,4536.361763
57,42,4465.246059
58,18,5704.254094
58,19,5174.805455
58,22,5151.580341
58,23,4969.963497
58,24,4895.544257
58,25,4889.636663
58,27,4791.570960
58,28,4715.771415
58,30,4707.091345
58,31,4671.031217
58,32,4669.857379
58,33,4658.382666
58,34,4638.074753
58,35,4633.501048
58,37,4564.408541
58,39,4536.361763
58,42,4465.246059
59,18,5704.254094
59,19,5174.805455
59,22,5147.244074
59,23,4969.963497
59,24,4895.544257
59,25,4889.636663
59,27,4791.570960
59,28,4715.771415
59,30,4707.091345
59,31,4671.031217
59,32,4631.581805
59,36,4592.078003
59,37,4564.408541
59,38,4503.715215
59,42,4449.194886
60,18,5615.278110
60,19,5151.707077
60,22,5011.894449
60,23,4969.963497
60,24,4895.544257
60,25,4889.636663
60,27,4791.570960
60,28,4715.771415
60,30,4707.091345
60,31,4671.031217
60,32,4631.581805
60,36,4592.078003
60,37,4564.408541
60,38,4503.715215
60,42,4449.194886
61,18,5615.278110
61,19,5151.707077
61,21,5098.558521
61,22,5011.894449
61,23,4969.963497
61,24,4895.544257
61,25,4889.636663
61,27,4791.570960
61,28,4715.771415
61,30,4707.091345
61,31,4671.031217
61,32,4631.581805
61,35,4626.094413
61,36,4592.078003
61,37,4564.408541
61,38,4503.715215
61,42,4449.194886
62,18,5570.172931
62,19,5151.707077
62,20,5135.786906
62,21,5098.558521
62,22,4984.092839
62,23,4969.963497
62,24,4895.544257
62,25,4889.636663
62,27,4791.570960
62,28,4715.771415
62,30,4707.091345
62,31,4671.031217
62,32,4631.581805
62,34,4620.490324
62,35,4546.425542
62,38,4503.715215
62,42,4449.194886
63,18,5462.290379
63,19,5151.707077
63,20,5135.786906
63,21,5095.912908
63,22,4984.092839
63,23,4969.963497
63,24,4895.544257
63,25,4889.636663
63,27,4791.570960
63,28,4715.771415
63,30,4707.091345
63,31,4671.031217
63,32,4631.581805
63,34,4620.490324
63,35,4546.425542
63,38,4503.715215
63,42,4449.194886
64,18,5462.290379
64,19,5151.707077
64,20,5060.183564
64,22,4863.163352
64,23,4813.536508
64,25,4806.470208
64,26,4639.678289
64,32,4631.581805
64,34,4614.051703
64,35,4546.425542
64,38,4494.859007
64,42,4445.740407
65,18,5462.290379
65,19,5151.707077
65,20,5060.183564
65,21,4981.525122
65,22,4863.163352
65,23,4813.536508
65,25,4806.470208
65,26,4639.678289
65,32,4631.581805
65,34,4614.051703
65,35,4546.425542
65,38,4494.859007
65,42,4445.740407
66,18,5462.290379
66,19,5136.552573
66,20,5060.183564
66,21,4981.525122
66,22,4863.163352
66,23,4813.536508
66,25,4806.470208
66,26,4639.678289
66,28,4626.611541
66,33,4606.907914
66,35,4546.425542
66,38,4494.859007
66,42,4445.740407
67,18,5462.290379
67,19,5136.552573
67,20,5060.183564
67,21,4981.525122
67,22,4863.163352
67,23,4813.536508
67,25,4806.470208
67,26,4639.678289
67,28,4626.611541
67,33,4606.907914
67,35,4546.425542
67,38,4494.859007
67,42,4445.740407
68,18,5462.290379
68,19,5117.559639
68,20,4932.304372
68,21,4924.363704
68,22,4863.163352
68,23,4813.536508
68,25,4806.470208
68,26,4639.678289
68,28,4626.611541
68,32,4481.026354
68,42,4445.740407
69,18,5430.349483
69,19,5067.287955
69,20,4879.130633
69,22,4849.966305
69,23,4697.263894
69,26,4615.881521
69,28,4585.467686
69,32,4481.026354
69,33,4477.728026
69,41,4442.018385
70,18,5430.349483
70,19,5067.287955
70,20,4879.130633
70,22,4849.966305
70,23,4697.263894
70,26,4604.851841
70,28,4585.467686
70,32,4481.026354
70,33,4477.728026
70,41,4442.018385
71,18,5430.349483
71,19,5067.287955
71,20,4879.130633
71,22,4849.966305
71,23,4697.263894
71,26,4604.851841
71,28,4585.467686
71,32,4481.026354
71,33,4477.728026
71,41,4442.018385
72,17,6056.086684
72,18,5430.349483
72,19,5035.674945
72,20,4879.130633
72,22,4849.966305
72,23,4697.263894
72,26,4604.851841
72,28,4585.467686
72,32,4481.026354
72,33,4477.728026
72,41,4442.018385
73,17,6056.086684
73,18,5430.349483
73,19,5035.674945
73,20,4879.130633
73,22,4849.966305
73,23,4697.263894
73,25,4560.757882
73,32,4481.026354
73,33,4477.728026
73,41,4442.018385
74,17,6056.086684
74,18,5430.349483
74,19,5017.643500
74,20,4844.080625
74,21,4793.003804
74,23,4671.753654
74,25,4560.757882
74,31,4456.904466
74,41,4441.015489
75,17,6056.086684
75,18,5293.031747
75,19,5017.643500
75,20,4844.080625
75,21,4793.003804
75,23,4671.753654
75,24,4567.194783
75,25,4560.757882
75,30,4555.801028
75,31,4456.904466
75,41,4441.015489
76,17,5651.422317
76,18,5293.031747
76,19,5017.643500
76,20,4844.080625
76,21,4793.003804
76,23,4671.753654
76,24,4567.194783
76,25,4560.757882
76,30,4555.801028
76,31,4456.904466
76,41,4441.015489
77,17,5651.422317
77,18,4985.976243
77,20,4844.080625
77,21,4787.411080
77,23,4671.753654
77,24,4567.194783
77,25,4560.757882
77,30,4555.801028
77,31,4456.904466
77,33,4454.174409
77,41,4441.015489
78,17,5177.373868
78,18,4985.976243
78,20,4844.080625
78,21,4787.411080
78,23,4671.753654
78,24,4560.322168
78,30,4485.954389
78,31,4456.904466
78,33,4454.174409
78,41,4441.015489
79,17,5177.373868
79,18,4985.976243
79,20,4835.954441
79,21,4787.411080
79,23,4659.208283
79,24,4560.322168
79,27,4512.572658
79,30,4485.954389
79,31,4452.728737
79,34,4417.571647
80,17,5177.373868
80,18,4985.976243
80,20,4835.954441
80,21,4787.411080
80,23,4659.208283
80,24,4560.322168
80,25,4557.638435
80,27,4512.572658
80,30,4485.954389
80,31,4452.728737
80,34,4417.571647
81,17,5177.373868
81,18,4985.976243
81,20,4835.954441
81,21,4787.411080
81,23,4659.208283
81,24,4560.322168
81,25,4557.638435
81,27,4512.572658
81,30,4483.351809
81,31,4452.728737
81,34,4417.571647
82,17,5177.373868
82,18,4985.976243
82,19,4957.489102
82,20,4835.954441
82,21,4787.411080
82,23,4659.208283
82,24,4560.322168
82,25,4541.897606
82,27,4512.572658
82,30,4453.680784
82,31,4452.728737
82,34,4417.571647
83,17,5177.373868
83,18,4985.976243
83,19,4957.489102
83,20,4835.954441
83,21,4787.411080
83,23,4659.208283
83,24,4519.760624
83,27,4512.572658
83,28,4478.916363
83,30,4453.680784
83,31,4424.098086
83,34,4417.571647
84,17,5177.373868
84,18,4985.976243
84,19,4885.075510
84,20,4783.172094
84,21,4705.917363
84,23,4659.208283
84,24,4506.969679
84,28,4478.916363
84,30,4441.723101
84,31,4424.098086
84,34,4415.668967
85,17,5177.373868
85,18,4985.976243
85,19,4885.075510
85,20,4770.230442
85,21,4705.917363
85,23,4659.208283
85,24,4506.969679
85,28,4478.916363
85,30,4419.209703
85,34,4415.668967
86,16,5955.791223
86,17,5144.849068
86,18,4985.976243
86,19,4885.075510
86,20,4770.230442
86,21,4705.917363
86,23,4659.208283
86,24,4506.969679
86,28,4478.916363
86,30,4419.209703
86,34,4415.668967
87,16,5955.791223
87,17,5144.849068
87,18,4985.976243
87,19,4885.075510
87,20,4770.230442
87,21,4705.917363
87,23,4519.509382
87,24,4502.369179
87,28,4478.916363
87,30,4419.209703
87,34,4415.668967
88,16,5671.444220
88,17,5144.849068
88,18,4985.976243
88,19,4885.075510
88,20,4770.230442
88,21,4705.917363
88,23,4519.509382
88,24,4502.369179
88,28,4478.916363
88,30,4419.209703
88,34,4415.668967
89,16,5671.444220
89,17,5144.849068
89,18,4985.976243
89,19,4885.075510
89,20,4759.988776
89,21,4701.469939
89,22,4640.747543
89,23,4517.044508
89,24,4488.265031
89,26,4474.995463
89,29,4412.899405
89,34,4405.362746
90,16,5671.444220
90,17,5144.849068
90,18,4985.976243
90,19,4885.075510
90,20,4759.988776
90,21,4701.469939
90,22,4640.747543
90,23,4482.837260
90,26,4474.995463
90,28,4473.983907
90,29,4412.899405
90,30,4364.900050
91,16,5671.444220
91,17,5144.849068
91,18,4985.976243
91,19,4885.075510
91,20,4622.419099
91,23,4482.837260
91,26,4465.668312
91,29,4412.899405
91,30,4364.900050
92,16,5671.444220
92,17,5144.849068
92,18,4828.355930
92,20,4622.419099
92,23,4482.837260
92,26,4465.668312
92,29,4412.899405
92,30,4364.900050
93,16,5671.444220
93,17,5144.849068
93,18,4828.355930
93,20,4622.419099
93,23,4482.837260
93,26,4442.177003
93,29,4412.899405
93,30,4364.900050
94,16,5607.799525
94,17,5118.058593
94,18,4811.510306
94,20,4606.679432
94,23,4475.276107
94,25,4355.967150
95,16,5607.799525
95,17,5021.582072
95,18,4811.510306
95,20,4606.679432
95,23,4475.276107
95,25,4355.967150
96,16,5607.799525
96,17,5021.582072
96,18,4811.510306
96,20,4606.679432
96,22,4578.716873
96,23,4475.276107
96,25,4355.967150
96,31,4353.077515
97,16,5607.799525
97,17,5021.582072
97,18,4811.510306
97,20,4606.679432
97,22,4578.716873
97,23,4475.276107
97,24,4465.718213
97,25,4355.967150
97,31,4353.077515
98,16,5607.799525
98,17,5021.582072
98,18,4811.510306
98,20,4606.679432
98,22,4578.716873
98,23,4475.276107
98,24,4465.718213
98,25,4355.967150
98,31,4353.077515
99,16,5540.478878
99,17,5021.582072
99,18,4788.184730
99,20,4606.679432
99,22,4578.716873
99,23,4470.222693
99,24,4322.993001
100,16,5540.478878
100,17,5021.582072
100,18,4788.184730
100,20,4606.679432
100,22,4578.716873
100,23,4470.222693
100,24,4322.993001
101,16,5447.489546
101,17,5021.582072
101,18,4788.184730
101,20,4606.679432
101,22,4517.703590
101,23,4470.222693
101,24,4322.993001
102,16,5447.489546
102,17,5021.582072
102,18,4788.184730
102,20,4606.679432
102,22,4472.922509
102,23,4470.222693
102,24,4322.993001
103,16,5221.746407
103,17,4984.026414
103,18,4788.184730
103,20,4606.679432
103,22,4472.922509
103,23,4430.054379
103,24,4322.993001
104,16,5162.035952
104,17,4926.576694
104,18,4788.184730
104,20,4606.679432
104,22,4460.851996
104,23,4387.052439
104,24,4322.993001
105,16,5162.035952
105,17,4926.576694
105,18,4788.184730
105,19,4680.881761
105,20,4594.681961
105,22,4460.851996
105,23,4387.052439
105,24,4322.993001
106,16,5162.035952
106,17,4926.576694
106,18,4788.184730
106,19,4680.881761
106,20,4594.681961
106,22,4460.851996
106,23,4387.052439
106,24,4322.993001
107,16,5162.035952
107,17,4926.576694
107,18,4788.184730
107,19,4680.881761
107,20,4594.681961
107,22,4460.851996
107,23,4387.052439
107,24,4322.993001
108,16,5161.134454
108,17,4926.576694
108,18,4788.184730
108,19,4591.240760
108,22,4460.851996
108,23,4387.052439
108,24,4322.993001
109,15,5452.162699
109,16,5137.739765
109,17,4886.594047
109,18,4788.184730
109,19,4495.422997
109,22,4455.873432
109,23,4387.052439
109,24,4309.754901
110,15,5452.162699
110,16,5137.739765
110,17,4886.594047
110,18,4788.184730
110,19,4478.607556
110,20,4425.671692
110,23,4387.052439
110,24,4309.754901
110,31,4308.854788
111,15,5452.162699
111,16,5137.739765
111,17,4886.594047
111,18,4788.184730
111,19,4478.607556
111,20,4425.671692
111,23,4387.052439
111,24,4309.754901
111,31,4308.854788
112,15,5452.162699
112,16,5046.852155
112,17,4886.594047
112,18,4788.184730
112,19,4478.607556
112,20,4411.702946
112,23,4387.052439
112,24,4309.754901
112,31,4308.854788
113,15,5452.162699
113,16,5046.852155
113,17,4886.594047
113,18,4788.184730
113,19,4478.607556
113,20,4411.702946
113,23,4387.052439
113,24,4309.754901
113,31,4308.854788
114,15,5253.189984
114,16,5023.546039
114,17,4886.594047
114,18,4788.184730
114,19,4470.559960
114,20,4397.981844
114,23,4385.966216
114,24,4282.051474
115,15,5253.189984
115,16,5023.546039
115,17,4886.594047
115,18,4788.184730
115,19,4470.559960
115,20,4397.981844
115,23,4385.966216
115,24,4282.051474
116,15,5253.189984
116,16,5023.546039
116,17,4864.501908
116,18,4788.184730
116,19,4470.559960
116,20,4397.981844
116,23,4385.966216
116,24,4282.051474
117,15,5253.189984
117,16,4993.808030
117,17,4864.501908
117,18,4788.184730
117,19,4470.559960
117,20,4397.981844
117,23,4385.966216
117,24,4282.051474
118,15,5253.189984
118,16,4993.808030
118,17,4864.501908
118,18,4788.184730
118,19,4470.559960
118,20,4397.981844
118,23,4385.966216
118,24,4282.051474
118,31,4253.991469
119,15,5249.167867
119,16,4881.267319
119,17,4861.214355
119,18,4651.088173
119,19,4450.146058
119,20,4370.029488
119,24,4282.051474
119,31,4252.133771
120,15,5249.167867
120,16,4881.267319
120,17,4861.214355
120,18,4651.088173
120,19,4450.146058
120,20,4370.029488
120,24,4282.051474
120,31,4252.133771
121,15,5249.167867
121,16,4881.267319
121,17,4861.214355
121,18,4651.088173
121,19,4450.146058
121,20,4370.029488
121,24,4282.051474
121,31,4252.133771
122,15,5249.167867
122,16,4881.267319
122,17,4861.214355
122,18,4651.088173
122,19,4442.708843
122,20,4370.029488
122,23,4350.780230
122,24,4282.051474
122,31,4252.133771
123,15,5249.167867
123,16,4881.267319
123,17,4861.214355
123,18,4651.088173
123,19,4442.708843
123,20,4370.029488
123,23,4323.016210
123,24,4282.051474
123,31,4252.133771
124,15,5184.031676
124,16,4794.974182
124,17,4781.830738
124,18,4630.012905
124,19,4383.829943
124,20,4366.989435
124,21,4300.878341
124,24,4282.051474
124,30,4251.981408
125,15,5184.031676
125,16,4794.974182
125,17,4742.781616
125,18,4630.012905
125,19,4383.829943
125,20,4366.989435
125,21,4300.878341
125,24,4282.051474
125,30,4251.981408
126,15,5184.031676
126,16,4794.974182
126,17,4742.781616
126,18,4630.012905
126,19,4383.829943
126,20,4366.989435
126,21,4300.878341
126,24,4282.051474
126,30,4251.981408
127,15,5184.031676
127,16,4794.974182
127,17,4742.781616
127,18,4630.012905
127,19,4383.829943
127,20,4366.989435
127,21,4300.878341
127,24,4282.051474
127,30,4251.981408
128,15,5184.031676
128,16,4794.974182
128,17,4742.781616
128,18,4630.012905
128,19,4383.829943
128,20,4366.989435
128,21,4291.071126
128,24,4282.051474
128,30,4251.981408
129,15,5160.905077
129,16,4794.974182
129,17,4604.730415
129,19,4382.974682
129,20,4366.989435
129,21,4291.071126
129,24,4270.298088
129,30,4251.981408
130,15,5160.905077
130,16,4794.974182
130,17,4604.730415
130,19,4382.974682
130,20,4366.989435
130,21,4291.071126
130,24,4270.298088
130,30,4251.981408
131,15,5160.905077
131,16,4794.974182
131,17,4604.730415
131,19,4372.950732
131,20,4366.989435
131,21,4291.071126
131,24,4270.298088
131,30,4251.981408
132,15,5160.905077
132,16,4794.974182
132,17,4604.730415
132,19,4372.950732
132,20,4366.989435
132,21,4291.071126
132,24,4270.298088
132,25,4262.507783
132,30,4251.981408
133,15,5160.905077
133,16,4794.974182
133,17,4604.730415
133,19,4372.950732
133,20,4366.989435
133,21,4291.071126
133,24,4270.298088
133,25,4262.507783
133,30,4251.981408
134,15,5160.905077
134,16,4794.974182
134,17,4594.684830
134,19,4351.225721
134,21,4265.857590
134,25,4259.927724
134,30,4251.981408
135,15,5160.905077
135,16,4794.974182
135,17,4594.684830
135,19,4351.225721
135,20,4311.967779
135,21,4265.857590
135,25,4259.927724
135,29,4253.819912
135,30,4251.981408
136,15,5160.905077
136,16,4794.974182
136,17,4594.684830
136,18,4577.601594
136,19,4351.225721
136,20,4311.967779
136,21,4265.857590
136,23,4259.470091
136,29,4253.819912
136,30,4251.981408
137,15,5160.905077
137,16,4794.974182
137,17,4594.684830
137,18,4577.601594
137,19,4351.225721
137,20,4311.967779
137,21,4265.857590
137,23,4259.470091
137,29,4253.819912
137,30,4248.818176
138,15,5160.905077
138,16,4794.974182
138,17,4594.684830
138,18,4577.601594
138,19,4351.225721
138,20,4311.967779
138,21,4265.857590
138,23,4259.470091
138,29,4253.819912
138,30,4248.818176
139,15,5160.905077
139,16,4739.229610
139,17,4593.341665
139,18,4565.460625
139,19,4333.918557
139,20,4293.911407
139,21,4265.857590
139,23,4259.470091
139,29,4253.819912
139,30,4244.795508
139,32,4206.850905
140,15,5160.905077
140,16,4739.229610
140,17,4593.341665
140,18,4565.460625
140,19,4333.918557
140,20,4293.911407
140,21,4265.857590
140,23,4259.470091
140,29,4253.819912
140,30,4244.795508
140,32,4206.850905
141,15,5160.905077
141,16,4739.229610
141,17,4593.341665
141,18,4565.460625
141,19,4333.918557
141,20,4293.911407
141,21,4265.857590
141,23,4259.470091
141,29,4253.819912
141,30,4244.795508
141,32,4206.850905
142,15,5160.905077
142,16,4739.229610
142,17,4593.341665
142,18,4565.460625
142,19,4333.918557
142,20,4293.911407
142,21,4265.857590
142,23,4259.470091
142,24,4254.395441
142,29,4253.819912
142,30,4244.795508
142,32,4206.850905
143,15,5160.905077
143,16,4739.229610
143,17,4593.341665
143,18,4565.460625
143,19,4333.918557
143,20,4293.911407
143,21,4265.857590
143,23,4259.470091
143,24,4254.395441
143,29,4253.819912
143,30,4244.795508
143,32,4206.850905
144,15,5160.905077
144,16,4739.229610
144,17,4582.807716
144,18,4550.559617
144,19,4262.481271
144,21,4220.606290
144,32,4202.794534
145,15,5160.905077
145,16,4703.691754
145,17,4582.807716
145,18,4550.559617
145,19,4262.481271
145,21,4220.606290
145,32,4202.794534
146,15,5160.905077
146,16,4703.691754
146,17,4582.807716
146,18,4550.559617
146,19,4262.481271
146,21,4220.606290
146,32,4202.794534
147,15,5129.681751
147,16,4703.691754
147,17,4582.807716
147,18,4550.559617
147,19,4262.481271
147,21,4220.606290
147,32,4202.794534
148,15,5129.681751
148,16,4703.691754
148,17,4582.807716
148,18,4550.559617
148,19,4225.528541
148,21,4220.606290
148,32,4202.794534
149,15,4977.508399
149,16,4637.259979
149,17,4540.498654
149,18,4536.818203
149,19,4204.753196
149,32,4202.794534
150,15,4977.508399
150,16,4637.259979
150,17,4540.498654
150,18,4536.818203
150,19,4204.753196
150,24,4192.275307
151,15,4977.508399
151,16,4637.259979
151,17,4540.498654
151,18,4536.818203
151,19,4204.753196
151,23,4200.276244
151,24,4190.773071
152,15,4977.508399
152,16,4637.259979
152,17,4540.498654
152,18,4536.818203
152,19,4204.753196
152,23,4200.276244
152,24,4190.773071
152,26,4180.801041
153,15,4977.508399
153,16,4637.259979
153,17,4531.287469
153,19,4204.753196
153,23,4200.276244
153,24,4190.773071
153,26,4180.801041
154,15,4946.846618
154,16,4623.921725
154,17,4524.082450
154,18,4447.077180
154,19,4197.445630
154,24,4190.773071
154,26,4180.801041
155,15,4946.846618
155,16,4623.921725
155,17,4524.082450
155,18,4447.077180
155,19,4197.445630
155,24,4190.773071
155,26,4180.801041
156,15,4946.846618
156,16,4623.921725
156,17,4524.082450
156,18,4447.077180
156,19,4195.237347
156,22,4176.854598
156,28,4120.402241
157,15,4933.537818
157,16,4623.921725
157,17,4524.082450
157,18,4447.077180
157,19,4195.237347
157,22,4176.854598
157,28,4120.402241
158,15,4933.537818
158,16,4623.921725
158,17,4524.082450
158,18,4447.077180
158,19,4195.237347
158,22,4176.854598
158,28,4120.402241
159,15,4919.521666
159,16,4623.921725
159,17,4524.082450
159,18,4447.077180
159,19,4195.237347
159,22,4176.854598
159,28,4103.987463
160,15,4919.521666
160,16,4623.921725
160,17,4521.313276
160,18,4447.077180
160,19,4195.237347
160,22,4176.854598
160,28,4103.987463
161,15,4891.277787
161,16,4623.921725
161,17,4521.313276
161,18,4447.077180
161,19,4195.237347
161,20,4189.024901
161,22,4176.854598
161,23,4173.591232
161,28,4103.987463
162,15,4891.277787
162,16,4623.921725
162,17,4521.313276
162,18,4447.077180
162,19,4195.237347
162,20,4189.024901
162,22,4176.854598
162,23,4173.591232
162,28,4103.987463
163,15,4891.277787
163,16,4623.921725
163,17,4521.313276
163,18,4447.077180
163,19,4195.237347
163,20,4185.939008
163,22,4176.854598
163,23,4173.591232
163,24,4162.704133
163,28,4103.987463
164,14,5392.192866
164,15,4883.590208
164,16,4619.724327
164,17,4521.313276
164,18,4434.702121
164,19,4183.743377
164,22,4176.854598
164,23,4173.591232
164,24,4162.704133
164,26,4104.032218
164,28,4092.547669
165,14,5285.339320
165,15,4883.590208
165,16,4619.724327
165,17,4521.313276
165,18,4434.702121
165,19,4183.743377
165,22,4176.854598
165,23,4173.591232
165,24,4162.704133
165,26,4104.032218
165,28,4092.547669
166,14,5285.339320
166,15,4883.590208
166,16,4594.303717
166,17,4503.899287
166,18,4434.702121
166,19,4183.743377
166,22,4176.854598
166,23,4173.591232
166,24,4162.704133
166,26,4104.032218
166,28,4092.547669
167,14,5285.339320
167,15,4883.590208
167,16,4594.303717
167,17,4503.899287
167,18,4434.702121
167,19,4183.743377
167,22,4176.854598
167,23,4173.591232
167,24,4162.704133
167,26,4104.032218
167,28,4092.547669
168,14,5285.339320
168,15,4883.590208
168,16,4594.303717
168,17,4503.899287
168,18,4434.702121
168,19,4183.743377
168,22,4176.854598
168,23,4173.591232
168,24,4162.704133
168,25,4052.740546
169,14,5259.645071
169,15,4883.590208
169,16,4573.660726
169,17,4503.899287
169,18,4434.702121
169,19,4183.743377
169,20,4169.309641
169,24,4162.704133
169,25,4051.831798
170,14,5259.645071
170,15,4883.590208
170,16,4573.660726
170,17,4503.899287
170,18,4434.702121
170,19,4183.743377
170,20,4169.309641
170,24,4162.704133
170,25,4051.831798
171,14,5259.645071
171,15,4883.590208
171,16,4573.660726
171,17,4501.990007
171,18,4434.702121
171,19,4183.743377
171,20,4169.309641
171,24,4162.704133
171,25,4051.831798
172,14,5259.645071
172,15,4883.590208
172,16,4573.660726
172,17,4501.990007
172,18,4434.702121
172,19,4183.047732
172,20,4169.309641
172,24,4162.704133
172,25,4051.831798
173,14,5259.645071
173,15,4883.590208
173,16,4573.660726
173,17,4501.990007
173,18,4434.702121
173,19,4183.047732
173,20,4169.309641
173,23,4155.742630
173,25,4051.831798
174,14,5259.645071
174,15,4883.590208
174,16,4541.648040
174,17,4498.464831
174,18,4420.744974
174,19,4181.691808
174,20,4161.038902
174,23,4155.742630
174,25,4033.543341
175,14,5259.645071
175,15,4883.590208
175,16,4541.648040
175,17,4498.464831
175,18,4420.744974
175,19,4181.691808
175,20,4161.038902
175,23,4144.647627
175,25,4033.543341
176,14,5259.645071
176,15,4883.590208
176,16,4541.648040
176,17,4498.464831
176,18,4420.744974
176,19,4181.691808
176,20,4161.038902
176,23,4129.462151
176,25,4033.543341
177,14,5259.645071
177,15,4883.590208
177,16,4541.648040
177,17,4498.464831
177,18,4420.744974
177,19,4181.691808
177,20,4161.038902
177,23,4129.462151
177,25,4033.543341
178,14,5259.645071
178,15,4883.590208
178,16,4541.648040
178,17,4498.464831
178,18,4420.744974
178,19,4165.513257
178,20,4161.038902
178,21,4146.092291
178,23,4129.462151
178,25,4033.543341
179,14,5179.828187
179,15,4823.662812
179,16,4541.648040
179,17,4498.464831
179,18,4419.297567
179,19,4165.092100
179,20,4139.891310
179,22,4103.331719
179,25,4033.543341
180,14,5179.828187
180,15,4823.662812
180,16,4541.648040
180,17,4498.464831
180,18,4295.039412
180,19,4165.092100
180,20,4139.891310
180,22,4103.331719
180,24,4013.255891
181,14,5179.828187
181,15,4823.662812
181,16,4541.648040
181,17,4498.464831
181,18,4295.039412
181,19,4165.092100
181,20,4139.891310
181,22,4103.331719
181,24,4013.255891
182,14,5047.512526
182,15,4789.275605
182,16,4541.648040
182,17,4498.464831
182,18,4295.039412
182,19,4165.092100
182,20,4139.891310
182,22,4103.331719
182,24,3999.993175
183,14,5013.032135
183,15,4789.275605
183,16,4541.648040
183,17,4469.066317
183,18,4221.461010
183,19,4165.092100
183,20,4139.891310
183,22,4103.331719
183,24,3999.993175
184,14,5013.032135
184,15,4789.275605
184,16,4537.116964
184,17,4469.066317
184,18,4221.461010
184,19,4153.884353
184,20,4139.872219
184,22,4103.331719
184,24,3999.993175
185,14,5013.032135
185,15,4789.275605
185,16,4537.116964
185,17,4469.066317
185,18,4221.461010
185,19,4153.884353
185,20,4139.872219
185,22,4073.337555
185,24,3999.993175
186,14,5013.032135
186,15,4784.222749
186,16,4537.116964
186,17,4469.066317
186,18,4221.461010
186,19,4153.884353
186,20,4139.872219
186,22,4073.337555
186,24,3999.993175
187,14,5013.032135
187,15,4743.109758
187,16,4537.116964
187,17,4469.066317
187,18,4221.461010
187,19,4153.884353
187,20,4139.872219
187,21,4101.689864
187,22,4073.337555
187,24,3999.993175
188,14,5013.032135
188,15,4743.109758
188,16,4537.116964
188,17,4469.066317
188,18,4221.461010
188,19,4153.884353
188,20,4139.872219
188,21,4101.689864
188,22,4073.337555
188,24,3999.993175
189,14,5013.032135
189,15,4743.109758
189,16,4530.226894
189,17,4469.066317
189,18,4221.461010
189,19,4153.884353
189,20,4139.872219
189,21,4099.996530
189,22,4070.396463
189,24,3999.993175
190,14,5013.032135
190,15,4743.109758
190,16,4530.226894
190,17,4469.066317
190,18,4190.520559
190,19,4153.884353
190,20,4139.872219
190,21,4099.996530
190,22,4070.396463
190,24,3999.993175
191,14,5013.032135
191,15,4743.109758
191,16,4530.226894
191,17,4469.066317
191,18,4190.520559
191,19,4153.884353
191,20,4124.568338
191,21,4099.996530
191,22,4070.396463
191,24,3999.993175
192,14,4944.077143
192,15,4743.109758
192,16,4530.226894
192,17,4469.066317
192,18,4190.520559
192,19,4153.884353
192,20,4124.568338
192,21,4099.996530
192,22,4070.396463
192,24,3999.993175
193,14,4944.077143
193,15,4743.109758
193,16,4530.226894
193,17,4469.066317
193,18,4105.068459
193,21,4099.996530
193,22,4070.396463
193,24,3999.993175
194,14,4944.077143
194,15,4694.261434
194,16,4515.402787
194,17,4457.385873
194,18,4070.568540
194,22,4039.411085
194,24,3999.993175
195,14,4944.077143
195,15,4683.586601
195,16,4515.402787
195,17,4457.385873
195,18,4070.568540
195,22,4039.411085
195,24,3999.993175
196,14,4926.457870
196,15,4674.443984
196,16,4515.402787
196,17,4457.385873
196,18,4070.568540
196,22,4039.411085
196,24,3999.993175
197,14,4926.457870
197,15,4674.443984
197,16,4515.402787
197,17,4457.385873
197,18,4070.568540
197,22,4039.411085
197,24,3999.993175
198,14,4926.457870
198,15,4674.443984
198,16,4515.402787
198,17,4457.385873
198,18,4070.568540
198,19,4061.322640
198,22,4039.411085
198,24,3999.993175
199,14,4897.035919
199,15,4669.912908
199,16,4509.586585
199,17,4457.163201
199,18,4070.568540
199,19,4061.322640
199,22,4037.139794
199,24,3999.993175
200,14,4897.035919
200,15,4669.912908
200,16,4509.586585
200,17,4457.163201
200,18,4070.568540
200,19,4061.322640
200,22,4037.139794
200,24,3999.993175
201,14,4897.035919
201,15,4669.912908
201,16,4509.586585
201,17,4457.163201
201,18,4070.568540
201,19,4061.322640
201,22,4037.139794
201,24,3999.993175
201,26,3997.559265
202,14,4897.035919
202,15,4659.000480
202,16,4509.586585
202,17,4457.163201
202,18,4070.568540
202,19,4061.322640
202,22,4037.139794
202,24,3999.993175
202,25,3976.553760
203,14,4897.035919
203,15,4659.000480
203,16,4509.586585
203,17,4457.163201
203,18,4070.568540
203,19,4061.322640
203,22,4037.139794
203,24,3999.993175
203,25,3976.553760
204,14,4890.575221
204,15,4591.249927
204,16,4509.586585
204,17,4448.636618
204,18,4070.568540
204,19,4061.322640
204,22,4037.139794
204,23,3996.071572
204,25,3976.553760
205,14,4890.575221
205,15,4591.249927
205,16,4509.586585
205,17,4448.636618
205,18,4070.568540
205,19,4061.322640
205,20,4058.598049
205,22,4037.139794
205,23,3996.071572
205,25,3976.553760
206,14,4890.575221
206,15,4591.249927
206,16,4509.586585
206,17,4441.398860
206,18,4070.568540
206,19,4061.322640
206,20,4058.598049
206,22,4037.139794
206,23,3996.071572
206,25,3976.553760
207,14,4890.575221
207,15,4591.249927
207,16,4509.586585
207,17,4406.943062
207,18,4070.568540
207,19,4061.322640
207,20,4033.662667
207,23,3996.071572
207,25,3976.553760
208,14,4890.575221
208,15,4591.249927
208,16,4509.586585
208,17,4378.320101
208,18,4070.568540
208,19,4061.322640
208,20,4014.619981
208,23,3996.071572
208,25,3976.553760
209,14,4890.575221
209,15,4546.725689
209,16,4509.586585
209,17,4378.320101
209,18,4070.568540
209,19,4061.322640
209,20,4014.619981
209,23,3996.071572
209,25,3976.213356
210,14,4890.575221
210,15,4546.725689
210,16,4509.586585
210,17,4378.320101
210,18,4070.568540
210,19,4061.322640
210,20,4014.619981
210,23,3996.071572
210,25,3976.213356
211,14,4890.575221
211,15,4546.725689
211,16,4509.586585
211,17,4378.320101
211,18,4070.568540
211,19,4061.322640
211,20,4014.619981
211,23,3996.071572
211,25,3976.213356
212,14,4878.496831
212,15,4546.725689
212,16,4509.586585
212,17,4378.320101
212,18,4070.568540
212,19,4061.322640
212,20,4014.619981
212,23,3996.071572
212,25,3976.213356
213,14,4878.496831
213,15,4546.725689
213,16,4509.586585
213,17,4378.320101
213,18,4070.568540
213,19,4061.322640
213,20,4014.619981
213,23,3996.071572
213,25,3976.213356
214,14,4878.496831
214,15,4529.937706
214,16,4485.819376
214,17,4378.320101
214,18,4070.568540
214,19,4060.575397
214,20,4014.619981
214,23,3996.071572
214,25,3971.022649
215,14,4873.189150
215,15,4529.937706
215,16,4485.819376
215,17,4378.320101
215,18,4070.568540
215,19,4052.739258
215,20,4014.619981
215,23,3996.071572
215,25,3971.022649
216,14,4798.779026
216,15,4529.937706
216,16,4485.819376
216,17,4378.320101
216,18,4070.568540
216,19,4052.739258
216,20,4014.619981
216,23,3990.485381
216,25,3971.022649
217,14,4798.779026
217,15,4529.937706
217,16,4485.819376
217,17,4378.320101
217,18,4070.568540
217,19,4052.739258
217,20,4014.619981
217,23,3990.485381
217,24,3989.531731
217,25,3971.022649
218,14,4798.779026
218,15,4529.937706
218,16,4433.138040
218,17,4378.320101
218,18,4070.568540
218,19,4052.739258
218,20,4013.461854
218,23,3990.485381
218,24,3989.531731
218,25,3971.022649
219,14,4798.779026
219,15,4529.937706
219,16,4433.138040
219,17,4355.671756
219,18,4070.568540
219,19,4048.544043
219,20,4013.461854
219,22,3962.035192
220,14,4798.779026
220,15,4529.937706
220,16,4433.138040
220,17,4355.671756
220,18,4070.568540
220,19,4048.544043
220,20,4013.461854
220,22,3962.035192
221,14,4798.779026
221,15,4529.937706
221,16,4433.138040
221,17,4355.671756
221,18,4070.568540
221,19,4048.544043
221,20,4013.461854
221,22,3962.035192
222,14,4798.779026
222,15,4529.937706
222,16,4433.138040
222,17,4169.483066
222,18,4070.568540
222,19,4048.544043
222,20,4013.461854
222,22,3962.035192
223,14,4798.779026
223,15,4529.937706
223,16,4433.138040
223,17,4169.483066
223,18,4070.568540
223,19,4048.544043
223,20,4013.461854
223,22,3962.035192
224,14,4798.779026
224,15,4518.669083
224,16,4427.586938
224,17,4159.280311
224,18,4070.568540
224,19,4048.544043
224,20,4013.461854
224,22,3962.035192
225,14,4798.779026
225,15,4518.669083
225,16,4427.586938
225,17,4159.280311
225,18,4070.568540
225,19,4048.544043
225,20,4013.461854
225,22,3962.035192
226,14,4798.779026
226,15,4518.669083
226,16,4427.586938
226,17,4159.280311
226,18,4058.652966
226,19,4048.544043
226,20,4013.461854
226,22,3962.035192
227,14,4798.779026
227,15,4518.669083
227,16,4427.586938
227,17,4159.280311
227,18,4058.652966
227,19,4048.544043
227,20,4013.461854
227,22,3962.035192
228,14,4798.779026
228,15,4518.669083
228,16,4424.766868
228,17,4159.280311
228,18,4037.950321
228,20,4013.461854
228,22,3962.035192
229,14,4798.779026
229,15,4513.475665
229,16,4410.682410
229,17,4159.280311
229,18,4037.950321
229,20,4013.461854
229,22,3962.035192
230,14,4798.779026
230,15,4513.475665
230,16,4410.682410
230,17,4130.712000
230,18,4037.950321
230,20,4013.461854
230,22,3962.035192
231,14,4798.779026
231,15,4513.475665
231,16,4410.682410
231,17,4130.712000
231,18,4037.950321
231,20,4011.255292
231,22,3962.035192
232,14,4798.779026
232,15,4451.008697
232,16,4410.682410
232,17,4130.712000
232,18,4037.950321
232,20,4011.255292
232,22,3962.035192
233,14,4798.779026
233,15,4451.008697
233,16,4410.682410
233,17,4130.712000
233,18,4037.950321
233,20,4011.240807
233,22,3962.035192
234,14,4798.779026
234,15,4448.751739
234,16,4401.875303
234,17,4130.712000
234,18,4037.950321
234,20,4011.240807
234,22,3962.035192
235,14,4798.779026
235,15,4448.751739
235,16,4379.166506
235,17,4130.712000
235,18,4037.950321
235,19,4037.859458
235,20,4011.031335
235,21,4006.083366
235,22,3962.035192
236,14,4798.779026
236,15,4448.751739
236,16,4379.166506
236,17,4130.712000
236,18,4037.950321
236,19,4037.859458
236,20,4011.031335
236,21,4006.083366
236,22,3962.035192
237,14,4798.779026
237,15,4448.751739
237,16,4379.166506
237,17,4126.767025
237,18,4037.950321
237,19,4037.859458
237,20,3984.956812
237,22,3962.035192
238,14,4788.376264
238,15,4448.751739
238,16,4379.166506
238,17,4126.767025
238,18,4037.950321
238,19,4037.859458
238,20,3984.956812
238,22,3953.419709
239,14,4788.376264
239,15,4422.481409
239,16,4379.166506
239,17,4126.767025
239,18,4037.950321
239,19,4037.859458
239,20,3984.956812
239,22,3953.419709
240,14,4788.376264
240,15,4422.481409
240,16,4375.860007
240,17,4126.767025
240,18,4037.950321
240,19,4037.859458
240,20,3984.956812
240,22,3953.419709
241,14,4788.376264
241,15,4422.481409
241,16,4341.338161
241,17,4126.767025
241,18,4037.950321
241,19,4037.859458
241,20,3984.956812
241,22,3953.416972
242,14,4788.376264
242,15,4422.481409
242,16,4341.338161
242,17,4126.767025
242,18,4037.950321
242,19,4037.859458
242,20,3984.956812
242,22,3953.416972
243,14,4788.376264
243,15,4422.481409
243,16,4341.338161
243,17,4126.767025
243,18,4037.950321
243,19,4037.859458
243,20,3984.956812
243,22,3953.416972
244,14,4788.376264
244,15,4400.538805
244,16,4334.150065
244,17,4123.872904
244,18,4037.950321
244,19,4037.859458
244,20,3984.956812
244,22,3953.416972
245,14,4788.376264
245,15,4400.538805
245,16,4334.150065
245,17,4123.872904
245,18,4037.950321
245,19,4037.859458
245,20,3984.956812
245,22,3943.145466
246,14,4715.673651
246,15,4400.538805
246,16,4334.150065
246,17,4123.872904
246,18,4037.950321
246,19,4037.859458
246,20,3984.956812
246,22,3943.145466
247,14,4715.673651
247,15,4400.538805
247,16,4334.150065
247,17,4106.885168
247,18,4037.950321
247,19,4016.655111
247,20,3984.956812
247,22,3943.145466
248,14,4715.673651
248,15,4400.538805
248,16,4334.150065
248,17,4106.885168
248,18,4037.950321
248,19,4016.655111
248,20,3984.956812
248,22,3943.145466
249,14,4715.673651
249,15,4400.538805
249,16,4326.563685
249,17,4106.885168
249,18,4037.765220
249,19,4010.270957
249,20,3984.956812
249,22,3943.145466
250,14,4715.673651
250,15,4393.793043
250,16,4326.563685
250,17,4106.885168
250,18,4037.765220
250,19,4010.270957
250,20,3984.956812
250,22,3943.145466
251,14,4715.673651
251,15,4393.793043
251,16,4326.563685
251,17,4101.536360
251,18,4037.765220
251,19,4010.270957
251,20,3984.956812
251,22,3943.145466
252,13,4952.942029
252,14,4715.673651
252,15,4363.729033
252,16,4326.563685
252,17,4101.536360
252,18,4037.765220
252,19,4010.270957
252,20,3984.956812
252,22,3943.145466
253,13,4952.942029
253,14,4715.673651
253,15,4363.729033
253,16,4326.563685
253,17,4101.536360
253,18,4037.765220
253,19,4010.270957
253,20,3984.956812
253,22,3943.145466
254,13,4952.942029
254,14,4715.493658
254,15,4363.729033
254,16,4322.089889
254,17,4101.536360
254,18,4037.765220
254,19,4010.270957
254,20,3984.956812
254,22,3943.145466
255,13,4952.942029
255,14,4715.493658
255,15,4352.413738
255,16,4322.089889
255,17,4101.536360
255,18,4037.765220
255,19,4010.270957
255,20,3984.956812
255,22,3943.145466
256,13,4952.942029
256,14,4704.245393
256,15,4352.413738
256,16,4322.089889
256,17,4101.536360
256,18,4037.765220
256,19,4003.453945
256,20,3983.446470
256,22,3943.145466
257,13,4952.942029
257,14,4704.245393
257,15,4352.413738
257,16,4322.089889
257,17,4101.536360
257,18,4037.765220
257,19,4003.453945
257,20,3983.446470
257,22,3943.145466
258,13,4952.942029
258,14,4704.245393
258,15,4352.413738
258,16,4322.089889
258,17,4101.536360
258,18,4037.765220
258,19,4003.453945
258,20,3976.922964
258,22,3943.145466
258,23,3931.575373
259,13,4952.942029
259,14,4704.245393
259,15,4347.103500
259,16,4299.743428
259,17,4091.596468
259,18,4034.802124
259,19,4003.453945
259,20,3976.922964
259,22,3939.393544
259,23,3931.575373
260,13,4952.942029
260,14,4704.245393
260,15,4347.103500
260,16,4299.743428
260,17,4091.596468
260,18,4034.802124
260,19,4003.453945
260,20,3976.922964
260,22,3939.393544
260,23,3931.575373
261,13,4929.046722
261,14,4704.245393
261,15,4347.103500
261,16,4299.743428
261,17,4091.596468
261,18,4034.802124
261,19,4003.453945
261,20,3976.922964
261,21,3952.316581
261,22,3939.393544
261,23,3931.575373
262,13,4929.046722
262,14,4704.245393
262,15,4347.103500
262,16,4299.743428
262,17,4091.596468
262,18,4010.981167
262,19,4003.453945
262,20,3976.922964
262,21,3952.316581
262,22,3939.393544
262,23,3931.575373
263,13,4929.046722
263,14,4704.245393
263,15,4347.103500
263,16,4298.850932
263,17,4091.596468
263,18,4010.981167
263,19,4003.453945
263,20,3976.922964
263,21,3952.316581
263,22,3918.405509
264,13,4929.046722
264,14,4704.245393
264,15,4347.103500
264,16,4298.850932
264,17,4087.728326
264,18,4010.981167
264,19,3964.131161
264,21,3952.316581
264,22,3918.405509
265,13,4929.046722
265,14,4704.245393
265,15,4347.103500
265,16,4298.850932
265,17,4087.728326
265,18,4010.981167
265,19,3964.131161
265,21,3952.316581
265,22,3918.405509
266,13,4929.046722
266,14,4624.366726
266,15,4347.103500
266,16,4298.850932
266,17,4050.075381
266,18,4010.981167
266,19,3964.131161
266,21,3952.316581
266,22,3918.405509
267,13,4929.046722
267,14,4624.366726
267,15,4347.103500
267,16,4298.850932
267,17,4050.075381
267,18,4010.981167
267,19,3964.131161
267,21,3952.316581
267,22,3918.405509
268,13,4820.075374
268,14,4624.366726
268,15,4347.103500
268,16,4298.850932
268,17,4050.075381
268,18,4010.981167
268,19,3964.131161
268,21,3952.316581
268,22,3918.405509
269,13,4820.075374
269,14,4620.123216
269,15,4347.103500
269,16,4298.850932
269,17,4050.075381
269,18,4010.981167
269,19,3964.131161
269,21,3952.316581
269,22,3918.405509
270,13,4820.075374
270,14,4620.123216
270,15,4347.103500
270,16,4298.850932
270,17,4016.142426
270,18,4010.981167
270,19,3963.491657
270,21,3952.316581
270,22,3918.405509
271,13,4820.075374
271,14,4620.123216
271,15,4347.103500
271,16,4298.850932
271,17,4016.142426
271,18,4010.981167
271,19,3963.491657
271,21,3952.316581
271,22,3918.405509
272,13,4820.075374
272,14,4620.123216
272,15,4310.924302
272,16,4298.850932
272,17,4016.142426
272,18,4010.981167
272,19,3963.491657
272,21,3952.316581
272,22,3918.405509
273,13,4820.075374
273,14,4620.123216
273,15,4307.978875
273,16,4298.850932
273,17,4016.142426
273,18,4010.981167
273,19,3963.491657
273,21,3952.316581
273,22,3918.405509
274,13,4804.614379
274,14,4601.253909
274,15,4307.978875
274,16,4298.850932
274,17,4016.142426
274,18,4010.981167
274,19,3963.491657
274,21,3952.316581
274,22,3918.405509
275,13,4804.614379
275,14,4601.253909
275,15,4302.067532
275,16,4298.850932
275,17,4016.142426
275,18,4010.981167
275,19,3963.491657
275,21,3952.316581
275,22,3918.405509
276,13,4747.923441
276,14,4601.253909
276,15,4302.067532
276,16,4298.850932
276,17,4016.142426
276,18,4010.981167
276,19,3963.491657
276,21,3952.316581
276,22,3918.405509
277,13,4723.159238
277,14,4601.253909
277,15,4302.067532
277,16,4222.675902
277,17,4016.142426
277,18,4010.981167
277,19,3963.491657
277,21,3952.316581
277,22,3918.405509
278,13,4723.159238
278,14,4582.366915
278,15,4302.067532
278,16,4222.675902
278,17,4016.142426
278,18,4010.981167
278,19,3963.491657
278,21,3952.316581
278,22,3918.405509
279,13,4707.881309
279,14,4545.083978
279,15,4302.067532
279,16,4222.675902
279,17,4016.142426
279,18,4010.981167
279,19,3963.491657
279,21,3951.906604
279,22,3918.405509
280,13,4707.881309
280,14,4545.083978
280,15,4300.885054
280,16,4222.675902
280,17,4016.142426
280,18,4010.981167
280,19,3963.491657
280,21,3951.906604
280,22,3918.103871
281,13,4656.636930
281,14,4545.083978
281,15,4300.885054
281,16,4222.675902
281,17,4006.834072
281,19,3963.491657
281,21,3951.906604
281,22,3918.103871
282,13,4656.636930
282,14,4545.083978
282,15,4300.885054
282,16,4222.675902
282,17,4006.834072
282,19,3963.491657
282,21,3951.906604
282,22,3918.103871
283,13,4656.636930
283,14,4545.083978
283,15,4300.885054
283,16,4222.675902
283,17,4006.834072
283,19,3963.491657
283,21,3951.906604
283,22,3918.103871
284,13,4656.636930
284,14,4533.743362
284,15,4300.885054
284,16,4222.675902
284,17,4006.834072
284,19,3963.491657
284,21,3948.996403
284,22,3918.103871
285,13,4656.636930
285,14,4533.743362
285,15,4300.885054
285,16,4222.675902
285,17,4006.834072
285,18,3982.568247
285,19,3963.491657
285,21,3948.996403
285,22,3918.103871
286,13,4656.636930
286,14,4533.743362
286,15,4300.885054
286,16,4222.675902
286,17,4006.834072
286,18,3982.568247
286,19,3963.491657
286,20,3961.877298
286,21,3948.996403
286,22,3918.103871
287,13,4656.636930
287,14,4520.141103
287,15,4234.717214
287,16,4221.234544
287,17,4006.834072
287,18,3982.568247
287,19,3950.657239
287,21,3948.996403
287,22,3918.103871
288,13,4656.636930
288,14,4520.141103
288,15,4234.717214
288,16,4221.234544
288,17,4006.834072
288,18,3982.568247
288,19,3950.657239
288,21,3948.996403
288,22,3918.103871
289,13,4597.946150
289,14,4520.141103
289,15,4234.717214
289,16,4221.234544
289,17,4006.834072
289,18,3982.568247
289,19,3950.657239
289,21,3942.791552
289,22,3917.931742
290,13,4597.946150
290,14,4520.141103
290,15,4207.477495
290,16,4075.819114
290,17,4006.834072
290,18,3982.568247
290,19,3950.657239
290,21,3942.791552
290,22,3917.931742
291,13,4597.946150
291,14,4520.141103
291,15,4207.477495
291,16,4075.819114
291,17,4006.834072
291,18,3982.568247
291,19,3950.657239
291,21,3942.791552
291,22,3917.768084
292,13,4597.946150
292,14,4520.141103
292,15,4207.477495
292,16,4075.819114
292,17,4006.834072
292,18,3982.568247
292,19,3950.657239
292,21,3942.791552
292,22,3917.768084
293,13,4597.946150
293,14,4520.141103
293,15,4207.477495
293,16,4075.819114
293,17,4006.834072
293,18,3982.568247
293,19,3950.657239
293,21,3942.791552
293,22,3917.768084
294,13,4532.820009
294,14,4512.782612
294,15,4207.477495
294,16,4075.819114
294,17,3997.804174
294,18,3982.568247
294,19,3950.657239
294,20,3947.318008
294,21,3942.791552
294,22,3917.768084
295,13,4532.820009
295,14,4512.782612
295,15,4207.477495
295,16,4075.819114
295,17,3997.804174
295,18,3982.568247
295,19,3950.657239
295,20,3947.318008
295,21,3942.791552
295,22,3917.768084
296,13,4532.820009
296,14,4512.782612
296,15,4207.477495
296,16,4075.819114
296,17,3997.804174
296,18,3982.568247
296,19,3950.657239
296,20,3947.318008
296,21,3942.791552
296,22,3917.768084
297,13,4532.820009
297,14,4512.782612
297,15,4207.477495
297,16,4075.819114
297,17,3997.804174
297,18,3982.568247
297,19,3934.284563
297,22,3917.768084
298,13,4532.820009
298,14,4512.782612
298,15,4207.477495
298,16,4075.819114
298,17,3997.804174
298,18,3982.568247
298,19,3934.284563
298,22,3917.768084
299,13,4529.433223
299,14,4506.569346
299,15,4207.477495
299,16,4075.819114
299,17,3980.067380
299,18,3978.727584
299,19,3934.284563
299,22,3917.768084
300,13,4529.433223
300,14,4506.569346
300,15,4196.728166
300,16,4075.819114
300,17,3980.067380
300,18,3978.727584
300,19,3934.284563
300,22,3917.768084
301,13,4529.433223
301,14,4506.569346
301,15,4196.728166
301,16,4075.819114
301,17,3980.067380
301,18,3978.727584
301,19,3934.284563
301,22,3917.768084
302,13,4529.433223
302,14,4506.569346
302,15,4196.728166
302,16,4058.186077
302,17,3980.067380
302,18,3978.727584
302,19,3934.284563
302,22,3917.768084
303,13,4529.433223
303,14,4485.618679
303,15,4178.753471
303,16,4058.186077
303,17,3980.067380
303,18,3978.727584
303,19,3934.284563
303,22,3917.768084
304,13,4506.102312
304,14,4485.618679
304,15,4178.753471
304,16,4056.809735
304,17,3980.067380
304,18,3978.727584
304,19,3934.284563
304,22,3917.091622
305,13,4506.102312
305,14,4480.982789
305,15,4138.871737
305,16,4056.809735
305,17,3980.067380
305,18,3978.727584
305,19,3934.284563
305,22,3917.091622
306,13,4506.102312
306,14,4480.982789
306,15,4138.871737
306,16,4001.649488
306,17,3980.067380
306,18,3978.727584
306,19,3934.284563
306,22,3917.091622
307,13,4506.102312
307,14,4480.982789
307,15,4138.871737
307,16,4001.649488
307,17,3980.067380
307,18,3978.727584
307,19,3934.284563
307,22,3917.091622
308,13,4506.102312
308,14,4480.982789
308,15,4138.871737
308,16,4001.649488
308,17,3980.067380
308,18,3978.727584
308,19,3934.284563
308,22,3917.091622
309,13,4506.102312
309,14,4480.982789
309,15,4137.679185
309,16,4001.649488
309,17,3980.067380
309,18,3978.727584
309,19,3934.284563
309,22,3915.982473
310,13,4506.102312
310,14,4480.982789
310,15,4137.679185
310,16,4001.649488
310,17,3980.067380
310,18,3968.629811
310,19,3934.284563
310,22,3915.982473
311,13,4506.102312
311,14,4480.982789
311,15,4137.679185
311,16,4001.649488
311,17,3980.067380
311,18,3968.629811
311,19,3934.284563
311,22,3915.982473
312,13,4506.102312
312,14,4480.982789
312,15,4137.679185
312,16,4001.649488
312,17,3980.067380
312,18,3968.629811
312,19,3934.284563
312,22,3915.982473
313,13,4506.102312
313,14,4480.982789
313,15,4137.679185
313,16,4001.649488
313,17,3980.067380
313,18,3968.629811
313,19,3934.284563
313,22,3915.982473
314,13,4490.023971
314,14,4430.181130
314,15,4137.679185
314,16,4001.649488
314,17,3980.067380
314,18,3968.629811
314,19,3934.284563
314,22,3915.982473
315,13,4490.023971
315,14,4430.181130
315,15,4137.679185
315,16,4001.649488
315,17,3980.067380
315,18,3966.931525
315,19,3934.284563
315,22,3915.982473
316,12,5131.124966
316,13,4490.023971
316,14,4430.181130
316,15,4137.679185
316,16,4001.649488
316,17,3980.067380
316,18,3966.931525
316,19,3934.284563
316,22,3915.982473
317,12,5131.124966
317,13,4490.023971
317,14,4430.181130
317,15,4137.679185
317,16,4001.649488
317,17,3980.067380
317,18,3957.040040
317,19,3934.284563
317,22,3915.982473
318,12,5131.124966
318,13,4490.023971
318,14,4430.181130
318,15,4137.679185
318,16,4001.649488
318,17,3980.067380
318,18,3957.040040
318,19,3934.284563
318,22,3915.982473
319,12,5131.124966
319,13,4490.023971
319,14,4430.181130
319,15,4137.679185
319,16,4001.649488
319,17,3980.067380
319,18,3957.040040
319,19,3934.284563
319,22,3915.982473
320,12,5131.124966
320,13,4490.023971
320,14,4430.181130
320,15,4137.679185
320,16,4001.649488
320,17,3980.067380
320,18,3957.040040
320,19,3934.284563
320,22,3915.982473
321,12,5116.163411
321,13,4490.023971
321,14,4430.181130
321,15,4137.679185
321,16,4001.649488
321,17,3980.067380
321,18,3957.040040
321,19,3934.284563
321,22,3915.982473
322,12,5116.163411
322,13,4490.023971
322,14,4430.181130
322,15,4137.679185
322,16,3995.033622
322,17,3980.067380
322,18,3957.040040
322,19,3934.284563
322,22,3915.982473
323,12,5116.163411
323,13,4490.023971
323,14,4430.181130
323,15,4137.679185
323,16,3995.033622
323,17,3980.067380
323,18,3957.040040
323,19,3934.284563
323,22,3915.982473
324,12,5116.163411
324,13,4484.607796
324,14,4430.181130
324,15,4137.679185
324,16,3995.033622
324,17,3980.067380
324,18,3957.040040
324,19,3934.284563
324,22,3913.872495
325,12,5116.163411
325,13,4484.607796
325,14,4430.181130
325,15,4137.679185
325,16,3995.033622
325,17,3980.067380
325,18,3957.040040
325,19,3934.284563
325,22,3913.872495
326,12,5116.163411
326,13,4484.607796
326,14,4430.181130
326,15,4137.679185
326,16,3995.033622
326,17,3980.067380
326,18,3957.040040
326,19,3934.284563
326,22,3913.872495
327,12,5116.163411
327,13,4484.607796
327,14,4430.181130
327,15,4137.679185
327,16,3995.033622
327,17,3980.067380
327,18,3957.040040
327,19,3934.284563
327,22,3913.872495
328,12,5116.163411
328,13,4484.607796
328,14,4430.181130
328,15,4137.679185
328,16,3995.033622
328,17,3980.067380
328,18,3957.040040
328,19,3934.284563
328,22,3913.872495
