Generation,NV,TOC
1,17,7991.569526
1,18,6824.429508
1,22,6784.646744
1,23,6369.504968
1,24,6151.454280
1,28,6113.048874
1,29,5977.574626
1,32,5943.418219
1,35,5899.400516
1,38,5633.225802
1,42,5602.223326
1,44,5536.745613
1,50,5506.585398
2,16,7067.128467
2,18,6824.429508
2,20,6634.369037
2,22,6361.752090
2,23,6071.946862
2,29,5977.574626
2,30,5966.649088
2,31,5954.985245
2,32,5943.418219
2,34,5821.148460
2,35,5795.501072
2,38,5633.225802
2,40,5540.787909
2,44,5530.149851
2,48,5516.494475
2,49,5501.807123
3,16,7067.128467
3,18,6824.429508
3,20,6634.369037
3,22,6304.671985
3,23,6071.946862
3,24,5993.441121
3,28,5953.133350
3,31,5821.616233
3,34,5821.148460
3,35,5795.501072
3,37,5788.412534
3,38,5633.225802
3,39,5622.706755
3,40,5540.787909
3,44,5530.149851
3,48,5516.494475
3,49,5490.799073
4,16,7067.128467
4,18,6759.342548
4,20,6560.930033
4,22,6304.671985
4,23,6071.946862
4,24,5877.241766
4,28,5785.858860
4,31,5773.357617
4,33,5618.032214
4,38,5499.636139
4,42,5466.279236
4,46,5426.658421
4,48,5390.265259
5,16,7067.128467
5,17,6527.660994
5,20,6511.101568
5,22,6304.671985
5,23,6071.946862
5,24,5877.241766
5,28,5785.858860
5,31,5773.357617
5,32,5531.732459
5,38,5499.636139
5,39,5375.929231
5,45,5362.598158
6,16,7067.128467
6,17,6450.262300
6,21,6091.020814
6,23,6071.946862
6,24,5877.241766
6,28,5785.858860
6,30,5766.344089
6,32,5531.732459
6,38,5499.636139
6,39,5375.929231
6,41,5360.804511
7,16,7067.128467
7,17,6450.262300
7,21,6091.020814
7,23,5720.756741
7,26,5573.074259
7,32,5430.581161
7,36,5428.970077
7,39,5321.012444
7,40,5284.683125
7,43,5278.174255
7,44,5229.386269
8,16,7067.128467
8,17,6450.262300
8,21,6091.020814
8,23,5720.756741
8,25,5658.148510
8,26,5573.074259
8,32,5339.189933
8,39,5321.012444
8,40,5191.747952
9,16,7067.128467
9,17,6428.030144
9,19,6176.235603
9,20,6061.158540
9,23,5720.756741
9,25,5658.148510
9,26,5458.324372
9,32,5339.189933
9,39,5321.012444
9,40,5191.747952
10,15,7058.272694
10,17,6209.235903
10,18,6076.673149
10,19,5920.067627
10,22,5717.167214
10,25,5495.423863
10,26,5367.334027
10,32,5272.283444
10,36,5267.995453
10,39,5134.500297
11,15,7058.272694
11,17,6209.235903
11,18,6076.673149
11,19,5920.067627
11,21,5744.363383
11,22,5717.167214
11,23,5628.639757
11,25,5495.423863
11,26,5367.334027
11,32,5272.283444
11,33,5067.461649
12,15,7058.272694
12,16,6676.718604
12,17,6209.235903
12,18,6076.673149
12,19,5920.067627
12,21,5744.363383
12,22,5717.167214
12,23,5628.639757
12,25,5495.423863
12,26,5367.334027
12,32,5272.283444
12,33,5067.461649
13,15,7058.272694
13,16,6676.718604
13,17,6015.677899
13,19,5717.613089
13,21,5562.159712
13,23,5546.236420
13,25,5436.070003
13,26,5302.294403
13,32,5024.155757
14,15,7058.272694
14,16,6676.718604
14,17,6015.677899
14,19,5717.613089
14,21,5556.748238
14,23,5546.236420
14,25,5436.070003
14,26,5302.294403
14,32,5024.155757
15,15,6895.163736
15,16,6669.694767
15,17,6015.677899
15,19,5717.613089
15,21,5556.748238
15,23,5499.740957
15,25,5436.070003
15,26,5302.294403
15,32,5024.155757
16,15,6360.780229
16,16,5826.108050
16,19,5686.747690
16,20,5513.333611
16,23,5381.320051
16,26,5224.267350
16,31,5001.870309
17,15,6360.780229
17,16,5826.108050
17,18,5688.992789
17,19,5686.747690
17,20,5513.333611
17,22,5499.427360
17,23,5381.320051
17,25,5278.862957
17,26,5224.267350
17,31,5001.870309
18,15,6360.780229
18,16,5826.108050
18,18,5688.992789
18,19,5686.747690
18,20,5513.333611
18,22,5499.427360
18,23,5381.320051
18,25,5278.862957
18,26,5224.267350
18,29,5170.888130
18,31,5001.870309
19,14,6067.296720
19,15,5801.479111
19,18,5645.373324
19,20,5392.035210
19,23,5192.589824
19,28,5130.131542
19,31,5000.141745
20,14,6067.296720
20,15,5801.479111
20,17,5678.534218
20,18,5645.373324
20,19,5592.931243
20,20,5392.035210
20,23,5192.589824
20,28,5130.131542
20,31,5000.141745
21,14,6067.296720
21,15,5801.479111
21,17,5678.534218
21,18,5645.373324
21,19,5592.931243
21,20,5392.035210
21,23,5192.589824
21,28,5130.131542
21,31,5000.141745
21,34,4973.508630
22,14,5946.016308
22,15,5764.015945
22,16,5644.861981
22,18,5588.543745
22,20,5392.035210
22,23,5169.442072
22,28,5118.687380
22,31,5000.141745
22,34,4970.999802
23,14,5946.016308
23,15,5764.015945
23,16,5644.861981
23,17,5570.344770
23,20,5392.035210
23,23,5169.442072
23,28,5118.687380
23,30,5115.797204
23,31,5000.141745
23,34,4970.999802
24,14,5946.016308
24,15,5764.015945
24,16,5644.861981
24,17,5570.344770
24,19,5555.746892
24,20,5392.035210
24,23,5169.442072
24,25,5131.809169
24,26,5098.751903
24,31,5000.141745
24,34,4970.999802
25,13,6332.545889
25,14,5946.016308
25,15,5739.788426
25,16,5623.758743
25,17,5557.667969
25,18,5423.186339
25,20,5392.035210
25,23,5169.442072
25,25,5063.738473
25,28,4996.848517
25,32,4934.625100
26,13,6332.545889
26,14,5946.016308
26,15,5695.911827
26,16,5623.758743
26,17,5557.667969
26,18,5423.186339
26,20,5392.035210
26,22,5308.553344
26,23,5169.442072
26,25,5063.738473
26,28,4996.848517
26,32,4934.625100
27,13,6332.545889
27,14,5946.016308
27,15,5695.911827
27,16,5623.758743
27,17,5557.667969
27,18,5423.186339
27,20,5392.035210
27,22,5308.553344
27,23,5169.442072
27,25,5063.738473
27,27,5063.534193
27,28,4996.848517
27,32,4934.625100
28,13,6332.545889
28,14,5946.016308
28,15,5656.620121
28,16,5533.503279
28,17,5477.213233
28,18,5374.153723
28,22,5161.148242
28,25,5027.296482
28,26,4903.137175
29,13,6332.545889
29,14,5946.016308
29,15,5656.620121
29,16,5533.503279
29,17,5477.213233
29,18,5374.153723
29,22,5161.148242
29,24,4895.528338
30,13,6332.545889
30,14,5946.016308
30,15,5656.620121
30,16,5533.503279
30,17,5477.213233
30,18,5374.153723
30,22,5161.148242
30,24,4895.528338
30,25,4889.257813
30,26,4876.701826
31,13,6143.359407
31,14,5798.339381
31,15,5630.324986
31,16,5504.806236
31,17,5452.211903
31,18,5278.083528
31,22,5161.148242
31,24,4836.682387
31,26,4788.665601
32,13,6143.359407
32,14,5798.339381
32,15,5630.324986
32,16,5504.806236
32,17,5452.211903
32,18,5278.083528
32,22,5158.841797
32,24,4836.682387
32,26,4788.665601
33,12,7354.525879
33,13,6143.359407
33,14,5798.339381
33,15,5507.769467
33,16,5504.806236
33,17,5452.211903
33,18,5278.083528
33,22,5158.841797
33,23,5062.492465
33,24,4836.682387
33,26,4788.665601
34,12,7354.525879
34,13,6041.541873
34,14,5782.013513
34,15,5461.624799
34,17,5452.211903
34,18,5238.643704
34,22,5158.841797
34,23,4761.474521
35,12,7281.943492
35,13,6041.541873
35,14,5782.013513
35,15,5461.624799
35,17,5452.211903
35,18,5238.643704
35,21,5046.853081
35,23,4761.474521
36,12,7281.943492
36,13,6041.541873
36,14,5694.576731
36,15,5461.624799
36,16,5374.944231
36,18,5238.643704
36,21,5046.853081
36,23,4761.474521
37,12,7082.578512
37,13,6041.541873
37,14,5666.786164
37,15,5455.323012
37,16,5328.361959
37,18,5225.326327
37,21,5016.308560
37,23,4761.474521
38,12,7069.528631
38,13,6041.541873
38,14,5666.786164
38,15,5455.323012
38,16,5328.361959
38,18,5225.326327
38,21,5016.308560
38,23,4761.474521
39,12,7069.528631
39,13,6041.541873
39,14,5666.786164
39,15,5455.323012
39,16,5328.361959
39,18,5225.326327
39,21,5016.308560
39,22,5015.670491
39,23,4761.474521
40,12,6850.274356
40,13,5944.529088
40,14,5611.058689
40,15,5333.801415
40,16,5321.986894
40,17,5146.341809
40,20,4994.055015
40,22,4755.976201
41,12,6850.274356
41,13,5944.529088
41,14,5611.058689
41,15,5333.801415
41,16,5321.986894
41,17,5146.341809
41,19,5092.313257
41,20,4994.055015
41,22,4755.976201
42,12,6850.274356
42,13,5944.529088
42,14,5611.058689
42,15,5333.801415
42,16,5262.515883
42,17,5146.341809
42,19,5092.313257
42,20,4994.055015
42,21,4979.391809
42,22,4755.976201
43,12,6594.883238
43,13,5932.291956
43,14,5462.858240
43,15,5316.676063
43,16,5250.702192
43,17,5107.323983
43,19,5074.104453
43,20,4933.203081
43,22,4755.976201
44,12,6594.883238
44,13,5932.291956
44,14,5462.858240
44,15,5316.676063
44,16,5250.702192
44,17,5107.323983
44,19,5074.104453
44,20,4933.203081
44,22,4755.976201
45,12,6594.883238
45,13,5864.864311
45,14,5462.858240
45,15,5316.676063
45,16,5250.702192
45,17,5107.323983
45,19,5074.104453
45,20,4933.203081
45,22,4755.976201
46,12,6555.885469
46,13,5741.124925
46,14,5448.053322
46,15,5316.676063
46,16,5180.146025
46,17,5104.744622
46,19,5074.104453
46,20,4908.661327
46,22,4747.462207
47,12,6555.885469
47,13,5741.124925
47,14,5448.053322
47,15,5316.676063
47,16,5180.146025
47,17,5104.744622
47,19,5067.683915
47,20,4908.661327
47,22,4747.462207
48,12,6555.885469
48,13,5692.152906
48,14,5264.752053
48,16,5180.146025
48,17,5104.744622
48,19,5067.683915
48,20,4908.661327
48,22,4747.462207
49,12,6105.543801
49,13,5666.883879
49,14,5235.043399
49,16,5156.134133
49,17,5077.504303
49,18,5039.732624
49,20,4902.001316
49,21,4824.735439
49,22,4717.025262
50,12,6105.543801
50,13,5666.883879
50,14,5235.043399
50,16,5156.134133
50,17,5077.504303
50,18,5039.732624
50,20,4902.001316
50,21,4824.735439
50,22,4717.025262
51,12,6105.543801
51,13,5666.883879
51,14,5235.043399
51,16,5156.134133
51,17,5077.504303
51,18,5039.732624
51,20,4902.001316
51,21,4824.735439
51,22,4717.025262
52,12,6105.543801
52,13,5666.736966
52,14,5123.072072
52,17,5074.114319
52,18,4995.673627
52,20,4902.001316
52,21,4810.260264
52,22,4717.025262
52,24,4709.887460
53,12,6105.543801
53,13,5666.736966
53,14,5123.072072
53,17,5074.114319
53,18,4995.673627
53,20,4902.001316
53,21,4810.260264
53,22,4717.025262
53,24,4709.887460
53,26,4687.905632
53,28,4684.834065
54,12,6105.543801
54,13,5666.736966
54,14,5123.072072
54,17,5074.114319
54,18,4995.673627
54,20,4902.001316
54,21,4810.260264
54,22,4717.025262
54,24,4709.887460
54,26,4687.905632
54,28,4684.834065
55,12,6105.543801
55,13,5594.398661
55,14,5115.912425
55,17,5072.627345
55,18,4995.673627
55,19,4877.075488
55,21,4778.958998
55,22,4717.025262
55,24,4709.887460
55,26,4656.518845
56,12,6105.543801
56,13,5594.398661
56,14,5115.912425
56,17,5072.627345
56,18,4995.673627
56,19,4877.075488
56,21,4778.958998
56,22,4717.025262
56,24,4709.887460
56,25,4630.430578
57,12,6105.543801
57,13,5594.398661
57,14,5115.912425
57,17,5072.627345
57,18,4995.673627
57,19,4877.075488
57,21,4778.958998
57,22,4717.025262
57,24,4709.887460
57,25,4630.430578
58,12,6062.371448
58,13,5583.626507
58,14,5115.912425
58,17,5067.664702
58,18,4943.308306
58,19,4851.087211
58,21,4778.615680
58,22,4716.021071
58,24,4700.711802
58,25,4630.430578
59,12,5802.706201
59,13,5583.626507
59,14,5115.912425
59,17,5067.664702
59,18,4943.308306
59,19,4851.087211
59,21,4778.615680
59,22,4716.021071
59,24,4700.711802
59,25,4630.430578
60,12,5802.706201
60,13,5583.626507
60,14,5115.912425
60,17,5067.664702
60,18,4943.308306
60,19,4851.087211
60,21,4778.615680
60,22,4716.021071
60,23,4684.265147
60,25,4630.430578
61,12,5802.706201
61,13,5543.010402
61,14,5115.880928
61,17,5065.740095
61,18,4943.308306
61,19,4819.999025
61,21,4759.344573
61,22,4651.216251
61,24,4607.669460
62,12,5802.706201
62,13,5543.010402
62,14,5115.880928
62,17,4959.480865
62,18,4943.308306
62,19,4819.999025
62,21,4759.344573
62,22,4651.216251
62,24,4607.669460
63,12,5802.706201
63,13,5543.010402
63,14,5115.880928
63,17,4959.480865
63,18,4943.308306
63,19,4819.999025
63,21,4759.344573
63,22,4651.216251
63,24,4607.669460
64,12,5768.523285
64,13,5519.833317
64,14,5112.468658
64,17,4959.480865
64,18,4943.308306
64,19,4819.999025
64,21,4758.885143
64,22,4651.216251
64,23,4600.687011
65,12,5768.523285
65,13,5519.833317
65,14,5112.468658
65,16,5054.924754
65,17,4959.480865
65,18,4943.308306
65,19,4819.999025
65,21,4758.885143
65,22,4651.216251
65,23,4600.687011
66,12,5768.523285
66,13,5519.833317
66,14,5112.468658
66,16,5054.924754
66,17,4959.480865
66,18,4943.308306
66,19,4819.999025
66,21,4758.885143
66,22,4651.216251
66,23,4600.687011
67,12,5768.523285
67,13,5519.833317
67,14,5112.468658
67,16,5042.419987
67,17,4947.986084
67,18,4917.528383
67,19,4819.999025
67,21,4748.614349
67,22,4651.216251
67,23,4600.687011
68,12,5650.660551
68,13,5519.833317
68,14,5112.468658
68,16,5042.419987
68,17,4947.986084
68,18,4863.662098
68,19,4819.999025
68,20,4807.564063
68,21,4748.614349
68,22,4651.216251
68,23,4600.687011
69,12,5650.660551
69,13,5519.833317
69,14,5112.468658
69,16,5042.419987
69,17,4947.986084
69,18,4863.662098
69,19,4819.999025
69,20,4807.564063
69,21,4748.614349
69,22,4651.216251
69,23,4600.687011
70,12,5650.660551
70,13,5454.774703
70,14,5058.296893
70,16,5016.789669
70,17,4947.880420
70,18,4846.209351
70,19,4783.332131
70,21,4731.056225
70,22,4649.730664
70,23,4595.302034
71,12,5650.660551
71,13,5391.240887
71,14,5058.296893
71,16,5016.789669
71,17,4947.880420
71,18,4846.209351
71,19,4783.332131
71,21,4731.056225
71,22,4649.730664
71,23,4595.302034
72,12,5650.660551
72,13,5321.251567
72,14,5058.296893
72,16,4916.645659
72,18,4846.209351
72,19,4783.332131
72,21,4731.056225
72,22,4649.730664
72,23,4595.302034
73,12,5620.610359
73,13,5290.492346
73,14,5044.690065
73,16,4916.645659
73,18,4840.393279
73,19,4768.401950
73,21,4729.697405
73,22,4590.460162
73,24,4534.628507
74,12,5620.610359
74,13,5290.492346
74,14,5044.690065
74,15,5035.503471
74,16,4916.645659
74,18,4840.393279
74,19,4768.401950
74,21,4729.697405
74,22,4590.460162
74,24,4534.628507
75,12,5620.610359
75,13,5290.492346
75,14,5044.690065
75,15,5035.503471
75,16,4916.645659
75,18,4840.393279
75,19,4768.401950
75,20,4717.062299
75,22,4590.460162
75,23,4577.426199
75,24,4534.628507
76,12,5620.610359
76,13,5251.407996
76,14,5042.454278
76,15,5035.503471
76,16,4916.645659
76,18,4840.393279
76,19,4664.024021
76,22,4590.460162
76,23,4568.165237
76,24,4534.628507
77,12,5620.610359
77,13,5251.407996
77,14,5042.454278
77,15,5035.503471
77,16,4916.645659
77,18,4711.746905
77,19,4664.024021
77,22,4590.460162
77,23,4568.165237
77,24,4534.628507
78,12,5620.610359
78,13,5251.407996
78,14,5042.454278
78,15,5035.503471
78,16,4916.645659
78,18,4711.746905
78,19,4664.024021
78,22,4590.460162
78,23,4568.165237
78,24,4534.628507
79,12,5533.523326
79,13,5245.394613
79,14,5024.079982
79,15,4859.784838
79,18,4711.746905
79,19,4661.927798
79,22,4564.978979
79,23,4557.449035
79,24,4534.628507
80,12,5533.523326
80,13,5245.394613
80,14,5024.079982
80,15,4859.784838
80,18,4711.746905
80,19,4661.927798
80,22,4564.978979
80,23,4557.449035
80,24,4534.628507
81,12,5453.941714
81,13,5245.394613
81,14,5024.079982
81,15,4859.784838
81,17,4847.113445
81,18,4711.746905
81,19,4661.927798
81,22,4564.978979
81,23,4557.449035
81,24,4534.628507
82,12,5402.672297
82,13,5237.287642
82,14,5007.123990
82,15,4859.141162
82,17,4809.936229
82,18,4709.809394
82,19,4661.927798
82,22,4564.978979
82,23,4540.962488
82,24,4492.888903
83,12,5402.672297
83,13,5237.287642
83,14,5007.123990
83,15,4859.141162
83,17,4809.936229
83,18,4709.809394
83,19,4661.927798
83,22,4564.978979
83,23,4540.962488
83,24,4492.888903
84,12,5402.672297
84,13,5164.994421
84,14,4854.864661
84,15,4830.463222
84,17,4809.936229
84,18,4709.809394
84,19,4661.927798
84,22,4564.978979
84,23,4540.962488
84,24,4492.888903
85,12,5353.139902
85,13,5164.994421
85,14,4850.204499
85,15,4830.463222
85,17,4809.936229
85,18,4654.804276
85,21,4562.235770
85,23,4540.962488
85,24,4492.888903
86,12,5353.139902
86,13,5164.994421
86,14,4850.204499
86,15,4830.463222
86,16,4751.398964
86,18,4654.804276
86,21,4562.235770
86,23,4540.962488
86,24,4492.888903
87,12,5353.139902
87,13,5164.994421
87,14,4850.204499
87,15,4830.463222
87,16,4751.398964
87,18,4654.804276
87,21,4562.235770
87,22,4536.475748
87,24,4492.888903
88,12,5325.271636
88,13,5109.921365
88,14,4850.204499
88,15,4830.463222
88,16,4741.891492
88,18,4654.126800
88,21,4538.726448
88,22,4515.402231
88,24,4490.651177
89,12,5325.271636
89,13,4885.807831
89,14,4850.204499
89,15,4830.463222
89,16,4741.891492
89,18,4654.126800
89,20,4634.507065
89,21,4538.726448
89,22,4515.402231
89,24,4490.651177
90,12,5325.271636
90,13,4885.807831
90,14,4850.204499
90,15,4830.463222
90,16,4741.891492
90,18,4654.126800
90,20,4634.507065
90,21,4538.726448
90,22,4515.402231
90,24,4490.651177
91,12,5309.707894
91,13,4841.687169
91,15,4823.629309
91,16,4738.165080
91,18,4640.885418
91,20,4631.933718
91,21,4538.726448
91,22,4514.739043
91,23,4490.622110
92,12,5309.707894
92,13,4841.687169
92,15,4823.629309
92,16,4738.165080
92,18,4640.885418
92,20,4631.933718
92,21,4538.726448
92,22,4514.739043
92,23,4490.622110
93,12,5309.707894
93,13,4841.687169
93,15,4804.515958
93,16,4738.165080
93,18,4640.885418
93,20,4556.313003
93,21,4538.726448
93,22,4514.739043
93,23,4490.622110
94,12,5053.756633
94,13,4841.687169
94,14,4770.771930
94,16,4738.165080
94,17,4600.647033
94,20,4556.313003
94,21,4538.726448
94,22,4514.739043
94,23,4490.622110
95,12,5053.756633
95,13,4841.687169
95,14,4770.771930
95,16,4738.165080
95,17,4600.647033
95,20,4556.313003
95,21,4538.726448
95,22,4514.739043
95,23,4490.622110
96,12,5053.756633
96,13,4841.687169
96,14,4770.771930
96,16,4738.165080
96,17,4600.647033
96,19,4564.867715
96,20,4556.313003
96,21,4538.726448
96,22,4514.739043
96,23,4490.622110
97,12,5053.756633
97,13,4839.756196
97,14,4764.920332
97,15,4763.474942
97,16,4738.165080
97,17,4600.142556
97,19,4552.257164
97,21,4538.726448
97,22,4514.739043
97,23,4490.622110
98,12,5053.756633
98,13,4839.756196
98,14,4764.920332
98,15,4763.474942
98,16,4738.165080
98,17,4600.142556
98,19,4552.257164
98,20,4510.668707
98,23,4490.622110
99,11,5840.978530
99,12,5053.756633
99,13,4839.756196
99,14,4764.920332
99,15,4763.474942
99,16,4738.165080
99,17,4600.142556
99,18,4592.403165
99,19,4552.257164
99,20,4510.668707
99,23,4490.622110
100,11,5840.978530
100,12,5053.756633
100,13,4839.756196
100,14,4764.920332
100,15,4763.474942
100,16,4738.165080
100,17,4600.142556
100,18,4592.403165
100,19,4552.257164
100,20,4510.668707
100,23,4490.622110
101,11,5840.978530
101,12,5053.756633
101,13,4839.756196
101,14,4764.920332
101,15,4763.474942
101,16,4738.165080
101,17,4600.142556
101,18,4592.403165
101,19,4552.257164
101,20,4510.668707
101,22,4494.959598
101,23,4490.622110
102,11,5840.978530
102,12,5021.032124
102,13,4797.877265
102,14,4756.855893
102,16,4738.165080
102,17,4600.142556
102,18,4571.792861
102,19,4552.257164
102,20,4510.668707
102,22,4494.803861
102,23,4485.022145
103,11,5840.978530
103,12,5021.032124
103,13,4797.877265
103,14,4756.855893
103,16,4738.165080
103,17,4600.142556
103,18,4571.792861
103,19,4552.257164
103,20,4510.668707
103,22,4494.803861
103,23,4485.022145
104,11,5840.978530
104,12,5021.032124
104,13,4797.877265
104,14,4756.855893
104,16,4738.165080
104,17,4600.142556
104,18,4571.792861
104,19,4552.257164
104,20,4510.668707
104,22,4494.803861
104,23,4485.022145
105,11,5840.978530
105,12,5017.646299
105,13,4792.558228
105,14,4745.878372
105,16,4738.165080
105,17,4599.526862
105,18,4571.604040
105,19,4551.488073
105,20,4510.668707
105,22,4492.895896
105,23,4472.879447
106,11,5840.978530
106,12,5017.646299
106,13,4792.558228
106,14,4745.878372
106,16,4738.165080
106,17,4599.526862
106,18,4571.604040
106,19,4551.488073
106,20,4510.668707
106,21,4439.163559
107,11,5840.978530
107,12,5017.646299
107,13,4792.558228
107,14,4745.878372
107,16,4738.165080
107,17,4592.612714
107,18,4571.604040
107,19,4551.488073
107,20,4510.668707
107,21,4439.163559
108,11,5723.474465
108,12,5017.646299
108,13,4791.023184
108,14,4745.878372
108,16,4734.772905
108,17,4585.164537
108,18,4564.896596
108,19,4550.633278
108,20,4510.668707
108,21,4437.147084
109,11,5723.474465
109,12,4965.187590
109,13,4791.023184
109,14,4745.878372
109,16,4734.772905
109,17,4585.164537
109,18,4564.896596
109,19,4550.633278
109,20,4510.668707
109,21,4437.147084
110,11,5723.474465
110,12,4965.187590
110,13,4791.023184
110,14,4745.878372
110,16,4734.772905
110,17,4585.164537
110,18,4564.896596
110,19,4550.633278
110,20,4510.668707
110,21,4437.147084
111,11,5636.779860
111,12,4962.940629
111,13,4791.023184
111,14,4734.853631
111,16,4734.772905
111,17,4583.041949
111,18,4560.591155
111,19,4549.686450
111,20,4490.624107
111,21,4436.684876
112,11,5636.779860
112,12,4962.940629
112,13,4791.023184
112,14,4734.853631
112,16,4734.772905
112,17,4574.124211
112,18,4560.591155
112,19,4549.686450
112,20,4490.624107
112,21,4436.684876
113,11,5636.779860
113,12,4962.940629
113,13,4791.023184
113,14,4734.853631
113,16,4734.772905
113,17,4574.124211
113,18,4560.591155
113,19,4549.686450
113,20,4490.624107
113,21,4436.684876
114,11,5549.972150
114,12,4943.831607
114,13,4791.023184
114,14,4720.621162
114,17,4574.124211
114,18,4560.591155
114,19,4548.185065
114,20,4484.544340
114,21,4436.684876
115,11,5549.972150
115,12,4943.831607
115,13,4791.023184
115,14,4720.621162
115,16,4573.441402
115,18,4532.586405
115,19,4511.258641
115,20,4484.544340
115,21,4436.684876
116,11,5549.972150
116,12,4943.831607
116,13,4791.023184
116,14,4720.621162
116,16,4573.441402
116,18,4532.586405
116,19,4511.258641
116,20,4484.544340
116,21,4436.684876
117,11,5515.721058
117,12,4943.831607
117,13,4697.151030
117,16,4569.923055
117,18,4526.454105
117,19,4511.258641
117,20,4483.841764
117,21,4436.684876
118,11,5515.721058
118,12,4943.831607
118,13,4697.151030
118,16,4569.923055
118,17,4548.538063
118,18,4526.454105
118,19,4511.258641
118,20,4483.841764
118,21,4436.684876
119,11,5515.721058
119,12,4943.831607
119,13,4697.151030
119,16,4569.923055
119,17,4548.538063
119,18,4526.454105
119,19,4511.258641
119,20,4483.841764
119,21,4436.684876
120,11,5467.154004
120,12,4879.385435
120,13,4697.151030
120,16,4552.809185
120,17,4547.319429
120,18,4526.454105
120,19,4504.076143
120,20,4480.839827
120,21,4436.684876
121,11,5467.154004
121,12,4879.385435
121,13,4697.151030
121,16,4519.005156
121,19,4504.076143
121,20,4480.839827
121,21,4436.684876
122,11,5467.154004
122,12,4879.385435
122,13,4697.151030
122,14,4670.925870
122,16,4519.005156
122,19,4504.076143
122,20,4480.839827
122,21,4436.684876
122,22,4421.386678
123,11,5466.132203
123,12,4840.374864
123,13,4697.151030
123,14,4670.925870
123,16,4515.860227
123,19,4478.973046
123,21,4429.385520
123,22,4421.386678
124,11,5466.132203
124,12,4840.374864
124,13,4697.151030
124,14,4670.925870
124,16,4515.860227
124,19,4478.973046
124,20,4475.232590
124,21,4429.385520
124,22,4421.386678
125,11,5466.132203
125,12,4840.374864
125,13,4697.151030
125,14,4670.925870
125,16,4515.860227
125,19,4478.973046
125,20,4475.232590
125,21,4429.385520
125,22,4421.386678
126,11,5462.949475
126,12,4806.253709
126,13,4697.151030
126,14,4650.578908
126,16,4515.196692
126,19,4423.364177
126,22,4398.788277
127,11,5462.949475
127,12,4806.253709
127,13,4697.151030
127,14,4650.578908
127,15,4647.167380
127,16,4515.196692
127,17,4499.046935
127,19,4423.364177
127,22,4398.788277
128,11,5462.949475
128,12,4806.253709
128,13,4697.151030
128,14,4650.578908
128,15,4647.167380
128,16,4515.196692
128,17,4476.060850
128,19,4423.364177
128,22,4398.788277
129,11,5462.852984
129,12,4805.741355
129,13,4696.886076
129,14,4640.724137
129,16,4498.142871
129,17,4475.524224
129,19,4423.364177
129,22,4380.208650
130,11,5462.852984
130,12,4805.741355
130,13,4696.886076
130,14,4640.724137
130,16,4498.142871
130,17,4475.524224
130,18,4426.052609
130,19,4423.364177
130,22,4380.208650
131,11,5462.852984
131,12,4805.741355
131,13,4696.886076
131,14,4640.724137
131,16,4498.142871
131,17,4475.524224
131,18,4426.052609
131,19,4423.364177
131,22,4380.208650
132,11,5462.852984
132,12,4805.741355
132,13,4692.722427
132,14,4639.288446
132,16,4498.142871
132,17,4475.524224
132,18,4426.052609
132,19,4422.172264
132,21,4360.483524
133,11,5462.852984
133,12,4778.067260
133,13,4692.722427
133,14,4639.288446
133,16,4498.142871
133,17,4475.524224
133,18,4426.052609
133,19,4422.172264
133,21,4360.483524
134,11,5462.852984
134,12,4778.067260
134,13,4692.722427
134,14,4621.865290
134,16,4498.142871
134,17,4475.524224
134,18,4426.052609
134,19,4422.172264
134,21,4360.483524
135,11,5462.852984
135,12,4778.067260
135,13,4612.828988
135,16,4494.971170
135,17,4475.524224
135,18,4407.331718
135,21,4360.483524
136,11,5462.852984
136,12,4778.067260
136,13,4612.828988
136,16,4494.971170
136,17,4475.524224
136,18,4407.331718
136,21,4360.483524
137,11,5462.852984
137,12,4778.067260
137,13,4612.828988
137,16,4494.971170
137,17,4475.524224
137,18,4407.331718
137,21,4360.483524
138,11,5401.690556
138,12,4778.067260
138,13,4612.828988
138,16,4494.763598
138,17,4467.080612
138,18,4407.331718
138,21,4346.903987
139,11,5401.690556
139,12,4766.067544
139,13,4612.828988
139,16,4480.586033
139,17,4467.080612
139,18,4407.331718
139,21,4346.903987
140,11,5401.690556
140,12,4766.067544
140,13,4612.828988
140,16,4480.586033
140,17,4467.080612
140,18,4407.331718
140,21,4346.903987
141,11,5387.224191
141,12,4740.031276
141,13,4604.648956
141,16,4477.026100
141,17,4459.180087
141,18,4386.471301
141,21,4345.117938
142,11,5387.224191
142,12,4740.031276
142,13,4604.648956
142,16,4477.026100
142,17,4459.180087
142,18,4386.471301
142,21,4345.117938
143,11,5387.224191
143,12,4740.031276
143,13,4604.648956
143,16,4477.026100
143,17,4459.180087
143,18,4386.471301
143,21,4345.117938
144,11,5382.702378
144,12,4738.950302
144,13,4600.625831
144,16,4473.182650
144,17,4459.180087
144,18,4384.627309
144,21,4333.222336
145,11,5382.702378
145,12,4738.950302
145,13,4600.625831
145,16,4473.182650
145,17,4459.180087
145,18,4384.627309
145,21,4333.222336
146,11,5382.702378
146,12,4738.950302
146,13,4600.625831
146,16,4473.182650
146,17,4459.180087
146,18,4384.627309
146,21,4333.222336
147,11,5379.555017
147,12,4728.589789
147,13,4595.564041
147,15,4472.030661
147,17,4454.739391
147,18,4384.627309
147,21,4321.371908
148,11,5379.555017
148,12,4706.008788
148,13,4595.564041
148,15,4472.030661
148,17,4454.739391
148,18,4384.627309
148,21,4321.371908
149,11,5379.555017
149,12,4706.008788
149,13,4595.564041
149,15,4468.892498
149,17,4454.739391
149,18,4384.627309
149,21,4321.371908
150,11,5317.418996
150,12,4701.084149
150,13,4542.411586
150,15,4468.892498
150,17,4446.456201
150,18,4383.149588
150,21,4306.549917
151,11,5317.418996
151,12,4701.084149
151,13,4542.411586
151,15,4468.892498
151,17,4446.456201
151,18,4383.149588
151,21,4306.549917
152,11,5317.418996
152,12,4701.084149
152,13,4542.411586
152,15,4468.892498
152,17,4446.456201
152,18,4383.149588
152,21,4306.549917
153,11,5315.597617
153,12,4701.084149
153,13,4540.622802
153,15,4463.030190
153,17,4446.456201
153,18,4383.149588
153,21,4305.605418
154,10,5885.403975
154,11,5315.597617
154,12,4701.084149
154,13,4540.622802
154,15,4463.030190
154,17,4446.456201
154,18,4383.149588
154,21,4305.605418
155,10,5885.403975
155,11,5315.597617
155,12,4701.084149
155,13,4540.622802
155,15,4463.030190
155,17,4446.456201
155,18,4383.149588
155,19,4376.823721
155,21,4305.605418
156,10,5849.098430
156,11,5207.924339
156,12,4701.084149
156,13,4540.622802
156,15,4460.934396
156,17,4439.826260
156,18,4383.149588
156,19,4371.496020
156,21,4300.054391
157,10,5849.098430
157,11,5207.924339
157,12,4701.084149
157,13,4540.622802
157,15,4460.934396
157,17,4439.826260
157,18,4383.149588
157,19,4371.496020
157,21,4300.054391
158,10,5849.098430
158,11,5207.924339
158,12,4701.084149
158,13,4540.622802
158,15,4460.934396
158,17,4439.826260
158,18,4383.149588
158,19,4371.496020
158,21,4300.054391
159,10,5849.098430
159,11,5207.924339
159,12,4701.084149
159,13,4540.622802
159,15,4453.982741
159,17,4437.515406
159,18,4378.518061
159,19,4370.799575
159,21,4300.054391
160,10,5849.098430
160,11,5207.924339
160,12,4701.084149
160,13,4540.622802
160,14,4484.823355
160,15,4453.982741
160,17,4437.515406
160,18,4378.518061
160,19,4370.799575
160,21,4300.054391
161,10,5815.451021
161,11,5207.924339
161,12,4701.084149
161,13,4540.622802
161,14,4484.823355
161,15,4453.982741
161,17,4437.515406
161,18,4378.518061
161,19,4370.799575
161,21,4300.054391
162,10,5815.451021
162,11,5206.384605
162,12,4701.084149
162,13,4539.610582
162,14,4484.823355
162,15,4453.982741
162,16,4449.048016
162,17,4437.260354
162,18,4375.867729
162,19,4370.799575
162,21,4300.054391
163,10,5808.095825
163,11,5206.384605
163,12,4701.084149
163,13,4539.610582
163,14,4484.823355
163,15,4453.982741
163,16,4449.048016
163,17,4437.260354
163,18,4375.867729
163,19,4370.799575
163,21,4300.054391
164,10,5808.095825
164,11,5206.384605
164,12,4701.084149
164,13,4539.610582
164,14,4484.823355
164,15,4453.982741
164,16,4449.048016
164,17,4437.260354
164,18,4375.867729
164,19,4370.799575
164,21,4300.054391
165,10,5808.095825
165,11,5206.384605
165,12,4701.084149
165,13,4539.610582
165,14,4484.823355
165,15,4453.982741
165,16,4449.048016
165,17,4437.260354
165,18,4375.867729
165,19,4370.799575
165,20,4309.736747
165,21,4300.054391
165,25,4287.209173
166,10,5791.164207
166,11,5206.384605
166,12,4701.084149
166,13,4539.610582
166,14,4484.823355
166,15,4453.982741
166,16,4449.048016
166,17,4437.260354
166,18,4375.867729
166,19,4370.799575
166,20,4309.736747
166,21,4290.168309
166,25,4287.209173
167,10,5791.164207
167,11,5206.384605
167,12,4701.084149
167,13,4539.610582
167,14,4484.823355
167,15,4453.982741
167,16,4449.048016
167,17,4437.260354
167,18,4375.867729
167,19,4370.799575
167,20,4309.736747
167,21,4290.168309
167,24,4278.032623
168,10,5791.164207
168,11,5206.384605
168,12,4701.084149
168,13,4537.467219
168,14,4484.823355
168,15,4449.388768
168,16,4428.657161
168,18,4375.316464
168,19,4370.799575
168,20,4309.280835
168,21,4290.168309
168,24,4276.898752
169,10,5791.164207
169,11,5206.384605
169,12,4701.084149
169,13,4537.467219
169,14,4484.823355
169,15,4449.388768
169,16,4428.657161
169,18,4375.316464
169,19,4370.799575
169,20,4309.280835
169,21,4290.168309
169,24,4276.898752
170,10,5791.164207
170,11,5206.384605
170,12,4701.084149
170,13,4537.467219
170,14,4484.823355
170,15,4449.388768
170,16,4428.657161
170,18,4355.720934
170,20,4309.280835
170,21,4290.168309
170,23,4252.014671
171,10,5791.164207
171,11,4712.732688
171,12,4701.084149
171,13,4537.467219
171,14,4484.213390
171,15,4429.053687
171,16,4428.657161
171,17,4401.836260
171,18,4355.720934
171,20,4283.715474
171,23,4248.751182
172,10,5638.874422
172,11,4712.732688
172,12,4701.084149
172,13,4535.339526
172,14,4484.213390
172,15,4429.053687
172,16,4428.657161
172,17,4366.506158
172,18,4355.720934
172,20,4283.715474
172,22,4278.196491
172,23,4248.751182
173,10,5638.874422
173,11,4712.732688
173,12,4701.084149
173,13,4535.339526
173,14,4484.213390
173,15,4429.053687
173,16,4428.657161
173,17,4366.506158
173,18,4355.720934
173,20,4283.715474
173,22,4278.196491
173,23,4248.751182
174,10,5638.874422
174,11,4712.732688
174,12,4701.084149
174,13,4529.493552
174,14,4480.369940
174,15,4429.053687
174,16,4416.043672
174,17,4365.896599
174,18,4354.758608
174,20,4283.715474
174,22,4242.032787
175,10,5638.874422
175,11,4712.732688
175,12,4684.065832
175,13,4529.493552
175,14,4480.369940
175,15,4429.053687
175,16,4416.043672
175,17,4365.896599
175,18,4354.758608
175,20,4283.715474
175,22,4242.032787
176,10,5638.874422
176,11,4712.732688
176,12,4684.065832
176,13,4529.493552
176,14,4480.369940
176,15,4429.053687
176,16,4416.043672
176,17,4365.896599
176,18,4354.758608
176,20,4283.715474
176,21,4270.684505
176,22,4242.032787
177,10,5638.874422
177,11,4712.732688
177,12,4684.065832
177,13,4529.493552
177,14,4470.383659
177,15,4428.944862
177,16,4359.289778
177,18,4354.758608
177,20,4265.315306
177,22,4242.032787
178,10,5638.874422
178,11,4712.732688
178,12,4673.948095
178,13,4529.493552
178,14,4470.383659
178,15,4428.944862
178,16,4359.289778
178,18,4354.758608
178,20,4265.315306
178,21,4242.508180
178,22,4242.032787
179,10,5633.148691
179,11,4712.732688
179,12,4673.948095
179,13,4529.493552
179,14,4470.383659
179,15,4428.944862
179,16,4359.289778
179,18,4354.758608
179,20,4265.315306
179,21,4242.508180
179,22,4242.032787
180,10,5632.797327
180,11,4711.102032
180,12,4673.920707
180,13,4518.155064
180,14,4423.694602
180,16,4359.289778
180,18,4354.758608
180,20,4265.315306
180,21,4235.381130
181,10,5632.797327
181,11,4711.102032
181,12,4673.920707
181,13,4518.155064
181,14,4423.694602
181,16,4359.289778
181,18,4354.758608
181,20,4265.315306
181,21,4235.381130
182,10,5632.797327
182,11,4711.102032
182,12,4667.420034
182,13,4518.155064
182,14,4423.694602
182,16,4359.289778
182,18,4354.758608
182,20,4265.315306
182,21,4235.381130
183,10,5618.549591
183,11,4711.102032
183,12,4637.053262
183,13,4518.155064
183,14,4415.863324
183,16,4353.655068
183,18,4347.536233
183,19,4264.794882
183,21,4235.381130
184,10,5611.772783
184,11,4711.102032
184,12,4637.053262
184,13,4518.155064
184,14,4404.520804
184,16,4353.655068
184,18,4347.536233
184,19,4264.794882
184,21,4235.381130
185,10,5541.876218
185,11,4699.639306
185,12,4637.053262
185,13,4518.155064
185,14,4404.520804
185,15,4389.424465
185,16,4353.655068
185,18,4347.536233
185,19,4264.794882
185,21,4235.381130
186,10,5541.876218
186,11,4699.639306
186,12,4637.053262
186,13,4518.155064
186,14,4396.021999
186,15,4382.221333
186,16,4344.099535
186,19,4264.794882
186,21,4235.381130
187,10,5541.876218
187,11,4699.639306
187,12,4637.053262
187,13,4518.155064
187,14,4396.021999
187,15,4382.221333
187,16,4344.099535
187,18,4330.421964
187,19,4264.794882
187,21,4235.381130
188,10,5541.876218
188,11,4699.639306
188,12,4637.053262
188,13,4518.155064
188,14,4396.021999
188,15,4382.221333
188,16,4344.099535
188,18,4330.421964
188,19,4264.794882
188,21,4235.381130
189,10,5527.740480
189,11,4686.771516
189,12,4578.566118
189,13,4516.896110
189,14,4349.481322
189,16,4339.221848
189,18,4322.146168
189,19,4264.794882
189,21,4227.627857
190,10,5527.740480
190,11,4686.771516
190,12,4578.566118
190,13,4516.896110
190,14,4349.481322
190,16,4339.221848
190,18,4322.146168
190,19,4264.794882
190,21,4227.627857
191,10,5527.051575
191,11,4686.771516
191,12,4578.566118
191,13,4516.896110
191,14,4349.481322
191,16,4339.221848
191,18,4322.146168
191,19,4264.794882
191,21,4227.627857
192,10,5510.452783
192,11,4686.771516
192,12,4578.267368
192,13,4516.884874
192,14,4349.481322
192,16,4336.412804
192,18,4317.435440
192,19,4264.794882
192,21,4226.445556
193,10,5503.946255
193,11,4686.771516
193,12,4578.267368
193,13,4516.884874
193,14,4349.481322
193,16,4336.412804
193,18,4317.435440
193,19,4264.794882
193,21,4226.445556
194,10,5503.946255
194,11,4686.771516
194,12,4578.267368
194,13,4516.884874
194,14,4349.481322
194,16,4336.412804
194,18,4317.435440
194,19,4264.794882
194,21,4226.445556
195,10,5447.061222
195,11,4686.771516
195,12,4578.267368
195,13,4516.884874
195,14,4349.481322
195,16,4281.336817
195,19,4264.794882
195,21,4226.445556
196,10,5267.136210
196,11,4686.771516
196,12,4578.267368
196,13,4516.884874
196,14,4348.198173
196,16,4281.336817
196,19,4264.794882
196,21,4226.445556
197,10,5267.136210
197,11,4686.771516
197,12,4578.267368
197,13,4497.481609
197,14,4348.198173
197,15,4345.421463
197,16,4281.336817
197,19,4264.794882
197,21,4226.445556
198,10,5208.973959
198,11,4683.616248
198,12,4578.030181
198,13,4497.481609
198,14,4344.311447
198,16,4281.336817
198,17,4264.237970
198,21,4226.445556
199,10,5208.973959
199,11,4683.616248
199,12,4578.030181
199,13,4497.481609
199,14,4344.311447
199,16,4281.336817
199,17,4263.074149
199,21,4226.445556
200,10,5208.973959
200,11,4683.616248
200,12,4578.030181
200,13,4497.481609
200,14,4344.311447
200,16,4281.336817
200,17,4263.074149
200,21,4226.445556
201,10,5139.676239
201,11,4683.616248
201,12,4577.799670
201,13,4496.886244
201,14,4325.298486
201,16,4270.184415
201,17,4252.046513
201,21,4212.152510
202,10,5139.676239
202,11,4683.616248
202,12,4577.799670
202,13,4496.886244
202,14,4325.298486
202,16,4270.184415
202,17,4252.046513
202,21,4212.152510
203,10,5139.676239
203,11,4683.616248
203,12,4577.799670
203,13,4496.886244
203,14,4325.298486
203,16,4270.184415
203,17,4252.046513
203,21,4212.152510
204,10,5127.749859
204,11,4682.190521
204,12,4576.459288
204,13,4495.752433
204,14,4324.365202
204,16,4270.184415
204,17,4252.046513
204,21,4202.437582
205,10,5127.749859
205,11,4682.190521
205,12,4576.459288
205,13,4495.752433
205,14,4324.365202
205,16,4270.184415
205,17,4252.046513
205,21,4202.437582
206,10,5127.749859
206,11,4680.532176
206,12,4576.459288
206,13,4495.752433
206,14,4324.365202
206,16,4270.184415
206,17,4252.046513
206,19,4249.226046
206,21,4202.437582
207,10,5126.656993
207,11,4669.173848
207,12,4576.459288
207,13,4495.752433
207,14,4317.808456
207,16,4270.184415
207,17,4250.874589
207,19,4249.226046
207,21,4202.437582
208,10,5126.656993
208,11,4669.173848
208,12,4576.459288
208,13,4495.752433
208,14,4317.808456
208,16,4270.184415
208,17,4250.874589
208,19,4249.226046
208,21,4202.437582
209,10,5126.656993
209,11,4669.173848
209,12,4576.459288
209,13,4495.752433
209,14,4317.808456
209,16,4270.184415
209,17,4250.874589
209,19,4249.226046
209,21,4202.437582
210,10,5090.240282
210,11,4657.364605
210,12,4574.532111
210,13,4495.752433
210,14,4317.782353
210,16,4270.184415
210,17,4250.874589
210,18,4241.139460
210,21,4202.437582
211,10,5090.240282
211,11,4657.364605
211,12,4574.532111
211,13,4495.752433
211,14,4317.782353
211,15,4304.238951
211,16,4270.184415
211,17,4250.874589
211,18,4241.139460
211,21,4202.437582
212,10,5090.240282
212,11,4657.364605
212,12,4574.532111
212,13,4495.752433
212,14,4317.782353
212,15,4304.238951
212,16,4270.184415
212,17,4250.874589
212,18,4241.139460
212,21,4202.437582
213,10,5082.418189
213,11,4657.300212
213,12,4573.626045
213,13,4495.752433
213,14,4311.029967
213,15,4304.238951
213,16,4270.184415
213,17,4250.874589
213,18,4241.139460
213,21,4202.437582
214,10,5082.418189
214,11,4657.300212
214,12,4573.626045
214,13,4495.752433
214,14,4311.029967
214,15,4304.238951
214,16,4270.184415
214,17,4250.874589
214,18,4241.139460
214,21,4202.437582
215,10,5082.418189
215,11,4654.332894
215,12,4573.626045
215,13,4495.752433
215,14,4301.869118
215,16,4270.184415
215,17,4250.874589
215,18,4241.139460
215,21,4202.437582
216,10,5076.334344
216,11,4654.332894
216,12,4573.626045
216,13,4471.274235
216,14,4301.869118
216,16,4259.156779
216,17,4250.864519
216,18,4241.093599
216,21,4202.437582
217,10,5076.334344
217,11,4654.332894
217,12,4573.626045
217,13,4471.274235
217,14,4301.869118
217,16,4259.156779
217,17,4250.864519
217,18,4230.401097
217,21,4202.437582
218,10,5076.334344
218,11,4654.332894
218,12,4573.626045
218,13,4471.274235
218,14,4301.869118
218,16,4259.156779
218,17,4250.864519
218,18,4230.401097
218,21,4202.437582
219,10,5076.334344
219,11,4654.332894
219,12,4564.439297
219,13,4471.274235
219,14,4297.523073
219,16,4259.156779
219,17,4250.864519
219,18,4226.346116
219,21,4202.437582
220,10,5071.458770
220,11,4654.332894
220,12,4564.439297
220,13,4471.274235
220,14,4282.097664
220,16,4259.156779
220,17,4250.864519
220,18,4226.346116
220,21,4202.437582
221,10,5071.458770
221,11,4654.332894
221,12,4564.439297
221,13,4471.274235
221,14,4282.097664
221,16,4259.156779
221,17,4250.864519
221,18,4226.346116
221,21,4202.437582
222,10,5071.458770
222,11,4634.907075
222,12,4564.439297
222,13,4471.274235
222,14,4281.783825
222,16,4251.091798
222,17,4229.044907
222,18,4207.167752
222,21,4202.437582
223,10,5071.458770
223,11,4621.196126
223,12,4564.439297
223,13,4471.274235
223,14,4265.498064
223,16,4251.091798
223,17,4229.044907
223,18,4207.167752
223,21,4202.437582
224,10,5071.458770
224,11,4621.196126
224,12,4564.439297
224,13,4471.274235
224,14,4265.498064
224,16,4251.091798
224,17,4218.074160
224,18,4207.167752
224,21,4202.437582
225,10,5071.458770
225,11,4621.196126
225,12,4544.888132
225,13,4471.274235
225,14,4260.993296
225,16,4251.091798
225,17,4216.902236
225,18,4203.399133
225,21,4181.024949
226,10,5071.458770
226,11,4621.196126
226,12,4544.888132
226,13,4471.274235
226,14,4260.993296
226,16,4251.091798
226,17,4216.902236
226,18,4203.399133
226,21,4181.024949
227,10,5064.425777
227,11,4621.196126
227,12,4544.888132
227,13,4471.274235
227,14,4260.993296
227,16,4251.091798
227,17,4216.902236
227,18,4203.399133
227,21,4181.024949
228,10,5038.047705
228,11,4608.123210
228,12,4464.746280
228,14,4260.771531
228,16,4251.091798
228,17,4216.902236
228,18,4193.088715
228,20,4166.867091
229,10,5038.047705
229,11,4608.123210
229,12,4464.746280
229,14,4260.771531
229,16,4251.091798
229,17,4216.902236
229,18,4193.088715
229,20,4166.867091
230,10,5038.047705
230,11,4608.123210
230,12,4464.746280
230,14,4260.771531
230,16,4251.091798
230,17,4216.902236
230,18,4193.088715
230,20,4166.867091
231,10,5033.094312
231,11,4601.653998
231,12,4464.746280
231,14,4260.771531
231,16,4247.199975
231,17,4216.902236
231,18,4193.088715
231,20,4166.867091
232,10,5017.180360
232,11,4601.653998
232,12,4464.746280
232,14,4260.771531
232,16,4247.199975
232,17,4216.902236
232,18,4193.088715
232,20,4166.867091
233,10,4994.348523
233,11,4591.146598
233,12,4464.746280
233,14,4251.506673
233,16,4247.199975
233,17,4216.902236
233,18,4193.088715
233,20,4166.867091
234,10,4994.348523
234,11,4591.146598
234,12,4464.746280
234,14,4249.248882
234,16,4247.199975
234,17,4215.689797
234,18,4192.915602
234,20,4166.867091
235,10,4994.348523
235,11,4591.146598
235,12,4464.746280
235,14,4249.248882
235,16,4247.199975
235,17,4215.689797
235,18,4192.915602
235,20,4166.867091
236,10,4994.348523
236,11,4589.102062
236,12,4464.746280
236,14,4249.248882
236,16,4247.199975
236,17,4215.689797
236,18,4192.915602
236,20,4166.867091
237,10,4994.348523
237,11,4589.102062
237,12,4448.580094
237,14,4241.601104
237,17,4215.689797
237,18,4186.912231
237,20,4166.867091
238,10,4994.348523
238,11,4577.206263
238,12,4448.580094
238,14,4241.601104
238,17,4215.689797
238,18,4186.912231
238,20,4166.867091
239,10,4994.348523
239,11,4577.206263
239,12,4448.580094
239,13,4415.995333
239,14,4241.601104
239,17,4215.689797
239,18,4186.912231
239,20,4166.867091
240,10,4994.348523
240,11,4564.013360
240,12,4448.580094
240,13,4415.995333
240,14,4241.083119
240,17,4215.055051
240,18,4180.882152
240,20,4166.079698
241,10,4976.209614
241,11,4564.013360
241,12,4448.580094
241,13,4415.995333
241,14,4241.083119
241,17,4215.055051
241,18,4175.773554
241,20,4166.079698
242,10,4929.804574
242,11,4564.013360
242,12,4448.580094
242,13,4415.995333
242,14,4216.728402
242,17,4215.055051
242,18,4175.773554
242,20,4166.079698
243,10,4929.804574
243,11,4564.013360
243,12,4448.580094
243,13,4401.113775
243,14,4216.728402
243,17,4212.194833
243,18,4175.773554
243,20,4166.079698
244,10,4929.804574
244,11,4564.013360
244,12,4436.271371
244,13,4401.113775
244,14,4216.728402
244,17,4212.194833
244,18,4175.773554
244,20,4166.079698
245,10,4929.804574
245,11,4562.036020
245,12,4436.271371
245,13,4401.113775
245,14,4216.728402
245,17,4212.194833
245,18,4175.773554
245,20,4166.079698
246,10,4929.804574
246,11,4560.598558
246,12,4429.301280
246,13,4385.619796
246,14,4216.728402
246,17,4212.194833
246,18,4175.773554
246,20,4166.079698
247,10,4929.804574
247,11,4560.598558
247,12,4429.301280
247,13,4385.619796
247,14,4216.728402
247,17,4212.194833
247,18,4166.173306
247,20,4166.079698
248,10,4929.804574
248,11,4560.598558
248,12,4429.301280
248,13,4385.619796
248,14,4216.728402
248,17,4212.194833
248,18,4166.173306
248,20,4166.079698
249,10,4929.360107
249,11,4560.598558
249,12,4429.301280
249,13,4378.670985
249,14,4211.916856
249,17,4209.819859
249,18,4165.835837
250,10,4900.391870
250,11,4560.598558
250,12,4429.301280
250,13,4378.670985
250,14,4211.916856
250,17,4209.819859
250,18,4165.835837
251,10,4900.391870
251,11,4560.598558
251,12,4429.301280
251,13,4378.670985
251,14,4211.916856
251,17,4209.819859
251,18,4165.835837
252,10,4900.391870
252,11,4560.363373
252,12,4429.301280
252,13,4378.670985
252,14,4211.916856
252,17,4209.819859
252,18,4165.835837
253,10,4900.391870
253,11,4560.363373
253,12,4429.301280
253,13,4378.670985
253,14,4211.916856
253,17,4209.819859
253,18,4165.835837
254,10,4900.391870
254,11,4560.363373
254,12,4429.301280
254,13,4378.670985
254,14,4211.916856
254,17,4209.819859
254,18,4165.835837
255,10,4900.391870
255,11,4560.363373
255,12,4429.301280
255,13,4377.511853
255,14,4211.398871
255,17,4209.511196
255,18,4165.835837
256,10,4900.391870
256,11,4560.363373
256,12,4422.021340
256,13,4377.511853
256,14,4211.398871
256,17,4209.511196
256,18,4165.835837
257,10,4897.219371
257,11,4560.363373
257,12,4422.021340
257,13,4377.511853
257,14,4211.398871
257,17,4209.511196
257,18,4165.835837
258,10,4897.219371
258,11,4556.219549
258,12,4418.061178
258,13,4377.194381
258,14,4206.916206
258,18,4165.835837
259,10,4897.219371
259,11,4556.219549
259,12,4418.061178
259,13,4377.194381
259,14,4206.916206
259,18,4165.835837
259,19,4155.806799
260,10,4897.219371
260,11,4556.219549
260,12,4417.366222
260,13,4377.194381
260,14,4206.916206
260,18,4165.835837
260,19,4155.806799
261,10,4864.021295
261,11,4555.562116
261,12,4413.422847
261,13,4377.194381
261,14,4205.751945
261,17,4119.544526
262,10,4864.021295
262,11,4555.562116
262,12,4402.500975
262,13,4377.194381
262,14,4205.751945
262,17,4119.544526
263,10,4864.021295
263,11,4555.562116
263,12,4402.500975
263,13,4377.194381
263,14,4205.751945
263,17,4119.544526
264,10,4861.704559
264,11,4532.342474
264,12,4402.500975
264,13,4376.588712
264,14,4205.751945
264,17,4119.544526
265,10,4861.704559
265,11,4532.342474
265,12,4402.500975
265,13,4376.588712
265,14,4205.751945
265,17,4119.544526
266,10,4861.704559
266,11,4532.342474
266,12,4402.500975
266,13,4376.588712
266,14,4205.751945
266,17,4119.544526
267,10,4843.103350
267,11,4532.342474
267,12,4402.500975
267,13,4376.588712
267,14,4203.562657
267,17,4115.613427
268,10,4843.103350
268,11,4532.342474
268,12,4402.500975
268,13,4265.106725
268,14,4203.562657
268,16,4134.434164
268,17,4115.613427
269,10,4843.103350
269,11,4532.342474
269,12,4402.500975
269,13,4265.106725
269,14,4203.562657
269,16,4134.434164
269,17,4115.613427
270,10,4824.707568
270,11,4506.290049
270,12,4402.500975
270,13,4244.616391
270,14,4203.562657
270,16,4134.434164
270,17,4114.547147
271,10,4810.682476
271,11,4506.290049
271,12,4402.500975
271,13,4244.616391
271,14,4203.562657
271,16,4134.434164
271,17,4114.547147
272,10,4810.682476
272,11,4506.290049
272,12,4402.500975
272,13,4244.616391
272,14,4203.562657
272,16,4134.434164
272,17,4114.547147
273,10,4810.682476
273,11,4502.263863
273,12,4401.182054
273,13,4244.531178
273,14,4203.466783
273,16,4134.434164
273,17,4114.547147
274,10,4810.682476
274,11,4474.463813
274,12,4401.182054
274,13,4244.531178
274,14,4203.466783
274,16,4134.434164
274,17,4112.978492
275,10,4810.682476
275,11,4474.463813
275,12,4401.182054
275,13,4244.531178
275,14,4203.466783
275,16,4134.434164
275,17,4112.978492
276,10,4810.682476
276,11,4474.463813
276,12,4401.182054
276,13,4232.493505
276,14,4195.912305
276,16,4134.428090
276,17,4103.936663
277,10,4810.682476
277,11,4474.463813
277,12,4401.182054
277,13,4232.493505
277,14,4195.912305
277,16,4134.428090
277,17,4103.936663
278,10,4810.682476
278,11,4474.463813
278,12,4401.182054
278,13,4232.493505
278,14,4195.912305
278,16,4134.428090
278,17,4103.936663
279,10,4809.057872
279,11,4474.463813
279,12,4401.182054
279,13,4228.827081
279,14,4194.869929
279,16,4133.596325
279,17,4101.370276
280,10,4809.057872
280,11,4474.463813
280,12,4401.182054
280,13,4228.827081
280,14,4194.869929
280,16,4133.596325
280,17,4101.370276
281,10,4809.057872
281,11,4474.463813
281,12,4401.182054
281,13,4228.827081
281,14,4194.869929
281,16,4133.596325
281,17,4101.370276
282,10,4809.057872
282,11,4474.336832
282,12,4401.182054
282,13,4228.227905
282,14,4189.113693
282,16,4133.596325
282,17,4101.370276
283,10,4809.057872
283,11,4474.336832
283,12,4401.182054
283,13,4228.227905
283,14,4189.113693
283,16,4133.596325
283,17,4082.521423
284,10,4682.732706
284,11,4474.336832
284,12,4401.182054
284,13,4228.227905
284,14,4189.113693
284,16,4133.596325
284,17,4082.521423
285,10,4618.699216
285,11,4474.336832
285,12,4401.182054
285,13,4228.227905
285,14,4188.270004
285,16,4078.523707
286,10,4618.699216
286,11,4474.336832
286,12,4401.182054
286,13,4228.227905
286,14,4188.270004
286,16,4078.523707
287,10,4618.699216
287,11,4474.336832
287,12,4401.182054
287,13,4228.227905
287,14,4188.270004
287,16,4078.523707
288,10,4618.699216
288,11,4474.336832
288,12,4401.182054
288,13,4228.198633
288,14,4188.270004
288,16,4077.705062
289,10,4618.699216
289,11,4474.336832
289,12,4401.182054
289,13,4228.198633
289,14,4188.270004
289,16,4077.705062
290,10,4618.699216
290,11,4474.336832
290,12,4392.467898
290,13,4228.198633
290,14,4188.270004
290,16,4077.705062
291,10,4618.699216
291,11,4474.336832
291,12,4392.467898
291,13,4228.198633
291,14,4187.412222
291,16,4077.705062
292,10,4618.699216
292,11,4474.336832
292,12,4392.467898
292,13,4228.198633
292,14,4180.970633
292,16,4077.705062
293,10,4618.699216
293,11,4474.336832
293,12,4392.467898
293,13,4228.198633
293,14,4180.970633
293,16,4077.705062
294,10,4608.376511
294,11,4474.336832
294,12,4391.689462
294,13,4228.198633
294,14,4180.516459
294,16,4077.113535
295,10,4608.376511
295,11,4474.336832
295,12,4391.689462
295,13,4212.024730
295,14,4180.516459
295,16,4077.113535
296,10,4608.376511
296,11,4474.336832
296,12,4391.689462
296,13,4212.024730
296,14,4180.516459
296,16,4077.113535
297,10,4607.287860
297,11,4471.321783
297,12,4391.689462
297,13,4212.024730
297,14,4180.376931
297,16,4076.658419
298,10,4607.287860
298,11,4471.321783
298,12,4391.689462
298,13,4212.024730
298,14,4180.376931
298,16,4076.658419
299,10,4607.287860
299,11,4471.321783
299,12,4391.689462
299,13,4212.024730
299,14,4180.376931
299,16,4076.658419
300,10,4606.551302
300,11,4470.834943
300,12,4387.029123
300,13,4212.024730
300,14,4180.376931
300,16,4076.658419
301,10,4606.551302
301,11,4470.834943
301,12,4387.029123
301,13,4212.024730
301,14,4180.376931
301,16,4076.658419
302,10,4588.963947
302,11,4470.834943
302,12,4385.526407
302,13,4212.024730
302,14,4180.376931
302,16,4076.658419
303,10,4588.443056
303,11,4470.834943
303,12,4385.526407
303,13,4211.794225
303,14,4180.376931
303,16,4076.658419
304,10,4588.443056
304,11,4470.834943
304,12,4385.526407
304,13,4211.794225
304,14,4180.376931
304,16,4076.658419
305,10,4588.443056
305,11,4457.602312
305,12,4385.526407
305,13,4206.415321
305,14,4180.376931
305,15,4177.339191
305,16,4076.658419
306,10,4583.336765
306,11,4457.081362
306,12,4384.659094
306,13,4206.415321
306,14,4180.376931
306,15,4177.339191
306,16,4076.658419
307,10,4583.336765
307,11,4457.081362
307,12,4382.591452
307,13,4206.415321
307,14,4180.376931
307,15,4177.339191
307,16,4076.658419
307,17,4062.750227
308,10,4583.336765
308,11,4457.081362
308,12,4382.591452
308,13,4206.415321
308,14,4180.376931
308,15,4167.419129
308,16,4076.658419
308,17,4062.750227
309,10,4579.036038
309,11,4457.022947
309,12,4371.569292
309,13,4206.403458
309,14,4176.968344
309,15,4167.419129
309,16,4076.658419
309,17,4062.750227
310,10,4576.430621
310,11,4457.022947
310,12,4371.569292
310,13,4204.972819
310,14,4176.968344
310,15,4167.419129
310,16,4076.658419
310,17,4062.750227
311,10,4576.430621
311,11,4429.806409
311,12,4371.569292
311,13,4204.972819
311,14,4176.968344
311,15,4167.419129
311,16,4076.658419
311,17,4062.750227
312,10,4574.763502
312,11,4429.806409
312,12,4371.569292
312,13,4202.583465
312,14,4171.693281
312,15,4167.419129
312,16,4076.658419
312,17,4062.750227
313,10,4574.763502
313,11,4422.412753
313,12,4371.569292
313,13,4202.583465
313,14,4171.693281
313,15,4167.419129
313,16,4076.658419
313,17,4062.750227
314,10,4574.763502
314,11,4414.364011
314,12,4371.569292
314,13,4202.583465
314,14,4171.693281
314,15,4167.419129
314,16,4076.658419
314,17,4062.750227
315,10,4574.763502
315,11,4414.364011
315,12,4371.569292
315,13,4202.583465
315,14,4171.693281
315,15,4166.742984
315,16,4074.947595
315,17,4062.750227
316,10,4574.763502
316,11,4414.364011
316,12,4371.569292
316,13,4202.583465
316,14,4152.108816
316,16,4074.947595
316,17,4062.750227
317,10,4574.763502
317,11,4414.364011
317,12,4371.569292
317,13,4202.583465
317,14,4152.108816
317,16,4074.947595
317,17,4062.750227
318,10,4568.747497
318,11,4385.566980
318,12,4371.569292
318,13,4202.583465
318,14,4143.126043
318,16,4069.379624
318,17,4062.434813
319,10,4568.747497
319,11,4385.566980
319,12,4371.569292
319,13,4202.583465
319,14,4143.126043
319,16,4069.379624
319,17,4062.434813
320,10,4568.747497
320,11,4385.566980
320,12,4371.569292
320,13,4202.583465
320,14,4143.126043
320,16,4069.379624
320,17,4062.434813
321,10,4568.747497
321,11,4385.566980
321,12,4371.569292
321,13,4202.571602
321,14,4140.288498
321,16,4054.643741
322,10,4568.747497
322,11,4385.566980
322,12,4371.569292
322,13,4202.571602
322,14,4140.288498
322,16,4054.643741
323,10,4568.747497
323,11,4385.566980
323,12,4371.569292
323,13,4202.571602
323,14,4140.288498
323,16,4054.643741
324,10,4568.747497
324,11,4385.566980
324,12,4371.569292
324,13,4189.198945
324,14,4130.958709
324,16,4053.784198
325,10,4568.747497
325,11,4385.566980
325,12,4371.569292
325,13,4189.198945
325,14,4130.958709
325,16,4053.784198
326,10,4568.747497
326,11,4385.566980
326,12,4371.569292
326,13,4189.198945
326,14,4130.958709
326,16,4053.784198
