Generation,NV,TOC
1,20,5564.242768
1,23,5555.970162
1,24,5448.856877
1,26,5090.110589
1,32,4643.052677
1,34,4284.396060
1,36,4033.035769
1,39,3991.554785
1,41,3983.208304
1,46,3875.351558
2,19,5685.336876
2,20,5127.637535
2,24,4985.857132
2,26,4933.995056
2,27,4857.343248
2,29,4358.237883
2,32,4220.393740
2,36,3907.640914
2,41,3821.197722
3,19,5685.336876
3,20,5127.637535
3,22,4980.650901
3,23,4706.103201
3,28,4481.305620
3,29,4358.237883
3,32,4220.393740
3,34,3826.346455
3,35,3794.492418
3,44,3735.056051
4,18,5628.714832
4,20,5033.526646
4,22,4980.650901
4,23,4706.103201
4,25,4569.413202
4,27,4369.198793
4,28,4132.762259
4,30,3939.101661
4,34,3826.346455
4,35,3794.492418
4,36,3766.314785
4,39,3764.994581
4,41,3713.435485
4,50,3595.087227
5,18,5628.714832
5,19,5029.290093
5,21,4948.096051
5,23,4460.367969
5,26,4061.357737
5,30,3939.101661
5,34,3826.346455
5,35,3794.492418
5,36,3766.314785
5,38,3757.258958
5,41,3713.435485
5,42,3619.436990
5,50,3595.087227
6,18,5628.714832
6,19,4810.744072
6,21,4575.252790
6,23,3920.610122
6,27,3758.178224
6,38,3757.258958
6,39,3724.945711
6,41,3713.435485
6,42,3619.436990
6,50,3595.087227
7,18,4986.940395
7,19,4810.744072
7,21,4575.252790
7,23,3920.610122
7,27,3758.178224
7,38,3757.258958
7,39,3724.945711
7,40,3587.245659
8,17,4874.408588
8,19,4781.898257
8,20,4699.886519
8,21,4495.012169
8,23,3920.610122
8,26,3872.818438
8,27,3758.178224
8,30,3725.254975
8,35,3707.315637
8,38,3666.417077
8,40,3519.440647
9,17,4874.408588
9,19,4744.662540
9,20,4634.871160
9,21,4495.012169
9,22,4169.498232
9,23,3920.610122
9,25,3741.880960
9,30,3725.254975
9,35,3703.739061
9,38,3519.093957
9,42,3480.106998
10,17,4874.408588
10,19,4336.500653
10,22,4169.498232
10,23,3920.610122
10,25,3741.880960
10,29,3654.107040
10,31,3586.545334
10,38,3519.093957
10,42,3480.106998
11,17,4874.408588
11,18,4392.402945
11,19,4336.500653
11,21,4059.002824
11,23,3920.610122
11,24,3886.848493
11,25,3741.880960
11,29,3654.107040
11,31,3586.545334
11,38,3519.093957
11,42,3456.633442
12,17,4698.006656
12,18,4392.402945
12,19,4336.500653
12,21,4059.002824
12,23,3872.499655
12,24,3607.950957
12,29,3579.613798
12,38,3519.093957
12,42,3456.633442
13,17,4698.006656
13,18,4392.402945
13,19,4336.500653
13,20,4315.000324
13,21,4059.002824
13,22,3979.278379
13,23,3872.499655
13,24,3607.950957
13,29,3579.613798
13,30,3555.831425
13,38,3519.093957
13,39,3461.235691
13,42,3456.633442
14,17,4677.190851
14,18,4392.402945
14,19,4216.133224
14,20,4101.779300
14,21,3837.013499
14,24,3607.950957
14,26,3571.991787
14,30,3536.133255
14,38,3491.609548
14,39,3461.235691
14,42,3456.633442
15,17,4624.896390
15,18,4392.402945
15,19,4216.133224
15,20,3897.975800
15,21,3829.012138
15,23,3816.479613
15,24,3607.950957
15,25,3598.792200
15,26,3571.991787
15,30,3536.133255
15,38,3491.609548
15,39,3461.235691
15,42,3456.633442
16,17,4446.710029
16,18,3888.750851
16,21,3829.012138
16,23,3792.782482
16,24,3607.950957
16,25,3464.701363
16,39,3461.235691
16,42,3456.633442
17,17,4446.710029
17,18,3888.750851
17,19,3670.304187
17,24,3607.950957
17,25,3464.701363
17,28,3426.268122
17,33,3351.877976
18,17,4446.710029
18,18,3868.258422
18,19,3670.304187
18,24,3409.387390
18,30,3358.524847
18,33,3351.877976
19,16,4492.423354
19,17,4140.546877
19,18,3834.740120
19,19,3670.304187
19,24,3409.387390
19,29,3386.054995
19,30,3358.524847
19,33,3351.877976
19,35,3338.114989
20,16,4492.423354
20,17,4140.546877
20,18,3834.740120
20,19,3670.304187
20,23,3644.445839
20,24,3409.387390
20,29,3386.054995
20,30,3358.524847
20,31,3355.546544
20,32,3355.203511
20,33,3351.877976
20,35,3338.114989
21,16,4415.890821
21,17,4140.546877
21,18,3834.740120
21,19,3670.304187
21,22,3633.863873
21,24,3409.387390
21,26,3360.017232
21,30,3358.524847
21,31,3355.546544
21,32,3355.203511
21,33,3351.877976
21,35,3338.114989
22,16,4415.890821
22,17,3791.926316
22,19,3670.304187
22,22,3633.863873
22,23,3543.408088
22,24,3409.387390
22,26,3360.017232
22,28,3309.489451
23,16,4415.890821
23,17,3791.926316
23,18,3733.717284
23,19,3670.304187
23,21,3427.799244
23,24,3409.387390
23,26,3360.017232
23,28,3309.489451
23,29,3252.194693
24,16,3791.241991
24,17,3775.244872
24,18,3725.404212
24,19,3670.304187
24,20,3623.083903
24,21,3427.799244
24,24,3394.163216
24,26,3360.017232
24,28,3309.489451
24,29,3252.194693
25,16,3696.890640
25,19,3670.304187
25,20,3559.417651
25,21,3427.799244
25,24,3393.815658
25,26,3336.210607
25,28,3257.397123
25,29,3252.194693
26,15,4602.079102
26,16,3692.067134
26,18,3630.137332
26,20,3559.417651
26,21,3427.799244
26,23,3374.639511
26,25,3341.061986
26,26,3280.124593
26,28,3257.397123
26,29,3252.194693
26,32,3242.866384
27,15,4465.507929
27,16,3692.067134
27,17,3482.870635
27,20,3444.190363
27,21,3413.477483
27,23,3374.639511
27,25,3317.878440
27,26,3280.124593
27,28,3257.397123
27,29,3252.194693
27,31,3202.294374
28,15,4230.265354
28,16,3692.067134
28,17,3482.870635
28,20,3444.190363
28,21,3413.477483
28,23,3374.639511
28,25,3317.878440
28,26,3280.124593
28,28,3257.397123
28,29,3252.194693
28,30,3156.528327
28,31,3131.602334
29,15,4230.265354
29,16,3692.067134
29,17,3482.870635
29,20,3444.190363
29,21,3413.477483
29,23,3374.639511
29,24,3362.875611
29,25,3317.878440
29,26,3280.124593
29,28,3257.397123
29,29,3252.194693
29,30,3156.528327
29,31,3131.602334
30,14,5650.880338
30,15,3984.562582
30,16,3692.067134
30,17,3482.870635
30,20,3444.190363
30,21,3413.477483
30,22,3339.582120
30,23,3311.996150
30,25,3288.070694
30,26,3212.804553
30,30,3156.528327
30,31,3131.602334
31,14,5650.880338
31,15,3984.562582
31,16,3509.067077
31,17,3482.870635
31,20,3294.567951
31,22,3281.312835
31,25,3085.692278
31,28,3074.333435
32,14,5650.880338
32,15,3984.562582
32,16,3509.067077
32,17,3482.870635
32,18,3271.820125
32,25,3085.692278
32,28,3074.333435
33,14,5650.880338
33,15,3984.562582
33,16,3509.067077
33,17,3482.870635
33,18,3271.820125
33,25,3085.692278
33,28,3074.333435
34,14,5650.880338
34,15,3984.562582
34,16,3509.067077
34,17,3482.870635
34,18,3271.820125
34,22,3266.527339
34,25,3085.692278
34,28,3074.333435
35,14,4685.402402
35,15,3984.562582
35,16,3509.067077
35,17,3482.870635
35,18,3271.820125
35,22,3266.527339
35,25,3085.692278
35,28,3074.333435
36,14,4685.402402
36,15,3937.803240
36,16,3509.067077
36,17,3482.870635
36,18,3240.309974
36,25,3085.692278
36,28,3074.333435
37,14,4532.725139
37,15,3937.803240
37,16,3509.067077
37,17,3464.337650
37,18,3231.134884
37,25,3085.692278
37,28,3074.333435
38,14,4412.236368
38,15,3937.803240
38,16,3509.067077
38,17,3464.337650
38,18,3231.134884
38,25,3085.692278
38,28,3074.333435
39,14,4095.071948
39,15,3937.803240
39,16,3509.067077
39,17,3464.337650
39,18,3231.134884
39,25,3085.692278
39,28,3074.333435
40,14,4095.071948
40,15,3937.803240
40,16,3509.067077
40,17,3464.337650
40,18,3231.134884
40,25,3085.692278
40,28,3074.333435
41,14,4095.071948
41,15,3937.803240
41,16,3509.067077
41,17,3412.261354
41,18,3231.134884
41,19,3213.944440
41,25,3085.692278
41,27,3062.186976
42,14,4095.071948
42,15,3804.843211
42,16,3509.067077
42,17,3412.261354
42,18,3231.134884
42,19,3213.944440
42,24,3054.509772
43,14,4095.071948
43,15,3804.843211
43,16,3179.551480
43,23,3029.807865
44,13,4317.478060
44,14,4037.780850
44,15,3804.843211
44,16,3179.551480
44,17,3145.088194
44,20,3143.018658
44,23,3029.807865
45,13,4317.310795
45,14,4037.780850
45,15,3752.559957
45,16,3179.551480
45,17,3145.088194
45,20,3143.018658
45,21,3115.514505
45,23,3029.807865
45,25,3008.805500
46,13,4253.775025
46,14,3965.367782
46,15,3726.385260
46,16,3147.425018
46,17,3141.931382
46,21,3108.911977
46,23,3011.532031
46,24,2978.214075
47,12,4626.625156
47,13,4253.775025
47,14,3965.367782
47,15,3726.385260
47,16,3147.425018
47,17,3141.931382
47,21,3108.911977
47,23,3011.532031
47,24,2978.214075
48,12,4626.625156
48,13,4253.775025
48,14,3965.367782
48,15,3726.385260
48,16,3147.425018
48,17,3141.931382
48,21,3108.911977
48,23,3011.532031
48,24,2978.214075
49,12,4626.625156
49,13,4253.775025
49,14,3887.964553
49,15,3726.385260
49,16,3147.425018
49,17,3141.931382
49,20,3044.534488
49,23,2978.190325
50,12,4626.625156
50,13,4151.688351
50,14,3887.964553
50,15,3501.816151
50,16,3147.425018
50,17,3131.953921
50,18,3032.400550
50,22,2996.297076
50,23,2978.190325
51,12,4626.625156
51,13,4151.688351
51,14,3887.964553
51,15,3501.816151
51,16,3147.425018
51,17,3047.164696
51,18,3032.400550
51,22,2996.297076
51,23,2978.190325
52,12,4626.625156
52,13,4147.315517
52,14,3887.964553
52,15,3501.816151
52,16,3147.425018
52,17,3047.164696
52,18,3032.400550
52,22,2996.297076
52,23,2978.190325
53,12,4626.625156
53,13,4147.315517
53,14,3887.964553
53,15,3501.816151
53,16,3147.425018
53,17,3047.164696
53,18,3032.400550
53,22,2996.297076
53,23,2978.190325
54,12,4626.625156
54,13,4147.315517
54,14,3887.964553
54,15,3501.816151
54,16,3147.425018
54,17,3047.164696
54,18,3032.400550
54,22,2967.416995
55,12,4626.625156
55,13,4147.315517
55,14,3887.964553
55,15,3501.816151
55,16,3147.425018
55,17,3047.164696
55,18,3032.400550
55,22,2967.416995
56,12,4626.625156
56,13,4147.315517
56,14,3887.964553
56,15,3501.816151
56,16,3147.425018
56,17,3047.164696
56,18,3002.452974
56,22,2967.416995
57,12,4626.625156
57,13,4147.315517
57,14,3887.964553
57,15,3321.776756
57,16,3147.425018
57,17,3047.164696
57,18,3002.452974
57,22,2967.416995
58,12,4626.625156
58,13,4147.315517
58,14,3365.720138
58,15,3321.776756
58,16,3147.425018
58,17,3047.164696
58,18,3002.452974
58,22,2967.416995
59,12,4445.655645
59,13,4147.315517
59,14,3365.720138
59,15,3321.776756
59,16,3147.425018
59,17,3045.438453
59,18,3002.452974
59,22,2967.416995
60,12,4240.609984
60,13,4147.315517
60,14,3365.720138
60,15,3321.776756
60,16,3147.425018
60,17,2986.226691
60,22,2967.416995
61,12,4240.609984
61,13,4147.315517
61,14,3365.720138
61,15,3285.029351
61,16,3138.865743
61,17,2982.970691
61,18,2944.585885
62,12,4240.609984
62,13,3796.370960
62,14,3365.720138
62,15,3285.029351
62,16,3138.865743
62,17,2982.970691
62,18,2944.585885
63,12,4107.227076
63,13,3796.370960
63,14,3365.720138
63,15,3285.029351
63,16,3138.865743
63,17,2982.970691
63,18,2944.585885
64,12,4107.227076
64,13,3796.370960
64,14,3365.720138
64,15,3180.991468
64,16,3138.865743
64,17,2982.970691
64,18,2944.585885
65,12,4107.227076
65,13,3796.370960
65,14,3365.720138
65,15,3180.991468
65,16,3131.019691
65,17,2982.970691
65,18,2944.585885
66,12,4107.227076
66,13,3796.370960
66,14,3365.720138
66,15,3180.991468
66,16,3131.019691
66,17,2982.970691
66,18,2944.585885
67,12,4107.227076
67,13,3796.370960
67,14,3365.720138
67,15,3180.991468
67,16,3131.019691
67,17,2982.970691
67,18,2944.585885
68,12,4107.227076
68,13,3796.370960
68,14,3263.536711
68,15,3180.991468
68,16,3131.019691
68,17,2982.970691
68,18,2944.585885
69,12,4107.227076
69,13,3796.370960
69,14,3263.536711
69,15,3180.991468
69,16,3131.019691
69,17,2982.970691
69,18,2944.585885
70,12,4107.227076
70,13,3697.254053
70,14,3083.992691
70,17,2982.970691
70,18,2944.585885
71,12,4107.227076
71,13,3697.254053
71,14,3083.992691
71,17,2982.970691
71,18,2944.585885
72,12,4107.227076
72,13,3697.254053
72,14,3083.992691
72,17,2982.970691
72,18,2944.585885
72,22,2932.301013
73,12,4107.227076
73,13,3697.254053
73,14,3083.992691
73,17,2982.970691
73,18,2944.585885
73,22,2932.301013
74,12,4107.227076
74,13,3632.139369
74,14,3083.992691
74,17,2982.970691
74,18,2944.585885
74,22,2932.301013
74,23,2926.731725
75,12,4103.752197
75,13,3632.139369
75,14,3083.992691
75,17,2982.970691
75,18,2944.585885
75,22,2932.301013
75,23,2926.731725
76,12,3760.290276
76,13,3616.520019
76,14,3083.992691
76,17,2976.825651
76,18,2934.800606
76,22,2932.301013
76,23,2916.237378
77,11,4532.229726
77,12,3760.290276
77,13,3616.520019
77,14,3083.992691
77,17,2976.825651
77,18,2934.800606
77,22,2932.301013
77,23,2916.237378
78,11,4532.229726
78,12,3760.290276
78,13,3616.520019
78,14,3083.992691
78,17,2976.825651
78,18,2934.800606
78,22,2932.301013
78,23,2916.237378
79,11,4532.229726
79,12,3760.290276
79,13,3616.520019
79,14,3083.992691
79,17,2976.825651
79,18,2934.800606
79,22,2932.301013
79,23,2916.237378
80,11,4532.229726
80,12,3760.290276
80,13,3616.520019
80,14,3083.992691
80,15,3069.325888
80,17,2976.825651
80,18,2934.800606
80,21,2898.861765
81,11,4532.229726
81,12,3760.290276
81,13,3616.520019
81,14,3083.992691
81,15,3069.325888
81,17,2976.825651
81,18,2934.800606
81,21,2898.861765
82,11,4532.229726
82,12,3760.290276
82,13,3616.520019
82,14,3083.992691
82,15,3069.325888
82,17,2976.825651
82,18,2934.800606
82,21,2898.861765
83,11,4532.229726
83,12,3760.290276
83,13,3616.520019
83,14,3083.992691
83,15,3069.325888
83,17,2976.825651
83,18,2934.800606
83,21,2898.861765
84,11,4532.229726
84,12,3760.290276
84,13,3616.520019
84,14,3083.992691
84,15,3069.325888
84,17,2976.825651
84,18,2934.800606
84,21,2898.861765
85,11,4063.725378
85,12,3760.290276
85,13,3616.520019
85,14,3083.992691
85,15,3069.325888
85,17,2976.825651
85,18,2934.800606
85,21,2898.861765
86,11,4063.725378
86,12,3760.290276
86,13,3454.074058
86,14,3043.047909
86,15,3013.761087
86,17,2976.825651
86,18,2934.800606
86,21,2898.861765
87,11,4063.725378
87,12,3760.290276
87,13,3441.013688
87,14,3043.047909
87,15,2999.217937
87,17,2976.825651
87,18,2934.800606
87,21,2898.861765
88,11,4063.725378
88,12,3760.290276
88,13,3441.013688
88,14,3043.047909
88,15,2999.217937
88,16,2950.850574
88,18,2885.124287
89,11,4063.725378
89,12,3760.290276
89,13,3441.013688
89,14,3043.047909
89,15,2967.055212
89,16,2950.850574
89,18,2875.718437
90,11,4063.725378
90,12,3760.290276
90,13,3441.013688
90,14,3043.047909
90,15,2967.055212
90,16,2950.850574
90,18,2875.718437
91,11,4063.725378
91,12,3730.184665
91,13,3420.441187
91,14,3043.047909
91,15,2967.055212
91,16,2910.396159
91,18,2875.718437
92,11,4063.725378
92,12,3730.184665
92,13,3420.441187
92,14,3043.047909
92,15,2967.055212
92,16,2910.396159
92,18,2875.718437
93,11,3952.816767
93,12,3730.184665
93,13,3420.441187
93,14,3043.047909
93,15,2967.055212
93,16,2910.396159
93,18,2875.718437
94,11,3952.816767
94,12,3730.184665
94,13,3420.441187
94,14,3043.047909
94,15,2967.055212
94,16,2910.396159
94,18,2875.718437
95,11,3952.816767
95,12,3693.243349
95,13,3420.441187
95,14,3025.923481
95,15,2967.055212
95,16,2910.396159
95,18,2875.718437
96,11,3952.816767
96,12,3618.235689
96,13,3420.441187
96,14,3025.923481
96,15,2967.055212
96,16,2910.396159
96,18,2875.718437
97,11,3952.816767
97,12,3618.235689
97,13,3420.441187
97,14,3025.923481
97,15,2967.055212
97,16,2910.396159
97,18,2875.718437
98,11,3697.697119
98,12,3618.235689
98,13,3420.441187
98,14,3025.923481
98,15,2967.055212
98,16,2910.396159
98,18,2875.718437
98,22,2874.352424
99,11,3697.697119
99,12,3618.235689
99,13,3420.441187
99,14,3025.923481
99,15,2967.055212
99,16,2910.396159
99,18,2875.718437
99,20,2864.831715
99,23,2856.040698
100,11,3697.697119
100,12,3618.235689
100,13,3319.722753
100,14,3025.923481
100,15,2967.055212
100,16,2910.396159
100,18,2875.718437
100,19,2863.865222
100,23,2856.040698
101,11,3697.697119
101,12,3530.692840
101,13,3319.722753
101,14,3025.923481
101,15,2967.055212
101,16,2910.396159
101,18,2863.476054
101,23,2856.040698
102,11,3697.697119
102,12,3530.692840
102,13,3319.722753
102,14,3025.923481
102,15,2967.055212
102,16,2910.396159
102,18,2863.476054
102,23,2856.040698
103,11,3697.697119
103,12,3530.692840
103,13,3319.722753
103,14,3025.923481
103,15,2967.055212
103,16,2910.396159
103,18,2863.476054
103,23,2856.040698
104,11,3697.697119
104,12,3530.692840
104,13,3319.722753
104,14,3025.923481
104,15,2967.055212
104,16,2910.396159
104,18,2863.476054
104,23,2856.040698
105,11,3697.697119
105,12,3530.692840
105,13,3319.722753
105,14,3025.923481
105,15,2967.055212
105,16,2910.396159
105,18,2863.476054
105,21,2858.163298
105,23,2856.026719
106,11,3671.119419
106,12,3530.692840
106,13,3273.511724
106,14,3025.923481
106,15,2951.343774
106,16,2910.396159
106,18,2824.183471
107,11,3668.473888
107,12,3321.912927
107,13,3273.511724
107,14,3005.757000
107,15,2951.343774
107,16,2910.396159
107,18,2805.416215
108,11,3668.473888
108,12,3321.912927
108,13,3273.511724
108,14,3005.757000
108,15,2951.343774
108,16,2910.396159
108,18,2805.416215
109,11,3482.495636
109,12,3321.912927
109,13,3273.511724
109,14,3005.757000
109,15,2951.343774
109,16,2910.396159
109,18,2805.416215
110,11,3482.495636
110,12,3321.912927
110,13,3235.775359
110,14,3005.757000
110,15,2951.343774
110,16,2910.396159
110,18,2805.416215
111,10,4249.404533
111,11,3482.495636
111,12,3321.912927
111,13,3235.775359
111,14,3005.757000
111,15,2951.343774
111,16,2910.396159
111,18,2805.416215
112,10,4249.404533
112,11,3482.495636
112,12,3321.912927
112,13,3235.775359
112,14,3005.757000
112,15,2951.343774
112,16,2910.396159
112,18,2805.416215
113,10,4249.404533
113,11,3479.166868
113,12,3321.912927
113,13,3235.775359
113,14,3005.757000
113,15,2951.343774
113,16,2910.396159
113,18,2802.819220
114,10,4249.404533
114,11,3479.166868
114,12,3321.912927
114,13,3052.787650
114,14,3005.757000
114,15,2951.343774
114,16,2910.396159
114,18,2802.819220
115,10,4249.404533
115,11,3479.166868
115,12,3321.912927
115,13,3052.787650
115,14,3005.757000
115,15,2951.343774
115,16,2910.396159
115,18,2802.819220
115,19,2800.870278
116,10,4249.404533
116,11,3479.166868
116,12,3321.912927
116,13,3052.787650
116,14,3005.757000
116,15,2951.343774
116,16,2910.396159
116,18,2776.381389
117,10,4249.404533
117,11,3479.166868
117,12,3321.912927
117,13,3052.787650
117,14,3005.757000
117,15,2951.343774
117,16,2910.396159
117,18,2776.381389
118,10,4249.404533
118,11,3465.868181
118,12,3279.675715
118,13,3052.787650
118,14,3005.757000
118,15,2951.343774
118,16,2910.396159
118,18,2776.381389
119,10,4115.097525
119,11,3448.272253
119,12,3279.675715
119,13,3052.787650
119,14,2993.682338
119,15,2951.343774
119,16,2910.396159
119,18,2776.381389
120,10,4115.097525
120,11,3448.272253
120,12,3279.675715
120,13,3052.787650
120,14,2993.682338
120,15,2951.343774
120,16,2910.396159
120,17,2814.373139
120,18,2776.381389
121,10,3806.375441
121,11,3361.547607
121,12,3209.788938
121,13,3052.787650
121,14,2988.125581
121,15,2951.343774
121,16,2907.062288
121,17,2813.086996
121,18,2776.381389
122,10,3806.375441
122,11,3356.584718
122,12,3167.651877
122,13,3052.787650
122,14,2988.125581
122,15,2951.343774
122,16,2907.062288
122,17,2813.086996
122,18,2776.381389
123,10,3806.375441
123,11,3356.584718
123,12,3167.651877
123,13,3052.787650
123,14,2988.125581
123,15,2950.338704
123,16,2907.062288
123,17,2813.086996
123,18,2776.381389
124,10,3806.375441
124,11,3339.492025
124,12,3167.651877
124,13,3052.787650
124,14,2988.125581
124,15,2934.724186
124,16,2907.062288
124,17,2813.086996
124,18,2776.381389
125,10,3806.375441
125,11,3339.492025
125,12,3167.651877
125,13,3052.787650
125,14,2947.861607
125,15,2934.724186
125,16,2907.062288
125,17,2813.086996
125,18,2772.754954
126,10,3806.375441
126,11,3339.492025
126,12,3167.651877
126,13,3052.787650
126,14,2947.861607
126,15,2934.724186
126,16,2907.062288
126,17,2813.086996
126,18,2770.695084
127,10,3806.375441
127,11,3333.188995
127,12,3167.651877
127,13,3052.787650
127,14,2947.861607
127,15,2934.724186
127,16,2786.242506
127,18,2770.695084
128,10,3806.375441
128,11,3333.188995
128,12,3167.651877
128,13,3048.385180
128,14,2947.861607
128,15,2934.724186
128,16,2786.242506
128,18,2770.695084
129,10,3806.375441
129,11,3333.188995
129,12,3167.651877
129,13,3048.385180
129,14,2947.861607
129,15,2934.724186
129,16,2786.242506
129,18,2767.188985
130,10,3806.375441
130,11,3333.188995
130,12,3167.651877
130,13,3048.385180
130,14,2947.861607
130,15,2934.724186
130,16,2786.242506
130,18,2767.188985
131,10,3806.375441
131,11,3319.885347
131,12,3167.651877
131,13,3048.385180
131,14,2947.861607
131,15,2934.724186
131,16,2770.549183
131,18,2767.188985
132,10,3786.003366
132,11,3319.885347
132,12,3167.651877
132,13,3048.385180
132,14,2947.861607
132,15,2934.724186
132,16,2770.549183
132,18,2767.188985
133,10,3786.003366
133,11,3319.885347
133,12,3167.651877
133,13,3048.385180
133,14,2947.861607
133,15,2934.724186
133,16,2770.549183
133,18,2767.188985
134,10,3464.737868
134,11,3319.885347
134,12,3167.651877
134,13,3048.385180
134,14,2880.624204
134,16,2770.549183
134,18,2767.188985
135,10,3464.737868
135,11,3319.885347
135,12,3167.651877
135,13,3048.385180
135,14,2880.624204
135,16,2751.423996
136,10,3464.737868
136,11,3319.885347
136,12,3162.628804
136,13,3048.385180
136,14,2874.271478
136,16,2751.423996
137,10,3464.737868
137,11,3319.885347
137,12,3162.628804
137,13,3048.385180
137,14,2841.230603
137,16,2747.803093
138,10,3464.737868
138,11,3319.885347
138,12,3162.628804
138,13,3048.385180
138,14,2841.230603
138,16,2747.803093
139,10,3464.737868
139,11,3319.885347
139,12,3162.628804
139,13,3048.385180
139,14,2841.230603
139,16,2747.803093
140,10,3464.737868
140,11,3319.885347
140,12,3162.628804
140,13,3018.643724
140,14,2841.230603
140,15,2732.988301
141,10,3464.737868
141,11,3319.885347
141,12,3156.989522
141,13,3018.643724
141,14,2841.230603
141,15,2732.988301
142,10,3375.269177
142,11,3254.539476
142,12,3156.989522
142,13,3018.643724
142,14,2841.230603
142,15,2722.208059
143,10,3375.269177
143,11,3254.539476
143,12,3156.989522
143,13,3018.643724
143,14,2841.230603
143,15,2722.208059
144,10,3375.269177
144,11,3254.539476
144,12,3152.093929
144,13,3018.643724
144,14,2841.230603
144,15,2722.208059
145,10,3375.269177
145,11,3254.539476
145,12,3152.093929
145,13,3018.643724
145,14,2841.230603
145,15,2722.208059
146,10,3375.269177
146,11,3254.539476
146,12,3152.093929
146,13,3018.643724
146,14,2841.230603
146,15,2722.208059
147,10,3375.269177
147,11,3254.539476
147,12,3152.093929
147,13,3018.643724
147,14,2841.230603
147,15,2722.208059
148,10,3375.269177
148,11,3254.539476
148,12,3152.093929
148,13,3018.643724
148,14,2841.230603
148,15,2722.208059
149,10,3375.269177
149,11,3254.539476
149,12,3152.093929
149,13,3012.024443
149,14,2841.230603
149,15,2722.208059
150,10,3375.269177
150,11,3254.539476
150,12,3111.383606
150,13,3012.024443
150,14,2841.230603
150,15,2722.208059
151,10,3353.570180
151,11,3220.627276
151,12,3073.111493
151,13,2912.755604
151,14,2841.230603
151,15,2722.208059
152,10,3353.570180
152,11,3220.627276
152,12,3073.111493
152,13,2912.755604
152,14,2841.230603
152,15,2722.208059
153,10,3299.704953
153,11,3220.627276
153,12,3073.111493
153,13,2912.755604
153,14,2841.230603
153,15,2722.208059
154,10,3299.704953
154,11,3220.627276
154,12,3073.111493
154,13,2912.755604
154,14,2841.230603
154,15,2722.208059
155,10,3299.704953
155,11,3220.627276
155,12,3073.111493
155,13,2912.755604
155,14,2841.230603
155,15,2722.208059
156,10,3206.879163
156,12,3073.111493
156,13,2912.755604
156,14,2841.230603
156,15,2722.208059
157,10,3206.879163
157,12,3073.111493
157,13,2912.755604
157,14,2841.230603
157,15,2706.003236
158,10,3206.879163
158,12,3073.111493
158,13,2912.755604
158,14,2841.230603
158,15,2706.003236
159,10,3206.879163
159,11,3203.092747
159,12,3073.111493
159,13,2912.755604
159,14,2841.230603
159,15,2706.003236
160,10,3206.879163
160,11,3203.092747
160,12,3062.210159
160,13,2912.755604
160,14,2841.230603
160,15,2706.003236
161,10,3206.879163
161,11,3203.092747
161,12,3062.210159
161,13,2912.755604
161,14,2841.230603
161,15,2706.003236
162,10,3206.879163
162,11,3178.811839
162,12,3062.210159
162,13,2912.755604
162,14,2841.230603
162,15,2706.003236
163,10,3206.879163
163,11,3167.294561
163,12,3062.210159
163,13,2912.755604
163,14,2841.230603
163,15,2706.003236
164,9,3937.741684
164,10,3206.879163
164,11,3167.294561
164,12,3062.210159
164,13,2912.755604
164,14,2841.230603
164,15,2702.960608
165,9,3937.741684
165,10,3186.269281
165,11,3167.294561
165,12,3062.210159
165,13,2912.755604
165,14,2841.230603
165,15,2702.960608
166,9,3881.495781
166,10,3146.403173
166,11,3119.852794
166,12,3060.831599
166,13,2891.017764
166,14,2828.881872
166,15,2702.960608
167,9,3606.343075
167,10,3146.403173
167,11,3119.852794
167,12,3060.831599
167,13,2891.017764
167,14,2828.881872
167,15,2702.960608
168,9,3606.343075
168,10,3146.403173
168,11,3119.852794
168,12,3060.831599
168,13,2891.017764
168,14,2828.881872
168,15,2702.960608
169,9,3606.343075
169,10,3146.403173
169,11,3119.852794
169,12,3060.831599
169,13,2891.017764
169,14,2828.881872
169,15,2702.960608
170,9,3606.343075
170,10,3146.403173
170,11,3119.852794
170,12,3060.831599
170,13,2891.017764
170,14,2828.881872
170,15,2702.960608
171,9,3606.343075
171,10,3146.403173
171,11,3119.852794
171,12,3060.831599
171,13,2891.017764
171,14,2828.881872
171,15,2702.960608
172,9,3606.343075
172,10,3146.403173
172,11,3119.852794
172,12,3056.448767
172,13,2854.746781
172,14,2828.881872
172,15,2702.960608
173,9,3605.684620
173,10,3146.403173
173,11,3119.852794
173,12,3056.448767
173,13,2854.746781
173,14,2828.881872
173,15,2702.960608
174,9,3589.777426
174,10,3146.403173
174,11,3119.852794
174,12,3056.448767
174,13,2854.746781
174,14,2828.881872
174,15,2702.960608
175,9,3589.777426
175,10,3146.403173
175,11,3119.852794
175,12,2997.137885
175,13,2854.746781
175,14,2828.881872
175,15,2702.960608
176,9,3589.777426
176,10,3146.403173
176,11,3119.852794
176,12,2997.137885
176,13,2854.746781
176,14,2816.469567
176,15,2702.960608
177,9,3561.592456
177,10,3085.251296
177,12,2997.137885
177,13,2854.746781
177,14,2816.469567
177,15,2702.960608
178,9,3561.592456
178,10,3085.251296
178,12,2997.137885
178,13,2854.746781
178,14,2816.469567
178,15,2702.960608
179,9,3557.149077
179,10,3085.251296
179,12,2997.137885
179,13,2854.746781
179,14,2816.469567
179,15,2702.960608
180,9,3547.093874
180,10,3085.251296
180,12,2997.137885
180,13,2854.746781
180,14,2816.469567
180,15,2702.960608
181,9,3518.784043
181,10,3085.251296
181,12,2962.392756
181,13,2854.746781
181,14,2816.469567
181,15,2702.960608
182,9,3502.836957
182,10,3085.251296
182,12,2962.392756
182,13,2854.746781
182,14,2816.469567
182,15,2702.960608
183,9,3502.836957
183,10,3085.251296
183,12,2962.392756
183,13,2854.746781
183,14,2816.469567
183,15,2702.960608
184,9,3392.235206
184,10,3085.251296
184,12,2962.392756
184,13,2854.746781
184,14,2816.469567
184,15,2702.960608
185,9,3392.235206
185,10,3085.251296
185,12,2962.392756
185,13,2854.746781
185,14,2816.469567
185,15,2702.960608
186,9,3392.235206
186,10,3085.251296
186,12,2962.392756
186,13,2845.650156
186,14,2801.117571
186,15,2702.960608
187,9,3392.235206
187,10,3085.251296
187,12,2962.392756
187,13,2845.650156
187,14,2801.117571
187,15,2702.960608
188,9,3392.235206
188,10,3085.251296
188,12,2962.392756
188,13,2845.650156
188,14,2801.117571
188,15,2702.960608
189,9,3392.235206
189,10,3085.251296
189,12,2962.392756
189,13,2845.650156
189,14,2801.117571
189,15,2702.960608
190,9,3392.235206
190,10,3085.251296
190,12,2956.795324
190,13,2845.650156
190,14,2801.117571
190,15,2702.960608
191,9,3392.235206
191,10,3085.251296
191,12,2956.795324
191,13,2845.650156
191,14,2801.117571
191,15,2702.960608
192,9,3392.235206
192,10,3085.251296
192,12,2956.795324
192,13,2845.650156
192,14,2801.117571
192,15,2702.960608
193,9,3392.235206
193,10,3085.251296
193,12,2956.795324
193,13,2845.650156
193,14,2801.117571
193,15,2702.960608
194,9,3392.235206
194,10,3085.251296
194,12,2956.795324
194,13,2845.650156
194,14,2801.117571
194,15,2702.960608
195,9,3392.235206
195,10,3085.251296
195,12,2956.795324
195,13,2845.650156
195,14,2801.117571
195,15,2702.960608
196,9,3355.185159
196,10,3085.251296
196,12,2956.795324
196,13,2845.650156
196,14,2785.812740
196,15,2702.960608
197,9,3250.067625
197,10,3085.251296
197,11,3077.223172
197,12,2956.795324
197,13,2845.650156
197,14,2785.812740
197,15,2702.960608
198,9,3250.067625
198,10,3085.251296
198,11,3077.223172
198,12,2956.795324
198,13,2845.650156
198,14,2785.812740
198,15,2702.960608
199,9,3250.067625
199,10,3085.251296
199,11,3077.223172
199,12,2956.795324
199,13,2845.650156
199,14,2785.812740
199,15,2700.126723
200,9,3250.067625
200,10,3085.251296
200,11,3037.035149
200,12,2956.795324
200,13,2845.650156
200,14,2785.812740
200,15,2700.126723
201,9,3107.105145
201,10,3085.251296
201,11,3037.035149
201,12,2956.795324
201,13,2845.650156
201,14,2785.812740
201,15,2700.126723
202,9,3070.432347
202,11,3037.035149
202,12,2956.795324
202,13,2845.650156
202,14,2785.812740
202,15,2700.126723
203,9,3070.432347
203,10,3002.747830
203,12,2956.795324
203,13,2845.650156
203,14,2785.812740
203,15,2700.126723
204,9,3070.432347
204,10,3002.747830
204,12,2956.795324
204,13,2845.650156
204,14,2785.812740
204,15,2700.126723
205,9,3070.432347
205,10,3002.747830
205,12,2955.761388
205,13,2845.650156
205,14,2760.743547
205,15,2700.126723
206,9,3070.432347
206,10,3001.993463
206,12,2955.761388
206,13,2845.650156
206,14,2760.743547
206,15,2700.126723
207,9,3070.432347
207,10,3001.993463
207,12,2955.761388
207,13,2845.650156
207,14,2760.743547
207,15,2700.126723
208,9,3070.432347
208,10,2933.987764
208,13,2845.650156
208,14,2760.743547
208,15,2700.126723
209,9,3070.432347
209,10,2933.987764
209,13,2845.650156
209,14,2760.743547
209,15,2700.126723
210,9,3070.432347
210,10,2933.987764
210,12,2929.315843
210,13,2845.650156
210,14,2760.743547
210,15,2700.126723
211,9,3070.432347
211,10,2933.987764
211,12,2929.315843
211,13,2845.650156
211,14,2743.848830
211,15,2700.126723
212,9,3070.432347
212,10,2933.987764
212,12,2929.315843
212,13,2845.650156
212,14,2743.848830
212,15,2700.126723
213,9,3070.432347
213,10,2933.987764
213,12,2920.723226
213,13,2845.650156
213,14,2743.848830
213,15,2700.126723
214,9,3070.432347
214,10,2933.987764
214,11,2880.897333
214,13,2845.650156
214,14,2743.848830
214,15,2700.126723
215,9,3070.432347
215,10,2933.987764
215,11,2880.897333
215,13,2845.650156
215,14,2743.848830
215,15,2700.126723
216,9,3070.432347
216,10,2933.987764
216,11,2880.897333
216,13,2845.650156
216,14,2743.848830
216,15,2700.126723
217,9,3070.432347
217,10,2933.987764
217,11,2863.439824
217,13,2845.650156
217,14,2743.848830
217,15,2700.126723
218,9,3070.432347
218,10,2933.987764
218,11,2863.439824
218,13,2845.650156
218,14,2743.848830
218,15,2700.126723
219,9,3070.432347
219,10,2933.987764
219,11,2863.439824
219,13,2845.650156
219,14,2743.848830
219,15,2700.126723
220,9,3070.432347
220,10,2933.987764
220,11,2863.439824
220,13,2845.650156
220,14,2743.848830
220,15,2700.126723
221,9,3070.432347
221,10,2933.987764
221,11,2863.439824
221,13,2845.650156
221,14,2743.848830
221,15,2700.126723
222,9,3070.432347
222,10,2933.987764
222,11,2863.439824
222,13,2845.650156
222,14,2743.848830
222,15,2700.126723
223,9,3061.316092
223,10,2933.987764
223,11,2833.840689
223,14,2743.848830
223,15,2700.126723
224,9,3061.316092
224,10,2933.987764
224,11,2833.840689
224,14,2743.848830
224,15,2700.126723
225,9,3061.316092
225,10,2916.630248
225,11,2833.840689
225,12,2830.447434
225,14,2743.848830
225,15,2700.126723
226,9,3058.835130
226,10,2916.630248
226,11,2833.840689
226,12,2830.447434
226,14,2743.848830
226,15,2700.126723
227,9,3039.716891
227,10,2916.630248
227,11,2833.840689
227,12,2830.447434
227,14,2743.848830
227,15,2700.126723
228,9,3039.716891
228,10,2879.703765
228,11,2833.840689
228,12,2830.447434
228,14,2743.848830
228,15,2700.126723
229,9,3039.716891
229,10,2879.703765
229,11,2833.840689
229,12,2830.447434
229,14,2743.848830
229,15,2700.126723
230,9,3039.716891
230,10,2821.536475
230,14,2743.848830
230,15,2700.126723
231,9,3039.716891
231,10,2821.536475
231,11,2821.214368
231,14,2743.848830
231,15,2700.126723
232,9,3039.716891
232,10,2815.594837
232,14,2743.848830
232,15,2700.126723
233,9,3039.716891
233,10,2815.594837
233,14,2743.848830
233,15,2700.126723
234,9,3039.716891
234,10,2815.594837
234,14,2743.848830
234,15,2700.126723
235,9,3039.716891
235,10,2815.594837
235,11,2763.930946
235,14,2743.848830
235,15,2700.126723
236,9,3039.716891
236,10,2815.594837
236,11,2763.930946
236,14,2743.848830
236,15,2700.126723
237,9,3039.716891
237,10,2815.594837
237,11,2763.930946
237,14,2743.848830
237,15,2700.126723
238,9,3039.716891
238,10,2815.594837
238,11,2763.930946
238,14,2743.848830
238,15,2700.126723
239,9,3004.125744
239,10,2815.594837
239,11,2763.930946
239,14,2743.848830
239,15,2700.126723
240,9,3004.125744
240,10,2815.594837
240,11,2763.930946
240,14,2743.848830
240,15,2700.126723
241,9,3004.125744
241,10,2815.594837
241,11,2763.930946
241,14,2737.798155
241,15,2700.126723
242,9,3004.125744
242,10,2815.594837
242,11,2763.930946
242,14,2737.798155
242,15,2700.126723
243,9,2994.600750
243,10,2815.594837
243,11,2763.930946
243,14,2737.798155
243,15,2700.126723
244,9,2994.600750
244,10,2815.594837
244,11,2763.930946
244,14,2737.798155
244,15,2700.126723
245,9,2994.600750
245,10,2815.594837
245,11,2763.930946
245,14,2737.798155
245,15,2700.126723
246,9,2994.600750
246,10,2815.594837
246,11,2763.930946
246,14,2737.798155
246,15,2700.126723
247,9,2994.600750
247,10,2815.594837
247,11,2735.482939
247,15,2700.126723
248,9,2994.600750
248,10,2815.594837
248,11,2735.482939
248,15,2700.126723
249,9,2994.600750
249,10,2815.594837
249,11,2735.482939
249,15,2700.126723
250,9,2994.600750
250,10,2815.594837
250,11,2735.482939
250,15,2700.126723
251,9,2994.600750
251,10,2815.594837
251,11,2735.482939
251,15,2700.126723
252,9,2968.472547
252,10,2815.594837
252,11,2735.482939
252,15,2700.126723
253,9,2968.256596
253,10,2815.594837
253,11,2734.654610
253,15,2700.126723
254,9,2968.256596
254,10,2815.594837
254,11,2734.654610
254,15,2700.126723
255,9,2968.256596
255,10,2815.594837
255,11,2734.654610
255,15,2700.126723
256,9,2968.256596
256,10,2815.594837
256,11,2734.654610
256,15,2700.126723
257,9,2968.256596
257,10,2815.594837
257,11,2734.654610
257,15,2700.126723
258,9,2968.256596
258,10,2815.594837
258,11,2734.654610
258,15,2700.126723
259,9,2968.256596
259,10,2815.594837
259,11,2734.654610
259,15,2700.126723
260,9,2968.256596
260,10,2815.594837
260,11,2734.654610
260,15,2700.126723
261,9,2931.658872
261,10,2815.594837
261,11,2734.654610
261,15,2700.126723
262,9,2931.658872
262,10,2815.594837
262,11,2734.654610
262,15,2700.126723
263,9,2931.658872
263,10,2815.594837
263,11,2734.654610
263,15,2700.126723
264,9,2931.658872
264,10,2815.594837
264,11,2734.654610
264,15,2700.126723
265,9,2931.658872
265,10,2766.009948
265,11,2734.654610
265,15,2700.126723
266,9,2931.658872
266,10,2766.009948
266,11,2734.654610
266,13,2732.991035
266,15,2700.126723
267,9,2899.299891
267,10,2766.009948
267,11,2734.654610
267,13,2732.991035
267,15,2700.126723
268,9,2899.299891
268,10,2766.009948
268,11,2734.654610
268,13,2732.991035
268,15,2700.126723
269,9,2899.299891
269,10,2766.009948
269,11,2734.654610
269,13,2732.991035
269,15,2700.126723
270,9,2899.299891
270,10,2766.009948
270,11,2734.654610
270,13,2732.991035
270,15,2700.126723
271,9,2899.299891
271,10,2766.009948
271,11,2734.654610
271,12,2734.609784
271,13,2732.991035
271,15,2700.126723
272,9,2899.299891
272,10,2766.009948
272,11,2734.654610
272,12,2734.609784
272,13,2732.991035
272,15,2700.126723
273,9,2899.299891
273,10,2766.009948
273,11,2734.654610
273,12,2734.609784
273,13,2732.991035
273,15,2700.126723
274,9,2899.299891
274,10,2766.009948
274,11,2734.654610
274,12,2734.609784
274,13,2732.991035
274,15,2700.126723
275,9,2899.299891
275,10,2766.009948
275,11,2684.400857
276,9,2898.221594
276,10,2766.009948
276,11,2684.400857
277,9,2898.221594
277,10,2766.009948
277,11,2684.400857
278,9,2898.221594
278,10,2766.009948
278,11,2684.400857
279,9,2898.221594
279,10,2766.009948
279,11,2684.400857
280,9,2898.221594
280,10,2766.009948
280,11,2684.400857
281,9,2898.221594
281,10,2766.009948
281,11,2684.400857
282,9,2896.987594
282,10,2766.009948
282,11,2684.400857
283,9,2896.987594
283,10,2766.009948
283,11,2684.400857
284,9,2896.987594
284,10,2766.009948
284,11,2684.400857
285,9,2896.987594
285,10,2766.009948
285,11,2684.400857
286,9,2896.987594
286,10,2766.009948
286,11,2684.400857
287,9,2876.510693
287,10,2766.009948
287,11,2684.400857
288,9,2876.510693
288,10,2766.009948
288,11,2684.400857
289,9,2876.376824
289,10,2766.009948
289,11,2684.400857
290,9,2876.376824
290,10,2766.009948
290,11,2684.400857
291,9,2876.376824
291,10,2766.009948
291,11,2684.400857
292,9,2876.376824
292,10,2766.009948
292,11,2684.400857
293,9,2876.376824
293,10,2766.009948
293,11,2684.400857
294,9,2876.376824
294,10,2765.943777
294,11,2684.400857
295,9,2876.376824
295,10,2765.943777
295,11,2684.400857
296,9,2876.376824
296,10,2765.943777
296,11,2684.400857
297,9,2876.376824
297,10,2765.943777
297,11,2684.400857
298,9,2868.746449
298,10,2765.943777
298,11,2684.400857
299,9,2868.746449
299,10,2765.943777
299,11,2684.400857
300,9,2868.746449
300,10,2765.943777
300,11,2684.400857
301,9,2866.942560
301,10,2765.943777
301,11,2684.400857
302,9,2866.942560
302,10,2765.943777
302,11,2684.400857
303,9,2864.742208
303,10,2765.943777
303,11,2684.400857
304,9,2864.742208
304,10,2765.943777
304,11,2684.400857
305,9,2864.742208
305,10,2765.943777
305,11,2684.400857
306,9,2863.803764
306,10,2765.943777
306,11,2684.400857
307,9,2860.422533
307,10,2765.943777
307,11,2684.400857
308,9,2860.422533
308,10,2765.943777
308,11,2684.400857
309,9,2860.422533
309,10,2765.943777
309,11,2684.400857
310,9,2860.422533
310,10,2765.943777
310,11,2684.400857
311,9,2860.422533
311,10,2765.943777
311,11,2684.400857
312,9,2860.422533
312,10,2765.943777
312,11,2684.400857
313,9,2860.422533
313,10,2765.943777
313,11,2684.400857
314,9,2860.422533
314,10,2765.943777
314,11,2684.400857
315,9,2852.918841
315,10,2765.943777
315,11,2684.400857
316,9,2852.918841
316,10,2765.943777
316,11,2684.400857
317,9,2852.918841
317,10,2765.943777
317,11,2684.400857
318,9,2852.918841
318,10,2765.943777
318,11,2684.400857
319,9,2852.918841
319,10,2765.943777
319,11,2684.400857
320,9,2852.918841
320,10,2765.943777
320,11,2684.400857
321,9,2852.918841
321,10,2765.943777
321,11,2684.400857
322,9,2852.918841
322,10,2765.943777
322,11,2684.400857
323,9,2843.269763
323,10,2765.943777
323,11,2684.400857
324,9,2843.269763
324,10,2765.943777
324,11,2684.400857
325,9,2843.269763
325,10,2765.943777
325,11,2684.400857
326,9,2843.269763
326,10,2764.453095
326,11,2684.400857
327,9,2843.269763
327,10,2764.453095
327,11,2684.400857
328,9,2843.269763
328,10,2764.453095
328,11,2684.400857
329,9,2817.289824
329,10,2764.453095
329,11,2684.400857
330,9,2817.289824
330,10,2764.453095
330,11,2684.400857
331,9,2817.289824
331,10,2764.453095
331,11,2684.400857
