Generation,NV,TOC
1,8,2798.075204
1,9,2263.917165
1,11,1721.808112
2,8,2676.417796
2,9,2221.776635
2,11,1721.808112
2,13,1714.891407
3,8,2262.623193
3,9,1991.044374
3,10,1684.495751
4,8,2105.202281
4,9,1861.876123
4,10,1684.495751
5,7,2282.833529
5,8,1862.331770
5,9,1861.876123
5,10,1684.495751
5,13,1653.497510
6,7,2064.935938
6,8,1841.265519
6,10,1684.495751
6,11,1630.572910
7,6,2171.399564
7,7,2064.935938
7,8,1841.265519
7,10,1684.495751
7,11,1521.364572
8,6,2171.399564
8,7,2064.935938
8,8,1841.265519
8,10,1684.495751
8,11,1521.364572
9,6,2171.399564
9,7,1998.590801
9,8,1841.265519
9,9,1840.339963
9,10,1684.495751
9,11,1521.364572
10,6,2171.399564
10,7,1991.931272
10,8,1841.265519
10,9,1792.463374
10,10,1503.695550
10,11,1491.167396
11,6,2171.399564
11,7,1827.138532
11,9,1792.463374
11,10,1503.695550
11,11,1491.167396
12,6,2171.399564
12,7,1827.138532
12,9,1792.463374
12,10,1493.622917
12,11,1491.167396
13,6,2171.399564
13,7,1827.138532
13,9,1674.512551
13,10,1493.622917
13,11,1472.146716
14,6,2171.399564
14,7,1827.138532
14,9,1612.958960
14,10,1493.622917
14,11,1472.146716
15,6,2139.133963
15,7,1827.138532
15,9,1612.958960
15,10,1493.622917
15,11,1472.146716
16,6,1936.962985
16,7,1827.138532
16,8,1779.635490
16,9,1612.958960
16,10,1493.622917
16,11,1472.146716
17,6,1936.962985
17,7,1827.138532
17,8,1779.635490
17,9,1536.815996
17,10,1463.794395
18,6,1936.962985
18,7,1827.138532
18,8,1740.950141
18,9,1520.407989
18,10,1463.794395
19,6,1936.962985
19,7,1827.138532
19,8,1740.950141
19,9,1520.407989
19,10,1463.794395
20,6,1936.962985
20,7,1795.839780
20,8,1523.866648
20,9,1496.863763
20,10,1413.186151
21,6,1776.391968
21,8,1460.583221
21,10,1413.186151
22,6,1685.779194
22,8,1460.583221
22,10,1413.186151
23,6,1685.779194
23,7,1656.318091
23,8,1456.433777
23,10,1413.186151
24,6,1685.779194
24,7,1656.318091
24,8,1455.391754
24,10,1413.186151
25,6,1685.779194
25,7,1656.318091
25,8,1455.391754
25,10,1413.186151
26,6,1685.779194
26,7,1656.318091
26,8,1455.391754
26,10,1413.186151
27,6,1685.779194
27,7,1656.318091
27,8,1455.391754
27,10,1413.186151
28,6,1685.779194
28,7,1656.318091
28,8,1455.391754
28,10,1413.186151
29,6,1685.779194
29,7,1656.318091
29,8,1455.391754
29,10,1413.186151
30,6,1685.779194
30,7,1656.318091
30,8,1455.391754
30,10,1413.186151
31,6,1685.779194
31,7,1614.003527
31,8,1455.391754
31,10,1413.186151
32,5,2226.586642
32,6,1685.779194
32,7,1550.324716
32,8,1455.391754
32,10,1413.186151
33,5,2226.586642
33,6,1685.779194
33,7,1550.324716
33,8,1455.391754
33,10,1413.186151
34,5,2226.586642
34,6,1685.779194
34,7,1550.324716
34,8,1455.391754
34,10,1413.186151
35,5,2226.586642
35,6,1685.779194
35,7,1550.324716
35,8,1455.391754
35,10,1413.186151
36,5,2226.586642
36,6,1596.310979
36,7,1550.324716
36,8,1455.391754
36,10,1413.186151
37,5,2226.586642
37,6,1596.310979
37,7,1550.324716
37,8,1455.391754
37,10,1413.186151
38,5,2226.586642
38,6,1596.310979
38,7,1550.324716
38,8,1455.391754
38,9,1436.552186
38,10,1413.186151
39,5,2226.586642
39,6,1596.310979
39,7,1550.324716
39,8,1455.391754
39,9,1436.552186
39,10,1413.186151
40,5,2226.586642
40,6,1596.310979
40,7,1550.324716
40,8,1455.391754
40,9,1426.294561
40,10,1413.186151
41,5,2146.366205
41,6,1596.310979
41,7,1550.324716
41,8,1455.391754
41,9,1426.294561
41,10,1413.186151
42,5,2146.366205
42,6,1596.310979
42,7,1550.324716
42,8,1455.391754
42,9,1426.294561
42,10,1413.186151
43,5,2146.366205
43,6,1596.310979
43,7,1523.445090
43,8,1448.919436
43,9,1426.294561
43,10,1413.186151
43,11,1412.931418
44,5,2146.366205
44,6,1596.310979
44,7,1523.445090
44,8,1448.919436
44,9,1426.294561
44,10,1413.186151
44,11,1412.931418
45,5,2146.366205
45,6,1596.310979
45,7,1523.445090
45,8,1448.919436
45,9,1426.294561
45,10,1413.186151
45,11,1412.931418
46,5,2146.366205
46,6,1596.310979
46,7,1416.435481
46,8,1403.818749
47,5,2146.366205
47,6,1596.310979
47,7,1416.435481
47,8,1403.818749
48,5,2146.366205
48,6,1596.310979
48,7,1416.435481
48,8,1403.818749
49,5,2146.366205
49,6,1596.310979
49,7,1416.435481
49,8,1403.818749
50,5,2031.927159
50,6,1596.310979
50,7,1416.435481
50,8,1403.818749
51,5,1962.299818
51,6,1596.310979
51,7,1416.435481
51,8,1403.818749
51,9,1403.258048
52,5,1962.299818
52,6,1596.310979
52,7,1416.435481
52,8,1402.658370
53,5,1962.299818
53,6,1596.310979
53,7,1416.435481
53,8,1402.658370
54,5,1962.299818
54,6,1596.310979
54,7,1416.435481
54,8,1402.658370
55,5,1962.299818
55,6,1596.310979
55,7,1416.435481
55,8,1402.658370
56,5,1962.299818
56,6,1596.310979
56,7,1416.435481
56,8,1402.658370
56,9,1393.222973
57,5,1962.299818
57,6,1596.310979
57,7,1416.435481
57,8,1402.658370
57,9,1393.222973
58,5,1962.299818
58,6,1560.258917
58,7,1416.435481
58,8,1402.658370
58,9,1393.222973
59,5,1962.299818
59,6,1560.258917
59,7,1416.435481
59,8,1402.658370
59,9,1393.222973
60,5,1962.299818
60,6,1560.258917
60,7,1416.435481
60,8,1402.658370
60,9,1393.222973
61,5,1749.876585
61,6,1560.258917
61,7,1416.435481
61,8,1392.169192
62,5,1749.876585
62,6,1560.258917
62,7,1416.435481
62,8,1392.169192
63,5,1711.959749
63,6,1560.258917
63,7,1416.435481
63,8,1392.169192
63,9,1384.703835
64,5,1711.959749
64,6,1560.258917
64,7,1416.435481
64,8,1392.169192
64,9,1384.703835
65,5,1711.959749
65,6,1560.258917
65,7,1416.435481
65,8,1392.169192
65,9,1384.703835
66,5,1711.959749
66,6,1560.258917
66,7,1416.435481
66,8,1392.169192
66,9,1384.703835
67,5,1711.959749
67,6,1560.258917
67,7,1416.435481
67,8,1392.169192
67,9,1384.703835
68,5,1677.622169
68,6,1560.258917
68,7,1416.435481
68,8,1392.169192
68,9,1384.703835
69,5,1669.422191
69,6,1560.258917
69,7,1416.435481
69,8,1387.291478
69,9,1384.703835
70,5,1639.929730
70,6,1560.258917
70,7,1416.435481
70,8,1387.291478
70,9,1384.703835
71,5,1639.929730
71,6,1560.258917
71,7,1416.435481
71,8,1387.291478
71,9,1384.703835
72,5,1639.929730
72,6,1560.258917
72,7,1416.435481
72,8,1387.291478
72,9,1384.703835
73,5,1639.929730
73,6,1560.258917
73,7,1416.435481
73,8,1387.291478
73,9,1382.828401
74,5,1639.929730
74,6,1556.468269
74,7,1416.435481
74,8,1387.291478
74,9,1382.828401
75,5,1639.929730
75,6,1556.468269
75,7,1416.435481
75,8,1387.291478
75,9,1382.828401
76,5,1639.929730
76,6,1534.143277
76,7,1416.435481
76,8,1387.291478
76,9,1382.828401
77,5,1639.929730
77,6,1534.143277
77,7,1416.435481
77,8,1380.950222
78,5,1639.929730
78,6,1534.143277
78,7,1405.712449
78,8,1380.950222
79,5,1637.807464
79,6,1534.143277
79,7,1403.960859
79,8,1380.950222
80,5,1637.557073
80,6,1534.143277
80,7,1388.622657
80,8,1380.950222
81,5,1612.710619
81,6,1534.143277
81,7,1388.622657
81,8,1380.950222
82,5,1612.710619
82,6,1526.783292
82,7,1388.622657
82,8,1380.950222
83,5,1612.710619
83,6,1526.783292
83,7,1388.622657
83,8,1380.950222
84,5,1612.710619
84,6,1516.593234
84,7,1388.622657
84,8,1380.950222
85,5,1612.710619
85,6,1511.772061
85,7,1388.622657
85,8,1380.950222
85,9,1376.075722
86,5,1612.710619
86,6,1511.772061
86,7,1388.622657
86,8,1380.950222
86,9,1376.075722
87,5,1612.710619
87,6,1511.772061
87,7,1388.622657
87,8,1380.950222
87,9,1376.075722
88,5,1612.710619
88,6,1511.772061
88,7,1388.622657
88,8,1380.950222
88,9,1376.075722
89,5,1612.710619
89,6,1511.772061
89,7,1388.622657
89,8,1380.950222
89,9,1376.075722
90,5,1612.710619
90,6,1511.772061
90,7,1388.622657
90,8,1380.950222
90,9,1376.075722
91,5,1612.710619
91,6,1511.772061
91,7,1388.622657
91,8,1380.950222
91,9,1376.075722
92,5,1612.710619
92,6,1511.772061
92,7,1388.622657
92,8,1380.950222
92,9,1376.075722
93,5,1612.710619
93,6,1511.772061
93,7,1388.622657
93,8,1380.950222
93,9,1376.075722
94,5,1612.710619
94,6,1511.772061
94,7,1388.622657
94,8,1380.950222
94,9,1376.075722
95,5,1608.373076
95,6,1511.772061
95,7,1388.622657
95,8,1380.950222
95,9,1376.075722
96,5,1608.373076
96,6,1511.772061
96,7,1388.622657
96,8,1380.950222
96,9,1376.075722
97,5,1608.373076
97,6,1511.772061
97,7,1388.622657
97,8,1380.950222
97,9,1376.075722
98,5,1608.373076
98,6,1486.604246
98,7,1388.622657
98,8,1380.950222
98,9,1376.075722
99,5,1608.373076
99,6,1486.604246
99,7,1388.622657
99,8,1376.164849
99,9,1376.075722
100,5,1608.373076
100,6,1486.604246
100,7,1388.622657
100,8,1376.164849
100,9,1376.075722
101,5,1608.373076
101,6,1486.604246
101,7,1388.622657
101,8,1376.164849
101,9,1376.075722
102,5,1608.373076
102,6,1486.604246
102,7,1388.622657
102,8,1376.164849
102,9,1376.075722
103,5,1608.373076
103,6,1486.604246
103,7,1388.622657
103,8,1376.164849
103,9,1376.075722
104,5,1608.373076
104,6,1486.604246
104,7,1388.622657
104,8,1376.164849
104,9,1376.075722
105,5,1608.373076
105,6,1486.604246
105,7,1388.622657
105,8,1376.164849
105,9,1376.075722
106,5,1608.373076
106,6,1486.604246
106,7,1388.622657
106,8,1376.164849
106,9,1376.075722
107,5,1608.373076
107,6,1486.604246
107,7,1388.622657
107,8,1376.164849
107,9,1376.075722
108,5,1608.373076
108,6,1486.604246
108,7,1388.622657
108,8,1376.164849
108,9,1376.075722
109,5,1608.373076
109,6,1447.984396
109,7,1388.622657
109,8,1376.164849
109,9,1376.075722
110,5,1608.373076
110,6,1435.465539
110,7,1388.622657
110,8,1376.164849
110,9,1376.075722
111,5,1608.373076
111,6,1435.465539
111,7,1388.622657
111,8,1376.164849
111,9,1376.075722
112,5,1608.373076
112,6,1435.465539
112,7,1388.622657
112,8,1376.164849
112,9,1376.075722
113,5,1608.373076
113,6,1435.465539
113,7,1388.622657
113,8,1376.164849
113,9,1376.075722
114,5,1605.214160
114,6,1435.465539
114,7,1388.622657
114,8,1376.164849
114,9,1376.075722
115,5,1605.214160
115,6,1435.465539
115,7,1388.622657
115,8,1376.164849
115,9,1376.075722
116,5,1605.214160
116,6,1435.465539
116,7,1388.622657
116,8,1376.164849
116,9,1376.075722
117,5,1605.214160
117,6,1435.465539
117,7,1388.622657
117,8,1376.164849
117,9,1376.075722
118,5,1605.214160
118,6,1430.149039
118,7,1388.622657
118,8,1376.164849
118,9,1376.075722
119,5,1592.983382
119,6,1430.149039
119,7,1388.622657
119,8,1376.164849
119,9,1376.075722
120,5,1592.983382
120,6,1430.149039
120,7,1388.622657
120,8,1376.164849
120,9,1376.075722
121,5,1592.983382
121,6,1430.149039
121,7,1388.622657
121,8,1376.164849
121,9,1376.075722
122,5,1592.983382
122,6,1430.149039
122,7,1388.622657
122,8,1376.164849
122,9,1376.075722
123,5,1592.983382
123,6,1430.149039
123,7,1388.622657
123,8,1376.164849
123,9,1376.075722
124,5,1592.983382
124,6,1430.149039
124,7,1388.622657
124,8,1376.164849
124,9,1376.075722
125,5,1592.983382
125,6,1430.149039
125,7,1388.622657
125,8,1376.164849
125,9,1376.075722
126,5,1592.983382
126,6,1430.149039
126,7,1388.622657
126,8,1376.164849
126,9,1376.075722
127,5,1592.983382
127,6,1428.237805
127,7,1388.622657
127,8,1376.164849
127,9,1376.075722
128,5,1591.899261
128,6,1428.237805
128,7,1388.622657
128,8,1376.164849
128,9,1376.075722
129,5,1591.899261
129,6,1428.237805
129,7,1388.622657
129,8,1376.164849
129,9,1376.075722
130,5,1591.899261
130,6,1428.237805
130,7,1388.622657
130,8,1376.164849
130,9,1376.075722
131,5,1591.783589
131,6,1407.644515
131,7,1388.622657
131,8,1376.164849
131,9,1376.075722
132,5,1591.783589
132,6,1407.644515
132,7,1388.622657
132,8,1376.164849
132,9,1376.075722
133,5,1591.698997
133,6,1407.644515
133,7,1388.622657
133,8,1376.164849
133,9,1376.075722
134,5,1591.698997
134,6,1407.644515
134,7,1388.622657
134,8,1376.164849
134,9,1376.075722
135,5,1591.698997
135,6,1407.644515
135,7,1388.622657
135,8,1376.164849
135,9,1376.075722
136,5,1591.698997
136,6,1407.644515
136,7,1388.622657
136,8,1376.164849
136,9,1376.075722
137,5,1591.698997
137,6,1407.644515
137,7,1388.622657
137,8,1376.164849
137,9,1376.075722
138,5,1591.698997
138,6,1407.644515
138,7,1388.622657
138,8,1376.164849
138,9,1376.075722
139,5,1591.698997
139,6,1407.644515
139,7,1388.622657
139,8,1376.164849
139,9,1376.075722
140,5,1591.698997
140,6,1407.644515
140,7,1388.622657
140,8,1376.164849
140,9,1376.075722
141,5,1591.698997
141,6,1407.644515
141,7,1388.622657
141,8,1376.164849
141,9,1376.075722
142,5,1591.698997
142,6,1407.644515
142,7,1388.622657
142,8,1376.164849
142,9,1376.075722
143,5,1591.698997
143,6,1407.644515
143,7,1388.622657
143,8,1376.164849
143,9,1376.075722
144,5,1591.698997
144,6,1407.550300
144,7,1388.622657
144,8,1376.164849
144,9,1376.075722
145,5,1591.698997
145,6,1407.550300
145,7,1388.622657
145,8,1376.164849
145,9,1376.075722
146,5,1591.698997
146,6,1407.550300
146,7,1388.622657
146,8,1376.164849
146,9,1376.075722
147,5,1591.698997
147,6,1407.550300
147,7,1388.622657
147,8,1376.164849
147,9,1376.075722
148,5,1591.698997
148,6,1407.550300
148,7,1388.622657
148,8,1375.004469
149,5,1591.698997
149,6,1407.550300
149,7,1388.622657
149,8,1375.004469
150,5,1591.698997
150,6,1407.550300
150,7,1388.622657
150,8,1375.004469
151,5,1591.698997
151,6,1407.550300
151,7,1388.622657
151,8,1375.004469
152,5,1591.698997
152,6,1407.550300
152,7,1388.622657
152,8,1375.004469
153,5,1591.698997
153,6,1407.550300
153,7,1388.622657
153,8,1375.004469
154,5,1591.698997
154,6,1407.550300
154,7,1388.622657
154,8,1375.004469
155,5,1591.698997
155,6,1407.550300
155,7,1388.622657
155,8,1375.004469
156,5,1591.698997
156,6,1407.550300
156,7,1388.622657
156,8,1375.004469
157,5,1580.337633
157,6,1407.550300
157,7,1388.622657
157,8,1375.004469
158,5,1580.337633
158,6,1407.550300
158,7,1388.622657
158,8,1375.004469
159,5,1580.337633
159,6,1407.550300
159,7,1388.622657
159,8,1375.004469
160,5,1580.337633
160,6,1407.550300
160,7,1388.622657
160,8,1375.004469
161,5,1580.337633
161,6,1407.550300
161,7,1388.622657
161,8,1375.004469
162,5,1580.337633
162,6,1399.335456
162,7,1388.622657
162,8,1375.004469
163,5,1580.337633
163,6,1399.335456
163,7,1388.622657
163,8,1375.004469
164,5,1580.337633
164,6,1399.335456
164,7,1388.622657
164,8,1375.004469
165,5,1580.337633
165,6,1399.335456
165,7,1388.622657
165,8,1375.004469
166,5,1580.337633
166,6,1399.335456
166,7,1388.622657
166,8,1375.004469
167,5,1580.337633
167,6,1399.335456
167,7,1388.622657
167,8,1375.004469
168,5,1580.337633
168,6,1399.335456
168,7,1388.622657
168,8,1375.004469
169,5,1580.337633
169,6,1399.335456
169,7,1388.622657
169,8,1375.004469
170,5,1576.082297
170,6,1399.335456
170,7,1388.622657
170,8,1375.004469
171,5,1576.082297
171,6,1399.335456
171,7,1388.622657
171,8,1375.004469
172,5,1576.082297
172,6,1399.335456
172,7,1388.622657
172,8,1375.004469
173,5,1576.082297
173,6,1399.335456
173,7,1388.622657
173,8,1375.004469
174,5,1576.082297
174,6,1399.335456
174,7,1388.622657
174,8,1375.004469
175,5,1576.082297
175,6,1399.335456
175,7,1388.622657
175,8,1375.004469
176,5,1576.082297
176,6,1389.291771
176,7,1388.622657
176,8,1375.004469
177,5,1576.082297
177,6,1389.291771
177,7,1388.622657
177,8,1375.004469
178,5,1576.082297
178,6,1389.291771
178,7,1388.622657
178,8,1375.004469
179,5,1576.082297
179,6,1389.291771
179,7,1388.622657
179,8,1375.004469
180,5,1576.082297
180,6,1389.291771
180,7,1388.622657
180,8,1375.004469
181,5,1576.082297
181,6,1389.291771
181,7,1388.622657
181,8,1375.004469
182,5,1576.082297
182,6,1389.291771
182,7,1388.622657
182,8,1375.004469
183,5,1574.229721
183,6,1389.291771
183,7,1388.622657
183,8,1375.004469
184,5,1574.229721
184,6,1389.291771
184,7,1388.622657
184,8,1375.004469
185,5,1574.229721
185,6,1389.291771
185,7,1388.622657
185,8,1375.004469
186,5,1574.229721
186,6,1389.291771
186,7,1388.622657
186,8,1375.004469
187,5,1574.229721
187,6,1389.291771
187,7,1388.622657
187,8,1375.004469
188,5,1574.229721
188,6,1389.291771
188,7,1388.622657
188,8,1375.004469
189,5,1574.229721
189,6,1389.291771
189,7,1388.622657
189,8,1375.004469
190,5,1574.229721
190,6,1389.291771
190,7,1388.622657
190,8,1375.004469
191,5,1574.229721
191,6,1389.291771
191,7,1388.622657
191,8,1375.004469
192,5,1574.229721
192,6,1389.291771
192,7,1388.622657
192,8,1375.004469
193,5,1574.229721
193,6,1389.291771
193,7,1388.622657
193,8,1375.004469
194,5,1574.229721
194,6,1389.291771
194,7,1388.622657
194,8,1375.004469
195,5,1574.229721
195,6,1389.291771
195,7,1388.622657
195,8,1375.004469
196,5,1574.229721
196,6,1389.291771
196,7,1388.622657
196,8,1375.004469
197,5,1574.229721
197,6,1389.291771
197,7,1388.622657
197,8,1375.004469
198,5,1574.229721
198,6,1389.291771
198,7,1388.622657
198,8,1375.004469
199,5,1574.229721
199,6,1389.291771
199,7,1388.622657
199,8,1375.004469
200,5,1574.229721
200,6,1389.291771
200,7,1388.622657
200,8,1375.004469
201,5,1574.229721
201,6,1389.291771
201,7,1388.622657
201,8,1375.004469
202,5,1574.229721
202,6,1389.291771
202,7,1388.622657
202,8,1375.004469
203,5,1574.229721
203,6,1389.291771
203,7,1388.622657
203,8,1375.004469
204,5,1574.229721
204,6,1389.291771
204,7,1388.622657
204,8,1375.004469
205,5,1574.229721
205,6,1389.291771
205,7,1388.622657
205,8,1375.004469
206,5,1574.229721
206,6,1389.291771
206,7,1388.622657
206,8,1375.004469
207,5,1574.229721
207,6,1389.291771
207,7,1388.622657
207,8,1375.004469
208,5,1574.229721
208,6,1389.291771
208,7,1388.622657
208,8,1368.877727
209,5,1574.229721
209,6,1389.291771
209,7,1388.622657
209,8,1368.877727
210,5,1574.229721
210,6,1389.291771
210,7,1388.622657
210,8,1368.877727
211,5,1574.229721
211,6,1389.291771
211,7,1388.622657
211,8,1368.877727
212,5,1574.229721
212,6,1389.291771
212,7,1376.664184
212,8,1368.877727
213,5,1574.229721
213,6,1389.291771
213,7,1374.591723
213,8,1368.877727
214,5,1574.229721
214,6,1389.291771
214,7,1374.591723
214,8,1368.877727
215,5,1574.229721
215,6,1389.291771
215,7,1374.591723
215,8,1368.877727
216,5,1574.229721
216,6,1389.291771
216,7,1374.591723
216,8,1368.877727
217,5,1574.229721
217,6,1389.291771
217,7,1374.591723
217,8,1368.877727
218,5,1574.229721
218,6,1389.291771
218,7,1374.591723
218,8,1368.877727
219,5,1574.229721
219,6,1388.675479
219,7,1374.591723
219,8,1368.877727
220,5,1574.229721
220,6,1388.675479
220,7,1374.591723
220,8,1368.877727
221,5,1574.229721
221,6,1388.675479
221,7,1374.591723
221,8,1368.877727
222,5,1574.229721
222,6,1388.675479
222,7,1374.591723
222,8,1368.877727
223,5,1574.229721
223,6,1388.675479
223,7,1374.591723
223,8,1368.877727
224,5,1574.229721
224,6,1388.675479
224,7,1374.591723
224,8,1368.877727
225,5,1574.229721
225,6,1388.675479
225,7,1374.591723
225,8,1368.877727
226,5,1574.229721
226,6,1388.675479
226,7,1374.591723
226,8,1368.877727
227,5,1574.229721
227,6,1388.675479
227,7,1374.591723
227,8,1368.877727
228,5,1574.229721
228,6,1388.675479
228,7,1374.591723
228,8,1368.877727
229,5,1574.229721
229,6,1388.675479
229,7,1374.591723
229,8,1368.877727
230,5,1574.229721
230,6,1388.675479
230,7,1374.591723
230,8,1368.877727
231,5,1574.229721
231,6,1388.675479
231,7,1374.591723
231,8,1368.877727
232,5,1574.229721
232,6,1388.675479
232,7,1374.591723
232,8,1368.877727
233,5,1574.229721
233,6,1388.675479
233,7,1374.591723
233,8,1368.877727
234,5,1574.229721
234,6,1376.015166
234,7,1374.591723
234,8,1368.877727
235,5,1574.229721
235,6,1376.015166
235,7,1374.591723
235,8,1368.877727
236,5,1574.229721
236,6,1376.015166
236,7,1374.591723
236,8,1368.877727
237,5,1574.229721
237,6,1376.015166
237,7,1374.591723
237,8,1368.877727
238,5,1574.229721
238,6,1363.189821
239,5,1574.229721
239,6,1363.189821
240,5,1574.229721
240,6,1363.189821
241,5,1574.229721
241,6,1363.189821
242,5,1574.229721
242,6,1363.189821
243,5,1574.229721
243,6,1363.189821
244,5,1574.229721
244,6,1363.189821
245,5,1574.229721
245,6,1363.189821
246,5,1574.229721
246,6,1363.189821
247,5,1574.229721
247,6,1363.189821
248,5,1574.229721
248,6,1363.189821
249,5,1574.229721
249,6,1363.189821
250,5,1574.229721
250,6,1363.189821
251,5,1574.229721
251,6,1363.189821
252,5,1574.229721
252,6,1363.189821
253,5,1574.229721
253,6,1363.189821
254,5,1574.229721
254,6,1363.189821
255,5,1574.229721
255,6,1363.189821
256,5,1574.229721
256,6,1363.189821
257,5,1574.229721
257,6,1363.189821
258,5,1574.229721
258,6,1363.189821
259,5,1574.229721
259,6,1363.189821
260,5,1574.229721
260,6,1363.189821
261,5,1574.229721
261,6,1363.189821
262,5,1574.229721
262,6,1363.189821
263,5,1574.229721
263,6,1363.189821
264,5,1574.229721
264,6,1363.189821
265,5,1574.229721
265,6,1363.189821
266,5,1574.229721
266,6,1363.189821
267,5,1574.229721
267,6,1363.189821
268,5,1574.229721
268,6,1363.189821
269,5,1574.229721
269,6,1363.189821
270,5,1573.810762
270,6,1363.189821
271,5,1573.810762
271,6,1363.189821
272,5,1573.810762
272,6,1363.189821
273,5,1573.810762
273,6,1363.189821
274,5,1573.810762
274,6,1363.189821
275,5,1573.810762
275,6,1363.189821
276,5,1573.810762
276,6,1363.189821
277,5,1573.810762
277,6,1363.189821
278,5,1573.810762
278,6,1363.189821
279,5,1573.810762
279,6,1363.189821
280,5,1573.810762
280,6,1363.189821
281,5,1573.810762
281,6,1363.189821
282,5,1573.810762
282,6,1363.189821
283,5,1573.810762
283,6,1363.189821
284,5,1573.810762
284,6,1363.189821
285,5,1573.810762
285,6,1363.189821
286,5,1573.810762
286,6,1363.189821
287,5,1573.810762
287,6,1363.189821
288,5,1573.810762
288,6,1363.189821
289,5,1573.810762
289,6,1363.189821
290,5,1573.810762
290,6,1363.189821
291,5,1573.810762
291,6,1363.189821
292,5,1573.810762
292,6,1363.189821
293,5,1573.810762
293,6,1363.189821
294,5,1573.255305
294,6,1363.189821
295,5,1573.255305
295,6,1363.189821
296,5,1573.255305
296,6,1363.189821
297,5,1573.255305
297,6,1363.189821
298,5,1573.255305
298,6,1363.189821
299,5,1573.255305
299,6,1363.189821
300,5,1571.305303
300,6,1363.189821
301,5,1571.305303
301,6,1363.189821
302,5,1571.305303
302,6,1363.189821
303,5,1571.305303
303,6,1363.189821
304,5,1571.305303
304,6,1363.189821
305,5,1571.305303
305,6,1363.189821
306,5,1571.305303
306,6,1363.189821
307,5,1571.305303
307,6,1363.189821
308,5,1571.305303
308,6,1363.189821
309,5,1571.305303
309,6,1363.189821
310,5,1571.305303
310,6,1363.189821
311,5,1571.305303
311,6,1363.189821
312,5,1571.305303
312,6,1363.189821
313,5,1571.305303
313,6,1363.189821
314,5,1571.305303
314,6,1363.189821
315,5,1571.305303
315,6,1363.189821
316,5,1571.305303
316,6,1363.189821
317,5,1571.305303
317,6,1363.189821
318,5,1571.305303
318,6,1363.189821
319,5,1571.305303
319,6,1363.189821
320,5,1571.305303
320,6,1363.189821
321,5,1571.305303
321,6,1363.189821
322,5,1571.305303
322,6,1363.189821
323,5,1571.305303
323,6,1363.189821
324,5,1571.305303
324,6,1363.189821
325,5,1571.305303
325,6,1363.189821
326,5,1571.305303
326,6,1363.189821
327,5,1571.305303
327,6,1363.189821
328,5,1571.305303
328,6,1363.189821
329,5,1571.305303
329,6,1363.189821
330,5,1571.305303
330,6,1363.189821
331,5,1571.305303
331,6,1363.189821
