Generation,NV,TOC
1,29,9459.685777
1,30,8536.937676
1,33,7467.431264
1,34,7405.776982
1,37,7370.123200
1,38,7075.600284
1,39,7038.801686
1,40,6777.130608
1,44,6590.655350
1,48,6511.056185
1,64,6445.808199
1,73,6333.026019
1,75,6262.908394
1,81,6252.222246
2,27,9732.058942
2,28,8701.427635
2,30,8387.914993
2,32,8166.403451
2,33,7196.429513
2,38,6912.431339
2,40,6777.130608
2,44,6546.170381
2,46,6505.892248
2,47,6259.019458
2,51,6196.577553
2,74,6127.176529
3,24,9191.670632
3,26,9072.198811
3,28,8383.264283
3,30,8129.663176
3,31,7094.133704
3,38,6438.680739
3,45,6396.859129
3,46,6232.228886
3,51,6196.577553
3,52,6110.433970
3,54,6065.871105
3,65,6013.195733
3,78,6002.852036
4,24,9175.404356
4,26,8329.726975
4,29,8215.119592
4,30,7812.291029
4,31,7094.133704
4,37,6611.791500
4,38,6069.784236
4,40,5997.037310
4,55,5827.895926
5,24,9175.404356
5,25,8026.863317
5,27,7441.341845
5,31,7094.133704
5,35,7089.172752
5,36,6957.374661
5,37,6202.886224
5,38,6069.784236
5,40,5997.037310
5,42,5914.910831
5,45,5881.762767
5,55,5827.895926
6,24,8986.061198
6,25,7562.248545
6,27,7441.341845
6,28,7204.178743
6,29,6934.074952
6,32,6318.669200
6,36,6107.038709
6,38,5975.065362
6,39,5893.938633
6,40,5852.260362
6,44,5840.926119
6,50,5776.517841
6,51,5689.906574
7,24,7497.576665
7,25,7460.183948
7,27,7441.341845
7,28,7204.178743
7,29,6934.074952
7,32,6318.669200
7,36,6107.038709
7,38,5975.065362
7,39,5893.938633
7,40,5782.349890
7,42,5687.002023
7,49,5643.364913
7,59,5600.877907
8,23,9491.541565
8,24,7497.576665
8,25,6992.771848
8,26,6853.085714
8,32,6318.669200
8,36,6107.038709
8,38,5975.065362
8,39,5893.938633
8,40,5782.349890
8,42,5687.002023
8,49,5643.364913
8,59,5600.877907
9,23,9491.541565
9,24,7497.576665
9,25,6992.771848
9,26,6853.085714
9,27,6657.181050
9,28,6576.343214
9,30,6570.932704
9,31,6400.851482
9,32,6318.669200
9,36,6107.038709
9,38,5975.065362
9,39,5893.938633
9,40,5782.349890
9,42,5687.002023
9,43,5586.299452
9,57,5548.278855
10,23,9491.541565
10,24,6668.075523
10,27,6657.181050
10,28,6576.343214
10,29,6454.894675
10,31,6400.851482
10,32,6318.669200
10,33,6306.777074
10,36,6107.038709
10,38,5975.065362
10,39,5893.938633
10,40,5782.349890
10,42,5687.002023
10,43,5586.299452
10,54,5559.663916
10,57,5548.278855
11,23,8098.651307
11,24,6668.075523
11,27,6657.181050
11,28,6576.343214
11,29,6454.894675
11,30,6352.191286
11,31,6349.336321
11,32,6318.669200
11,33,6306.777074
11,34,6196.866182
11,36,6026.768859
11,38,5975.065362
11,39,5893.938633
11,40,5782.349890
11,42,5687.002023
11,43,5586.299452
11,52,5535.104303
12,23,8098.651307
12,24,6668.075523
12,27,6657.181050
12,28,6576.343214
12,29,6454.894675
12,30,6352.191286
12,31,6349.336321
12,32,6318.669200
12,33,6306.777074
12,34,6196.866182
12,36,6026.768859
12,38,5975.065362
12,39,5893.938633
12,40,5782.349890
12,41,5681.754253
12,43,5586.299452
12,52,5535.104303
13,23,7963.977478
13,24,6668.075523
13,27,6657.181050
13,28,6576.343214
13,29,6454.894675
13,30,6352.191286
13,31,6349.336321
13,32,6308.895358
13,33,6306.777074
13,34,6196.866182
13,36,6026.768859
13,37,6018.162916
13,38,5975.065362
13,39,5893.938633
13,40,5782.349890
13,41,5644.965898
13,42,5628.989648
13,43,5586.299452
13,52,5535.104303
14,22,8428.115339
14,23,6999.061351
14,24,6668.075523
14,26,6257.362593
14,30,6220.895855
14,33,6071.720756
14,35,6003.657226
14,38,5975.065362
14,39,5882.048226
14,40,5782.349890
14,41,5644.965898
14,42,5606.372378
14,43,5586.299452
14,52,5535.104303
14,56,5513.254022
15,22,8428.115339
15,23,6882.623520
15,24,6591.674085
15,26,6257.362593
15,27,6035.058784
15,30,6017.436052
15,35,5897.141094
15,36,5879.891298
15,37,5580.708372
15,47,5473.158838
16,22,8286.616811
16,23,6882.623520
16,24,6591.674085
16,26,6118.993239
16,27,6035.058784
16,30,6017.436052
16,35,5897.141094
16,36,5751.093444
16,37,5580.708372
16,47,5473.158838
17,22,8286.616811
17,23,6882.623520
17,24,6591.674085
17,26,6118.993239
17,27,6035.058784
17,29,5987.345394
17,35,5897.141094
17,36,5751.093444
17,37,5580.708372
17,46,5468.460945
18,22,8286.616811
18,23,6845.147901
18,24,6591.674085
18,26,6118.993239
18,27,6035.058784
18,29,5987.345394
18,31,5894.268853
18,36,5751.093444
18,37,5580.708372
18,46,5457.887669
19,22,7241.698738
19,23,6682.637661
19,24,6591.674085
19,26,6118.993239
19,27,6035.058784
19,29,5987.345394
19,31,5894.268853
19,35,5608.073460
19,37,5580.708372
19,44,5430.682777
20,22,7221.040960
20,23,6682.637661
20,24,6540.709573
20,26,6026.013940
20,28,5868.450808
20,29,5650.221226
20,35,5608.073460
20,37,5580.708372
20,44,5430.682777
21,22,6610.036620
21,23,6174.926466
21,26,6026.013940
21,27,5932.457324
21,28,5868.450808
21,29,5650.221226
21,34,5646.074699
21,35,5608.073460
21,37,5580.708372
21,44,5430.682777
21,45,5420.959808
22,21,7641.098145
22,22,6610.036620
22,23,6174.926466
22,26,6026.013940
22,27,5932.457324
22,28,5868.450808
22,29,5650.221226
22,30,5617.527322
22,35,5608.073460
22,36,5585.358201
22,37,5580.708372
22,38,5502.490170
22,44,5430.682777
22,45,5420.959808
22,48,5336.559790
23,21,7641.098145
23,22,6610.036620
23,23,6174.926466
23,25,6061.689201
23,26,6022.834963
23,27,5846.804939
23,29,5650.221226
23,30,5617.527322
23,31,5553.436051
23,38,5502.490170
23,44,5430.682777
23,45,5408.743567
23,48,5336.559790
24,21,7555.325135
24,22,6610.036620
24,23,6104.044067
24,24,6048.890170
24,26,5927.794313
24,27,5846.804939
24,29,5650.221226
24,30,5617.527322
24,31,5553.436051
24,38,5502.490170
24,44,5430.682777
24,45,5408.743567
24,47,5343.125492
24,48,5336.559790
25,21,7152.114544
25,22,6388.348077
25,23,6037.746190
25,25,5951.705648
25,26,5899.186709
25,27,5846.804939
25,29,5650.221226
25,30,5617.527322
25,31,5510.852276
25,38,5495.054674
25,40,5437.012407
25,44,5377.855267
25,45,5286.411942
26,21,7149.543962
26,22,6370.887048
26,23,6037.746190
26,25,5951.705648
26,26,5899.186709
26,27,5846.804939
26,29,5650.221226
26,30,5617.527322
26,31,5510.852276
26,38,5495.054674
26,40,5437.012407
26,42,5306.639544
26,45,5286.411942
27,21,6595.799911
27,22,6370.887048
27,23,6037.746190
27,25,5951.705648
27,26,5878.134234
27,27,5846.804939
27,28,5821.657307
27,29,5650.221226
27,30,5617.527322
27,31,5510.852276
27,36,5494.267562
27,40,5437.012407
27,42,5306.639544
27,45,5286.411942
28,20,6402.096850
28,21,6379.837772
28,22,6228.647861
28,23,6037.746190
28,25,5906.127299
28,26,5878.134234
28,27,5846.804939
28,28,5821.657307
28,29,5650.221226
28,30,5617.527322
28,31,5510.852276
28,36,5494.267562
28,40,5437.012407
28,41,5428.187820
28,42,5306.639544
28,45,5286.411942
29,20,6402.096850
29,21,6379.837772
29,22,6180.467670
29,23,6037.746190
29,25,5846.305014
29,28,5821.657307
29,29,5650.221226
29,30,5617.527322
29,31,5510.852276
29,36,5494.267562
29,38,5436.450087
29,41,5428.187820
29,42,5306.639544
29,45,5286.411942
30,20,6402.096850
30,21,6379.837772
30,22,6180.467670
30,23,6037.746190
30,24,5734.111856
30,25,5559.082469
30,31,5419.909251
30,37,5414.752991
30,41,5334.890917
30,42,5297.491975
30,45,5286.411942
31,19,6805.907470
31,20,6402.096850
31,21,6379.837772
31,22,5904.729443
31,24,5734.111856
31,25,5559.082469
31,31,5419.909251
31,37,5414.752991
31,41,5334.890917
31,42,5297.491975
31,45,5286.411942
32,19,6805.907470
32,20,6402.096850
32,21,6379.837772
32,22,5809.284600
32,24,5734.111856
32,25,5559.082469
32,31,5419.909251
32,37,5414.752991
32,41,5334.890917
32,42,5297.491975
32,45,5286.411942
33,19,6805.907470
33,20,6402.096850
33,21,6379.837772
33,22,5809.284600
33,24,5734.111856
33,25,5559.082469
33,31,5419.909251
33,37,5414.752991
33,41,5334.890917
33,42,5297.491975
33,45,5286.411942
34,19,6805.907470
34,20,6402.096850
34,21,6208.014862
34,22,5809.284600
34,24,5734.111856
34,25,5559.082469
34,31,5419.909251
34,37,5414.752991
34,41,5334.890917
34,42,5297.491975
34,45,5286.411942
35,19,6805.907470
35,20,6328.506600
35,21,6054.310814
35,22,5789.204701
35,24,5504.532891
35,31,5419.909251
35,37,5403.705489
35,40,5288.853968
35,44,5282.394857
36,19,6638.917936
36,20,6328.506600
36,21,6054.310814
36,22,5789.204701
36,24,5504.532891
36,31,5419.909251
36,37,5403.705489
36,39,5307.091834
36,40,5288.853968
36,42,5284.409546
36,44,5282.394857
37,19,6638.917936
37,20,6328.506600
37,21,6054.310814
37,22,5789.204701
37,24,5504.532891
37,31,5419.909251
37,37,5403.705489
37,39,5307.091834
37,40,5288.853968
37,42,5284.409546
37,44,5282.394857
38,19,6638.917936
38,20,6025.692468
38,21,5918.452156
38,22,5789.204701
38,24,5504.532891
38,31,5419.909251
38,32,5414.248309
38,36,5367.346454
38,39,5307.091834
38,40,5288.853968
38,42,5284.409546
38,44,5282.394857
38,50,5262.901757
39,19,6638.917936
39,20,6025.692468
39,21,5918.452156
39,22,5789.204701
39,24,5504.532891
39,31,5419.909251
39,32,5414.248309
39,36,5367.346454
39,39,5307.091834
39,40,5288.853968
39,42,5284.409546
39,44,5282.394857
39,45,5281.642556
39,50,5262.901757
40,19,6506.437075
40,20,6025.692468
40,21,5918.452156
40,22,5789.204701
40,24,5504.532891
40,31,5411.058239
40,35,5397.500876
40,36,5367.346454
40,39,5288.267255
40,42,5233.141695
41,19,6298.821305
41,20,6025.692468
41,21,5918.452156
41,22,5789.204701
41,24,5504.532891
41,31,5411.058239
41,35,5397.500876
41,36,5367.346454
41,39,5288.267255
41,41,5234.286735
41,42,5233.141695
42,19,6298.821305
42,20,6025.692468
42,21,5918.452156
42,22,5789.204701
42,24,5504.532891
42,31,5411.058239
42,35,5397.500876
42,36,5367.346454
42,38,5337.215636
42,39,5288.267255
42,41,5234.286735
42,42,5233.141695
43,19,6298.821305
43,20,6013.173348
43,21,5918.452156
43,22,5789.204701
43,23,5779.371430
43,24,5504.532891
43,31,5411.058239
43,32,5360.894169
43,38,5330.715571
43,39,5288.267255
43,41,5234.286735
43,42,5233.141695
43,44,5220.957053
44,19,6298.821305
44,20,6013.173348
44,21,5918.452156
44,22,5789.204701
44,23,5779.371430
44,24,5504.532891
44,31,5411.058239
44,32,5360.894169
44,38,5330.715571
44,39,5288.267255
44,41,5234.286735
44,42,5233.141695
44,44,5215.909825
45,19,6291.661468
45,20,5854.098962
45,22,5789.204701
45,23,5740.190241
45,24,5482.621212
45,31,5411.058239
45,32,5360.894169
45,38,5275.938611
45,39,5215.977012
45,42,5214.112248
45,44,5195.754584
46,19,6291.661468
46,20,5747.079197
46,23,5740.190241
46,24,5482.621212
46,26,5343.986659
46,27,5340.970727
46,30,5281.512220
46,38,5275.938611
46,39,5215.977012
46,42,5214.112248
46,44,5195.754584
47,19,6035.168392
47,20,5747.079197
47,23,5740.190241
47,24,5482.621212
47,25,5432.231038
47,26,5343.986659
47,27,5340.970727
47,30,5281.512220
47,38,5275.938611
47,39,5215.977012
47,42,5214.112248
47,44,5195.754584
47,46,5149.546205
48,19,6035.168392
48,20,5747.079197
48,23,5740.190241
48,24,5419.879155
48,26,5343.986659
48,27,5340.970727
48,30,5281.512220
48,38,5222.608020
48,39,5215.977012
48,42,5141.027815
49,19,6035.168392
49,20,5729.764510
49,24,5419.879155
49,26,5343.986659
49,27,5340.970727
49,28,5308.494000
49,30,5281.512220
49,38,5222.608020
49,39,5215.977012
49,42,5141.027815
50,19,6035.168392
50,20,5687.862201
50,24,5419.879155
50,26,5335.938026
50,27,5321.210265
50,28,5308.494000
50,30,5245.709849
50,38,5177.791794
50,40,5124.615553
50,41,5100.316503
51,19,6035.168392
51,20,5685.430707
51,21,5650.808206
51,24,5419.879155
51,26,5335.938026
51,27,5321.210265
51,28,5308.494000
51,30,5245.709849
51,38,5177.791794
51,40,5124.615553
51,41,5100.316503
52,19,6035.168392
52,20,5685.430707
52,21,5650.808206
52,24,5419.879155
52,26,5335.938026
52,27,5321.210265
52,28,5308.494000
52,30,5245.709849
52,36,5221.840051
52,38,5177.791794
52,40,5124.615553
52,41,5100.316503
53,18,6590.697126
53,19,6035.168392
53,20,5685.430707
53,21,5633.805611
53,24,5419.879155
53,26,5335.938026
53,27,5321.210265
53,28,5308.494000
53,30,5245.709849
53,33,5217.309005
53,38,5177.791794
53,40,5124.615553
53,41,5100.316503
54,18,6590.697126
54,19,6035.168392
54,20,5685.430707
54,21,5633.805611
54,24,5419.879155
54,26,5335.938026
54,27,5321.210265
54,28,5308.494000
54,29,5293.377170
54,30,5245.709849
54,33,5217.309005
54,38,5165.940390
54,40,5124.615553
54,41,5100.316503
55,18,6590.697126
55,19,6035.168392
55,20,5618.202902
55,24,5389.702733
55,26,5335.938026
55,27,5321.210265
55,28,5215.750805
55,33,5207.670802
55,38,5126.854079
55,40,5048.138922
56,18,6590.697126
56,19,6001.292274
56,20,5618.202902
56,24,5389.702733
56,26,5335.938026
56,27,5321.210265
56,28,5215.750805
56,33,5207.670802
56,38,5126.854079
56,40,5048.138922
57,18,6321.303072
57,19,6001.292274
57,20,5514.835007
57,21,5449.133447
57,24,5389.702733
57,26,5335.938026
57,27,5321.210265
57,28,5215.750805
57,33,5207.670802
57,35,5206.164546
57,38,5126.854079
57,40,5048.138922
58,18,6158.583754
58,19,5840.771813
58,20,5483.278563
58,21,5449.133447
58,24,5389.702733
58,26,5335.938026
58,27,5321.210265
58,28,5215.750805
58,33,5183.683863
58,37,5146.429463
58,38,5126.854079
58,40,5048.138922
59,18,6158.583754
59,19,5748.494790
59,20,5483.278563
59,21,5449.133447
59,24,5352.437276
59,26,5325.804254
59,27,5321.210265
59,28,5215.750805
59,33,5183.683863
59,37,5146.429463
59,38,5126.854079
59,40,5048.138922
60,18,6158.583754
60,19,5725.010274
60,20,5483.278563
60,21,5413.688969
60,24,5332.198757
60,26,5307.585742
60,27,5295.909970
60,28,5205.996682
60,33,5183.683863
60,34,5141.484881
60,38,5126.854079
60,40,5048.138922
61,18,6158.583754
61,19,5725.010274
61,20,5483.278563
61,21,5413.688969
61,24,5332.198757
61,26,5307.585742
61,27,5257.867406
61,28,5205.996682
61,33,5183.683863
61,34,5141.484881
61,38,5126.854079
61,40,5048.138922
62,18,6158.583754
62,19,5725.010274
62,20,5483.278563
62,21,5413.688969
62,24,5332.198757
62,26,5307.585742
62,27,5257.867406
62,28,5205.996682
62,31,5205.291694
62,33,5145.480433
62,34,5141.484881
62,38,5126.854079
62,39,5110.241990
62,40,5048.138922
63,18,6158.583754
63,19,5725.010274
63,20,5441.872539
63,21,5413.688969
63,23,5403.953635
63,24,5332.198757
63,26,5307.585742
63,27,5257.867406
63,28,5205.996682
63,31,5200.611268
63,33,5145.480433
63,34,5141.484881
63,38,5126.854079
63,39,5104.167501
63,40,5048.138922
64,18,5952.851546
64,19,5725.010274
64,20,5441.872539
64,21,5413.688969
64,23,5403.953635
64,24,5332.198757
64,25,5329.535975
64,26,5307.585742
64,27,5257.867406
64,28,5205.996682
64,31,5180.791424
64,32,5170.685857
64,33,5145.480433
64,34,5141.484881
64,38,5126.854079
64,39,5104.167501
64,40,5048.138922
65,18,5952.851546
65,19,5725.010274
65,20,5441.872539
65,21,5339.892124
65,24,5332.198757
65,25,5260.935758
65,27,5244.740846
65,28,5205.996682
65,31,5173.278262
65,32,5170.685857
65,33,5145.480433
65,34,5116.331213
65,37,5010.074653
66,18,5952.851546
66,19,5691.016542
66,20,5441.872539
66,21,5339.892124
66,24,5332.198757
66,25,5260.935758
66,27,5244.740846
66,28,5205.996682
66,31,5173.278262
66,32,5170.685857
66,33,5145.480433
66,34,5116.331213
66,37,5010.074653
67,18,5867.442151
67,19,5691.016542
67,20,5441.872539
67,21,5339.892124
67,24,5332.198757
67,25,5260.935758
67,27,5244.740846
67,28,5205.996682
67,31,5173.278262
67,32,5170.685857
67,33,5145.480433
67,34,5116.331213
67,37,5010.074653
68,18,5867.442151
68,19,5691.016542
68,20,5441.872539
68,21,5339.892124
68,24,5332.198757
68,25,5260.935758
68,27,5244.740846
68,28,5205.996682
68,31,5173.278262
68,32,5170.685857
68,33,5145.480433
68,34,5116.331213
68,37,5010.074653
69,18,5867.442151
69,19,5656.256596
69,20,5441.872539
69,21,5339.892124
69,23,5285.502620
69,25,5260.935758
69,27,5244.740846
69,28,5205.996682
69,31,5173.278262
69,32,5170.685857
69,33,5145.480433
69,34,5116.331213
69,37,5010.074653
70,17,6250.390475
70,18,5867.442151
70,19,5656.256596
70,20,5441.872539
70,21,5339.892124
70,23,5258.851720
70,27,5244.740846
70,28,5193.300328
70,31,5143.795678
70,34,5116.331213
70,37,5010.074653
71,17,6250.390475
71,18,5867.442151
71,19,5640.371513
71,20,5441.872539
71,21,5326.783426
71,23,5258.851720
71,27,5244.740846
71,28,5193.300328
71,31,5143.795678
71,34,5116.331213
71,37,5010.074653
72,17,6030.376150
72,18,5865.846877
72,19,5590.326370
72,20,5441.872539
72,21,5320.706942
72,23,5258.851720
72,27,5244.740846
72,28,5193.300328
72,31,5143.795678
72,34,5116.331213
72,37,5010.074653
73,17,5930.740483
73,18,5853.603535
73,19,5571.476744
73,20,5441.872539
73,21,5320.706942
73,23,5258.851720
73,27,5206.549860
73,28,5193.300328
73,31,5143.795678
73,34,5116.331213
73,37,5010.074653
74,17,5930.740483
74,18,5850.158184
74,19,5571.476744
74,20,5441.872539
74,21,5320.706942
74,23,5258.851720
74,27,5206.549860
74,28,5193.300328
74,31,5143.795678
74,34,5116.331213
74,37,5010.074653
75,17,5930.740483
75,18,5794.797592
75,19,5567.925942
75,20,5441.872539
75,21,5302.138016
75,23,5258.851720
75,27,5180.227585
75,28,5180.217086
75,31,5143.795678
75,34,5116.331213
75,36,4993.873812
76,17,5930.740483
76,18,5794.797592
76,19,5567.925942
76,20,5441.872539
76,21,5302.138016
76,23,5211.675949
76,27,5180.227585
76,28,5180.217086
76,29,5158.586345
76,31,5143.795678
76,34,5116.331213
76,36,4993.873812
77,17,5930.740483
77,18,5794.797592
77,19,5567.049525
77,20,5338.120279
77,21,5302.138016
77,23,5211.675949
77,27,5180.227585
77,28,5180.217086
77,29,5158.586345
77,31,5143.795678
77,34,5116.331213
77,35,5066.387913
77,36,4993.873812
78,17,5930.740483
78,18,5794.797592
78,19,5567.049525
78,20,5338.120279
78,21,5302.138016
78,23,5211.675949
78,25,5211.168373
78,27,5180.227585
78,28,5180.217086
78,29,5158.586345
78,31,5143.795678
78,34,5116.331213
78,35,5066.387913
78,36,4993.873812
79,17,5930.740483
79,18,5794.797592
79,19,5567.049525
79,20,5338.120279
79,21,5302.138016
79,22,5289.566293
79,23,5211.675949
79,25,5211.168373
79,27,5180.227585
79,28,5180.217086
79,29,5158.586345
79,31,5143.795678
79,33,5079.991195
79,35,5066.387913
79,36,4993.873812
80,17,5930.740483
80,18,5761.501992
80,19,5555.937700
80,20,5338.120279
80,21,5302.138016
80,22,5289.566293
80,23,5211.675949
80,25,5197.380925
80,27,5177.488700
80,29,5158.586345
80,31,5143.795678
80,32,5052.619833
80,36,4993.873812
81,17,5930.740483
81,18,5761.501992
81,19,5555.937700
81,20,5321.099110
81,21,5302.138016
81,22,5289.566293
81,23,5211.675949
81,24,5194.615053
81,27,5177.488700
81,29,5158.586345
81,30,5143.813994
81,31,5119.803228
81,32,5052.619833
81,36,4993.873812
82,17,5930.740483
82,18,5761.501992
82,19,5555.937700
82,20,5321.099110
82,21,5302.138016
82,22,5289.566293
82,23,5211.675949
82,24,5194.615053
82,27,5177.488700
82,29,5153.619236
82,30,5143.813994
82,31,5119.803228
82,32,5052.619833
82,36,4993.873812
83,17,5930.740483
83,18,5761.501992
83,19,5555.937700
83,20,5321.099110
83,21,5302.138016
83,22,5248.420956
83,23,5211.675949
83,24,5194.615053
83,27,5177.488700
83,29,5153.619236
83,30,5143.813994
83,31,5119.803228
83,32,5052.619833
83,36,4993.873812
84,17,5888.945579
84,18,5761.501992
84,19,5555.937700
84,20,5321.099110
84,21,5302.138016
84,22,5248.420956
84,23,5211.675949
84,24,5194.615053
84,26,5150.526333
84,30,5143.813994
84,31,5119.803228
84,32,5021.788147
84,36,4993.873812
85,17,5888.945579
85,18,5742.778955
85,19,5555.937700
85,20,5321.099110
85,21,5246.526347
85,23,5211.675949
85,24,5158.047297
85,26,5150.526333
85,30,5127.662203
85,31,5039.625771
85,32,5019.633683
85,33,5005.670898
85,36,4993.873812
85,38,4978.561944
86,17,5888.945579
86,18,5742.778955
86,19,5555.937700
86,20,5321.099110
86,21,5246.526347
86,23,5202.102328
86,24,5158.047297
86,26,5150.526333
86,27,5122.138201
86,31,5039.625771
86,32,5019.633683
86,33,5005.670898
86,36,4993.873812
86,38,4978.561944
87,17,5888.945579
87,18,5742.778955
87,19,5545.627812
87,20,5259.913787
87,21,5246.526347
87,23,5202.102328
87,24,5158.047297
87,26,5150.526333
87,27,5122.138201
87,31,5039.625771
87,32,5019.633683
87,33,5005.670898
87,36,4993.873812
87,38,4978.561944
88,17,5888.945579
88,18,5742.778955
88,19,5545.627812
88,20,5259.913787
88,21,5246.526347
88,23,5202.102328
88,24,5158.047297
88,26,5150.526333
88,27,5122.138201
88,31,5039.625771
88,32,5019.633683
88,33,5005.670898
88,36,4993.873812
88,38,4978.561944
89,17,5808.752967
89,18,5742.778955
89,19,5545.627812
89,20,5259.913787
89,21,5246.526347
89,22,5164.078728
89,24,5158.047297
89,26,5150.526333
89,27,5122.138201
89,31,5039.625771
89,32,5019.633683
89,33,5005.670898
89,36,4993.873812
89,38,4978.561944
90,17,5808.752967
90,18,5742.778955
90,19,5545.627812
90,20,5259.913787
90,21,5222.582300
90,22,5164.078728
90,24,5150.532235
90,26,5147.100254
90,27,5102.519341
90,30,4997.801245
90,36,4993.873812
90,38,4978.561944
91,17,5808.752967
91,18,5742.778955
91,19,5545.627812
91,20,5259.913787
91,21,5222.582300
91,22,5164.078728
91,24,5150.532235
91,26,5147.100254
91,27,5102.519341
91,30,4997.801245
91,36,4993.873812
91,38,4978.561944
92,17,5808.752967
92,18,5742.778955
92,19,5545.627812
92,20,5259.913787
92,21,5222.582300
92,22,5164.078728
92,24,5150.532235
92,26,5147.100254
92,27,5102.519341
92,30,4997.801245
92,36,4993.873812
92,38,4978.561944
93,17,5808.752967
93,18,5742.778955
93,19,5545.627812
93,20,5259.913787
93,21,5222.582300
93,22,5164.078728
93,24,5150.532235
93,26,5147.100254
93,27,5084.609372
93,30,4997.801245
93,36,4993.873812
93,37,4977.976491
94,16,6527.723243
94,17,5808.752967
94,18,5742.778955
94,19,5545.627812
94,20,5259.913787
94,21,5222.582300
94,22,5164.078728
94,23,5153.870398
94,24,5150.532235
94,26,5147.100254
94,27,5084.609372
94,30,4997.801245
94,36,4993.873812
94,37,4977.976491
95,16,6527.723243
95,17,5808.752967
95,18,5729.017330
95,19,5545.627812
95,20,5259.913787
95,21,5222.582300
95,22,5158.788688
95,23,5153.870398
95,24,5135.014032
95,27,5084.609372
95,30,4987.997899
95,37,4958.770686
96,16,6527.723243
96,17,5808.752967
96,18,5729.017330
96,19,5529.228188
96,20,5213.495022
96,22,5158.788688
96,23,5153.870398
96,24,5135.014032
96,26,5106.108216
96,27,5084.609372
96,28,5084.503147
96,30,4987.997899
96,37,4958.770686
97,16,6527.723243
97,17,5792.074333
97,18,5729.017330
97,19,5529.228188
97,20,5213.495022
97,22,5158.788688
97,23,5153.870398
97,24,5135.014032
97,26,5106.108216
97,27,5084.609372
97,28,5084.503147
97,30,4987.997899
97,37,4958.770686
98,16,6393.392455
98,17,5792.074333
98,18,5729.017330
98,19,5529.228188
98,20,5213.495022
98,22,5158.788688
98,23,5153.870398
98,24,5135.014032
98,26,5106.108216
98,27,5084.609372
98,28,5084.503147
98,30,4987.997899
98,37,4958.770686
99,16,6393.392455
99,17,5792.074333
99,18,5729.017330
99,19,5529.228188
99,20,5213.495022
99,22,5158.788688
99,23,5141.893707
99,24,5135.014032
99,26,5106.108216
99,27,5084.609372
99,28,5084.503147
99,30,4987.997899
99,37,4958.770686
100,16,6393.392455
100,17,5792.074333
100,18,5657.528704
100,19,5529.228188
100,20,5210.570205
100,21,5136.848781
100,24,5111.249822
100,26,5096.908913
100,27,5065.864102
100,29,4969.345120
100,36,4943.698038
101,16,6178.821898
101,17,5792.074333
101,18,5657.528704
101,19,5529.228188
101,20,5161.603140
101,21,5136.848781
101,24,5111.249822
101,26,5096.908913
101,27,5065.864102
101,29,4969.345120
101,36,4943.698038
102,16,6178.821898
102,17,5792.074333
102,18,5602.894069
102,19,5510.683846
102,20,5161.603140
102,21,5136.848781
102,24,5111.249822
102,26,5096.908913
102,27,5065.864102
102,29,4969.345120
102,36,4943.698038
103,16,5819.714935
103,17,5792.074333
103,18,5602.894069
103,19,5510.683846
103,20,5161.603140
103,21,5136.848781
103,24,5111.249822
103,26,5096.908913
103,27,5065.864102
103,29,4969.345120
103,36,4943.698038
104,16,5819.714935
104,17,5792.074333
104,18,5602.894069
104,19,5498.157936
104,20,5161.603140
104,21,5136.848781
104,22,5064.954919
104,29,4969.345120
104,36,4943.698038
105,16,5819.714935
105,17,5792.074333
105,18,5593.490687
105,19,5497.600819
105,20,5161.603140
105,21,5135.862750
105,22,5057.932549
105,29,4969.345120
105,36,4940.992939
106,15,5981.856829
106,16,5819.714935
106,17,5792.074333
106,18,5566.436496
106,19,5475.243647
106,20,5161.603140
106,21,5135.862750
106,22,5057.932549
106,29,4969.345120
106,36,4940.992939
107,15,5981.856829
107,16,5819.714935
107,17,5792.074333
107,18,5566.436496
107,19,5475.243647
107,20,5161.603140
107,21,5135.862750
107,22,5057.932549
107,27,4997.694927
107,29,4969.345120
107,36,4940.992939
108,15,5981.856829
108,16,5819.714935
108,17,5761.065446
108,18,5541.901608
108,19,5475.243647
108,20,5161.603140
108,21,5135.862750
108,22,5057.932549
108,27,4997.694927
108,29,4969.345120
108,36,4940.992939
109,15,5942.749776
109,16,5819.714935
109,17,5761.065446
109,18,5541.901608
109,19,5475.243647
109,20,5161.603140
109,21,5135.862750
109,22,5057.932549
109,27,4997.694927
109,29,4969.345120
109,32,4964.167065
109,36,4940.992939
110,15,5942.749776
110,16,5791.247915
110,17,5738.119137
110,18,5541.055406
110,19,5475.243647
110,20,5161.603140
110,21,5132.160565
110,22,5057.932549
110,27,4996.845199
110,29,4965.588977
110,30,4900.061046
111,15,5942.749776
111,16,5791.247915
111,17,5738.119137
111,18,5491.585182
111,19,5475.243647
111,20,5161.603140
111,21,5132.160565
111,22,5057.932549
111,27,4996.845199
111,29,4965.588977
111,30,4900.061046
112,15,5942.749776
112,16,5782.816811
112,17,5738.119137
112,18,5491.585182
112,19,5475.243647
112,20,5161.603140
112,21,5132.160565
112,22,5057.932549
112,27,4996.845199
112,29,4965.588977
112,30,4900.061046
113,15,5942.749776
113,16,5782.816811
113,17,5729.154183
113,18,5491.585182
113,19,5475.243647
113,20,5161.603140
113,21,5132.160565
113,22,5057.932549
113,27,4996.845199
113,29,4965.588977
113,30,4900.061046
114,15,5942.749776
114,16,5767.248295
114,17,5729.154183
114,18,5491.585182
114,19,5475.243647
114,20,5161.603140
114,21,5132.160565
114,22,5057.932549
114,27,4996.845199
114,29,4965.588977
114,30,4900.061046
115,15,5941.558705
115,16,5767.248295
115,17,5696.859141
115,18,5481.618373
115,19,5472.241657
115,20,5146.786242
115,21,5132.160565
115,22,5028.477730
115,27,4991.454896
115,29,4965.588977
115,30,4890.289216
116,15,5941.558705
116,16,5767.248295
116,17,5682.691167
116,18,5481.618373
116,19,5472.241657
116,20,5146.786242
116,21,5132.160565
116,22,5028.477730
116,27,4991.454896
116,29,4965.588977
116,30,4890.289216
117,14,6058.458995
117,15,5941.558705
117,16,5767.248295
117,17,5682.691167
117,18,5481.618373
117,19,5472.241657
117,20,5146.786242
117,21,5132.160565
117,22,5028.477730
117,27,4991.454896
117,29,4965.588977
117,30,4881.098595
118,14,6058.458995
118,15,5941.558705
118,16,5767.248295
118,17,5682.691167
118,18,5481.618373
118,19,5472.241657
118,20,5146.786242
118,21,5132.160565
118,22,5028.477730
118,27,4991.454896
118,29,4863.016725
119,14,6058.458995
119,15,5941.558705
119,16,5642.463808
119,18,5481.618373
119,19,5472.241657
119,20,5146.786242
119,21,5132.160565
119,22,5028.477730
119,27,4991.454896
119,29,4863.016725
120,14,6058.458995
120,15,5892.462716
120,16,5580.185812
120,18,5481.618373
120,19,5389.778910
120,20,5146.786242
120,21,5132.160565
120,22,5018.974422
120,27,4991.454896
120,28,4826.019219
121,14,6058.458995
121,15,5892.462716
121,16,5580.185812
121,18,5481.618373
121,19,5389.778910
121,20,5146.786242
121,21,5132.160565
121,22,5018.974422
121,27,4991.454896
121,28,4826.019219
122,14,6058.458995
122,15,5892.462716
122,16,5568.134920
122,18,5481.618373
122,19,5389.778910
122,20,5146.786242
122,21,5132.160565
122,22,5018.974422
122,27,4991.454896
122,28,4826.019219
123,14,6058.458995
123,15,5872.729094
123,16,5568.134920
123,18,5481.618373
123,19,5389.778910
123,20,5146.786242
123,21,5132.160565
123,22,5018.974422
123,26,4998.567584
123,27,4991.454896
123,28,4826.019219
124,14,6058.458995
124,15,5872.729094
124,16,5568.134920
124,18,5481.618373
124,19,5389.778910
124,20,5146.786242
124,21,5132.160565
124,22,5018.974422
124,26,4998.567584
124,27,4991.454896
124,28,4826.019219
125,14,6058.458995
125,15,5872.729094
125,16,5551.174046
125,18,5472.994937
125,19,5357.072271
125,20,5114.564418
125,22,5018.974422
125,26,4998.567584
125,27,4988.098049
125,28,4826.019219
126,14,6058.458995
126,15,5872.729094
126,16,5551.174046
126,18,5414.356373
126,19,5357.072271
126,20,5114.564418
126,22,5018.974422
126,26,4998.567584
126,27,4988.098049
126,28,4826.019219
127,14,6058.458995
127,15,5872.729094
127,16,5551.174046
127,18,5414.356373
127,19,5357.072271
127,20,5114.564418
127,22,5018.974422
127,26,4969.995309
127,28,4826.019219
128,14,6058.458995
128,15,5872.729094
128,16,5551.174046
128,17,5528.291179
128,18,5414.356373
128,19,5357.072271
128,20,5114.564418
128,22,5018.974422
128,26,4969.995309
128,28,4826.019219
129,14,6058.458995
129,15,5854.741193
129,16,5551.174046
129,17,5528.291179
129,18,5414.356373
129,19,5357.072271
129,20,5114.564418
129,22,5018.974422
129,26,4969.995309
129,28,4826.019219
130,14,5993.829809
130,15,5854.741193
130,16,5549.647276
130,17,5528.291179
130,18,5414.356373
130,19,5316.298692
130,20,5114.564418
130,22,5018.974422
130,26,4969.995309
130,28,4826.019219
131,14,5993.829809
131,15,5854.741193
131,16,5549.647276
131,17,5528.291179
131,18,5414.356373
131,19,5316.298692
131,20,5114.564418
131,22,5018.974422
131,26,4969.995309
131,28,4826.019219
132,14,5993.829809
132,15,5854.741193
132,16,5549.647276
132,17,5528.291179
132,18,5414.356373
132,19,5316.298692
132,20,5114.564418
132,22,5018.974422
132,25,5007.515097
132,26,4969.995309
132,28,4826.019219
132,29,4819.260122
133,14,5993.829809
133,15,5843.969577
133,16,5536.116663
133,17,5528.291179
133,18,5395.000744
133,19,5316.298692
133,20,5114.564418
133,22,5018.974422
133,25,5007.515097
133,26,4969.995309
133,28,4826.019219
133,29,4819.260122
134,14,5993.829809
134,15,5843.969577
134,16,5536.116663
134,17,5528.291179
134,18,5395.000744
134,19,5316.298692
134,20,5114.564418
134,22,5018.974422
134,25,5007.515097
134,26,4969.995309
134,27,4871.447107
134,28,4826.019219
134,29,4819.260122
135,14,5993.829809
135,15,5843.969577
135,16,5536.116663
135,17,5518.202432
135,18,5380.223478
135,19,5302.932821
135,20,5109.688502
135,22,5018.974422
135,25,5007.515097
135,26,4918.738287
135,27,4871.447107
135,28,4816.502577
136,14,5993.829809
136,15,5729.675028
136,16,5536.116663
136,17,5518.202432
136,18,5380.223478
136,19,5302.932821
136,20,5109.688502
136,22,5018.974422
136,25,4988.982349
136,26,4918.738287
136,27,4871.447107
136,28,4816.502577
137,14,5993.829809
137,15,5729.675028
137,16,5536.116663
137,17,5518.202432
137,18,5352.097670
137,19,5302.932821
137,20,5109.688502
137,21,5070.514722
137,22,5018.974422
137,25,4988.982349
137,26,4918.738287
137,27,4871.447107
137,28,4816.502577
137,29,4809.623304
138,14,5993.829809
138,15,5729.675028
138,16,5536.116663
138,17,5518.202432
138,18,5352.097670
138,19,5302.932821
138,20,5109.688502
138,21,5070.514722
138,22,5018.974422
138,25,4988.982349
138,26,4918.738287
138,27,4871.447107
138,28,4816.502577
138,29,4809.623304
139,14,5993.829809
139,15,5703.203323
139,16,5536.116663
139,17,5490.711159
139,18,5352.097670
139,19,5302.932821
139,20,5109.688502
139,21,5070.514722
139,22,5018.974422
139,25,4988.982349
139,26,4918.738287
139,27,4871.447107
139,28,4809.444334
140,14,5993.829809
140,15,5703.203323
140,16,5536.116663
140,17,5342.053057
140,18,5253.149972
140,20,5109.688502
140,21,5070.514722
140,22,5018.974422
140,24,5003.040939
140,25,4975.446650
140,26,4918.738287
140,27,4868.819301
140,28,4797.560271
141,14,5907.436041
141,15,5703.203323
141,16,5536.116663
141,17,5342.053057
141,18,5253.149972
141,20,5109.688502
141,21,5070.514722
141,22,5018.974422
141,24,5003.040939
141,25,4975.446650
141,26,4918.738287
141,27,4868.819301
141,28,4797.560271
142,14,5907.436041
142,15,5703.203323
142,16,5536.116663
142,17,5305.659871
142,18,5253.149972
142,20,5109.688502
142,21,5070.514722
142,22,5018.974422
142,24,5003.040939
142,25,4975.446650
142,26,4918.738287
142,27,4868.819301
142,28,4797.560271
143,14,5907.436041
143,15,5703.203323
143,16,5536.116663
143,17,5305.659871
143,18,5253.149972
143,20,5109.688502
143,21,5070.514722
143,22,5018.974422
143,24,5003.040939
143,25,4844.997111
143,28,4797.560271
144,14,5907.436041
144,15,5703.203323
144,16,5536.116663
144,17,5305.659871
144,18,5253.149972
144,20,5109.688502
144,21,5070.514722
144,22,5018.974422
144,24,5003.040939
144,25,4844.997111
144,28,4797.560271
145,14,5907.436041
145,15,5703.203323
145,16,5427.540951
145,17,5305.659871
145,18,5235.744511
145,20,5106.834893
145,21,5070.514722
145,22,5018.974422
145,24,5003.040939
145,25,4827.923736
145,27,4807.296877
145,28,4797.560271
146,14,5907.436041
146,15,5703.203323
146,16,5425.503182
146,17,5305.659871
146,18,5235.744511
146,20,5106.834893
146,21,5070.514722
146,22,5018.974422
146,24,5003.040939
146,25,4827.923736
146,27,4807.296877
146,28,4797.560271
147,14,5907.436041
147,15,5703.203323
147,16,5425.503182
147,17,5305.659871
147,18,5235.744511
147,20,5106.834893
147,21,5070.514722
147,22,5018.974422
147,24,5003.040939
147,25,4827.923736
147,27,4807.296877
147,28,4796.334358
148,14,5907.436041
148,15,5703.203323
148,16,5425.503182
148,17,5305.659871
148,18,5235.744511
148,20,5106.834893
148,21,5070.514722
148,22,5018.974422
148,24,5003.040939
148,25,4827.923736
148,27,4807.296877
148,28,4796.334358
149,14,5907.436041
149,15,5684.138610
149,16,5425.503182
149,17,5305.659871
149,18,5235.744511
149,19,5205.202216
149,20,5106.834893
149,21,5070.514722
149,22,5018.974422
149,24,5003.040939
149,25,4827.923736
149,27,4807.296877
149,28,4796.334358
150,14,5907.436041
150,15,5684.138610
150,16,5425.503182
150,17,5302.640146
150,18,5235.744511
150,19,5205.202216
150,20,5102.280534
150,21,5010.868598
150,24,5003.040939
150,25,4827.923736
150,27,4803.703453
150,28,4796.334358
151,14,5907.436041
151,15,5684.138610
151,16,5425.503182
151,17,5302.640146
151,18,5235.744511
151,19,5205.202216
151,20,5102.280534
151,21,5010.868598
151,24,5003.040939
151,25,4827.923736
151,27,4803.703453
151,28,4796.334358
152,14,5907.436041
152,15,5684.138610
152,16,5425.503182
152,17,5302.640146
152,18,5235.744511
152,19,5205.202216
152,20,5102.280534
152,21,5010.868598
152,24,5003.040939
152,25,4827.923736
152,26,4797.628664
152,28,4796.334358
153,14,5907.436041
153,15,5684.138610
153,16,5406.027483
153,17,5290.226590
153,18,5235.744511
153,19,5201.943987
153,20,5102.280534
153,21,5010.868598
153,24,5003.040939
153,25,4827.923736
153,26,4797.628664
153,28,4796.334358
153,29,4783.949500
154,14,5907.436041
154,15,5684.138610
154,16,5406.027483
154,17,5273.440219
154,18,5219.817034
154,19,5201.943987
154,20,5102.280534
154,21,5010.868598
154,24,5003.040939
154,25,4827.923736
154,26,4797.628664
154,28,4796.334358
154,29,4783.949500
155,14,5907.436041
155,15,5661.367017
155,16,5290.046428
155,17,5271.563080
155,18,5206.172838
155,19,5201.943987
155,20,5102.280534
155,21,5010.262261
155,24,4944.599441
155,25,4818.323638
155,26,4797.628664
155,28,4796.334358
155,29,4783.949500
156,14,5907.436041
156,15,5661.367017
156,16,5290.046428
156,17,5267.763818
156,18,5206.172838
156,19,5201.943987
156,20,5102.280534
156,21,5010.262261
156,22,4990.412289
156,24,4944.599441
156,25,4818.323638
156,26,4797.628664
156,27,4795.077772
156,29,4783.949500
157,14,5907.436041
157,15,5661.367017
157,16,5290.046428
157,17,5267.763818
157,18,5165.392515
157,20,5102.280534
157,21,4958.526400
157,24,4944.599441
157,25,4803.626514
157,26,4797.628664
157,27,4795.077772
157,29,4783.949500
158,14,5907.436041
158,15,5661.367017
158,16,5290.046428
158,17,5267.763818
158,18,5165.392515
158,20,5102.280534
158,21,4958.526400
158,24,4944.599441
158,25,4803.626514
158,26,4797.628664
158,27,4795.077772
158,29,4783.949500
159,14,5907.436041
159,15,5661.367017
159,16,5290.046428
159,17,5267.763818
159,18,5165.392515
159,20,5102.280534
159,21,4958.526400
159,24,4944.599441
159,25,4803.626514
159,26,4797.628664
159,27,4795.077772
159,29,4783.949500
160,14,5907.436041
160,15,5661.367017
160,16,5290.046428
160,17,5227.728068
160,18,5165.392515
160,20,5097.853262
160,21,4958.526400
160,24,4757.867094
161,14,5907.436041
161,15,5642.704528
161,16,5290.046428
161,17,5227.728068
161,18,5165.392515
161,20,5094.309557
161,21,4958.526400
161,24,4757.867094
162,13,6205.354991
162,14,5907.436041
162,15,5642.704528
162,16,5290.046428
162,17,5227.728068
162,18,5165.392515
162,20,5094.309557
162,21,4958.526400
162,24,4757.867094
163,13,6205.354991
163,14,5907.436041
163,15,5642.704528
163,16,5290.046428
163,17,5227.728068
163,18,5165.392515
163,20,5094.309557
163,21,4958.526400
163,24,4757.867094
164,13,6205.354991
164,14,5907.436041
164,15,5642.704528
164,16,5290.046428
164,17,5227.728068
164,18,5165.392515
164,20,5094.309557
164,21,4958.526400
164,24,4757.867094
165,13,6191.486144
165,14,5906.560216
165,15,5642.704528
165,16,5220.776497
165,18,5136.872025
165,20,5061.700200
165,21,4936.572694
165,24,4756.573463
166,13,6191.486144
166,14,5906.560216
166,15,5642.704528
166,16,5220.776497
166,18,5136.872025
166,20,5061.700200
166,21,4936.572694
166,24,4756.573463
167,13,6191.486144
167,14,5906.560216
167,15,5642.243298
167,16,5220.776497
167,18,5136.872025
167,20,5061.700200
167,21,4936.572694
167,24,4756.573463
168,13,6191.486144
168,14,5906.560216
168,15,5642.243298
168,16,5220.776497
168,18,5136.872025
168,20,5061.700200
168,21,4936.572694
168,24,4756.573463
169,13,6154.469861
169,14,5906.560216
169,15,5642.243298
169,16,5220.776497
169,18,5136.872025
169,20,5061.700200
169,21,4936.572694
169,24,4756.573463
170,13,6120.819458
170,14,5906.560216
170,15,5402.773034
170,16,5205.458536
170,18,5095.043770
170,20,5036.939123
170,21,4936.572694
170,24,4756.573463
171,13,6120.819458
171,14,5906.560216
171,15,5402.773034
171,16,5205.458536
171,18,5095.043770
171,19,5066.205424
171,20,5036.939123
171,21,4936.572694
171,24,4756.573463
172,13,6036.974653
172,14,5906.560216
172,15,5402.773034
172,16,5205.458536
172,18,5095.043770
172,19,5066.205424
172,20,5036.939123
172,21,4936.572694
172,24,4756.573463
173,13,6036.974653
173,14,5906.560216
173,15,5402.773034
173,16,5205.458536
173,18,5095.043770
173,19,5066.205424
173,20,5036.939123
173,21,4936.572694
173,24,4756.573463
174,13,6036.974653
174,14,5906.560216
174,15,5402.773034
174,16,5205.458536
174,18,5095.043770
174,19,5066.205424
174,20,5036.939123
174,21,4936.572694
174,24,4756.573463
175,13,6020.301418
175,14,5906.560216
175,15,5395.013514
175,16,5205.458536
175,18,5074.290701
175,19,5066.205424
175,20,5018.995889
175,21,4936.572694
175,24,4756.573463
176,13,6020.301418
176,14,5906.560216
176,15,5395.013514
176,16,5205.458536
176,18,5074.290701
176,19,5066.205424
176,20,5018.995889
176,21,4936.572694
176,24,4756.573463
177,13,6020.301418
177,14,5906.560216
177,15,5395.013514
177,16,5205.458536
177,18,5074.290701
177,19,5066.205424
177,20,5018.995889
177,21,4936.572694
177,24,4756.573463
178,13,6020.301418
178,14,5906.560216
178,15,5395.013514
178,16,5205.458536
178,18,5074.290701
178,19,5066.205424
178,20,5018.995889
178,21,4936.572694
178,24,4756.573463
179,13,6020.301418
179,14,5906.560216
179,15,5395.013514
179,16,5205.458536
179,18,5074.290701
179,19,5066.205424
179,20,5018.995889
179,21,4936.572694
179,24,4756.573463
180,13,6020.301418
180,14,5654.971153
180,15,5395.013514
180,16,5199.253507
180,18,5061.733056
180,20,5018.995889
180,21,4931.663340
180,24,4746.475554
181,13,6020.301418
181,14,5654.971153
181,15,5395.013514
181,16,5199.253507
181,17,5134.329680
181,18,5061.733056
181,20,5018.995889
181,21,4931.663340
181,24,4746.475554
182,13,6020.301418
182,14,5654.971153
182,15,5395.013514
182,16,5199.253507
182,17,5134.329680
182,18,5061.733056
182,20,4996.524225
182,21,4931.663340
182,24,4746.475554
183,13,6020.301418
183,14,5654.971153
183,15,5395.013514
183,16,5199.253507
183,17,5134.329680
183,18,5061.733056
183,20,4996.524225
183,21,4931.663340
183,23,4915.623907
183,24,4746.475554
184,13,6020.301418
184,14,5654.971153
184,15,5395.013514
184,16,5166.674216
184,17,5134.329680
184,18,5061.733056
184,20,4996.524225
184,21,4931.663340
184,23,4915.623907
184,24,4746.475554
185,13,5981.195071
185,14,5654.971153
185,15,5355.170350
185,16,5166.674216
185,17,5134.329680
185,18,5029.526485
185,20,4996.524225
185,21,4920.974006
185,23,4904.467697
185,24,4745.303309
186,13,5981.195071
186,14,5654.971153
186,15,5355.170350
186,16,5166.674216
186,17,5134.329680
186,18,5029.526485
186,20,4996.524225
186,21,4920.974006
186,23,4904.467697
186,24,4745.303309
187,13,5892.319286
187,14,5654.971153
187,15,5355.170350
187,16,5131.337283
187,18,5029.526485
187,20,4996.524225
187,21,4920.974006
187,23,4904.467697
187,24,4745.303309
187,25,4739.791657
188,13,5879.713984
188,14,5654.971153
188,15,5355.170350
188,16,5131.337283
188,18,5029.526485
188,20,4996.524225
188,21,4920.974006
188,23,4904.467697
188,24,4745.303309
188,25,4739.791657
189,13,5868.947066
189,14,5654.971153
189,15,5355.170350
189,16,5131.337283
189,18,5029.526485
189,20,4986.678569
189,21,4920.974006
189,23,4904.467697
189,24,4745.303309
189,25,4739.791657
190,13,5868.947066
190,14,5615.401616
190,15,5098.732535
190,18,5023.686863
190,20,4974.939479
190,21,4920.739732
190,23,4898.345540
190,24,4745.303309
190,25,4739.791657
190,26,4737.140198
191,13,5868.947066
191,14,5576.810992
191,15,5098.732535
191,16,5034.054370
191,18,5023.686863
191,20,4974.939479
191,21,4920.739732
191,23,4898.345540
191,24,4745.303309
191,25,4739.791657
191,26,4737.140198
192,13,5803.861998
192,14,5576.810992
192,15,5098.732535
192,16,5034.054370
192,18,5023.686863
192,20,4974.939479
192,21,4920.739732
192,23,4898.345540
192,24,4745.303309
192,25,4739.791657
192,26,4737.140198
193,13,5803.861998
193,14,5576.810992
193,15,5098.732535
193,16,5034.054370
193,18,5023.686863
193,20,4974.939479
193,21,4920.739732
193,23,4750.165860
193,24,4745.303309
193,25,4739.791657
193,26,4737.140198
194,13,5803.861998
194,14,5576.810992
194,15,5098.732535
194,16,5034.054370
194,18,5023.686863
194,19,4987.736029
194,20,4974.939479
194,21,4920.739732
194,23,4750.165860
194,24,4745.303309
194,25,4736.346092
195,13,5767.326907
195,14,5539.377396
195,15,5098.732535
195,16,5034.054370
195,18,5023.686863
195,19,4962.214526
195,21,4920.739732
195,23,4688.917498
196,13,5767.326907
196,14,5539.377396
196,15,5098.732535
196,16,5034.054370
196,18,5023.686863
196,19,4962.214526
196,21,4920.739732
196,23,4688.917498
197,13,5767.326907
197,14,5539.377396
197,15,5098.732535
197,16,5034.054370
197,18,5023.686863
197,19,4962.214526
197,21,4820.040558
197,23,4688.917498
198,13,5677.264359
198,14,5539.377396
198,15,5098.732535
198,16,5032.791110
198,17,5029.160699
198,18,5007.206737
198,19,4962.214526
198,21,4820.040558
198,23,4688.917498
199,13,5677.264359
199,14,5539.377396
199,15,5098.732535
199,16,5032.791110
199,17,5029.160699
199,18,5007.206737
199,19,4962.214526
199,21,4820.040558
199,23,4688.917498
200,13,5677.264359
200,14,5487.681904
200,15,5098.732535
200,16,5032.791110
200,17,5029.160699
200,18,4989.147337
200,19,4962.214526
200,20,4872.610742
200,21,4820.040558
200,23,4688.917498
201,13,5642.793095
201,14,5487.681904
201,15,5098.732535
201,16,5032.791110
201,17,5007.866240
201,18,4989.147337
201,19,4962.214526
201,20,4872.610742
201,21,4820.040558
201,23,4687.360917
202,13,5642.793095
202,14,5487.681904
202,15,5098.732535
202,16,4945.146984
202,20,4872.610742
202,21,4820.040558
202,23,4687.360917
203,13,5642.793095
203,14,5487.681904
203,15,5072.446057
203,16,4945.146984
203,20,4872.610742
203,21,4820.040558
203,23,4687.360917
203,25,4686.558248
204,13,5642.793095
204,14,5462.187804
204,15,5072.446057
204,16,4945.146984
204,19,4930.975613
204,20,4872.610742
204,21,4820.040558
204,23,4687.360917
204,25,4686.558248
205,13,5642.793095
205,14,5399.686491
205,15,5072.446057
205,16,4945.146984
205,19,4930.975613
205,20,4872.610742
205,21,4820.040558
205,23,4682.374650
206,13,5636.064161
206,14,5399.686491
206,15,5072.371815
206,16,4945.146984
206,18,4870.264033
206,21,4820.040558
206,23,4682.374650
207,13,5636.064161
207,14,5399.686491
207,15,5072.371815
207,16,4945.146984
207,18,4870.264033
207,19,4863.034310
207,21,4820.040558
207,23,4682.374650
208,13,5636.064161
208,14,5396.760576
208,15,5072.371815
208,16,4945.146984
208,18,4870.264033
208,19,4863.034310
208,21,4820.040558
208,23,4682.374650
209,13,5636.064161
209,14,5396.760576
209,15,5072.371815
209,16,4945.146984
209,18,4870.264033
209,19,4863.034310
209,21,4771.632479
209,23,4682.374650
210,13,5635.364256
210,14,5371.777310
210,15,5071.209262
210,16,4942.033298
210,18,4862.733357
210,21,4771.632479
210,23,4682.374650
211,13,5597.478389
211,14,5371.777310
211,15,5071.209262
211,16,4942.033298
211,18,4862.733357
211,21,4771.632479
211,23,4660.811006
212,13,5597.478389
212,14,5368.987483
212,15,5071.209262
212,16,4907.105749
212,18,4862.733357
212,21,4771.632479
212,23,4660.811006
213,13,5597.478389
213,14,5368.987483
213,15,5071.209262
213,16,4907.105749
213,18,4862.733357
213,21,4771.632479
213,23,4660.811006
214,13,5597.478389
214,14,5368.987483
214,15,5071.209262
214,16,4907.105749
214,18,4862.733357
214,19,4823.870998
214,21,4771.632479
214,23,4660.811006
215,13,5578.043171
215,14,5334.871942
215,15,5071.209262
215,16,4907.105749
215,17,4866.114178
215,18,4855.703938
215,19,4822.999643
215,21,4771.632479
215,22,4759.729589
215,23,4660.811006
216,13,5578.043171
216,14,5334.871942
216,15,5071.209262
216,16,4907.105749
216,17,4866.114178
216,18,4855.703938
216,19,4822.999643
216,21,4771.632479
216,22,4759.729589
216,23,4660.811006
217,13,5578.043171
217,14,5317.992645
217,15,5071.209262
217,16,4907.105749
217,17,4866.114178
217,18,4855.703938
217,19,4822.999643
217,20,4820.740997
217,21,4771.632479
217,22,4759.729589
217,23,4660.811006
218,13,5578.043171
218,14,5317.992645
218,15,5071.209262
218,16,4907.105749
218,17,4866.114178
218,18,4855.703938
218,19,4822.999643
218,20,4820.740997
218,21,4771.632479
218,22,4759.729589
218,23,4660.811006
219,13,5578.043171
219,14,5317.992645
219,15,5071.209262
219,16,4907.105749
219,17,4866.114178
219,18,4855.703938
219,19,4822.999643
219,20,4820.740997
219,21,4771.632479
219,22,4759.729589
219,23,4660.811006
220,13,5578.043171
220,14,5317.992645
220,15,5071.209262
220,16,4894.830453
220,17,4866.114178
220,18,4855.703938
220,19,4822.999643
220,20,4820.740997
220,21,4771.632479
220,22,4759.729589
220,23,4660.811006
221,13,5578.043171
221,14,5317.992645
221,15,5071.209262
221,16,4894.830453
221,17,4866.114178
221,18,4855.703938
221,19,4822.999643
221,20,4820.740997
221,21,4771.632479
221,22,4759.729589
221,23,4660.811006
222,13,5578.043171
222,14,5317.992645
222,15,5071.209262
222,16,4894.830453
222,17,4866.114178
222,18,4855.703938
222,19,4822.999643
222,20,4820.740997
222,21,4771.632479
222,22,4759.729589
222,23,4660.811006
223,13,5578.043171
223,14,5317.992645
223,15,5071.209262
223,16,4864.486360
223,18,4855.703938
223,19,4822.999643
223,20,4820.740997
223,21,4771.632479
223,22,4759.729589
223,23,4660.811006
224,13,5578.043171
224,14,5317.992645
224,15,5071.209262
224,16,4864.486360
224,18,4855.703938
224,19,4822.999643
224,20,4820.740997
224,21,4771.632479
224,22,4759.729589
224,23,4660.811006
224,25,4648.212632
225,13,5578.043171
225,14,5317.992645
225,15,5071.209262
225,16,4862.124682
225,18,4855.647967
225,19,4822.922401
225,20,4820.740997
225,21,4771.632479
225,22,4746.819696
225,23,4658.010881
225,25,4648.212632
226,13,5578.043171
226,14,5260.829364
226,15,5071.209262
226,16,4862.124682
226,18,4855.647967
226,19,4822.922401
226,20,4820.740997
226,21,4771.632479
226,22,4746.819696
226,23,4658.010881
226,25,4648.212632
227,13,5578.043171
227,14,5260.829364
227,15,5063.286654
227,16,4862.124682
227,18,4852.140507
227,19,4822.922401
227,20,4820.740997
227,21,4771.632479
227,22,4746.819696
227,23,4658.010881
227,25,4648.212632
228,13,5578.043171
228,14,5260.829364
228,15,5063.286654
228,16,4862.124682
228,17,4849.040613
228,19,4822.922401
228,20,4820.740997
228,21,4771.632479
228,22,4746.819696
228,23,4658.010881
228,25,4648.212632
229,13,5578.043171
229,14,5260.829364
229,15,5060.718689
229,16,4862.124682
229,17,4849.040613
229,19,4822.922401
229,20,4820.740997
229,21,4771.632479
229,22,4729.219375
229,23,4658.010881
229,25,4648.212632
230,13,5578.043171
230,14,5260.829364
230,15,5060.718689
230,16,4848.201566
230,19,4822.922401
230,20,4820.740997
230,21,4771.632479
230,22,4729.219375
230,23,4649.086369
230,25,4648.212632
231,13,5578.043171
231,14,5260.829364
231,15,5060.718689
231,16,4848.201566
231,19,4822.922401
231,20,4820.740997
231,21,4771.632479
231,22,4729.219375
231,23,4648.121886
231,24,4633.852434
232,13,5578.043171
232,14,5260.829364
232,15,5047.111248
232,16,4848.201566
232,17,4840.882106
232,19,4822.922401
232,20,4820.740997
232,21,4771.632479
232,22,4729.219375
232,23,4648.121886
232,24,4633.852434
232,25,4631.882109
233,13,5578.043171
233,14,5260.829364
233,15,5008.433163
233,16,4848.201566
233,17,4807.621689
233,21,4717.595542
233,23,4648.121886
233,24,4633.852434
233,25,4631.882109
234,13,5504.486295
234,14,5260.829364
234,15,4971.997539
234,16,4848.201566
234,17,4798.539250
234,21,4717.595542
234,23,4648.121886
234,24,4633.852434
234,25,4631.882109
235,13,5504.486295
235,14,5260.829364
235,15,4971.997539
235,16,4848.201566
235,17,4794.734403
235,21,4717.595542
235,23,4648.121886
235,24,4632.566678
235,25,4625.482577
236,13,5504.486295
236,14,5260.829364
236,15,4971.997539
236,16,4848.201566
236,17,4790.603212
236,21,4717.595542
236,23,4648.121886
236,24,4632.566678
236,25,4625.482577
237,13,5504.486295
237,14,5260.829364
237,15,4965.238959
237,16,4848.201566
237,17,4790.603212
237,21,4717.595542
237,23,4648.121886
237,24,4632.566678
237,25,4625.482577
238,13,5504.486295
238,14,5260.829364
238,15,4965.238959
238,16,4848.201566
238,17,4790.603212
238,21,4717.595542
238,23,4648.121886
238,24,4632.566678
238,25,4625.482577
239,13,5504.486295
239,14,5260.829364
239,15,4965.238959
239,16,4848.201566
239,17,4790.603212
239,21,4717.595542
239,23,4645.027513
239,24,4617.198594
240,13,5459.227402
240,14,5260.829364
240,15,4965.238959
240,16,4848.201566
240,17,4790.603212
240,21,4717.219485
240,23,4630.143316
240,24,4617.198594
241,13,5459.227402
241,14,5260.829364
241,15,4930.506950
241,16,4848.201566
241,17,4790.603212
241,21,4717.219485
241,23,4630.143316
241,24,4617.198594
242,13,5459.227402
242,14,5260.829364
242,15,4930.506950
242,16,4848.201566
242,17,4790.603183
242,18,4784.198482
242,21,4717.219485
242,23,4630.143316
242,24,4617.198594
243,13,5459.227402
243,14,5260.829364
243,15,4930.506950
243,16,4848.201566
243,17,4790.603183
243,18,4784.198482
243,21,4717.219485
243,23,4626.721307
243,24,4617.198594
244,13,5459.227402
244,14,5260.829364
244,15,4930.506950
244,16,4809.713524
244,17,4790.603183
244,18,4784.198482
244,21,4717.219485
244,22,4698.428512
244,23,4626.721307
244,24,4617.198594
245,13,5459.227402
245,14,5260.829364
245,15,4928.852538
245,16,4809.713524
245,17,4790.603183
245,18,4784.198482
245,21,4717.219485
245,22,4698.428512
245,23,4626.721307
245,24,4617.198594
246,13,5459.227402
246,14,5260.829364
246,15,4928.852538
246,16,4809.713524
246,17,4790.603183
246,18,4784.198482
246,21,4716.830375
246,22,4698.428512
246,23,4626.721307
246,24,4617.198594
247,13,5459.227402
247,14,5260.829364
247,15,4928.852538
247,16,4809.713524
247,17,4790.603183
247,18,4784.198482
247,21,4716.830375
247,22,4698.428512
247,23,4626.721307
247,24,4617.198594
247,25,4605.998314
248,13,5459.227402
248,14,5260.829364
248,15,4928.852538
248,16,4809.713524
248,17,4790.603183
248,18,4784.198482
248,21,4716.830375
248,22,4698.428512
248,23,4626.721307
248,24,4617.198594
248,25,4605.998314
249,13,5459.227402
249,14,5260.829364
249,15,4928.852538
249,16,4809.713524
249,17,4790.603183
249,18,4784.198482
249,21,4715.199338
249,22,4698.428512
249,23,4626.721307
249,24,4617.198594
249,25,4605.998314
250,13,5459.227402
250,14,5260.829364
250,15,4926.248919
250,16,4809.713524
250,17,4785.229897
250,18,4784.198482
250,20,4710.290130
250,22,4698.428512
250,23,4626.721307
250,24,4616.622547
250,25,4605.598256
251,13,5459.227402
251,14,5256.343977
251,15,4926.248919
251,16,4809.713524
251,17,4785.229897
251,18,4784.198482
251,20,4695.234913
251,23,4626.721307
251,24,4616.622547
251,25,4605.598256
252,13,5459.227402
252,14,5256.343977
252,15,4926.248919
252,16,4809.713524
252,17,4785.229897
252,18,4784.198482
252,20,4695.234913
252,23,4626.721307
252,24,4616.622547
252,25,4605.598256
253,13,5447.042720
253,14,5256.343977
253,15,4926.248919
253,16,4809.713524
253,17,4785.229897
253,18,4784.198482
253,20,4695.234913
253,23,4626.721307
253,24,4616.622547
253,25,4605.598256
254,13,5447.042720
254,14,5253.848925
254,15,4926.248919
254,16,4809.713524
254,17,4785.229897
254,18,4784.198482
254,20,4695.234913
254,23,4626.721307
254,24,4616.622547
254,25,4605.598256
255,13,5447.042720
255,14,5253.848925
255,15,4926.248919
255,16,4807.351846
255,17,4775.760529
255,20,4695.234913
255,23,4613.574123
255,25,4605.598256
256,13,5447.042720
256,14,5253.848925
256,15,4926.248919
256,16,4807.351846
256,17,4765.685249
256,20,4695.234913
256,23,4613.574123
256,25,4605.598256
257,13,5422.466376
257,14,5253.848925
257,15,4926.248919
257,16,4807.351846
257,17,4765.685249
257,20,4666.579369
257,23,4613.574123
257,25,4605.598256
258,13,5422.466376
258,14,5253.848925
258,15,4926.248919
258,16,4807.351846
258,17,4765.685249
258,20,4666.579369
258,23,4613.574123
258,25,4605.598256
259,13,5422.466376
259,14,5253.848925
259,15,4926.248919
259,16,4807.351846
259,17,4765.685249
259,20,4666.579369
259,23,4613.574123
259,25,4605.598256
260,13,5422.466376
260,14,5240.779174
260,15,4926.248919
260,16,4805.098857
260,17,4765.685249
260,20,4666.579369
260,23,4613.574123
260,25,4605.598256
261,13,5422.466376
261,14,5240.779174
261,15,4926.248919
261,16,4802.907900
261,17,4765.685249
261,20,4666.579369
261,23,4613.574123
261,25,4605.598256
262,13,5422.466376
262,14,5240.779174
262,15,4926.248919
262,16,4802.907900
262,17,4765.685249
262,20,4666.579369
262,23,4613.574123
262,25,4605.598256
263,13,5422.466376
263,14,5240.779174
263,15,4926.248919
263,16,4802.907900
263,17,4759.749664
263,19,4748.573449
263,20,4666.579369
263,23,4613.574123
263,25,4605.598256
264,13,5422.466376
264,14,5240.779174
264,15,4926.248919
264,16,4802.907900
264,17,4759.749664
264,19,4748.573449
264,20,4666.579369
264,23,4613.574123
264,25,4605.598256
265,13,5421.479982
265,14,5240.779174
265,15,4926.248919
265,16,4802.907900
265,17,4751.025305
265,19,4728.174684
265,20,4666.579369
265,23,4613.574123
265,25,4605.598256
266,13,5401.421271
266,14,5240.779174
266,15,4926.248919
266,16,4802.907900
266,17,4751.025305
266,19,4728.174684
266,20,4666.579369
266,23,4613.574123
266,25,4605.598256
267,13,5401.421271
267,14,5240.779174
267,15,4926.248919
267,16,4802.907900
267,17,4751.025305
267,19,4728.174684
267,20,4666.579369
267,23,4613.574123
267,25,4605.598256
268,13,5396.829204
268,14,5224.207927
268,15,4926.248919
268,16,4802.907900
268,17,4751.025305
268,19,4728.174684
268,20,4666.579369
268,23,4613.574123
268,25,4601.265684
269,13,5396.829204
269,14,5224.207927
269,15,4909.712270
269,16,4802.907900
269,17,4751.025305
269,19,4728.174684
269,20,4666.579369
269,23,4613.574123
269,25,4601.265684
270,13,5330.749424
270,14,5224.207927
270,15,4909.712270
270,16,4802.907900
270,17,4746.395062
270,19,4728.174684
270,20,4666.579369
270,23,4613.574123
270,25,4601.265684
271,13,5330.749424
271,14,5175.970554
271,15,4909.712270
271,16,4802.907900
271,17,4746.395062
271,19,4728.174684
271,20,4652.938824
271,23,4613.574123
271,25,4601.265684
272,13,5330.749424
272,14,5175.970554
272,15,4909.712270
272,16,4802.657028
272,17,4746.395062
272,19,4728.174684
272,20,4652.938824
272,23,4613.574123
272,25,4601.265684
273,13,5330.749424
273,14,5175.970554
273,15,4909.712270
273,16,4802.657028
273,17,4746.395062
273,19,4728.174684
273,20,4652.938824
273,23,4613.574123
273,25,4601.265684
274,13,5330.749424
274,14,5175.970554
274,15,4909.712270
274,16,4799.921354
274,17,4746.395062
274,18,4742.748740
274,19,4728.174684
274,20,4652.938824
274,23,4613.574123
274,25,4601.265684
275,13,5330.749424
275,14,5175.970554
275,15,4909.712270
275,16,4795.116632
275,17,4740.248880
275,19,4727.798296
275,20,4652.343038
275,23,4613.574123
275,25,4601.265684
276,13,5330.749424
276,14,5175.970554
276,15,4909.712270
276,16,4769.873663
276,17,4740.248880
276,19,4727.798296
276,20,4652.343038
276,23,4613.574123
276,25,4601.265684
277,13,5330.749424
277,14,5175.970554
277,15,4909.712270
277,16,4769.873663
277,17,4740.248880
277,19,4727.798296
277,20,4652.343038
277,23,4613.574123
277,25,4601.265684
278,13,5330.749424
278,14,5175.970554
278,15,4909.712270
278,16,4769.873663
278,17,4740.248880
278,19,4727.798296
278,20,4652.343038
278,23,4613.574123
278,25,4601.265684
279,13,5330.749424
279,14,5175.970554
279,15,4909.712270
279,16,4769.873663
279,17,4740.248880
279,19,4727.798296
279,20,4652.343038
279,23,4613.574123
279,25,4601.265684
280,13,5330.749424
280,14,5175.970554
280,15,4909.712270
280,16,4769.873663
280,17,4739.997653
280,19,4724.529336
280,20,4650.607308
280,23,4607.483614
280,25,4601.265684
281,13,5330.749424
281,14,5175.970554
281,15,4909.712270
281,16,4759.505763
281,17,4739.725479
281,19,4724.529336
281,20,4650.607308
281,23,4607.483614
281,25,4601.265684
282,13,5309.527129
282,14,5175.970554
282,15,4909.712270
282,16,4759.505763
282,17,4739.725479
282,19,4724.529336
282,20,4650.607308
282,23,4607.483614
282,25,4601.265684
283,13,5309.527129
283,14,5175.970554
283,15,4909.712270
283,16,4759.505763
283,17,4739.725479
283,19,4724.529336
283,20,4650.607308
283,23,4607.483614
283,25,4601.265684
284,13,5309.527129
284,14,5175.970554
284,15,4909.712270
284,16,4759.505763
284,17,4739.725479
284,19,4724.529336
284,20,4650.607308
284,23,4607.483614
284,24,4598.194330
285,13,5309.527129
285,14,5175.970554
285,15,4909.712270
285,16,4759.505763
285,17,4739.725479
285,19,4724.529336
285,20,4650.607308
285,23,4601.629409
285,24,4598.194330
286,13,5309.527129
286,14,5175.970554
286,15,4909.712270
286,16,4759.505763
286,17,4729.611435
286,19,4724.529336
286,20,4650.607308
286,22,4650.044268
286,23,4601.629409
286,24,4598.194330
287,13,5309.527129
287,14,5175.970554
287,15,4909.712270
287,16,4759.505763
287,17,4729.611435
287,19,4724.529336
287,20,4650.607308
287,22,4650.044268
287,23,4601.629409
287,24,4598.194330
288,13,5309.527129
288,14,5175.970554
288,15,4909.712270
288,16,4759.505763
288,17,4729.611435
288,19,4724.529336
288,20,4650.607308
288,22,4650.044268
288,23,4601.629409
288,24,4598.194330
289,13,5301.432467
289,14,5175.970554
289,15,4909.712270
289,16,4759.505763
289,17,4729.611435
289,19,4724.529336
289,20,4630.272612
289,23,4601.629409
289,24,4598.194330
290,13,5301.432467
290,14,5175.970554
290,15,4909.712270
290,16,4752.213553
290,17,4728.715390
290,19,4724.529336
290,20,4627.183430
290,22,4598.852076
290,24,4595.228190
291,13,5301.432467
291,14,5175.970554
291,15,4909.712270
291,16,4752.213553
291,17,4728.715390
291,19,4724.529336
291,20,4627.183430
291,22,4598.852076
291,24,4595.228190
292,13,5301.432467
292,14,5175.970554
292,15,4909.712270
292,16,4752.213553
292,17,4728.715390
292,19,4724.529336
292,20,4627.183430
292,22,4598.852076
292,24,4595.228190
293,13,5301.432467
293,14,5175.970554
293,15,4909.712270
293,16,4752.213553
293,17,4728.715390
293,19,4724.529336
293,20,4627.183430
293,22,4598.852076
293,24,4595.228190
294,13,5276.707671
294,14,5169.053702
294,15,4909.712270
294,16,4752.213553
294,17,4728.715390
294,19,4724.529336
294,20,4627.183430
294,22,4598.852076
294,24,4595.228190
295,13,5276.707671
295,14,5169.053702
295,15,4909.712270
295,16,4752.213553
295,17,4727.124227
295,18,4724.478935
295,20,4624.258222
295,22,4565.192616
296,13,5276.707671
296,14,5169.053702
296,15,4909.712270
296,16,4752.213553
296,17,4727.124227
296,18,4714.412198
296,19,4698.867666
296,20,4624.258222
296,21,4590.363985
296,22,4565.192616
297,13,5276.707671
297,14,5169.053702
297,15,4909.712270
297,16,4752.213553
297,17,4727.124227
297,18,4714.412198
297,19,4698.867666
297,20,4624.258222
297,21,4590.363985
297,22,4565.192616
298,13,5276.707671
298,14,5161.437757
298,15,4909.712270
298,16,4752.213553
298,17,4727.124227
298,18,4714.412198
298,19,4698.867666
298,20,4624.258222
298,21,4590.363985
298,22,4565.192616
299,13,5276.707671
299,14,5161.437757
299,15,4909.712270
299,16,4752.213553
299,17,4724.126065
299,18,4714.412198
299,19,4698.867666
299,20,4624.258222
299,21,4590.363985
299,22,4565.192616
300,13,5276.707671
300,14,5161.437757
300,15,4909.712270
300,16,4752.213553
300,17,4724.126065
300,18,4693.469196
300,19,4677.729795
300,20,4624.258222
300,21,4587.218206
300,22,4565.192616
301,13,5234.024120
301,14,5161.437757
301,15,4909.712270
301,16,4749.391719
301,17,4724.126065
301,18,4693.469196
301,19,4677.729795
301,20,4624.258222
301,21,4587.218206
301,22,4565.192616
302,13,5234.024120
302,14,5161.437757
302,15,4909.712270
302,16,4749.391719
302,17,4724.126065
302,18,4693.469196
302,19,4677.729795
302,20,4624.258222
302,21,4587.218206
302,22,4565.192616
303,13,5234.024120
303,14,5156.652685
303,15,4909.712270
303,16,4749.391719
303,17,4724.126065
303,18,4693.469196
303,19,4677.729795
303,20,4624.258222
303,21,4587.218206
303,22,4565.192616
304,13,5234.024120
304,14,5154.793034
304,15,4909.712270
304,16,4749.391719
304,17,4724.126065
304,18,4693.469196
304,19,4677.729795
304,20,4624.258222
304,21,4587.218206
304,22,4565.192616
305,13,5234.024120
305,14,5150.524004
305,15,4898.886469
305,16,4749.391719
305,17,4709.903029
305,18,4693.469196
305,19,4677.729795
305,20,4624.258222
305,21,4573.717902
305,22,4565.192616
306,13,5234.024120
306,14,5150.524004
306,15,4898.886469
306,16,4749.391719
306,17,4709.903029
306,18,4693.469196
306,19,4677.729795
306,20,4624.258222
306,21,4573.717902
306,22,4565.192616
307,13,5234.024120
307,14,5150.524004
307,15,4898.886469
307,16,4748.618087
307,17,4709.903029
307,18,4693.469196
307,19,4677.729795
307,20,4624.258222
307,21,4573.717902
307,22,4565.192616
308,13,5234.024120
308,14,5150.524004
308,15,4898.886469
308,16,4733.813056
308,17,4709.903029
308,18,4693.469196
308,19,4677.729795
308,20,4624.258222
308,21,4573.717902
308,22,4565.192616
309,13,5234.024120
309,14,5150.524004
309,15,4898.886469
309,16,4733.813056
309,17,4709.903029
309,18,4693.469196
309,19,4677.729795
309,20,4624.258222
309,21,4573.717902
309,22,4565.192616
310,13,5234.024120
310,14,5150.524004
310,15,4898.886469
310,16,4729.275410
310,17,4701.692421
310,18,4693.469196
310,19,4677.729795
310,20,4624.258222
310,21,4573.717902
310,22,4565.192616
311,13,5234.024120
311,14,5150.524004
311,15,4898.886469
311,16,4729.275410
311,17,4701.692421
311,18,4693.469196
311,19,4677.729795
311,20,4624.258222
311,21,4573.717902
311,22,4565.192616
312,13,5234.024120
312,14,5150.524004
312,15,4898.886469
312,16,4729.275410
312,17,4701.692421
312,18,4693.469196
312,19,4677.729795
312,20,4624.258222
312,21,4573.717902
312,22,4557.464199
313,13,5234.024120
313,14,5150.524004
313,15,4898.886469
313,16,4729.275410
313,17,4701.692421
313,18,4693.469196
313,19,4677.729795
313,20,4624.258222
313,21,4573.717902
313,22,4557.464199
314,13,5234.024120
314,14,5150.524004
314,15,4898.886469
314,16,4729.275410
314,17,4701.692421
314,18,4693.469196
314,19,4677.729795
314,20,4624.258222
314,21,4573.717902
314,22,4557.464199
315,13,5234.024120
315,14,5150.524004
315,15,4898.886469
315,16,4729.275410
315,17,4693.076693
315,19,4673.468603
315,20,4624.258222
315,21,4573.717902
315,22,4557.464199
316,13,5234.024120
316,14,5150.524004
316,15,4898.886469
316,16,4729.275410
316,17,4693.076693
316,18,4686.940300
316,19,4673.468603
316,20,4624.258222
316,21,4573.717902
316,22,4557.464199
317,13,5234.024120
317,14,5150.524004
317,15,4898.886469
317,16,4729.275410
317,17,4693.076693
317,18,4686.940300
317,19,4673.468603
317,20,4624.258222
317,21,4573.717902
317,22,4557.464199
318,13,5234.024120
318,14,5150.524004
318,15,4898.886469
318,16,4729.275410
318,17,4693.076693
318,18,4686.940300
318,19,4673.468603
318,20,4624.258222
318,21,4573.717902
318,22,4557.464199
319,13,5208.862956
319,14,5150.524004
319,15,4898.886469
319,16,4729.275410
319,17,4693.076693
319,18,4686.940300
319,19,4673.468603
319,20,4624.258222
319,21,4568.723426
319,22,4557.464199
320,13,5208.862956
320,14,5106.245231
320,15,4898.886469
320,16,4729.275410
320,17,4693.076693
320,18,4686.940300
320,19,4673.468603
320,20,4624.258222
320,21,4568.723426
320,22,4557.464199
321,13,5208.862956
321,14,5106.245231
321,15,4898.886469
321,16,4729.275410
321,17,4693.076693
321,18,4686.940300
321,19,4673.468603
321,20,4624.258222
321,21,4553.249187
322,13,5208.862956
322,14,5106.245231
322,15,4898.886469
322,16,4729.275410
322,17,4693.076693
322,18,4686.940300
322,19,4673.468603
322,20,4624.258222
322,21,4553.249187
323,13,5208.862956
323,14,5106.245231
323,15,4898.886469
323,16,4723.377808
323,17,4693.076693
323,18,4686.940300
323,19,4673.468603
323,20,4624.258222
323,21,4553.249187
324,13,5208.862956
324,14,5106.245231
324,15,4898.886469
324,16,4723.377808
324,17,4693.076693
324,18,4686.940300
324,19,4673.468603
324,20,4624.258222
324,21,4553.249187
325,13,5208.862956
325,14,5106.245231
325,15,4894.539530
325,16,4723.377808
325,17,4693.076693
325,18,4686.940300
325,19,4673.468603
325,20,4621.764902
325,21,4553.249187
326,13,5208.862956
326,14,5106.245231
326,15,4894.539530
326,16,4723.377808
326,17,4693.076693
326,18,4686.940300
326,19,4673.468603
326,20,4621.764902
326,21,4553.249187
327,13,5208.862956
327,14,5106.245231
327,15,4894.539530
327,16,4712.979389
327,17,4689.200084
327,18,4686.940300
327,19,4673.468603
327,20,4621.764902
327,21,4553.249187
328,13,5178.825051
328,14,5098.820917
328,15,4894.539530
328,16,4712.979389
328,17,4674.375887
328,19,4673.468603
328,20,4621.764902
328,21,4553.249187
