Generation,NV,TOC
1,59,24290.939249
1,62,21947.539665
1,64,21787.945879
1,65,21361.012771
1,73,20461.751173
1,83,19714.305527
1,96,19698.178775
1,97,19695.737197
1,103,19445.084030
1,107,19406.371812
1,109,19330.619159
1,110,19327.973245
1,114,19141.396790
1,119,18963.761993
2,58,21978.630691
2,62,20985.301391
2,63,20253.929455
2,82,20046.377035
2,83,19534.523950
2,86,18842.690128
2,94,18479.735487
3,58,21978.630691
3,62,20985.301391
3,63,20253.929455
3,71,19691.018093
3,74,19530.187228
3,80,18980.747841
3,86,18842.690128
3,94,18479.735487
3,111,18302.527886
4,56,22431.144345
4,58,21563.769301
4,61,19623.003080
4,63,19608.436322
4,66,19550.751441
4,73,19209.572961
4,77,18732.331258
4,85,18560.047760
4,94,18479.735487
4,97,18429.504121
4,98,18358.952883
4,111,18302.527886
4,112,18121.701293
4,113,18061.752265
5,56,22431.144345
5,58,21563.769301
5,60,20537.029475
5,61,19623.003080
5,63,19608.436322
5,64,19433.615222
5,73,19209.572961
5,77,18732.331258
5,84,18134.021408
5,112,18121.701293
5,113,18061.752265
6,56,22431.144345
6,57,21853.880967
6,58,20951.550365
6,60,20537.029475
6,61,19623.003080
6,63,19608.436322
6,64,19433.615222
6,73,19209.572961
6,77,18732.331258
6,78,18494.813348
6,81,18445.336069
6,84,18134.021408
6,92,17961.189039
6,94,17878.160798
6,100,17353.280057
7,55,21027.924007
7,57,20525.247789
7,59,19572.582809
7,62,18399.823385
7,80,17917.560622
7,83,17798.372576
7,91,17412.912640
7,97,17317.689169
8,55,21027.924007
8,56,20244.995029
8,59,19572.582809
8,62,18399.823385
8,68,17857.373963
8,83,17798.372576
8,89,17453.462322
8,91,17412.912640
8,95,17182.258706
8,101,16585.103503
9,55,21027.924007
9,56,20244.995029
9,59,19572.582809
9,62,18399.823385
9,63,18060.169301
9,64,17104.412122
9,88,16740.014446
9,100,15690.175997
9,104,15600.470351
10,54,24093.432954
10,55,20457.567303
10,56,20244.995029
10,58,19844.585581
10,59,19572.582809
10,60,19319.900217
10,62,18399.823385
10,63,18060.169301
10,64,17104.412122
10,88,16740.014446
10,98,15775.753442
10,100,15690.175997
10,104,15600.470351
11,54,24093.432954
11,55,20457.567303
11,56,20187.862895
11,58,19844.585581
11,59,19572.582809
11,60,19319.900217
11,62,18399.823385
11,63,17994.882828
11,64,17104.412122
11,88,16740.014446
11,97,15691.536090
11,100,15690.175997
11,104,15600.470351
12,54,24093.432954
12,55,20457.567303
12,56,20187.862895
12,58,19844.585581
12,59,19572.582809
12,60,19319.900217
12,61,19173.361479
12,62,18399.823385
12,63,17994.882828
12,64,17104.412122
12,88,16740.014446
12,94,16345.090905
12,97,15691.536090
12,100,15690.175997
12,104,15600.470351
13,54,24093.432954
13,55,20457.567303
13,56,20115.820900
13,57,19926.791458
13,58,19619.953040
13,59,19572.582809
13,60,18099.020976
13,63,17908.936243
13,64,17104.412122
13,74,16782.834030
13,80,16556.344020
13,82,15966.368891
13,91,15809.589038
13,97,15625.212965
13,100,15581.345776
13,103,15515.568678
14,54,23982.970392
14,55,20457.567303
14,56,20086.753511
14,57,19429.311564
14,58,19177.665584
14,59,18059.544425
14,62,18018.702671
14,63,17908.936243
14,64,17104.412122
14,74,16740.108999
14,80,16556.344020
14,82,15966.368891
14,91,15809.589038
14,94,15768.997061
14,95,15723.428655
14,97,15625.212965
14,100,15581.345776
14,103,15515.568678
15,54,23353.410051
15,55,19788.552795
15,57,19429.311564
15,58,18654.159251
15,59,18059.544425
15,62,18018.702671
15,63,17908.936243
15,64,17104.412122
15,67,17103.083445
15,74,16740.108999
15,80,16556.344020
15,82,15966.368891
15,91,15809.589038
15,94,15742.013795
15,95,15723.428655
15,96,15697.264231
15,97,15625.212965
15,98,15586.497059
15,100,15581.345776
15,103,15515.568678
16,53,20160.050331
16,54,20107.287479
16,55,19743.485211
16,57,19429.311564
16,58,18654.159251
16,59,18059.544425
16,60,17812.858663
16,64,17104.412122
16,67,17000.797598
16,73,16776.273739
16,74,16740.108999
16,79,16215.323554
16,82,15966.368891
16,89,15838.863834
16,91,15729.644167
16,95,15694.825316
16,96,15663.809386
16,97,15464.572655
17,53,20160.050331
17,54,19866.743168
17,55,19743.485211
17,57,19429.311564
17,58,18654.159251
17,59,18059.544425
17,60,17812.858663
17,64,17104.412122
17,67,17000.797598
17,70,16880.743852
17,72,16203.565951
17,77,16162.427024
17,82,15966.368891
17,89,15838.863834
17,91,15729.644167
17,93,15525.183122
17,97,15456.310770
18,53,20160.050331
18,54,19271.970886
18,56,18367.480244
18,58,17052.057883
18,64,16863.964076
18,66,16695.358242
18,70,15911.018536
18,74,15906.576033
18,78,15794.613298
18,82,15524.959254
18,83,15017.982623
19,52,23501.485705
19,53,20160.050331
19,54,19271.970886
19,56,17922.857794
19,58,17052.057883
19,64,16863.964076
19,66,16695.358242
19,70,15911.018536
19,74,15906.576033
19,78,15794.613298
19,82,15524.959254
19,83,15017.982623
20,52,23501.485705
20,53,19873.236299
20,54,19271.970886
20,56,17922.857794
20,58,17052.057883
20,64,16863.964076
20,66,16695.358242
20,70,15911.018536
20,74,15906.576033
20,78,15794.613298
20,80,15709.695654
20,82,15524.959254
20,83,15017.982623
21,52,23501.485705
21,53,19868.045840
21,54,19271.970886
21,56,17922.857794
21,58,17052.057883
21,60,16636.406385
21,66,16453.496599
21,70,15911.018536
21,74,15906.576033
21,78,15794.613298
21,79,15688.754348
21,82,15524.959254
21,83,15017.982623
22,52,19880.113110
22,53,19868.045840
22,54,19271.970886
22,55,18957.156325
22,56,17922.857794
22,57,17856.085551
22,58,16975.587619
22,60,16606.821748
22,66,16218.195170
22,70,15842.993958
22,78,15674.322622
22,79,15345.395559
22,83,15017.982623
23,51,19622.722701
23,54,18578.268664
23,56,17922.857794
23,57,17856.085551
23,58,16975.587619
23,60,16606.821748
23,66,16218.195170
23,70,15842.993958
23,73,15833.374610
23,78,15674.322622
23,79,15345.395559
23,83,15017.982623
24,51,19622.722701
24,53,19488.492080
24,54,18578.268664
24,56,17922.857794
24,57,17856.085551
24,58,16975.587619
24,60,16606.821748
24,66,16141.434676
24,68,16108.511191
24,70,15842.993958
24,73,15833.374610
24,78,15674.322622
24,79,15345.395559
24,83,15017.982623
25,51,19622.722701
25,52,19079.478200
25,53,18767.446078
25,54,18578.268664
25,56,17922.857794
25,57,17856.085551
25,58,16975.587619
25,59,16838.798192
25,60,16478.637150
25,63,16341.962057
25,66,16141.434676
25,68,16108.511191
25,69,15967.660941
25,70,15842.993958
25,73,15833.374610
25,74,15639.759051
25,79,15345.395559
25,83,15017.982623
26,51,19622.722701
26,52,19079.478200
26,53,18767.446078
26,54,18578.268664
26,55,17691.316465
26,56,17503.646966
26,58,16975.587619
26,59,16838.798192
26,60,16478.637150
26,63,15631.790783
26,71,15577.587026
26,73,15337.336954
26,83,15013.191387
27,51,19622.722701
27,52,19079.478200
27,53,18767.446078
27,54,18578.268664
27,55,17691.316465
27,56,16967.001721
27,59,16435.455487
27,63,15631.790783
27,71,15044.687912
27,83,15013.191387
28,51,19622.722701
28,52,19079.478200
28,53,18767.446078
28,54,18578.268664
28,55,17163.170919
28,56,16794.365483
28,59,16435.455487
28,63,15631.790783
28,71,15044.687912
28,83,15013.191387
29,51,17274.766536
29,55,17163.170919
29,56,16794.365483
29,59,16435.455487
29,60,15836.519998
29,63,15631.790783
29,66,15574.697277
29,71,15044.687912
29,83,15013.191387
30,51,17274.766536
30,55,17163.170919
30,56,16760.338857
30,59,15766.355587
30,62,15599.275520
30,66,15120.497054
30,71,15022.811511
30,83,15013.191387
31,51,17274.766536
31,55,17163.170919
31,56,16760.338857
31,59,15766.355587
31,60,15383.985196
31,64,15369.817370
31,66,15120.497054
31,70,14973.839626
31,71,14853.072199
32,51,17274.766536
32,55,17163.170919
32,56,16760.338857
32,59,15766.355587
32,60,15383.985196
32,64,15369.817370
32,66,15120.497054
32,67,15040.511199
32,68,14968.424027
32,71,14853.072199
32,74,14831.956108
33,51,17274.766536
33,55,16645.781900
33,58,16056.197475
33,59,15766.355587
33,60,15383.985196
33,64,15369.817370
33,65,15366.036381
33,66,15120.497054
33,67,15040.511199
33,68,14968.424027
33,69,14918.654982
33,71,14821.024445
33,72,14702.575871
33,73,14603.999757
33,76,14392.766482
34,50,17523.406744
34,51,17274.766536
34,55,16567.482041
34,58,15325.843639
34,60,15235.603253
34,63,14533.334582
34,73,14504.550878
34,76,14353.941326
35,50,17523.406744
35,51,16633.380599
35,55,16567.482041
35,56,16250.232260
35,57,15661.729135
35,58,15325.843639
35,60,15235.603253
35,63,14533.334582
35,73,14504.550878
35,76,14353.941326
36,50,16758.712643
36,51,16633.380599
36,53,16093.510021
36,57,15661.729135
36,58,15325.843639
36,60,15235.603253
36,63,14533.334582
36,73,14504.550878
36,76,14353.941326
36,80,13975.884067
37,50,16758.712643
37,51,16633.380599
37,53,16093.510021
37,54,15429.334846
37,56,15002.279463
37,59,14846.827742
37,63,14533.334582
37,64,14528.793060
37,73,14504.550878
37,76,14353.941326
37,80,13975.884067
38,50,16758.712643
38,51,16293.311208
38,52,15877.427506
38,54,15372.274978
38,56,15002.279463
38,59,14755.171318
38,63,14524.281051
38,64,14500.933308
38,73,14246.961592
38,79,13803.765038
39,49,20120.944500
39,50,16758.712643
39,51,16293.311208
39,52,15877.427506
39,54,15372.274978
39,56,15002.279463
39,57,14567.083911
39,61,14465.059758
39,66,14458.756908
39,73,14246.961592
39,76,14204.881463
39,79,13803.765038
40,49,20120.944500
40,50,16758.712643
40,51,16293.311208
40,52,15877.427506
40,54,15372.274978
40,56,15002.279463
40,57,14567.083911
40,61,14465.059758
40,66,14458.756908
40,71,14298.826741
40,73,14246.961592
40,76,14204.881463
40,79,13803.765038
41,49,20120.944500
41,50,16758.712643
41,51,16293.311208
41,52,15877.427506
41,54,15372.274978
41,55,15052.394961
41,56,14850.664511
41,57,14567.083911
41,61,14465.059758
41,66,14458.756908
41,67,14415.871387
41,71,14298.826741
41,73,14246.961592
41,76,14204.881463
41,79,13803.765038
42,49,16429.753308
42,51,16293.311208
42,52,15877.427506
42,53,15860.204721
42,54,14774.539965
42,57,14440.377954
42,60,14405.106443
42,67,14350.039059
42,70,14244.651249
42,72,14193.607366
42,75,14167.984706
42,79,13787.364372
43,49,16429.753308
43,50,16185.304897
43,52,15877.427506
43,53,15860.204721
43,54,14774.539965
43,56,14572.647218
43,57,14440.377954
43,59,14430.907429
43,60,14405.106443
43,62,14294.526765
43,70,14244.651249
43,72,14193.607366
43,75,14167.984706
43,79,13787.364372
44,49,16429.753308
44,50,16185.304897
44,51,15652.104411
44,54,14774.539965
44,56,14572.647218
44,57,14440.377954
44,59,14430.907429
44,60,14214.279181
44,72,14193.607366
44,75,14167.984706
44,79,13787.364372
45,49,15957.110595
45,51,15652.104411
45,52,15644.805530
45,54,14774.539965
45,56,14572.647218
45,57,14440.377954
45,58,14293.464748
45,60,14214.279181
45,62,14120.105186
45,69,14050.658117
45,79,13787.364372
46,48,16073.995367
46,49,15957.110595
46,50,15911.453122
46,51,15475.346925
46,52,15140.560166
46,53,14320.459678
46,55,14306.910705
46,58,14224.458659
46,59,14134.343863
46,60,14121.314312
46,62,14088.984416
46,67,14012.576240
46,79,13719.324928
47,48,15407.222548
47,49,15382.450658
47,52,15140.560166
47,53,14320.459678
47,55,14306.910705
47,58,14224.458659
47,59,14134.343863
47,60,14121.314312
47,62,14068.064710
47,67,14012.576240
47,79,13719.324928
48,48,15404.521019
48,49,15382.450658
48,50,15283.060290
48,51,14991.957334
48,53,14320.459678
48,55,14306.910705
48,58,14170.463082
48,59,14134.343863
48,60,14121.314312
48,61,14106.948509
48,62,14068.064710
48,64,14031.565538
48,67,14012.576240
48,79,13719.324928
48,81,13619.388823
49,48,15404.521019
49,49,15174.178800
49,51,14991.957334
49,53,14320.459678
49,55,14306.910705
49,57,14236.397517
49,58,14170.463082
49,59,14134.343863
49,60,14121.314312
49,61,14106.948509
49,62,14068.064710
49,64,14031.565538
49,67,14012.576240
49,79,13719.324928
49,81,13609.499948
50,47,15886.927002
50,48,15404.521019
50,49,15174.178800
50,51,14991.957334
50,53,14320.459678
50,55,14306.910705
50,56,14268.302413
50,57,14187.182406
50,58,14170.463082
50,59,14008.230445
50,63,13942.472439
50,74,13828.239715
50,77,13683.322431
50,80,13606.937763
51,47,15886.927002
51,48,15404.521019
51,49,15174.178800
51,50,14918.412845
51,53,14320.459678
51,54,14246.588573
51,57,14187.182406
51,58,14170.463082
51,59,14008.230445
51,63,13942.472439
51,74,13828.239715
51,77,13683.322431
51,80,13606.937763
52,47,15886.927002
52,48,15139.270916
52,50,14918.412845
52,53,14320.459678
52,54,14246.588573
52,57,14187.182406
52,58,14170.463082
52,59,14008.230445
52,63,13942.472439
52,74,13828.239715
52,77,13683.322431
52,80,13606.937763
53,46,16084.495651
53,47,15819.714283
53,48,15139.270916
53,50,14918.412845
53,52,14603.604824
53,53,14320.459678
53,54,14246.588573
53,57,14187.182406
53,58,14170.463082
53,59,14008.230445
53,63,13942.472439
53,74,13828.239715
53,77,13683.322431
53,80,13606.937763
54,46,16084.495651
54,47,15819.714283
54,48,14655.857310
54,52,14570.616859
54,53,14286.380309
54,54,14175.780019
54,55,13791.570381
54,68,13597.840221
55,45,16305.115013
55,46,15464.797290
55,48,14655.857310
55,52,14570.616859
55,53,14286.380309
55,54,14175.780019
55,55,13791.570381
55,68,13597.840221
56,44,15911.556329
56,46,15464.797290
56,47,15195.228622
56,48,14655.857310
56,52,14570.616859
56,53,14286.380309
56,54,14175.780019
56,55,13791.570381
56,67,13596.944094
57,44,15911.556329
57,46,15464.797290
57,47,15195.228622
57,48,14607.836110
57,52,14570.616859
57,53,14286.380309
57,54,14175.780019
57,55,13791.570381
57,67,13596.944094
58,43,16267.556869
58,44,15863.664204
58,46,15393.549958
58,47,15185.048986
58,48,14594.683848
58,50,14345.451004
58,53,14162.233822
58,54,14132.966340
58,55,13743.557830
58,67,13594.730518
59,43,16009.286443
59,44,15852.329288
59,46,15393.549958
59,47,15185.048986
59,48,14594.683848
59,49,14400.560708
59,50,14345.451004
59,53,14162.233822
59,54,13967.662508
59,55,13743.557830
59,67,13594.730518
60,43,15805.603428
60,45,15425.027340
60,46,15393.549958
60,47,15185.048986
60,48,14594.683848
60,49,14400.560708
60,50,14345.451004
60,53,14162.233822
60,54,13967.662508
60,55,13743.557830
60,67,13594.730518
60,79,13574.901097
61,43,15805.603428
61,45,15425.027340
61,46,15393.549958
61,47,15185.048986
61,48,14580.208727
61,49,14400.560708
61,50,14345.451004
61,53,14162.233822
61,54,13967.662508
61,55,13743.557830
61,65,13639.476816
61,67,13594.730518
61,79,13574.901097
62,43,15607.273323
62,45,15425.027340
62,46,15393.549958
62,47,14924.014760
62,48,14569.731329
62,49,14074.288079
62,54,13927.010402
62,55,13693.475235
62,64,13640.261191
62,65,13574.503831
63,43,15607.273323
63,45,15425.027340
63,46,15105.438232
63,47,14872.082823
63,48,14569.731329
63,49,14074.288079
63,50,14037.892188
63,54,13881.835308
63,55,13693.475235
63,62,13673.754477
63,64,13640.261191
63,65,13574.503831
64,43,15607.273323
64,44,15441.324146
64,45,15425.027340
64,46,15105.438232
64,47,14872.082823
64,48,14441.434490
64,49,14074.288079
64,50,14037.892188
64,51,14004.753996
64,52,13888.424471
64,54,13881.835308
64,55,13693.475235
64,62,13673.754477
64,64,13640.261191
64,65,13574.503831
64,68,13529.411685
64,80,13529.310379
65,43,15607.273323
65,44,15441.324146
65,45,15425.027340
65,46,15105.438232
65,47,14872.082823
65,48,14441.434490
65,49,14074.288079
65,50,14037.892188
65,51,14004.750431
65,52,13888.424471
65,54,13881.835308
65,55,13693.475235
65,62,13673.754477
65,64,13640.261191
65,65,13489.855799
65,67,13488.744823
66,43,15440.981788
66,45,15244.623126
66,46,14805.128393
66,48,14441.434490
66,49,13878.005329
66,54,13833.927441
66,55,13676.730056
66,62,13673.754477
66,64,13597.323761
66,65,13455.612258
66,66,13426.392764
67,42,15875.661705
67,43,15440.981788
67,44,15156.293484
67,46,14805.128393
67,48,14436.352840
67,49,13878.005329
67,54,13771.171827
67,55,13676.730056
67,62,13673.754477
67,64,13597.323761
67,65,13455.612258
67,66,13426.392764
68,42,15875.661705
68,43,15436.362157
68,44,15156.293484
68,46,14805.128393
68,47,14696.929912
68,48,14355.760016
68,49,13878.005329
68,54,13771.171827
68,55,13676.730056
68,62,13673.754477
68,64,13597.323761
68,65,13455.612258
68,66,13426.392764
69,42,15875.661705
69,43,15389.053989
69,44,15011.544160
69,46,14713.004200
69,47,14696.929912
69,48,14355.760016
69,49,13878.005329
69,54,13648.336865
69,64,13597.323761
69,65,13455.612258
69,66,13426.392764
70,42,15835.821501
70,43,15158.621947
70,44,14946.181259
70,46,14290.032626
70,49,13836.104797
70,54,13648.336865
70,64,13597.323761
70,65,13455.612258
70,66,13426.392764
71,42,15483.935543
71,43,15158.621947
71,44,14946.181259
71,45,14610.313309
71,46,14290.032626
71,49,13836.104797
71,54,13648.336865
71,59,13647.651945
71,64,13597.323761
71,65,13455.612258
71,66,13426.392764
71,78,13411.589955
72,42,15483.935543
72,43,15158.621947
72,44,14799.021675
72,45,14610.313309
72,46,14290.032626
72,48,14213.149196
72,49,13836.104797
72,54,13648.336865
72,59,13647.651945
72,60,13624.607049
72,62,13557.579473
72,63,13504.728008
72,65,13455.612258
72,66,13426.392764
72,78,13411.589955
73,42,15328.378349
73,43,15158.621947
73,44,14799.021675
73,45,14484.742204
73,46,14290.032626
73,48,14213.149196
73,49,13836.104797
73,54,13648.336865
73,59,13647.651945
73,60,13624.607049
73,62,13557.579473
73,63,13504.728008
73,65,13455.612258
73,66,13422.914573
73,78,13411.589955
74,42,15328.378349
74,43,14632.590841
74,45,14484.742204
74,46,14253.401983
74,48,14135.694456
74,49,13827.133670
74,54,13629.876573
74,59,13619.798525
74,62,13538.650682
74,63,13487.598960
74,65,13455.612258
74,66,13364.428432
74,77,13343.110646
75,42,15328.378349
75,43,14632.590841
75,45,14484.742204
75,46,14253.401983
75,48,14135.694456
75,49,13827.133670
75,54,13629.876573
75,59,13619.798525
75,61,13547.812181
75,62,13538.650682
75,63,13487.598960
75,64,13473.846901
75,65,13455.612258
75,66,13364.428432
75,77,13343.110646
76,42,15328.378349
76,43,14632.590841
76,45,14484.742204
76,46,14253.401983
76,48,14135.694456
76,49,13827.133670
76,54,13629.876573
76,59,13619.798525
76,61,13547.812181
76,62,13538.650682
76,63,13487.598960
76,64,13473.846901
76,65,13439.113363
76,66,13364.428432
76,77,13343.110646
77,42,15328.378349
77,43,14632.590841
77,45,14484.742204
77,46,14250.071819
77,48,14135.694456
77,49,13827.133670
77,54,13629.876573
77,59,13619.798525
77,61,13547.812181
77,62,13538.650682
77,63,13487.598960
77,64,13473.846901
77,65,13439.113363
77,66,13364.428432
77,77,13343.110646
78,42,15328.378349
78,43,14632.590841
78,44,14614.961796
78,45,14484.742204
78,46,14250.071819
78,47,14189.515422
78,48,14135.694456
78,49,13827.133670
78,54,13597.783336
78,61,13547.812181
78,62,13403.157880
78,64,13337.011303
78,76,13312.500955
79,42,15271.451701
79,43,14632.590841
79,44,14614.961796
79,45,14484.742204
79,46,14250.071819
79,47,14077.140236
79,48,14008.740548
79,49,13827.133670
79,53,13710.727834
79,54,13597.783336
79,61,13471.288787
79,62,13403.157880
79,63,13400.567687
79,64,13337.011303
79,76,13312.500955
80,42,15271.451701
80,43,14632.590841
80,44,14490.807805
80,45,14484.742204
80,46,14250.071819
80,47,14077.140236
80,48,14008.740548
80,49,13827.133670
80,53,13710.727834
80,54,13597.783336
80,61,13471.288787
80,62,13403.157880
80,63,13400.567687
80,64,13337.011303
80,76,13312.500955
81,42,14966.091229
81,43,14632.590841
81,44,14490.807805
81,45,14201.707880
81,47,14077.140236
81,48,14008.740548
81,49,13827.133670
81,51,13770.702091
81,53,13710.727834
81,54,13597.783336
81,61,13471.288787
81,62,13403.157880
81,63,13400.567687
81,64,13337.011303
81,66,13323.594246
81,76,13312.500955
82,42,14966.091229
82,43,14632.590841
82,44,14490.807805
82,45,14201.707880
82,46,14085.919130
82,47,14077.140236
82,48,14008.740548
82,49,13827.133670
82,51,13770.702091
82,53,13683.495494
82,54,13597.579992
82,60,13521.535841
82,61,13435.452076
82,62,13375.524848
82,63,13325.541124
82,66,13323.594246
82,76,13312.500955
83,42,14966.091229
83,43,14632.590841
83,44,14490.807805
83,45,14201.707880
83,46,14085.919130
83,47,14077.140236
83,48,14008.740548
83,49,13827.133670
83,51,13770.702091
83,52,13761.047069
83,53,13683.495494
83,54,13597.579992
83,60,13521.535841
83,61,13435.452076
83,62,13375.524848
83,63,13325.541124
83,66,13323.594246
83,76,13312.500955
84,41,14997.322587
84,42,14966.091229
84,43,14632.590841
84,44,14490.807805
84,45,14201.707880
84,46,14085.919130
84,47,13927.865998
84,49,13827.133670
84,51,13770.702091
84,52,13761.047069
84,53,13683.495494
84,54,13597.579992
84,56,13581.121825
84,60,13521.535841
84,61,13435.452076
84,62,13375.524848
84,63,13325.541124
84,66,13323.594246
84,76,13312.500955
85,41,14997.322587
85,42,14888.829592
85,43,14632.590841
85,44,14490.807805
85,45,14201.707880
85,46,14085.919130
85,47,13871.437426
85,49,13827.133670
85,50,13821.853529
85,51,13770.702091
85,52,13761.047069
85,53,13683.495494
85,54,13597.579992
85,56,13581.121825
85,59,13380.844565
85,62,13375.524848
85,63,13307.383352
86,41,14997.322587
86,42,14888.829592
86,43,14632.590841
86,44,14490.807805
86,45,14201.707880
86,46,14041.209325
86,47,13869.284988
86,49,13827.133670
86,50,13738.432615
86,52,13704.438505
86,53,13638.119596
86,54,13557.715974
86,59,13353.107577
86,60,13226.342518
87,41,14997.322587
87,42,14843.522040
87,43,14632.590841
87,44,14490.807805
87,45,14201.707880
87,46,14041.209325
87,47,13869.284988
87,49,13827.133670
87,50,13738.432615
87,52,13704.438505
87,53,13638.119596
87,54,13557.715974
87,59,13353.107577
87,60,13226.342518
88,40,15225.828634
88,41,14997.322587
88,42,14843.522040
88,43,14632.590841
88,44,14490.807805
88,45,14201.707880
88,46,14041.209325
88,47,13869.284988
88,49,13827.133670
88,50,13738.432615
88,52,13684.427837
88,53,13638.119596
88,54,13557.715974
88,59,13353.107577
88,60,13226.342518
89,40,15225.828634
89,41,14997.322587
89,42,14520.098212
89,44,14490.807805
89,45,14201.707880
89,46,14041.209325
89,47,13869.284988
89,49,13827.133670
89,50,13738.432615
89,52,13684.427837
89,53,13574.406317
89,54,13552.885862
89,59,13353.107577
89,60,13226.342518
89,63,13211.839165
90,40,15225.828634
90,41,14997.322587
90,42,14520.098212
90,44,14490.807805
90,45,14201.707880
90,46,14041.209325
90,47,13869.284988
90,49,13641.704254
90,53,13367.657051
90,59,13351.134662
90,60,13226.342518
90,63,13187.304191
91,40,15225.828634
91,41,14997.322587
91,42,14520.098212
91,43,14239.492876
91,45,14201.707880
91,46,14041.209325
91,47,13869.284988
91,49,13641.704254
91,50,13600.892232
91,51,13598.060037
91,53,13367.657051
91,59,13351.134662
91,60,13226.342518
91,63,13187.304191
92,40,15225.828634
92,41,14997.322587
92,42,14520.098212
92,43,14239.492876
92,45,14201.707880
92,46,14041.209325
92,47,13869.284988
92,49,13641.704254
92,50,13600.892232
92,51,13598.060037
92,53,13367.657051
92,58,13318.796739
92,60,13226.342518
92,63,13187.304191
93,40,15225.828634
93,41,14997.322587
93,42,14520.098212
93,43,14239.492876
93,45,14201.707880
93,46,14041.209325
93,47,13869.284988
93,49,13641.704254
93,50,13600.892232
93,51,13598.060037
93,53,13367.657051
93,58,13318.796739
93,60,13226.342518
93,62,13205.227277
93,63,13187.304191
94,40,15225.828634
94,41,14997.322587
94,42,14520.098212
94,43,14239.492876
94,45,13996.484213
94,47,13809.005023
94,49,13590.649149
94,50,13574.525310
94,51,13530.505524
94,53,13330.949712
94,58,13309.560229
94,60,13195.388603
94,63,13177.682652
95,40,15225.828634
95,41,14997.322587
95,42,14520.098212
95,43,14239.492876
95,44,14236.598507
95,45,13996.484213
95,47,13809.005023
95,49,13590.649149
95,50,13574.525310
95,51,13530.505524
95,53,13330.949712
95,58,13275.747303
95,59,13259.295885
95,60,13195.388603
95,63,13177.682652
96,40,15225.828634
96,41,14997.322587
96,42,14443.109112
96,43,14239.492876
96,44,14236.598507
96,45,13996.484213
96,47,13809.005023
96,49,13590.649149
96,50,13574.525310
96,51,13530.505524
96,53,13330.949712
96,56,13310.370777
96,58,13275.747303
96,59,13259.295885
96,60,13195.388603
96,61,13187.221020
96,63,13177.682652
97,40,15225.828634
97,41,14856.794755
97,42,14259.263686
97,43,14239.492876
97,44,14185.135801
97,45,13996.484213
97,47,13809.005023
97,48,13756.474155
97,49,13590.649149
97,50,13574.525310
97,51,13530.505524
97,53,13330.949712
97,56,13310.370777
97,58,13275.747303
97,59,13259.295885
97,60,13195.388603
97,61,13187.221020
97,63,13177.682652
98,40,15225.828634
98,41,14856.794755
98,42,14259.263686
98,43,13996.481301
98,45,13891.364363
98,47,13809.005023
98,48,13603.574459
98,49,13428.339928
98,52,13290.370575
98,56,13281.131090
98,58,13263.542775
98,59,13217.800002
98,60,13120.246204
99,40,15225.828634
99,41,14856.794755
99,42,14259.263686
99,43,13996.481301
99,45,13891.364363
99,47,13809.005023
99,48,13603.574459
99,49,13428.339928
99,52,13290.370575
99,56,13281.131090
99,58,13263.542775
99,59,13217.800002
99,60,13120.246204
100,40,15194.788462
100,41,14492.592988
100,42,14259.263686
100,43,13996.481301
100,45,13891.364363
100,46,13846.016466
100,47,13763.443811
100,48,13603.574459
100,49,13428.339928
100,52,13290.370575
100,56,13281.131090
100,58,13263.542775
100,59,13217.800002
100,60,13120.246204
101,40,15194.788462
101,41,14492.592988
101,42,14224.698375
101,43,13996.481301
101,45,13891.364363
101,46,13846.016466
101,47,13763.443811
101,48,13603.574459
101,49,13428.339928
101,52,13290.370575
101,56,13281.131090
101,57,13250.749186
101,59,13217.800002
101,60,13120.246204
102,40,15194.788462
102,41,14492.592988
102,42,14224.698375
102,43,13470.039390
102,49,13414.170682
102,51,13403.253668
102,52,13261.489973
102,56,13229.058834
102,57,13207.838192
102,59,13197.409134
102,60,13120.246204
103,39,15850.941858
103,40,15194.788462
103,41,14492.592988
103,42,14224.698375
103,43,13470.039390
103,45,13433.590358
103,49,13414.170682
103,51,13403.253668
103,52,13261.489973
103,56,13229.058834
103,57,13207.838192
103,59,13197.409134
103,60,13118.724318
104,39,15850.941858
104,40,15194.788462
104,41,14492.592988
104,42,14224.698375
104,43,13470.039390
104,45,13433.590358
104,49,13414.170682
104,51,13403.253668
104,52,13236.280284
104,56,13229.058834
104,57,13207.838192
104,59,13197.409134
104,60,13118.724318
104,61,13066.479582
105,39,15850.941858
105,40,15194.788462
105,41,14492.592988
105,42,14224.698375
105,43,13470.039390
105,45,13433.590358
105,49,13414.170682
105,51,13403.253668
105,52,13236.280284
105,56,13229.058834
105,57,13207.838192
105,59,13197.409134
105,60,13118.724318
105,61,13066.479582
106,39,14916.790273
106,41,14492.592988
106,42,14112.803359
106,43,13465.805245
106,45,13433.590358
106,49,13414.170682
106,51,13355.718814
106,52,13236.280284
106,56,13204.090137
106,57,13139.709692
106,59,13020.810678
107,39,14916.790273
107,41,14090.712156
107,43,13465.805245
107,45,13422.246435
107,46,13388.468299
107,51,13355.718814
107,52,13236.280284
107,56,13204.090137
107,57,13139.709692
107,59,13020.810678
108,39,14916.790273
108,41,13970.508991
108,43,13465.805245
108,45,13405.529827
108,46,13388.468299
108,51,13355.718814
108,52,13236.280284
108,56,13204.090137
108,57,13139.709692
108,59,13020.810678
108,61,13019.731577
109,39,14916.790273
109,41,13970.508991
109,42,13569.548363
109,43,13465.805245
109,45,13391.265704
109,46,13237.981151
109,52,13236.280284
109,54,13230.723472
109,56,13204.090137
109,57,13139.709692
109,59,13020.810678
109,61,13019.731577
110,38,14914.773813
110,41,13771.685411
110,42,13569.402659
110,43,13455.424736
110,45,13339.442513
110,46,13237.981151
110,48,13175.497313
110,57,13096.561231
110,59,13020.810678
110,61,13019.731577
111,38,14914.773813
111,40,14510.012091
111,41,13771.685411
111,42,13529.546500
111,43,13455.424736
111,44,13348.525110
111,45,13339.442513
111,46,13237.981151
111,48,13175.497313
111,57,13096.561231
111,59,13020.810678
111,61,13019.731577
112,38,14914.773813
112,39,14839.284625
112,40,14510.012091
112,41,13771.685411
112,42,13529.546500
112,43,13455.424736
112,44,13348.525110
112,45,13339.442513
112,46,13237.981151
112,48,13175.497313
112,52,13103.703987
112,57,13096.561231
112,59,13020.810678
112,61,13019.731577
113,38,14914.773813
113,39,14397.962603
113,41,13771.685411
113,42,13529.546500
113,43,13455.424736
113,44,13348.525110
113,45,13339.442513
113,46,13237.981151
113,48,13175.497313
113,51,13136.959762
113,52,13103.703987
113,57,13096.561231
113,59,13020.810678
113,60,12987.042662
114,38,14914.773813
114,39,14397.962603
114,41,13771.685411
114,42,13529.546500
114,43,13455.424736
114,44,13346.501563
114,45,13329.272948
114,46,13177.312728
114,47,13096.127751
114,51,13043.259075
114,58,12991.343612
114,59,12979.817510
115,38,14914.773813
115,39,14294.522704
115,41,13771.685411
115,42,13529.546500
115,43,13455.424736
115,44,13346.501563
115,45,13329.272948
115,46,13177.312728
115,47,13096.127751
115,51,13043.259075
115,58,12991.343612
115,59,12979.817510
116,38,14651.099898
116,39,14045.509760
116,41,13771.685411
116,42,13493.630316
116,43,13455.424736
116,44,13346.501563
116,45,13329.272948
116,46,13177.312728
116,47,13096.127751
116,51,13043.259075
116,58,12991.343612
116,59,12979.817510
117,38,14651.099898
117,39,14045.509760
117,41,13771.685411
117,42,13493.630316
117,43,13455.424736
117,44,13228.055837
117,46,13177.312728
117,47,13096.127751
117,51,13043.259075
117,58,12991.343612
117,59,12979.817510
118,38,14578.435530
118,39,13999.644921
118,41,13771.382823
118,42,13473.842422
118,43,13409.911881
118,44,13224.137154
118,46,13147.794794
118,47,13073.934988
118,51,13040.102164
118,58,12990.696016
118,59,12921.861206
119,38,14578.435530
119,39,13920.332099
119,41,13521.329949
119,42,13410.559195
119,43,13409.911881
119,44,13224.137154
119,46,13147.794794
119,47,13073.934988
119,51,13040.102164
119,53,13031.170989
119,58,12990.696016
119,59,12921.861206
120,38,14578.435530
120,39,13920.332099
120,41,13521.329949
120,42,13410.559195
120,43,13409.911881
120,44,13224.137154
120,46,13147.794794
120,47,13073.934988
120,51,13040.102164
120,53,13031.170989
120,58,12990.696016
120,59,12921.861206
121,38,14264.471320
121,39,13920.332099
121,41,13521.329949
121,42,13410.559195
121,43,13409.911881
121,44,13224.137154
121,46,13147.794794
121,47,13073.934988
121,51,13040.102164
121,53,13031.170989
121,57,12972.503649
121,59,12921.861206
122,38,14033.668893
122,39,13920.332099
122,41,13521.329949
122,42,13395.044076
122,44,13221.259659
122,45,13096.818801
122,47,13065.318487
122,48,13020.370536
122,57,12929.275636
122,59,12896.785648
123,37,14223.277335
123,38,14033.668893
123,39,13920.332099
123,40,13900.273165
123,41,13521.329949
123,42,13395.044076
123,43,13331.967796
123,44,13221.259659
123,45,13096.818801
123,47,13065.318487
123,48,13020.370536
123,57,12929.275636
123,59,12896.785648
123,60,12878.582018
124,37,14205.693667
124,38,14033.668893
124,39,13920.332099
124,40,13900.273165
124,41,13521.329949
124,42,13395.044076
124,43,13331.967796
124,44,13221.259659
124,45,13096.818801
124,47,13065.318487
124,48,13020.370536
124,57,12929.275636
124,59,12850.304593
125,37,14205.693667
125,38,13996.059128
125,39,13920.332099
125,40,13721.568527
125,41,13521.329949
125,42,13368.286727
125,43,13331.967796
125,44,13221.259659
125,45,13096.818801
125,47,13065.318487
125,48,13020.370536
125,56,12950.598520
125,57,12929.275636
125,59,12850.304593
126,37,14205.693667
126,38,13959.311514
126,39,13920.332099
126,40,13721.568527
126,41,13521.329949
126,42,13346.175514
126,43,13289.506042
126,44,13200.156677
126,45,13092.900117
126,47,13065.318487
126,48,13015.767854
126,56,12944.638197
126,57,12870.362419
126,58,12850.348947
126,59,12841.504495
127,36,14648.899620
127,37,14205.693667
127,38,13959.311514
127,39,13920.332099
127,40,13721.568527
127,41,13410.209266
127,42,13346.175514
127,43,13289.506042
127,44,13200.156677
127,45,13092.900117
127,47,13065.318487
127,48,12997.809330
127,51,12980.882738
127,56,12944.638197
127,57,12870.362419
127,58,12850.348947
127,59,12841.504495
128,36,14648.899620
128,37,14205.693667
128,38,13786.894726
128,39,13693.922584
128,40,13365.534661
128,42,13346.175514
128,43,13289.506042
128,44,13200.156677
128,45,13092.900117
128,47,13065.318487
128,48,12997.809330
128,51,12980.882738
128,55,12977.546791
128,56,12890.965187
128,57,12870.362419
128,58,12850.348947
128,59,12841.504495
129,36,14519.937179
129,37,14205.693667
129,38,13786.894726
129,39,13461.390715
129,40,13365.534661
129,42,13346.175514
129,43,13289.506042
129,44,13200.156677
129,45,13092.900117
129,47,13054.213166
129,48,12997.809330
129,51,12980.882738
129,53,12976.316729
129,56,12890.965187
129,57,12870.362419
129,58,12850.348947
129,59,12841.504495
130,36,14519.937179
130,37,14205.693667
130,38,13713.640140
130,39,13461.390715
130,40,13365.534661
130,41,13299.155347
130,43,13135.636229
130,45,13092.900117
130,47,13054.213166
130,48,12993.206648
130,50,12923.156959
130,56,12863.706985
130,58,12819.793329
131,36,14519.937179
131,37,13933.192102
131,38,13665.897664
131,39,13461.390715
131,40,13345.948536
131,41,13299.155347
131,42,13263.935549
131,43,13135.636229
131,45,13092.900117
131,47,13054.213166
131,48,12993.206648
131,50,12923.156959
131,55,12902.620956
131,56,12863.706985
131,57,12856.053091
131,58,12819.793329
132,36,14519.937179
132,37,13933.192102
132,38,13558.195603
132,39,13461.390715
132,40,13345.948536
132,41,13299.155347
132,42,13263.935549
132,43,13135.636229
132,45,13092.900117
132,47,13054.213166
132,48,12993.206648
132,50,12871.266229
132,51,12864.614482
132,56,12863.706985
132,57,12856.053091
132,58,12819.793329
133,36,14519.937179
133,37,13933.192102
133,38,13503.205567
133,39,13371.942458
133,40,13345.948536
133,41,13257.261793
133,42,13231.830944
133,43,13135.636229
133,45,13092.900117
133,47,13054.213166
133,48,12993.206648
133,49,12854.165598
133,58,12819.793329
134,36,14519.937179
134,37,13933.192102
134,38,13353.273811
134,39,13227.666119
134,43,13115.221278
134,45,13092.900117
134,46,12778.471197
134,51,12759.626170
135,36,14519.937179
135,37,13861.764025
135,38,13353.273811
135,39,13227.666119
135,42,13177.540997
135,43,13115.221278
135,45,13092.900117
135,46,12778.471197
135,51,12759.626170
136,36,14289.235323
136,37,13745.591846
136,38,13353.273811
136,39,13190.361031
136,40,13159.235710
136,43,13115.221278
136,44,13073.760469
136,46,12778.471197
136,51,12759.626170
137,36,14289.235323
137,37,13745.591846
137,38,13353.273811
137,39,13190.361031
137,40,13159.235710
137,43,13115.221278
137,44,13073.760469
137,46,12778.471197
137,51,12759.626170
138,36,14155.959997
138,37,13575.105166
138,38,13328.220153
138,39,13140.789074
138,43,13098.563860
138,44,13052.854295
138,46,12774.127767
138,51,12678.660604
139,36,14155.959997
139,37,13575.105166
139,38,13328.220153
139,39,13140.789074
139,43,13098.563860
139,44,13052.854295
139,46,12774.127767
139,51,12678.660604
139,52,12671.316903
140,35,15303.442162
140,36,14155.959997
140,37,13575.105166
140,38,13328.220153
140,39,13140.789074
140,42,13118.399388
140,43,13098.563860
140,44,13052.854295
140,46,12774.127767
140,47,12748.545213
140,50,12709.582830
140,51,12678.660604
140,52,12671.316903
140,53,12668.063930
141,35,15303.442162
141,36,14155.959997
141,37,13509.987472
141,38,13328.220153
141,39,13140.789074
141,42,13118.399388
141,43,13098.563860
141,44,13052.854295
141,46,12774.127767
141,47,12748.545213
141,50,12709.582830
141,51,12678.660604
141,52,12671.316903
141,53,12668.063930
142,35,15303.442162
142,36,14155.959997
142,37,13509.987472
142,38,13328.220153
142,39,13029.469525
142,46,12758.097319
142,47,12710.371496
142,50,12704.950731
142,51,12657.738173
142,52,12614.666597
143,35,15303.442162
143,36,14155.959997
143,37,13509.987472
143,38,13328.220153
143,39,13029.469525
143,46,12758.097319
143,47,12710.371496
143,49,12656.261935
143,52,12614.666597
144,35,15303.442162
144,36,14155.959997
144,37,13509.987472
144,38,13328.220153
144,39,13029.469525
144,46,12758.097319
144,47,12710.371496
144,49,12656.261935
144,52,12614.666597
145,35,15303.442162
145,36,14155.959997
145,37,13494.389152
145,38,13328.220153
145,39,13029.469525
145,46,12758.097319
145,47,12710.371496
145,49,12656.261935
145,52,12614.666597
146,35,15288.804107
146,36,14153.124849
146,37,13386.288893
146,38,13305.486047
146,39,12998.602431
146,46,12663.816818
146,48,12609.642728
146,50,12569.821999
146,52,12564.386040
147,35,15288.804107
147,36,14153.124849
147,37,13386.288893
147,38,13305.486047
147,39,12998.602431
147,46,12663.816818
147,48,12609.642728
147,50,12569.821999
147,52,12564.386040
148,35,15288.804107
148,36,14152.130781
148,37,13386.288893
148,38,13305.486047
148,39,12998.602431
148,46,12663.816818
148,48,12609.642728
148,50,12569.821999
148,52,12564.386040
149,35,15288.804107
149,36,13963.789796
149,37,13386.288893
149,38,13305.486047
149,39,12998.602431
149,46,12663.816818
149,48,12609.642728
149,50,12569.821999
149,52,12564.386040
150,35,15117.854403
150,36,13710.496021
150,37,13320.878240
150,38,13305.486047
150,39,12998.602431
150,46,12651.390739
150,48,12592.832303
150,50,12556.867123
150,52,12511.680294
151,35,15117.854403
151,36,13710.496021
151,37,13320.878240
151,38,13305.486047
151,39,12998.602431
151,40,12935.342200
151,42,12833.127943
151,43,12815.783288
151,45,12767.288425
151,46,12651.390739
151,48,12592.832303
151,50,12556.867123
151,52,12511.680294
152,35,15117.854403
152,36,13492.221412
152,37,13320.878240
152,38,13305.486047
152,39,12998.602431
152,40,12935.342200
152,42,12833.127943
152,43,12815.783288
152,45,12767.288425
152,46,12651.390739
152,48,12592.832303
152,50,12556.867123
152,52,12511.680294
153,35,15117.854403
153,36,13492.221412
153,37,13320.878240
153,38,13305.486047
153,39,12998.602431
153,40,12935.342200
153,42,12833.127943
153,43,12815.783288
153,45,12753.111995
153,46,12651.390739
153,48,12592.832303
153,50,12556.867123
153,52,12511.680294
154,35,14455.216324
154,36,13492.221412
154,37,13320.878240
154,38,13271.223191
154,39,12983.134783
154,40,12868.001566
154,42,12816.458999
154,43,12727.180739
154,46,12630.055237
154,47,12573.138104
154,50,12543.168563
154,52,12490.749621
155,35,14455.216324
155,36,13492.221412
155,37,13320.878240
155,38,13271.223191
155,39,12983.134783
155,40,12868.001566
155,42,12816.458999
155,43,12727.180739
155,46,12630.055237
155,47,12573.138104
155,50,12543.168563
155,52,12490.749621
156,35,14455.216324
156,36,13492.221412
156,37,13320.878240
156,38,13271.223191
156,39,12983.134783
156,40,12868.001566
156,42,12816.458999
156,43,12727.180739
156,46,12630.055237
156,47,12573.138104
156,50,12543.168563
156,52,12490.749621
156,53,12487.496648
157,35,14455.216324
157,36,13492.221412
157,37,13320.878240
157,38,13271.223191
157,39,12983.134783
157,40,12868.001566
157,42,12816.458999
157,43,12727.180739
157,46,12630.055237
157,47,12573.138104
157,49,12533.320947
157,52,12490.749621
157,53,12487.496648
158,35,14455.216324
158,36,13492.221412
158,37,13281.630214
158,38,13240.332987
158,39,12968.907845
158,40,12850.547193
158,41,12776.578180
158,43,12583.178832
158,47,12549.298222
158,49,12475.723878
158,50,12423.562806
159,35,14455.216324
159,36,13492.221412
159,37,13281.630214
159,38,13240.332987
159,39,12968.907845
159,40,12850.547193
159,41,12776.578180
159,43,12583.178832
159,47,12549.298222
159,49,12475.723878
159,50,12423.562806
160,35,14455.216324
160,36,13492.221412
160,37,13263.109210
160,38,13050.235069
160,39,12968.907845
160,40,12850.547193
160,41,12776.578180
160,43,12583.178832
160,47,12539.792448
160,48,12492.414701
160,49,12475.723878
160,50,12423.562806
161,35,14455.216324
161,36,13288.257632
161,37,13263.109210
161,38,13050.235069
161,39,12968.907845
161,40,12850.547193
161,41,12776.578180
161,43,12583.178832
161,47,12539.792448
161,48,12492.414701
161,49,12475.723878
161,50,12423.562806
162,35,14455.216324
162,36,13288.257632
162,37,13158.227717
162,38,13005.750758
162,39,12880.161354
162,40,12759.358707
162,41,12515.992043
162,48,12476.264626
162,49,12475.723878
162,50,12411.905524
163,34,15028.130039
163,35,14455.216324
163,36,13288.257632
163,37,13158.227717
163,38,13005.750758
163,39,12880.161354
163,40,12759.358707
163,41,12515.992043
163,48,12476.264626
163,49,12475.723878
163,50,12411.905524
164,34,15028.130039
164,35,14455.216324
164,36,13288.257632
164,37,13158.227717
164,38,13005.750758
164,39,12880.161354
164,40,12759.358707
164,41,12515.992043
164,48,12476.264626
164,49,12453.463561
164,50,12411.905524
165,34,15028.130039
165,35,14455.216324
165,36,13288.257632
165,37,13158.227717
165,38,13005.750758
165,39,12880.161354
165,40,12759.358707
165,41,12515.992043
165,48,12372.967623
166,34,14981.650301
166,35,14313.703314
166,36,13270.836044
166,37,13133.461846
166,38,13001.465428
166,39,12829.989307
166,40,12643.468184
166,41,12515.992043
166,47,12434.098313
166,48,12372.967623
167,34,14760.120901
167,35,14313.703314
167,36,13270.836044
167,37,13133.461846
167,38,13001.465428
167,39,12829.989307
167,40,12643.468184
167,41,12515.992043
167,47,12337.768454
168,34,14684.744730
168,35,14313.703314
168,36,13270.836044
168,37,13133.461846
168,38,13001.465428
168,39,12829.989307
168,40,12643.468184
168,41,12515.992043
168,47,12337.768454
169,34,14552.971450
169,35,14313.703314
169,36,13270.836044
169,37,13133.461846
169,38,13001.465428
169,39,12829.989307
169,40,12643.468184
169,41,12515.992043
169,47,12337.768454
170,34,14517.284546
170,35,14058.167429
170,36,13215.478863
170,37,13103.627201
170,38,13001.337901
170,39,12817.151988
170,40,12642.992313
170,41,12496.907133
170,47,12337.768454
171,34,14517.284546
171,35,14058.167429
171,36,13181.683947
171,37,12930.733476
171,39,12817.151988
171,40,12642.992313
171,41,12496.907133
171,47,12337.768454
172,34,14480.019872
172,35,14058.167429
172,36,13181.683947
172,37,12930.733476
172,39,12817.151988
172,40,12642.992313
172,41,12496.907133
172,47,12322.815902
173,34,14159.432357
173,35,14058.167429
173,36,13181.683947
173,37,12930.733476
173,39,12817.151988
173,40,12642.992313
173,41,12496.907133
173,47,12322.815902
174,34,14137.096713
174,35,14041.204946
174,36,13121.630725
174,37,12870.247548
174,39,12817.151988
174,40,12602.101487
174,41,12496.263522
174,47,12322.815902
175,34,14137.096713
175,35,14041.204946
175,36,13121.630725
175,37,12870.247548
175,39,12817.151988
175,40,12602.101487
175,41,12496.263522
175,46,12480.768354
175,47,12322.815902
176,34,14137.096713
176,35,13711.170599
176,36,13121.630725
176,37,12870.247548
176,38,12735.091519
176,39,12703.209716
176,40,12602.101487
176,41,12496.263522
176,46,12438.036127
176,47,12322.815902
177,34,14137.096713
177,35,13711.170599
177,36,13121.630725
177,37,12870.247548
177,38,12735.091519
177,39,12703.209716
177,40,12602.101487
177,41,12496.263522
177,45,12451.622983
177,46,12385.903879
177,47,12322.815902
178,34,14103.465092
178,35,13663.889360
178,36,13113.062708
178,37,12870.247548
178,38,12735.091519
178,39,12658.176853
178,40,12582.920361
178,41,12366.380873
178,47,12281.763701
179,34,14103.465092
179,35,13663.889360
179,36,13113.062708
179,37,12870.247548
179,38,12735.091519
179,39,12658.176853
179,40,12582.920361
179,41,12366.380873
179,47,12281.763701
180,34,14103.465092
180,35,13663.889360
180,36,13113.062708
180,37,12870.247548
180,38,12735.091519
180,39,12658.176853
180,40,12582.920361
180,41,12366.380873
180,47,12281.763701
181,34,14093.028018
181,35,13663.889360
181,36,13113.062708
181,37,12870.247548
181,38,12735.091519
181,39,12658.176853
181,40,12582.920361
181,41,12366.380873
181,42,12353.644619
181,47,12281.763701
182,34,14093.028018
182,35,13463.008414
182,36,13096.637085
182,37,12798.233868
182,38,12514.266909
182,41,12366.380873
182,42,12353.644619
182,44,12328.179030
182,47,12258.048754
183,34,14049.102591
183,35,13463.008414
183,36,13096.637085
183,37,12798.233868
183,38,12514.266909
183,41,12366.380873
183,42,12251.858794
184,34,14049.102591
184,35,13463.008414
184,36,13096.637085
184,37,12798.233868
184,38,12514.266909
184,41,12366.380873
184,42,12251.858794
185,34,14049.102591
185,35,13463.008414
185,36,13096.637085
185,37,12798.233868
185,38,12514.266909
185,41,12366.380873
185,42,12251.858794
186,34,13958.542677
186,35,13463.008414
186,36,13091.938211
186,37,12738.642298
186,38,12514.266909
186,41,12366.380873
186,42,12237.625160
187,34,13958.542677
187,35,13463.008414
187,36,13091.938211
187,37,12738.642298
187,38,12514.266909
187,41,12366.380873
187,42,12237.625160
188,34,13958.542677
188,35,13463.008414
188,36,13091.938211
188,37,12738.642298
188,38,12514.266909
188,41,12366.380873
188,42,12237.625160
189,34,13593.361037
189,35,13463.008414
189,36,13091.938211
189,37,12738.642298
189,38,12514.266909
189,40,12470.787791
189,41,12366.380873
189,42,12237.625160
190,34,13566.806862
190,35,13463.008414
190,36,13088.773799
190,37,12734.274494
190,38,12510.018206
190,40,12377.269422
190,41,12366.380873
190,42,12237.625160
191,34,13566.806862
191,35,13161.131933
191,36,13088.773799
191,37,12734.274494
191,38,12510.018206
191,40,12377.269422
191,41,12366.380873
191,42,12237.625160
192,34,13566.543613
192,35,13161.131933
192,36,13088.773799
192,37,12734.274494
192,38,12510.018206
192,40,12377.269422
192,41,12366.380873
192,42,12237.625160
193,34,13566.543613
193,35,13154.776292
193,36,12937.262878
193,37,12734.274494
193,38,12510.018206
193,40,12377.269422
193,41,12366.380873
193,42,12237.625160
194,34,13531.855778
194,35,12936.808947
194,37,12734.274494
194,38,12495.939147
194,40,12376.694000
194,41,12354.490014
194,42,12237.625160
195,34,13531.855778
195,35,12936.808947
195,37,12734.274494
195,38,12495.939147
195,40,12376.694000
195,41,12354.490014
195,42,12237.625160
196,34,13531.855778
196,35,12936.808947
196,37,12734.274494
196,38,12495.939147
196,40,12376.694000
196,41,12354.490014
196,42,12237.625160
196,46,12231.314609
196,49,12221.143626
197,34,13466.779857
197,35,12936.808947
197,37,12734.274494
197,38,12495.939147
197,40,12376.694000
197,41,12354.490014
197,42,12237.625160
197,46,12231.314609
197,49,12221.143626
198,33,13880.465918
198,34,13398.170850
198,35,12922.233383
198,37,12729.668632
198,38,12493.886121
198,40,12328.577764
198,41,12128.260315
199,33,13880.465918
199,34,13398.170850
199,35,12922.233383
199,37,12729.668632
199,38,12493.886121
199,40,12328.577764
199,41,12128.260315
200,33,13880.465918
200,34,13062.569772
200,35,12922.233383
200,36,12911.615810
200,37,12729.668632
200,38,12493.886121
200,40,12328.577764
200,41,12128.260315
201,33,13880.465918
201,34,13057.276846
201,35,12922.233383
201,36,12911.615810
201,37,12729.668632
201,38,12493.886121
201,40,12328.577764
201,41,12128.260315
202,33,13839.861345
202,34,12943.382558
202,35,12920.350024
202,36,12829.932127
202,37,12695.191911
202,38,12493.886121
202,40,12323.693272
202,41,12111.662777
203,33,13839.861345
203,34,12943.382558
203,35,12920.350024
203,36,12829.932127
203,37,12695.191911
203,38,12493.886121
203,40,12323.693272
203,41,12111.662777
204,33,13839.861345
204,34,12943.382558
204,35,12920.350024
204,36,12829.932127
204,37,12695.191911
204,38,12493.886121
204,40,12323.693272
204,41,12111.662777
205,33,13839.861345
205,34,12906.749501
205,36,12829.932127
205,37,12695.191911
205,38,12493.886121
205,40,12323.693272
205,41,12111.662777
206,33,13639.652269
206,34,12880.551404
206,36,12793.057592
206,37,12681.948576
206,38,12479.062968
206,40,12319.050991
206,41,12089.373870
207,33,13639.652269
207,34,12880.551404
207,36,12793.057592
207,37,12632.786367
207,38,12479.062968
207,40,12319.050991
207,41,12089.373870
208,33,13639.652269
208,34,12880.551404
208,36,12793.057592
208,37,12632.786367
208,38,12479.062968
208,40,12319.050991
208,41,12089.373870
208,46,12068.306542
209,33,13639.652269
209,34,12880.551404
209,36,12793.057592
209,37,12632.786367
209,38,12479.062968
209,40,12319.050991
209,41,12089.373870
209,46,12068.306542
210,33,13556.808789
210,34,12880.551404
210,36,12786.074889
210,37,12539.582015
210,38,12479.062968
210,40,12308.851293
210,41,12085.517466
210,46,12067.881695
211,33,13556.808789
211,34,12880.551404
211,35,12868.337022
211,36,12786.074889
211,37,12539.582015
211,38,12479.062968
211,40,12308.851293
211,41,12085.517466
211,46,12067.881695
212,33,13556.808789
212,34,12880.551404
212,35,12868.337022
212,36,12786.074889
212,37,12539.582015
212,38,12479.062968
212,40,12308.851293
212,41,12085.517466
212,46,12067.881695
213,33,13556.808789
213,34,12880.551404
213,35,12863.078315
213,36,12786.074889
213,37,12539.582015
213,38,12479.062968
213,40,12308.851293
213,41,12085.517466
213,46,12067.881695
214,33,13550.593531
214,34,12808.997309
214,36,12786.074889
214,37,12472.448288
214,40,12288.536204
214,41,12067.612708
214,46,12064.113476
215,33,13550.593531
215,34,12808.997309
215,35,12688.500261
215,37,12472.448288
215,40,12288.536204
215,41,12067.612708
215,46,12064.113476
216,33,13550.593531
216,34,12808.997309
216,35,12688.500261
216,37,12472.448288
216,40,12288.536204
216,41,12067.612708
216,46,12064.113476
217,33,13550.593531
217,34,12808.997309
217,35,12688.500261
217,37,12472.448288
217,40,12288.536204
217,41,12067.612708
217,46,12064.113476
218,33,13550.593531
218,34,12808.997309
218,35,12688.500261
218,37,12472.448288
218,40,12270.345532
218,41,12066.489675
218,46,12037.653917
219,33,13550.593531
219,34,12736.893088
219,35,12688.500261
219,36,12665.605840
219,37,12472.448288
219,40,12270.345532
219,41,12066.489675
219,46,12037.653917
220,33,13533.092928
220,34,12736.893088
220,35,12686.568727
220,36,12665.605840
220,37,12472.448288
220,40,12270.345532
220,41,12066.489675
220,45,12031.549209
221,32,13496.492706
221,34,12736.893088
221,35,12686.568727
221,36,12665.605840
221,37,12472.448288
221,40,12270.345532
221,41,12066.489675
221,45,12031.549209
222,32,13308.736477
222,33,13278.910352
222,34,12688.885800
222,35,12662.180910
222,37,12447.908725
222,40,12269.318941
222,41,12064.927746
222,45,12021.401883
223,32,13308.736477
223,33,12986.983960
223,34,12688.885800
223,35,12662.180910
223,37,12447.908725
223,40,12269.318941
223,41,12064.927746
223,44,12020.323829
224,32,13308.736477
224,33,12947.140156
224,34,12688.885800
224,35,12662.180910
224,36,12626.332796
224,37,12447.908725
224,40,12269.318941
224,41,12064.927746
224,44,12020.323829
225,32,13308.736477
225,33,12857.084249
225,34,12688.885800
225,35,12662.180910
225,36,12626.332796
225,37,12447.908725
225,40,12269.318941
225,41,12064.927746
225,44,12020.323829
225,45,12015.166616
225,46,11988.576437
226,32,13308.736477
226,33,12857.084249
226,34,12686.685557
226,35,12639.555181
226,36,12626.332796
226,37,12447.908725
226,40,12237.168796
226,41,12042.778335
226,44,12012.239634
226,46,11988.576437
227,32,13308.736477
227,33,12827.080270
227,34,12672.820367
227,35,12639.555181
227,36,12626.332796
227,37,12447.908725
227,40,12237.168796
227,41,12042.778335
227,44,12012.239634
227,46,11988.576437
228,31,13517.744329
228,32,13308.736477
228,33,12827.080270
228,34,12672.820367
228,35,12639.555181
228,36,12626.332796
228,37,12447.908725
228,40,12237.168796
228,41,12042.778335
228,44,12012.239634
228,46,11988.576437
229,31,13224.932318
229,33,12777.346190
229,34,12672.820367
229,35,12639.555181
229,36,12568.571073
229,37,12447.908725
229,39,12322.269473
229,40,12237.168796
229,41,12042.778335
229,44,12012.239634
229,46,11988.576437
230,31,13224.932318
230,33,12777.293121
230,34,12672.820367
230,35,12607.516199
230,36,12562.324636
230,37,12447.791146
230,39,12289.476659
230,40,12227.227174
230,41,12033.353615
230,44,12012.239634
230,46,11986.758525
231,31,13224.932318
231,33,12777.293121
231,34,12672.820367
231,35,12607.516199
231,36,12224.947419
231,41,12033.353615
231,44,12012.239634
231,46,11986.758525
232,31,13209.896143
232,33,12777.293121
232,34,12672.820367
232,35,12607.516199
232,36,12224.947419
232,41,12033.353615
232,44,12012.239634
232,46,11986.758525
233,31,13209.896143
233,33,12777.293121
233,34,12672.820367
233,35,12607.516199
233,36,12224.947419
233,41,12033.353615
233,44,12012.239634
233,45,11993.859839
233,46,11986.758525
234,31,13190.914835
234,33,12738.039902
234,34,12599.074097
234,35,12596.886638
234,36,12224.947419
234,41,12015.230289
234,44,11986.227431
234,45,11946.397476
235,31,13171.735867
235,33,12738.039902
235,34,12599.074097
235,35,12596.886638
235,36,12224.947419
235,41,12015.230289
235,44,11986.227431
235,45,11946.397476
236,31,13171.735867
236,33,12738.039902
236,34,12599.074097
236,35,12596.886638
236,36,12224.947419
236,41,12015.230289
236,44,11986.227431
236,45,11946.397476
237,31,13171.735867
237,33,12738.039902
237,34,12599.074097
237,35,12596.886638
237,36,12224.947419
237,41,12015.230289
237,44,11986.227431
237,45,11946.397476
238,31,13155.045246
238,32,13025.246536
238,33,12729.297600
238,34,12599.074097
238,35,12593.236269
238,36,12160.210639
238,41,11984.967859
238,44,11980.940188
238,45,11941.625531
239,31,13155.045246
239,32,13025.246536
239,33,12729.297600
239,34,12599.074097
239,35,12592.094621
239,36,12160.210639
239,40,12149.174843
239,41,11984.967859
239,44,11980.940188
239,45,11941.625531
240,31,13155.045246
240,32,13025.246536
240,33,12729.297600
240,34,12599.074097
240,35,12592.094621
240,36,12160.210639
240,40,12149.174843
240,41,11984.967859
240,44,11980.940188
240,45,11941.625531
241,31,13155.045246
241,32,13024.334275
241,33,12729.297600
241,34,12599.074097
241,35,12592.094621
241,36,12160.210639
241,40,12149.174843
241,41,11984.967859
241,44,11980.940188
241,45,11941.625531
242,30,13242.557336
242,31,13105.649662
242,32,12999.563429
242,33,12721.111886
242,34,12578.328024
242,36,12160.210639
242,40,12147.237650
242,41,11984.967859
242,43,11945.034614
242,45,11941.625531
243,30,13242.557336
243,31,12949.721595
243,33,12721.111886
243,34,12578.328024
243,36,12160.210639
243,39,12115.740819
243,41,11984.967859
243,43,11945.034614
243,44,11938.646963
244,30,13215.030096
244,31,12946.566381
244,33,12721.111886
244,34,12578.328024
244,36,12160.210639
244,39,12115.740819
244,41,11984.967859
244,43,11945.034614
244,44,11938.646963
245,30,13215.030096
245,31,12946.566381
245,32,12786.335923
245,33,12721.111886
245,34,12578.328024
245,35,12540.486310
245,36,12160.210639
245,39,12049.734033
245,41,11984.967859
245,43,11945.034614
245,44,11938.646963
246,30,13215.030096
246,31,12946.566381
246,32,12759.636665
246,33,12672.644920
246,34,12570.634531
246,35,12485.286795
246,36,12141.574874
246,39,12049.734033
246,41,11984.967859
246,43,11943.859305
246,44,11934.993998
247,30,13215.030096
247,31,12946.566381
247,32,12759.636665
247,33,12672.644920
247,34,12534.885034
247,35,12462.210624
247,36,12141.574874
247,39,12037.783613
247,41,11984.967859
247,43,11943.859305
247,44,11934.993998
248,29,14263.517675
248,30,13215.030096
248,31,12935.689220
248,32,12759.636665
248,33,12672.644920
248,34,12534.885034
248,35,12462.210624
248,36,12141.574874
248,39,12037.783613
248,41,11984.967859
248,42,11934.180558
249,29,14263.517675
249,30,13215.030096
249,31,12935.689220
249,32,12759.636665
249,33,12672.644920
249,34,12534.885034
249,35,12462.210624
249,36,12130.345633
249,39,12037.783613
249,41,11984.967859
249,42,11934.180558
250,29,14263.517675
250,30,13211.953439
250,31,12935.689220
250,32,12746.363751
250,33,12494.014426
250,35,12455.980051
250,36,12130.345633
250,39,12036.765573
250,41,11977.115959
250,42,11917.496732
251,29,14263.517675
251,30,13211.953439
251,31,12889.131233
251,32,12746.363751
251,33,12494.014426
251,35,12455.980051
251,36,12130.345633
251,38,12024.177708
251,41,11940.112218
251,42,11917.496732
252,29,14263.517675
252,30,13211.953439
252,31,12889.131233
252,32,12746.363751
252,33,12494.014426
252,35,12455.980051
252,36,12130.345633
252,38,12024.177708
252,41,11929.307838
252,42,11910.428947
253,29,13966.054041
253,30,13211.953439
253,31,12889.131233
253,32,12746.363751
253,33,12494.014426
253,35,12440.811650
253,36,12130.345633
253,38,12024.177708
253,41,11929.158051
253,42,11910.428947
254,29,13966.054041
254,30,13211.953439
254,31,12874.203148
254,32,12734.404222
254,33,12494.014426
254,35,12323.362120
254,36,12130.345633
254,38,12024.177708
254,39,11939.060617
254,41,11919.257939
254,42,11880.912374
255,29,13966.054041
255,30,13211.953439
255,31,12874.203148
255,32,12734.404222
255,33,12494.014426
255,35,12323.362120
255,36,12130.345633
255,37,12021.445581
255,39,11939.060617
255,41,11901.541780
255,42,11880.912374
256,29,13966.054041
256,30,13211.953439
256,31,12874.203148
256,32,12734.404222
256,33,12494.014426
256,34,12416.579680
256,35,12323.362120
256,36,12130.345633
256,37,12021.445581
256,39,11939.060617
256,41,11901.541780
256,42,11880.912374
257,29,13966.054041
257,30,13211.953439
257,31,12874.203148
257,32,12734.404222
257,33,12464.773947
257,34,12416.579680
257,35,12323.362120
257,36,12130.345633
257,37,12021.445581
257,39,11939.060617
257,41,11901.541780
257,42,11880.912374
258,29,13966.054041
258,30,13211.953439
258,31,12757.319508
258,32,12734.404222
258,33,12449.097313
258,34,12391.616606
258,35,12301.027625
258,36,12100.806332
258,37,12021.445581
258,39,11933.378261
258,41,11895.281576
258,42,11880.912374
259,29,13966.054041
259,30,13211.953439
259,31,12757.319508
259,32,12734.404222
259,33,12449.097313
259,34,12372.476331
259,35,12301.027625
259,36,12100.806332
259,37,12021.445581
259,39,11933.378261
259,41,11895.281576
259,42,11880.912374
260,29,13644.069943
260,30,13211.953439
260,31,12757.319508
260,32,12734.404222
260,33,12449.097313
260,34,12372.476331
260,35,12301.027625
260,36,12089.558285
260,37,12021.445581
260,39,11933.378261
260,41,11895.281576
260,42,11880.912374
261,29,13529.797062
261,30,13211.953439
261,31,12757.319508
261,32,12734.404222
261,33,12449.097313
261,34,12372.476331
261,35,12301.027625
261,36,12089.558285
261,37,12021.445581
261,39,11933.378261
261,41,11895.281576
261,42,11880.912374
262,29,13529.797062
262,30,13211.953439
262,31,12748.616483
262,32,12708.845396
262,33,12443.356491
262,34,12370.294444
262,35,12233.992378
262,36,12066.732488
262,37,12013.353884
262,39,11933.378261
262,41,11886.773877
262,42,11879.894334
263,29,13459.921024
263,30,13211.953439
263,31,12748.616483
263,32,12708.845396
263,33,12443.356491
263,34,12312.233704
263,35,12233.992378
263,36,12066.732488
263,37,12013.353884
263,39,11933.378261
263,41,11886.773877
263,42,11879.894334
263,46,11877.375492
264,29,13459.921024
264,30,13211.953439
264,31,12748.616483
264,32,12708.845396
264,33,12443.356491
264,34,12252.777950
264,35,12233.992378
264,36,12066.732488
264,37,12013.353884
264,39,11933.378261
264,41,11886.773877
264,42,11879.894334
264,44,11826.251734
265,29,13459.921024
265,30,13211.953439
265,31,12748.616483
265,32,12708.845396
265,33,12443.356491
265,34,12252.777950
265,35,12233.992378
265,36,12066.732488
265,37,12013.353884
265,38,11997.005918
265,39,11933.378261
265,41,11886.773877
265,42,11879.894334
265,44,11826.251734
266,29,13395.717407
266,30,13211.953439
266,31,12748.616483
266,32,12708.845396
266,33,12418.448403
266,34,12237.425046
266,35,12233.764333
266,36,12066.732488
266,37,11994.694348
266,39,11933.378261
266,41,11882.435066
266,42,11856.092532
266,44,11824.377309
267,29,13395.717407
267,30,13211.953439
267,31,12748.616483
267,32,12708.845396
267,33,12418.448403
267,34,12237.425046
267,35,12233.764333
267,36,12066.732488
267,37,11994.694348
267,39,11933.378261
267,41,11882.435066
267,42,11856.092532
267,44,11824.377309
268,29,13395.717407
268,30,13211.953439
268,31,12748.616483
268,32,12708.845396
268,33,12418.448403
268,34,12226.539619
268,36,12066.732488
268,37,11994.694348
268,39,11933.378261
268,41,11882.435066
268,42,11844.309505
268,44,11824.377309
269,29,13395.717407
269,30,13211.953439
269,31,12748.616483
269,32,12708.845396
269,33,12418.448403
269,34,12226.539619
269,36,12066.732488
269,37,11994.694348
269,39,11933.378261
269,41,11882.435066
269,42,11844.309505
269,44,11824.377309
270,29,13395.717407
270,30,13211.953439
270,31,12748.525469
270,32,12683.650459
270,33,12418.448403
270,34,12226.539619
270,36,12066.732488
270,37,11994.694348
270,39,11933.378261
270,41,11880.766765
270,42,11844.091450
270,44,11824.377309
271,29,13395.717407
271,30,13211.953439
271,31,12748.525469
271,32,12683.650459
271,33,12418.448403
271,34,12226.539619
271,35,12174.937351
271,36,12066.732488
271,37,11994.694348
271,39,11933.378261
271,41,11859.561832
271,42,11844.091450
271,44,11824.377309
272,29,13395.717407
272,30,13211.953439
272,31,12748.525469
272,32,12683.650459
272,33,12418.448403
272,34,12226.539619
272,35,12174.937351
272,36,12066.732488
272,37,11994.694348
272,39,11933.378261
272,41,11859.561832
272,42,11844.091450
272,44,11813.465516
273,29,13395.717407
273,30,13119.649424
273,31,12748.525469
273,32,12683.650459
273,33,12418.448403
273,34,12226.539619
273,35,12174.937351
273,36,12066.732488
273,37,11994.694348
273,39,11933.378261
273,41,11859.561832
273,42,11844.091450
273,44,11813.465516
274,29,13395.717407
274,30,13119.649424
274,31,12736.694490
274,32,12679.477098
274,33,12383.071355
274,34,12224.597862
274,35,12154.497026
274,36,11998.543787
274,37,11971.829266
274,39,11912.434464
274,41,11827.538461
274,44,11813.237471
275,29,13395.717407
275,30,13119.649424
275,31,12736.694490
275,32,12679.477098
275,33,12383.071355
275,34,12171.877794
275,35,12154.497026
275,36,11998.543787
275,37,11971.829266
275,38,11949.548730
275,39,11912.434464
275,41,11827.538461
275,44,11813.237471
276,29,13395.717407
276,30,13119.649424
276,31,12736.694490
276,32,12679.477098
276,33,12383.071355
276,34,12171.877794
276,35,12154.497026
276,36,11998.543787
276,37,11971.829266
276,38,11949.548730
276,39,11912.434464
276,41,11827.538461
276,44,11813.237471
277,29,13284.233895
277,30,13119.649424
277,31,12736.694490
277,32,12679.477098
277,33,12383.071355
277,34,12171.877794
277,35,12154.497026
277,36,11998.543787
277,37,11971.829266
277,38,11949.548730
277,39,11912.434464
277,40,11799.507916
278,29,13284.233895
278,30,13105.616396
278,31,12736.694490
278,32,12679.477098
278,33,12342.359534
278,34,12171.877794
278,35,12154.496950
278,36,11973.060050
278,37,11950.263473
278,38,11869.023985
278,40,11799.507916
279,29,13284.233895
279,30,13105.616396
279,31,12736.694490
279,32,12679.477098
279,33,12342.359534
279,34,12171.877794
279,35,12154.496950
279,36,11973.060050
279,37,11950.263473
279,38,11869.023985
279,40,11799.507916
280,29,13284.233895
280,30,13105.616396
280,31,12736.694490
280,32,12679.477098
280,33,12342.359534
280,34,12171.877794
280,35,12154.496950
280,36,11973.060050
280,37,11950.263473
280,38,11869.023985
280,40,11799.507916
281,29,13284.233895
281,30,13105.616396
281,31,12736.694490
281,32,12679.477098
281,33,12342.359534
281,34,12171.877794
281,35,12154.496950
281,36,11973.060050
281,37,11950.263473
281,38,11869.023985
281,40,11799.507916
282,29,13282.728926
282,30,13064.241102
282,31,12734.098025
282,32,12667.119266
282,33,12319.684477
282,34,12167.976105
282,35,12131.352419
282,36,11973.060050
282,37,11950.263473
282,38,11866.858495
282,40,11784.355952
283,28,13702.566618
283,29,13282.728926
283,30,13064.241102
283,31,12734.098025
283,32,12667.119266
283,33,12319.684477
283,34,12167.976105
283,35,12131.352419
283,36,11973.060050
283,37,11950.263473
283,38,11866.858495
283,39,11825.654916
283,40,11784.355952
284,28,13702.566618
284,29,13228.183259
284,30,13064.241102
284,31,12734.098025
284,32,12667.119266
284,33,12309.862084
284,34,12167.976105
284,35,12131.352419
284,36,11973.060050
284,37,11950.263473
284,38,11866.858495
284,39,11825.654916
284,40,11784.355952
285,28,13702.566618
285,29,13228.183259
285,30,13064.241102
285,31,12734.098025
285,32,12667.119266
285,33,12216.995500
285,34,12167.976105
285,35,12131.352419
285,36,11973.060050
285,37,11950.263473
285,38,11866.858495
285,39,11825.654916
285,40,11784.355952
286,28,13702.566618
286,29,13228.183259
286,30,13064.241102
286,31,12625.102855
286,33,12213.728816
286,34,12167.976105
286,35,12113.639596
286,36,11934.702319
286,38,11861.904723
286,39,11807.477086
286,40,11784.355952
287,28,13702.566618
287,29,13228.183259
287,30,13064.241102
287,31,12625.102855
287,33,12213.728816
287,34,12167.976105
287,35,12113.639596
287,36,11934.702319
287,38,11861.904723
287,39,11807.477086
287,40,11784.355952
288,28,13702.566618
288,29,13228.183259
288,30,13064.241102
288,31,12625.102855
288,33,12213.728816
288,34,12167.976105
288,35,12113.639596
288,36,11934.702319
288,38,11861.904723
288,39,11807.477086
288,40,11784.355952
288,41,11778.326852
289,28,13702.566618
289,29,13228.183259
289,30,13041.334287
289,31,12625.102855
289,33,12213.728816
289,34,12167.976105
289,35,12113.639596
289,36,11934.702319
289,38,11861.904723
289,39,11807.477086
289,40,11784.355952
289,41,11778.326852
289,42,11669.205621
290,28,13702.566618
290,29,13228.183259
290,30,13041.334287
290,31,12625.102855
290,33,12213.392394
290,34,12148.428347
290,35,12113.639596
290,36,11902.562212
290,38,11861.904723
290,39,11807.477086
290,40,11780.766308
290,41,11765.194480
290,42,11668.103402
291,28,13702.566618
291,29,13228.183259
291,30,13041.334287
291,31,12625.102855
291,32,12597.690241
291,33,12213.392394
291,34,12148.428347
291,35,12113.639596
291,36,11896.654505
291,38,11861.904723
291,39,11807.477086
291,40,11780.766308
291,41,11765.194480
291,42,11668.103402
292,28,13702.566618
292,29,13228.183259
292,30,13041.334287
292,31,12625.102855
292,32,12597.690241
292,33,12178.436946
292,34,12148.428347
292,35,12113.639596
292,36,11896.654505
292,38,11861.904723
292,39,11807.477086
292,40,11780.766308
292,41,11765.194480
292,42,11668.103402
293,28,13702.566618
293,29,13228.183259
293,30,13041.334287
293,31,12625.102855
293,32,12597.690241
293,33,12178.436946
293,34,12148.428347
293,35,12113.639596
293,36,11896.654505
293,38,11861.904723
293,39,11807.477086
293,40,11780.766308
293,41,11765.194480
293,42,11668.103402
294,28,13702.566618
294,29,13228.183259
294,30,13041.334287
294,31,12625.102855
294,32,12591.236786
294,33,12178.436946
294,34,12045.483991
294,36,11896.654505
294,38,11861.904723
294,39,11805.355868
294,40,11780.766308
294,41,11759.413947
294,42,11662.627572
295,28,13702.566618
295,29,13228.183259
295,30,13034.819650
295,31,12625.102855
295,32,12591.236786
295,33,12178.436946
295,34,12045.483991
295,36,11896.654505
295,38,11861.904723
295,39,11805.355868
295,40,11780.766308
295,41,11759.413947
295,42,11662.627572
296,28,13702.566618
296,29,13205.964603
296,30,13034.819650
296,31,12523.921632
296,33,12178.374053
296,34,12045.483991
296,36,11896.654505
296,38,11861.904723
296,39,11805.355868
296,40,11780.766308
296,41,11759.413947
296,42,11662.627572
297,28,13702.566618
297,29,13205.964603
297,30,13034.819650
297,31,12523.921632
297,33,12178.374053
297,34,12045.483991
297,36,11896.654505
297,38,11861.904723
297,39,11805.355868
297,40,11780.766308
297,41,11759.413947
297,42,11662.627572
298,28,13702.566618
298,29,13184.323015
298,30,12992.660711
298,31,12512.716840
298,33,12126.975280
298,34,12045.483991
298,36,11845.673245
298,39,11750.503677
298,41,11741.598236
298,42,11662.627572
299,28,13702.566618
299,29,13149.895381
299,30,12968.753770
299,31,12512.716840
299,33,12126.975280
299,34,12045.483991
299,36,11845.673245
299,39,11750.503677
299,41,11741.598236
299,42,11662.627572
300,28,13702.566618
300,29,13149.895381
300,30,12968.753770
300,31,12512.716840
300,33,12126.975280
300,34,12045.483991
300,36,11845.673245
300,39,11750.503677
300,41,11741.598236
300,42,11662.627572
301,28,13702.566618
301,29,13149.895381
301,30,12968.753770
301,31,12512.716840
301,33,12126.975280
301,34,12045.483991
301,36,11845.673245
301,37,11809.066607
301,39,11750.503677
301,41,11741.598236
301,42,11662.627572
302,28,13571.509125
302,29,13115.062377
302,30,12966.565655
302,31,12369.743843
302,33,12122.455682
302,34,12037.493603
302,36,11839.128153
302,37,11780.982279
302,39,11739.219303
302,41,11737.605718
302,42,11654.164229
303,28,13439.190450
303,29,13115.062377
303,30,12966.565655
303,31,12369.743843
303,33,12122.455682
303,34,12037.493603
303,36,11839.128153
303,37,11780.982279
303,39,11739.219303
303,41,11737.605718
303,42,11654.164229
304,28,13439.190450
304,29,13115.062377
304,30,12966.565655
304,31,12369.743843
304,33,12122.455682
304,34,12037.493603
304,36,11820.119020
304,37,11780.982279
304,39,11739.219303
304,41,11737.605718
304,42,11654.164229
305,28,13439.190450
305,29,13115.062377
305,30,12966.565655
305,31,12369.743843
305,33,12122.455682
305,34,12037.493603
305,36,11820.119020
305,37,11780.982279
305,39,11739.219303
305,41,11737.605718
305,42,11654.164229
306,28,13439.190450
306,29,13115.062377
306,30,12966.245388
306,31,12369.743843
306,33,12116.529253
306,34,12037.493603
306,36,11721.830246
306,42,11654.164229
307,28,13439.190450
307,29,13115.062377
307,30,12859.910395
307,31,12369.743843
307,33,12073.827446
307,34,12037.493603
307,36,11721.830246
307,38,11666.721132
307,42,11654.164229
308,28,13391.101246
308,29,13115.062377
308,30,12859.910395
308,31,12369.743843
308,33,12068.912634
308,34,12037.493603
308,36,11721.830246
308,38,11666.721132
308,42,11654.164229
309,28,13391.101246
309,29,13115.062377
309,30,12859.910395
309,31,12369.743843
309,33,12068.912634
309,34,12037.493603
309,36,11721.830246
309,38,11666.721132
309,42,11654.164229
310,28,13277.409813
310,29,13105.483095
310,30,12856.976804
310,31,12347.082703
310,33,12046.053338
310,34,12007.592276
310,36,11721.830246
310,38,11665.548655
310,42,11653.053360
311,28,13277.409813
311,29,13105.483095
311,30,12856.976804
311,31,12347.082703
311,33,12046.053338
311,34,12007.592276
311,36,11721.830246
311,38,11665.548655
311,42,11653.053360
312,28,13194.343773
312,29,13105.483095
312,30,12856.976804
312,31,12347.082703
312,33,12046.053338
312,34,11780.500773
312,36,11721.830246
312,38,11665.548655
312,42,11653.053360
313,28,13194.343773
313,29,13105.483095
313,30,12856.976804
313,31,12347.082703
313,33,12046.053338
313,34,11780.500773
313,36,11721.830246
313,38,11665.548655
313,39,11629.261982
314,28,13194.343773
314,29,13057.317958
314,30,12726.258112
314,31,12333.492242
314,33,12015.275172
314,34,11753.444117
314,36,11717.945571
314,38,11665.548655
314,39,11625.961672
315,28,13194.343773
315,29,13057.317958
315,30,12726.258112
315,31,12333.492242
315,33,12015.275172
315,34,11753.444117
315,36,11717.945571
315,38,11665.548655
315,39,11625.961672
316,28,13194.343773
316,29,13057.317958
316,30,12726.258112
316,31,12333.492242
316,33,12015.275172
316,34,11753.444117
316,36,11717.945571
316,38,11665.548655
316,39,11625.961672
317,28,13194.343773
317,29,13057.317958
317,30,12726.258112
317,31,12333.492242
317,33,12015.275172
317,34,11753.444117
317,36,11717.945571
317,37,11643.061774
317,39,11625.961672
318,28,13146.275789
318,29,12953.214719
318,30,12649.656988
318,31,12314.068397
318,33,12015.275172
318,34,11753.444117
318,36,11701.372684
318,37,11643.061774
318,39,11602.458524
319,28,13146.275789
319,29,12953.214719
319,30,12649.656988
319,31,12314.068397
319,33,12015.275172
319,34,11753.444117
319,36,11701.372684
319,37,11643.061774
319,39,11602.458524
319,40,11589.402599
320,28,13146.275789
320,29,12953.214719
320,30,12649.656988
320,31,12314.068397
320,33,12015.275172
320,34,11753.444117
320,36,11701.372684
320,37,11643.061774
320,38,11627.243064
320,39,11602.458524
320,40,11589.402599
321,28,13146.275789
321,29,12953.214719
321,30,12649.656988
321,31,12314.068397
321,33,12015.275172
321,34,11753.444117
321,36,11701.372684
321,37,11639.821220
321,38,11620.864383
321,39,11602.458524
321,40,11589.402599
322,28,13117.383965
322,29,12877.003577
322,30,12649.656988
322,31,12314.068397
322,33,11985.507948
322,34,11747.509668
322,36,11691.967539
322,37,11639.821220
322,38,11611.433997
322,39,11578.127388
322,40,11562.345942
323,28,13117.383965
323,29,12877.003577
323,30,12649.656988
323,31,12314.068397
323,33,11985.507948
323,34,11747.509668
323,36,11691.967539
323,37,11639.821220
323,38,11611.433997
323,39,11578.127388
323,40,11562.345942
324,28,13117.383965
324,29,12877.003577
324,30,12649.656988
324,31,12314.068397
324,33,11985.507948
324,34,11725.869368
324,36,11691.967539
324,37,11639.821220
324,38,11582.485422
324,39,11578.127388
324,40,11562.345942
325,28,13117.383965
325,29,12877.003577
325,30,12649.656988
325,31,12314.068397
325,33,11985.507948
325,34,11725.869368
325,35,11714.933877
325,36,11691.967539
325,37,11639.821220
325,38,11582.485422
325,39,11578.127388
325,40,11562.345942
326,28,13117.383965
326,29,12877.003577
326,30,12592.434152
326,31,12314.068397
326,33,11952.245411
326,34,11725.869368
326,35,11679.855859
326,37,11639.821220
326,38,11582.257376
326,39,11578.127388
326,40,11553.894589
327,28,13117.383965
327,29,12877.003577
327,30,12592.434152
327,31,12314.068397
327,33,11952.245411
327,34,11725.869368
327,35,11679.855859
327,37,11639.821220
327,38,11582.257376
327,39,11578.127388
327,40,11553.894589
