Generation,NV,TOC
1,66,35968.007807
1,74,33857.902295
1,81,30332.481146
1,85,29552.605066
1,90,29504.418456
1,96,29214.509570
1,125,28436.905763
2,66,35968.007807
2,74,33857.902295
2,81,30332.481146
2,85,29552.605066
2,86,28536.613066
2,125,28436.905763
2,127,28220.412061
2,131,28206.577554
3,66,35968.007807
3,70,33958.348237
3,72,33436.674418
3,79,29214.287397
3,86,28536.613066
3,87,28037.078865
3,91,27334.995647
4,66,34279.640812
4,69,31549.391737
4,71,31274.602936
4,74,30022.570298
4,78,28037.287274
4,83,26948.521628
4,88,25655.841271
5,66,31362.881030
5,71,31274.602936
5,74,30022.570298
5,77,29185.734644
5,78,28037.287274
5,80,27687.418295
5,83,26948.521628
5,88,25655.841271
6,62,31876.886101
6,65,30171.127435
6,68,30117.049625
6,70,27629.787538
6,74,26172.826617
6,78,25392.873765
6,86,24804.684532
6,115,24373.407072
7,60,30610.629854
7,65,30171.127435
7,66,29863.868450
7,68,27913.591808
7,70,27629.787538
7,74,26172.826617
7,78,25392.873765
7,86,24804.684532
7,115,24373.407072
8,59,30213.398255
8,60,28449.345896
8,68,26736.508673
8,74,25399.713294
8,78,25042.284061
8,85,24368.361794
8,114,23839.353048
9,58,29103.610714
9,60,28449.345896
9,63,27698.927962
9,68,26736.508673
9,74,25399.713294
9,78,25042.284061
9,85,24368.361794
9,109,23972.336685
9,114,23839.353048
10,58,28092.842873
10,59,26615.201307
10,67,26399.499972
10,74,24799.957198
10,76,24601.401735
10,80,24212.399640
10,84,23906.383900
10,107,23651.563714
10,109,23330.587911
11,55,30142.766709
11,58,28092.842873
11,59,26615.201307
11,63,26599.062491
11,67,26399.499972
11,72,26264.368563
11,74,24799.957198
11,76,24601.401735
11,80,24212.399640
11,84,23906.383900
11,95,23425.027137
11,96,23330.254332
12,55,30142.766709
12,58,28092.842873
12,59,26615.201307
12,63,25736.222814
12,67,25163.060509
12,71,24403.660881
12,74,24080.078442
12,79,23586.855529
12,93,22855.903215
12,95,22725.762741
12,107,22651.211197
13,55,29883.135461
13,58,27346.196256
13,59,26043.250564
13,63,25736.222814
13,66,24918.799383
13,71,24403.660881
13,74,24080.078442
13,79,23586.855529
13,93,22855.903215
13,95,22725.762741
13,107,22651.211197
13,111,22630.652417
14,54,30018.181807
14,55,29883.135461
14,56,29310.310376
14,57,26934.420528
14,59,26043.250564
14,63,25736.222814
14,65,25220.084184
14,66,24918.799383
14,70,24314.477702
14,73,24198.680601
14,74,24080.078442
14,79,23586.855529
14,85,23525.354165
14,88,23271.478282
14,93,22855.903215
14,95,22725.762741
14,107,22651.211197
14,111,22630.652417
15,54,30018.181807
15,55,29883.135461
15,56,27176.394915
15,57,26934.420528
15,58,26673.485835
15,59,26043.250564
15,63,25736.222814
15,65,25002.946646
15,66,24918.799383
15,68,24807.100639
15,70,24314.477702
15,73,24198.680601
15,74,24080.078442
15,79,23586.855529
15,85,23525.354165
15,88,23271.478282
15,93,22855.903215
15,95,22725.762741
15,107,22651.211197
15,111,22630.652417
16,54,30018.181807
16,55,29883.135461
16,56,27176.394915
16,57,26934.420528
16,58,26673.485835
16,59,26043.250564
16,63,25736.222814
16,65,25002.946646
16,66,24918.799383
16,68,24798.765730
16,70,24314.477702
16,72,24311.469569
16,73,24198.680601
16,74,24080.078442
16,79,23586.855529
16,84,23438.901128
16,88,23271.478282
16,90,23074.979956
16,93,22855.903215
16,95,22725.762741
16,103,22685.484032
16,107,22651.211197
16,111,22630.652417
17,54,30018.181807
17,55,29883.135461
17,56,27176.394915
17,57,26611.247183
17,59,25448.769855
17,65,25002.946646
17,66,24705.388849
17,67,24696.085218
17,70,23844.068066
17,74,23668.707708
17,76,23087.306750
17,84,23051.343778
17,89,22130.242277
18,54,30018.181807
18,55,29883.135461
18,56,26508.537967
18,59,25448.769855
18,61,25272.668515
18,65,24777.245870
18,66,24705.388849
18,67,24696.085218
18,68,24552.455124
18,69,24226.628339
18,70,23844.068066
18,72,23771.947622
18,73,23391.125704
18,76,23087.306750
18,78,23026.790594
18,85,22657.677955
18,89,22130.242277
18,101,21931.527985
19,54,30018.181807
19,55,26709.298288
19,56,26508.537967
19,57,25427.639328
19,61,25272.668515
19,64,24956.477881
19,65,24777.245870
19,66,24705.388849
19,67,24345.722640
19,68,22445.647148
19,83,21984.211116
19,86,21723.625391
20,54,30018.181807
20,55,26709.298288
20,56,26163.112877
20,57,25427.639328
20,61,25272.668515
20,63,25223.341551
20,64,24443.617931
20,66,24417.490000
20,67,24345.722640
20,68,22445.647148
20,83,21984.211116
20,86,21408.879368
20,87,21376.297136
21,54,28339.634856
21,55,25796.037962
21,56,24805.519340
21,57,23889.075184
21,64,23703.967732
21,65,23193.304295
21,68,22337.790740
21,81,21800.159126
21,83,20859.733476
22,54,28339.634856
22,55,25796.037962
22,56,24805.519340
22,57,23889.075184
22,64,23703.967732
22,65,23193.304295
22,68,22337.790740
22,80,22034.904249
22,81,21800.159126
22,83,20859.733476
23,53,24091.216611
23,56,23259.901603
23,62,23136.907780
23,65,22382.359336
23,68,22282.809543
23,80,21648.281788
23,81,20789.162894
24,53,24091.216611
24,56,23259.901603
24,62,23136.907780
24,65,22382.359336
24,68,22186.108480
24,78,21931.538551
24,80,21648.281788
24,81,20789.162894
24,90,20654.950896
25,52,24621.792142
25,53,23971.028036
25,56,23099.580051
25,62,22872.935671
25,65,22176.303786
25,66,21291.200942
25,81,20717.716320
25,90,20498.626195
26,52,24621.792142
26,53,23971.028036
26,56,23099.580051
26,62,22872.935671
26,65,22176.303786
26,66,21291.200942
26,81,20717.716320
26,87,20596.879191
26,90,20498.626195
27,52,24519.113794
27,53,23878.112172
27,54,23498.890520
27,56,22655.211567
27,65,20968.671252
27,81,20557.249370
27,85,19968.104769
28,52,24519.113794
28,53,23878.112172
28,54,23498.890520
28,56,22655.211567
28,59,22534.671331
28,65,20968.671252
28,81,20557.249370
28,85,19968.104769
29,52,23730.471612
29,53,23414.834659
29,56,22655.211567
29,59,22189.608331
29,65,20518.929255
29,72,20463.283197
29,85,19877.127529
30,52,23536.726144
30,53,23414.834659
30,56,22655.211567
30,58,22442.983889
30,59,22189.608331
30,63,22006.565140
30,65,20518.929255
30,72,20463.283197
30,79,20393.443266
30,85,19877.127529
31,52,23536.726144
31,53,23414.834659
31,56,22655.211567
31,57,22301.427430
31,59,22189.608331
31,61,21916.139325
31,62,21706.712124
31,63,20337.251391
31,78,20244.004756
31,81,20039.337250
31,84,19696.263505
32,52,23536.726144
32,53,23414.834659
32,56,22655.211567
32,57,22301.427430
32,59,22189.608331
32,61,21916.139325
32,62,21706.712124
32,63,20337.251391
32,78,20244.004756
32,79,20124.929941
32,81,20039.337250
32,84,19696.263505
33,52,23536.726144
33,53,23414.834659
33,56,22366.708111
33,57,21875.978954
33,58,21762.739753
33,61,21656.933635
33,62,21572.612711
33,63,20251.184852
33,75,20205.995257
33,79,20124.929941
33,81,19836.459893
33,84,19597.361595
34,51,24650.752000
34,52,23536.726144
34,53,23414.834659
34,54,23412.617541
34,55,22302.660251
34,57,21875.978954
34,58,21762.739753
34,61,21656.933635
34,62,21572.612711
34,63,20251.184852
34,75,20205.995257
34,76,20165.585739
34,79,20124.929941
34,81,19836.459893
34,84,19597.361595
35,51,24314.022885
35,52,23536.726144
35,53,23414.834659
35,54,22187.451392
35,57,21717.622043
35,60,21643.848553
35,61,21522.817785
35,63,20251.184852
35,74,20161.141858
35,79,19946.671219
35,80,19705.227451
35,83,19469.294842
36,51,24314.022885
36,52,23536.726144
36,53,22974.882272
36,54,22187.451392
36,57,21717.622043
36,60,21643.848553
36,61,21395.761025
36,63,20251.184852
36,69,19564.698215
36,83,19469.294842
37,51,24144.254873
37,52,22456.096597
37,54,21852.618158
37,56,21541.684486
37,59,21099.242000
37,61,20881.887684
37,63,20176.131994
37,68,19392.169976
37,69,19295.870362
38,51,24144.254873
38,52,22456.096597
38,54,21852.618158
38,56,21541.684486
38,58,21534.112840
38,59,21099.242000
38,60,20439.284687
38,63,20176.131994
38,68,19392.169976
38,69,19295.870362
39,51,23792.296747
39,52,22357.548269
39,53,21634.566933
39,56,21176.530970
39,57,20981.974008
39,58,20295.157867
39,62,20076.394880
39,67,19180.582042
40,50,23076.314257
40,52,22357.548269
40,53,21634.566933
40,56,21176.530970
40,57,20981.974008
40,58,20295.157867
40,62,20076.394880
40,66,19794.158604
40,67,19180.582042
41,50,22290.659151
41,51,21782.912446
41,52,21629.719309
41,56,21089.550644
41,57,19954.739140
41,66,19725.181039
41,67,19087.516563
42,50,22290.659151
42,51,21782.912446
42,52,21388.212480
42,56,21089.550644
42,57,19954.739140
42,66,19725.181039
42,67,19087.516563
43,50,22079.661871
43,51,21693.609984
43,52,21388.212480
43,54,20771.722227
43,57,19905.971530
43,66,19564.226781
43,67,19007.234136
43,69,18774.679307
44,49,24371.348643
44,50,22079.661871
44,51,21693.609984
44,52,21189.128279
44,53,20860.842101
44,54,20771.722227
44,57,19905.971530
44,64,19735.049487
44,66,19564.226781
44,67,19007.234136
44,69,18774.679307
45,49,23299.554587
45,50,21312.301043
45,52,21105.539928
45,53,20780.190904
45,54,20642.812606
45,56,20312.354254
45,57,19844.636480
45,64,19735.049487
45,65,19503.583998
45,67,19007.234136
45,69,18774.679307
46,49,22194.788096
46,50,21312.301043
46,52,21105.539928
46,53,20780.190904
46,54,20642.812606
46,56,20312.354254
46,57,19844.636480
46,64,19735.049487
46,65,19503.583998
46,67,19007.234136
46,69,18774.679307
47,49,22194.788096
47,50,21312.301043
47,51,20953.739962
47,53,20671.876139
47,54,20472.002444
47,56,19751.698071
47,64,19735.049487
47,65,19457.411940
47,66,18930.916057
47,69,18696.302601
48,49,22194.788096
48,50,21312.301043
48,51,20953.739962
48,53,20671.876139
48,54,20472.002444
48,56,19751.698071
48,61,19494.122917
48,63,19327.602685
48,64,19027.665278
48,66,18930.916057
48,69,18696.302601
49,49,22194.788096
49,50,21312.301043
49,51,20953.739962
49,53,20588.499868
49,54,20472.002444
49,55,19904.248285
49,56,19700.460941
49,61,19347.107688
49,62,18981.462389
49,66,18930.916057
49,68,18847.985155
49,69,18623.029430
50,49,21642.793363
50,50,21312.301043
50,51,20953.739962
50,53,20588.499868
50,54,20472.002444
50,55,19896.436293
50,56,19700.460941
50,61,19347.107688
50,62,18981.462389
50,66,18930.916057
50,68,18847.985155
50,69,18623.029430
51,49,21642.793363
51,50,21312.301043
51,51,20953.739962
51,52,20707.749184
51,53,20461.900261
51,54,20180.702383
51,55,19824.997525
51,56,19484.198389
51,61,19321.056969
51,62,18981.462389
51,66,18930.916057
51,67,18820.238215
51,69,18610.968004
52,49,21065.677597
52,50,19971.685927
52,52,19691.979945
52,55,19453.979389
52,56,19345.721464
52,61,19321.056969
52,62,18981.462389
52,65,18702.020479
52,69,18610.968004
53,49,19290.398430
53,55,19238.796898
53,62,18966.843565
53,65,18610.608372
54,49,19290.398430
54,55,19238.796898
54,62,18966.843565
54,64,18962.912935
54,65,18610.608372
55,49,19078.757154
55,56,18977.465490
55,62,18922.529918
55,64,18915.702818
55,65,18575.989448
55,74,18328.952464
56,49,19078.757154
56,56,18977.465490
56,62,18922.529918
56,63,18811.435345
56,65,18575.989448
56,74,18328.952464
57,49,19001.563592
57,56,18977.465490
57,60,18762.046703
57,65,18551.726896
57,66,18492.577856
57,74,18281.157471
58,49,19001.563592
58,56,18977.465490
58,58,18317.204654
58,74,18281.157471
59,49,18882.450546
59,57,18764.587131
59,58,18278.016086
60,49,18882.450546
60,57,18764.587131
60,58,18278.016086
61,48,21552.296053
61,49,18882.450546
61,57,18637.099498
61,58,18234.047544
61,61,18147.202697
62,48,21552.296053
62,49,18879.516429
62,54,18798.396590
62,56,18572.249398
62,58,18234.047544
62,61,18147.202697
63,48,20689.982024
63,49,18509.438641
63,52,18415.013262
63,56,18355.066856
63,58,18234.047544
63,61,18147.202697
64,48,20186.562299
64,49,18509.438641
64,52,18415.013262
64,56,18355.066856
64,58,18234.047544
64,61,18147.202697
64,70,18128.375617
65,48,20186.562299
65,49,18509.438641
65,52,18179.449197
65,61,18147.202697
65,70,18128.375617
66,48,20186.562299
66,49,18509.438641
66,51,18440.187661
66,52,18179.449197
66,61,18147.202697
66,70,18128.375617
67,48,19055.797669
67,49,18492.313684
67,51,18394.094215
67,52,18112.811260
67,57,18064.602226
68,47,19542.783860
68,48,18472.146112
68,49,18364.316730
68,52,18112.811260
68,57,18064.602226
68,63,18019.597254
69,46,19884.437478
69,47,19489.412856
69,48,18396.428713
69,49,18361.395715
69,52,18062.106461
69,62,17960.042333
70,46,19884.437478
70,47,19489.412856
70,48,18396.428713
70,49,18361.395715
70,52,18062.106461
70,62,17960.042333
71,46,19869.773006
71,47,19423.572057
71,48,18396.428713
71,49,18280.685629
71,52,17996.301131
71,62,17960.042333
72,46,19869.773006
72,47,19423.572057
72,48,18396.428713
72,49,18280.685629
72,51,18238.581562
72,52,17996.301131
72,62,17960.042333
73,46,19846.269610
73,47,19259.587590
73,48,18265.850355
73,51,18238.581562
73,52,17991.909214
73,61,17883.432007
74,46,19291.361177
74,47,19081.204119
74,48,18265.850355
74,50,18231.545712
74,51,18185.665277
74,52,17991.909214
74,60,17731.281612
74,61,17613.826531
75,46,19291.361177
75,47,18780.619332
75,48,18210.383973
75,50,18153.433841
75,52,17966.994516
75,55,17901.347141
75,60,17721.248261
75,61,17600.720385
76,45,20233.879329
76,46,19291.361177
76,47,18780.619332
76,48,18137.729053
76,52,17966.994516
76,55,17901.347141
76,60,17721.248261
76,61,17600.720385
77,45,20197.337883
77,46,19217.253545
77,47,18705.603283
77,48,17948.461188
77,52,17914.654029
77,55,17876.299039
77,60,17705.031775
77,61,17600.720385
78,44,21118.347630
78,45,20197.337883
78,46,19158.478297
78,47,18705.603283
78,48,17948.461188
78,52,17914.654029
78,55,17876.299039
78,57,17745.668975
78,60,17705.031775
78,61,17600.720385
79,44,21030.341317
79,45,20072.298574
79,46,19115.327750
79,47,18685.325698
79,48,17880.418930
79,51,17770.643650
79,55,17757.393039
79,57,17745.668975
79,60,17705.031775
79,61,17583.595429
80,44,21030.341317
80,45,19489.568229
80,46,18953.978082
80,47,18685.325698
80,48,17880.418930
80,51,17770.643650
80,55,17757.393039
80,57,17745.668975
80,58,17693.990960
80,61,17583.595429
81,44,20485.380277
81,45,19389.828558
81,46,18953.978082
81,47,18684.815257
81,48,17836.369017
81,51,17765.513560
81,55,17751.855801
81,56,17596.433482
81,61,17583.595429
82,44,20485.380277
82,45,19389.828558
82,46,18953.978082
82,47,18684.815257
82,48,17836.369017
82,51,17765.513560
82,55,17751.855801
82,56,17596.433482
82,61,17583.595429
83,44,20145.363623
83,45,19221.081932
83,46,18890.819568
83,47,18678.948192
83,48,17835.149856
83,51,17765.513560
83,55,17648.140847
83,56,17530.108017
84,44,20145.363623
84,45,19221.081932
84,46,18890.819568
84,47,18466.216997
84,48,17835.149856
84,51,17765.513560
84,55,17648.140847
84,56,17530.108017
85,44,19986.404319
85,45,19210.125914
85,46,18878.796668
85,47,18466.216997
85,48,17827.513334
85,51,17755.643273
85,55,17648.140847
85,56,17463.901822
86,44,19986.404319
86,45,19210.125914
86,46,18878.796668
86,47,18466.216997
86,48,17827.513334
86,51,17755.643273
86,55,17648.140847
86,56,17463.901822
87,44,19908.597146
87,45,19121.778156
87,46,18773.162014
87,47,18464.180173
87,48,17790.912735
87,51,17742.750261
87,54,17548.258957
87,55,17374.981388
88,44,19908.597146
88,45,19071.201517
88,46,18773.162014
88,47,18464.180173
88,48,17790.912735
88,51,17742.750261
88,54,17542.562705
88,55,17374.981388
89,43,21205.592778
89,44,19878.012801
89,45,19067.448970
89,46,18733.917635
89,47,17723.327874
89,51,17708.543981
89,53,17637.321423
89,54,17524.047382
89,55,17361.804657
90,43,21205.592778
90,44,19878.012801
90,45,19067.448970
90,46,18733.917635
90,47,17723.327874
90,51,17708.543981
90,53,17637.321423
90,54,17524.047382
90,55,17361.804657
91,43,20986.479258
91,44,19878.012801
91,45,18974.822810
91,46,18687.984053
91,47,17704.262386
91,51,17700.406422
91,53,17573.263891
91,54,17488.711750
91,55,17338.889861
92,43,20295.636258
92,44,19878.012801
92,45,18974.822810
92,46,18687.984053
92,47,17704.262386
92,51,17700.406422
92,53,17573.263891
92,54,17488.711750
92,55,17338.889861
93,43,20091.052595
93,44,19667.793655
93,45,18974.822810
93,46,18664.579777
93,47,17672.715972
93,53,17550.528002
93,54,17488.711750
93,55,17292.709274
94,43,20091.052595
94,44,19667.793655
94,45,18974.822810
94,46,18664.579777
94,47,17672.715972
94,52,17600.966464
94,53,17550.528002
94,54,17488.711750
94,55,17292.709274
95,43,20032.588103
95,44,19667.793655
95,45,18834.797544
95,46,18425.319491
95,47,17585.164704
95,51,17483.436281
95,55,17265.230272
96,43,20032.588103
96,44,19514.716287
96,45,18834.797544
96,46,18425.319491
96,47,17585.164704
96,51,17483.436281
96,55,17265.230272
97,43,19751.099847
97,44,19486.253310
97,45,18679.233423
97,46,18349.160574
97,47,17585.164704
97,51,17433.845245
97,55,17218.330759
98,43,19751.099847
98,44,19486.253310
98,45,18679.233423
98,46,18349.160574
98,47,17585.164704
98,51,17433.845245
98,55,17218.330759
99,43,19751.099847
99,44,19313.295104
99,45,18458.994897
99,46,17893.238930
99,47,17579.305053
99,51,17433.660049
99,55,17197.922868
100,42,19968.277451
100,43,19691.079531
100,44,19313.295104
100,45,18458.994897
100,46,17893.238930
100,47,17579.305053
100,51,17433.660049
100,55,17197.922868
101,42,19691.140478
101,43,19672.297036
101,44,19313.295104
101,45,18388.042024
101,46,17856.433885
101,47,17554.284039
101,51,17412.016679
101,54,17392.025464
101,55,17197.922868
102,42,19691.140478
102,43,19672.297036
102,44,19313.295104
102,45,18388.042024
102,46,17856.433885
102,47,17554.284039
102,51,17412.016679
102,53,17398.553340
102,54,17392.025464
102,55,17197.922868
103,42,19691.140478
103,43,19524.645730
103,44,19125.018078
103,45,18186.322731
103,46,17852.181856
103,47,17537.224154
103,50,17460.359363
103,51,17382.330258
103,53,17376.401834
103,55,17186.274928
104,42,19691.140478
104,43,19524.645730
104,44,19125.018078
104,45,18186.322731
104,46,17852.181856
104,47,17537.224154
104,50,17414.374934
104,51,17382.330258
104,53,17376.401834
104,55,17186.274928
105,42,19691.140478
105,43,19497.958255
105,44,19089.293242
105,45,18186.322731
105,46,17538.838086
105,47,17537.224154
105,50,17393.121786
105,51,17350.295278
105,53,17343.141323
105,54,17112.968084
106,42,19691.140478
106,43,19401.872673
106,44,19089.293242
106,45,18186.322731
106,46,17538.838086
106,47,17537.224154
106,50,17393.121786
106,51,17350.295278
106,53,17343.141323
106,54,17112.968084
107,42,19691.140478
107,43,19374.567018
107,44,19089.293242
107,45,18120.759615
107,46,17502.208575
107,50,17333.888783
107,52,17269.718942
107,54,17106.284745
108,42,19691.140478
108,43,19374.567018
108,44,19089.293242
108,45,18120.759615
108,46,17502.208575
108,47,17478.284492
108,50,17333.888783
108,52,17269.718942
108,54,17106.284745
109,42,19691.140478
109,43,19325.561489
109,44,18050.562197
109,46,17502.208575
109,47,17373.171454
109,50,17333.888783
109,52,17242.833288
109,54,17071.905459
110,42,19691.140478
110,43,19325.561489
110,44,18050.562197
110,46,17502.208575
110,47,17373.171454
110,50,17333.888783
110,52,17227.834239
110,54,17071.905459
111,42,19691.140478
111,43,18937.763782
111,44,18050.562197
111,46,17414.819527
111,47,17373.171454
111,50,17333.888783
111,52,17145.151023
111,54,17071.905459
111,57,17038.372746
112,42,19691.140478
112,43,18937.763782
112,44,18050.562197
112,46,17414.819527
112,47,17373.171454
112,50,17333.888783
112,52,17145.151023
112,54,17071.905459
112,57,17038.372746
113,42,19632.901044
113,43,18901.404537
113,44,17959.361871
113,46,17290.688394
113,52,17141.757623
113,54,17056.924806
113,57,17024.836087
114,42,19632.901044
114,43,18901.404537
114,44,17959.361871
114,46,17290.688394
114,52,17141.757623
114,53,17140.374463
114,54,17056.924806
114,57,17024.836087
115,42,19621.313354
115,43,18844.069775
115,44,17915.475364
115,46,17270.961593
115,52,17122.030822
115,54,17025.180644
115,55,17014.239972
115,56,16971.711755
116,42,19621.313354
116,43,18539.661279
116,44,17915.475364
116,46,17270.961593
116,52,17122.030822
116,54,17025.180644
116,55,17014.239972
116,56,16971.711755
116,59,16939.824682
117,42,19521.200923
117,43,18518.157674
117,44,17868.484309
117,46,17234.599869
117,51,17204.099037
117,52,17122.030822
117,54,17025.180644
117,55,16986.764535
117,56,16920.732524
118,42,19521.200923
118,43,18161.179224
118,44,17868.484309
118,46,17234.599869
118,51,17204.099037
118,52,17122.030822
118,54,17025.180644
118,55,16986.764535
118,56,16920.732524
119,42,19470.324886
119,43,18078.925621
119,44,17809.038942
119,45,17304.555756
119,46,17204.225146
119,51,17136.864850
119,52,17095.597281
119,54,16921.804936
119,56,16917.035622
120,42,19470.324886
120,43,18078.925621
120,44,17809.038942
120,45,17304.555756
120,46,17204.225146
120,51,17136.864850
120,52,17095.597281
120,54,16921.804936
120,56,16917.035622
121,42,19380.388710
121,43,18078.925621
121,44,17775.695437
121,45,17169.159657
121,51,17009.593887
121,54,16921.804936
121,56,16886.678538
122,42,19380.388710
122,43,18045.860220
122,44,17755.726741
122,45,17169.159657
122,47,17156.091836
122,51,17009.593887
122,54,16921.804936
122,56,16886.678538
123,41,20142.778216
123,42,18742.752212
123,43,18016.161055
123,44,17587.285015
123,45,17160.581945
123,47,17133.423745
123,48,16971.432636
123,54,16891.549287
123,56,16886.678538
124,41,20142.778216
124,42,18742.752212
124,43,18016.161055
124,44,17587.285015
124,45,17160.581945
124,47,17133.423745
124,48,16971.432636
124,54,16891.549287
124,56,16886.678538
125,41,20078.905067
125,42,18512.259953
125,43,17982.355502
125,44,17532.110036
125,45,17139.389077
125,47,17133.423745
125,48,16961.188904
125,54,16871.024127
125,56,16835.249101
126,41,20078.905067
126,42,18507.717284
126,43,17982.355502
126,44,17532.110036
126,45,17139.389077
126,47,17133.423745
126,48,16961.188904
126,54,16871.024127
126,56,16835.249101
127,40,20336.796387
127,41,19637.191278
127,42,18451.617055
127,43,17742.205530
127,44,17532.110036
127,45,17080.967922
127,48,16833.917941
127,56,16831.824871
128,40,20336.796387
128,41,19637.191278
128,42,18451.617055
128,43,17742.205530
128,44,17532.110036
128,45,17080.967922
128,48,16833.917941
128,56,16831.824871
129,40,20336.796387
129,41,19637.191278
129,42,18426.546420
129,43,17648.658537
129,44,17523.851612
129,45,17003.319129
129,48,16762.515959
130,40,19948.538835
130,41,19283.821446
130,42,18426.546420
130,43,17648.658537
130,44,17523.851612
130,45,17003.319129
130,48,16762.515959
131,40,19948.538835
131,41,19244.226951
131,42,18399.925051
131,43,17639.607512
131,44,17427.524185
131,45,16882.280273
131,48,16706.377769
132,40,19948.538835
132,41,19244.226951
132,42,18399.925051
132,43,17639.607512
132,44,17427.524185
132,45,16882.280273
132,48,16706.377769
133,40,19909.843774
133,41,19244.226951
133,42,18011.112032
133,43,17512.864056
133,44,17416.361658
133,45,16882.280273
133,48,16679.194800
134,40,19909.843774
134,41,19244.226951
134,42,18011.112032
134,43,17512.864056
134,44,17416.361658
134,45,16882.280273
134,48,16679.194800
135,40,19873.688175
135,41,19244.226951
135,42,17964.860745
135,43,17504.303355
135,44,16848.247973
135,48,16664.267573
136,40,19873.688175
136,41,19244.226951
136,42,17964.860745
136,43,17504.303355
136,44,16848.247973
136,48,16664.267573
137,40,19766.091436
137,41,18955.002137
137,42,17877.015707
137,43,17504.303355
137,44,16818.989741
137,48,16664.267573
138,39,20788.443500
138,40,19766.091436
138,41,18955.002137
138,42,17877.015707
138,43,17504.303355
138,44,16818.989741
138,48,16664.267573
139,39,20690.251814
139,40,19766.091436
139,41,18943.178864
139,42,17877.015707
139,43,17444.023835
139,44,16788.258020
139,46,16781.534363
139,48,16664.267573
140,39,20567.470189
140,40,19766.091436
140,41,18943.178864
140,42,17877.015707
140,43,17444.023835
140,44,16788.258020
140,46,16781.534363
140,48,16664.267573
141,39,20376.160925
141,40,19626.576439
141,41,18943.178864
141,42,17848.146565
141,43,17444.023835
141,44,16788.258020
141,46,16770.268500
141,48,16663.967410
141,49,16626.221930
142,39,20376.160925
142,40,19626.576439
142,41,18943.178864
142,42,17437.976275
142,44,16788.258020
142,46,16770.268500
142,48,16663.967410
142,49,16626.221930
143,39,20316.669096
143,40,19479.892026
143,41,18915.991400
143,42,17437.976275
143,44,16786.915985
143,46,16754.430607
143,48,16635.069014
143,49,16474.569515
144,39,20316.669096
144,40,19479.892026
144,41,18915.991400
144,42,17437.976275
144,44,16786.915985
144,46,16754.430607
144,48,16635.069014
144,49,16474.569515
145,39,20234.305518
145,40,19479.892026
145,41,18915.991400
145,42,17348.782477
145,43,16744.590451
145,46,16600.877913
145,49,16433.042699
146,39,20234.305518
146,40,19196.712484
146,41,18915.991400
146,42,17348.782477
146,43,16744.590451
146,44,16694.108343
146,46,16600.877913
146,49,16433.042699
147,39,20172.397097
147,40,19058.186700
147,41,18882.460589
147,42,17346.136785
147,43,16695.795247
147,44,16612.504568
147,46,16536.326609
147,49,16433.042699
148,39,20172.397097
148,40,19058.186700
148,41,18755.696766
148,42,17346.136785
148,43,16695.795247
148,44,16612.504568
148,46,16536.326609
148,49,16433.042699
149,39,20126.567286
149,40,18748.904482
149,41,18533.805288
149,42,17346.136785
149,43,16688.396422
149,44,16542.820327
149,46,16527.480345
149,49,16433.042699
150,39,20126.567286
150,40,18748.904482
150,41,18533.805288
150,42,17346.136785
150,43,16688.396422
150,44,16542.820327
150,46,16527.480345
150,49,16433.042699
151,39,19657.916262
151,40,18601.100661
151,41,18431.821672
151,42,17247.028821
151,43,16688.396422
151,44,16490.487547
151,49,16416.827315
152,39,19657.916262
152,40,18601.100661
152,41,18431.821672
152,42,17247.028821
152,43,16688.396422
152,44,16490.487547
152,49,16416.827315
153,39,19603.039062
153,40,18568.260971
153,41,18431.821672
153,42,17179.422630
153,43,16688.396422
153,44,16472.717466
153,49,16416.827315
154,38,20891.424494
154,39,19392.156536
154,40,18568.260971
154,41,18431.821672
154,42,17179.422630
154,43,16688.396422
154,44,16472.717466
154,49,16416.827315
155,38,19837.060087
155,39,19342.209422
155,40,18487.923419
155,41,18431.821672
155,42,17159.472171
155,43,16624.353570
155,44,16441.453319
155,46,16401.188424
155,49,16323.278651
156,38,19837.060087
156,39,19342.209422
156,40,18487.923419
156,41,18431.821672
156,42,17159.472171
156,43,16624.353570
156,44,16441.453319
156,46,16401.188424
156,49,16323.278651
157,38,19645.032209
157,39,19322.942371
157,40,18487.923419
157,41,18431.821672
157,42,17117.759340
157,43,16617.403665
157,44,16425.381097
157,46,16396.508538
157,49,16282.981582
158,38,19645.032209
158,39,19322.942371
158,40,18487.923419
158,41,18431.821672
158,42,17117.759340
158,43,16617.403665
158,44,16425.381097
158,46,16396.508538
158,48,16286.570074
158,49,16282.981582
159,38,19556.561109
159,39,19168.490677
159,40,18465.663189
159,41,18431.821672
159,42,17068.591186
159,43,16617.403665
159,44,16425.381097
159,46,16396.508538
159,48,16286.570074
159,49,16282.718058
160,38,19556.561109
160,39,19168.490677
160,40,18465.663189
160,41,18431.821672
160,42,17068.591186
160,43,16617.403665
160,44,16425.381097
160,46,16396.508538
160,47,16392.542298
160,48,16286.570074
160,49,16282.718058
161,38,19556.561109
161,39,18800.441260
161,40,18404.204435
161,42,16977.056794
161,43,16613.059552
161,44,16418.603134
161,46,16353.137551
161,48,16226.652195
162,38,19556.561109
162,39,18800.441260
162,40,18404.204435
162,42,16961.499574
162,43,16613.059552
162,44,16418.603134
162,46,16353.137551
162,48,16226.652195
163,37,20569.019991
163,38,19352.109995
163,39,18666.670387
163,40,18404.204435
163,42,16961.499574
163,43,16602.273623
163,44,16418.603134
163,46,16332.368854
163,48,16226.652195
164,37,20569.019991
164,38,19352.109995
164,39,18666.670387
164,40,18404.204435
164,42,16961.499574
164,43,16602.273623
164,44,16418.603134
164,46,16332.368854
164,48,16226.652195
165,37,20554.276168
165,38,19120.899863
165,39,18500.767703
165,40,18353.959926
165,42,16955.435776
165,43,16602.273623
165,44,16368.575080
165,46,16312.384835
165,48,16210.254637
166,37,20554.276168
166,38,19120.899863
166,39,18500.767703
166,40,18353.959926
166,42,16955.435776
166,43,16602.273623
166,44,16368.575080
166,46,16312.384835
166,48,16210.254637
167,37,20479.509692
167,38,19120.899863
167,39,18495.119557
167,40,18320.392589
167,41,17939.990617
167,42,16926.428485
167,43,16599.222787
167,44,16317.661941
167,46,16280.507207
167,48,16210.254637
168,37,20479.509692
168,38,19120.899863
168,39,18495.119557
168,40,18320.392589
168,41,17939.990617
168,42,16926.428485
168,43,16599.222787
168,44,16317.661941
168,46,16280.507207
168,48,16210.254637
169,37,20328.784165
169,38,19065.694360
169,39,18276.332222
169,41,17772.177105
169,42,16818.668641
169,43,16587.177385
169,44,16304.208151
169,46,16275.073529
169,48,16192.935984
170,37,20021.347601
170,38,19051.524070
170,39,18276.332222
170,41,17772.177105
170,42,16818.668641
170,43,16587.177385
170,44,16304.208151
170,46,16275.073529
170,47,16268.990801
170,48,16192.935984
171,37,19997.562495
171,38,19027.769166
171,39,18104.317656
171,41,17735.812241
171,42,16818.668641
171,43,16565.591163
171,44,16275.767289
171,46,16245.767371
171,47,16225.738076
171,48,16183.520782
172,36,20627.276614
172,37,19997.562495
172,38,19027.769166
172,39,18104.317656
172,41,17735.812241
172,42,16818.668641
172,43,16456.357413
172,44,16275.767289
172,46,16245.767371
172,47,16225.738076
172,48,16183.520782
173,36,20627.276614
173,37,19941.128009
173,38,18779.731861
173,39,17959.133113
173,41,17687.382305
173,42,16811.161714
173,43,16456.357413
173,44,16234.538699
173,47,16204.026129
173,48,16176.218462
174,36,20627.276614
174,37,19798.965725
174,38,18779.731861
174,39,17959.133113
174,41,17687.382305
174,42,16695.652175
174,43,16456.357413
174,44,16234.538699
174,47,16204.026129
174,48,16176.218462
175,36,20456.222906
175,37,19783.733229
175,38,18779.731861
175,39,17909.290895
175,41,17687.382305
175,42,16637.806566
175,43,16399.948706
175,44,16186.634562
175,47,16183.572090
175,48,16176.218462
176,36,20456.222906
176,37,19783.733229
176,38,18779.731861
176,39,17909.290895
176,41,17687.382305
176,42,16637.806566
176,43,16399.948706
176,44,16186.634562
176,47,16183.572090
176,48,16176.218462
177,35,20434.388445
177,37,19611.312489
177,38,18714.981364
177,39,17889.268383
177,41,17667.326905
177,42,16512.553510
177,43,16399.913796
177,44,16186.634562
177,47,16183.572090
177,48,16139.128516
178,35,20434.388445
178,37,19449.633611
178,38,18714.981364
178,39,17889.268383
178,41,17667.326905
178,42,16512.553510
178,43,16399.913796
178,44,16186.634562
178,47,16183.572090
178,48,16139.128516
179,35,20415.581768
179,37,19355.104718
179,38,18634.271710
179,39,17889.268383
179,41,17667.326905
179,42,16502.928522
179,43,16364.749530
179,44,16167.142689
179,48,16090.135490
180,35,20415.581768
180,37,19355.104718
180,38,18634.271710
180,39,17889.268383
180,41,17667.326905
180,42,16502.928522
180,43,16364.749530
180,44,16167.142689
180,48,16090.135490
181,35,20415.581768
181,37,19355.104718
181,38,18573.758246
181,39,17844.859703
181,41,17667.326905
181,42,16458.038687
181,43,16328.756065
181,44,16131.545242
181,48,16090.135490
182,35,20415.581768
182,37,19293.143103
182,38,18573.758246
182,39,17844.859703
182,41,17667.326905
182,42,16458.038687
182,43,16328.756065
182,44,16131.545242
182,48,16090.135490
183,35,20206.262581
183,37,19083.930199
183,38,18521.222798
183,39,17800.975840
183,41,17591.885772
183,42,16391.520165
183,43,16298.313283
183,44,16117.244790
183,48,16085.889862
184,35,20206.262581
184,37,19083.930199
184,38,18521.222798
184,39,17800.975840
184,41,17591.885772
184,42,16241.734869
184,44,16117.244790
184,48,16085.889862
185,35,19971.421095
185,37,19038.099718
185,38,18521.222798
185,39,17772.769305
185,41,17591.885772
185,42,16221.841933
185,44,16081.743223
185,47,16071.709781
186,35,19971.421095
186,37,19038.099718
186,38,18521.222798
186,39,17772.769305
186,41,17591.885772
186,42,16221.841933
186,44,16081.743223
186,47,16071.709781
187,35,19919.091650
187,37,18969.401584
187,38,18491.188900
187,39,17758.481573
187,41,17591.885772
187,42,16128.234446
187,44,16074.916713
187,47,16071.709781
188,35,19919.091650
188,37,18969.401584
188,38,18491.188900
188,39,17758.481573
188,41,17482.655290
188,42,16128.234446
188,44,16074.916713
188,47,16071.709781
189,35,19919.091650
189,37,18839.702716
189,38,18428.573820
189,39,17676.707300
189,41,17482.655290
189,42,16128.234446
189,44,16074.916713
189,47,16065.168644
190,35,19919.091650
190,37,18839.702716
190,38,18428.573820
190,39,17676.707300
190,41,17482.655290
190,42,16128.234446
190,44,16074.916713
190,47,16065.168644
191,35,19874.440088
191,37,18803.287613
191,38,18313.492752
191,39,17658.681652
191,41,17482.655290
191,42,16128.234446
191,44,15998.236593
192,35,19874.440088
192,37,18803.287613
192,38,18313.492752
192,39,17658.681652
192,41,17482.655290
192,42,16128.234446
192,44,15998.236593
192,45,15962.026449
193,35,19874.440088
193,36,19511.482752
193,37,18774.983171
193,38,18311.195792
193,39,17658.681652
193,41,17458.290998
193,42,16128.234446
193,44,15964.067605
193,45,15962.026449
194,35,19874.440088
194,36,19511.482752
194,37,18774.983171
194,38,18311.195792
194,39,17658.681652
194,41,17432.294413
194,42,16128.234446
194,44,15964.067605
194,45,15962.026449
195,35,19870.742956
195,36,19511.482752
195,37,18725.950929
195,38,18297.166654
195,39,17658.681652
195,40,17336.710597
195,42,16128.234446
195,44,15959.655775
195,45,15947.662747
196,35,19870.742956
196,36,19511.482752
196,37,18725.950929
196,38,18297.166654
196,39,17658.681652
196,40,17336.710597
196,42,16128.234446
196,43,16123.979801
196,44,15959.655775
196,45,15947.662747
197,35,19733.650289
197,36,19511.482752
197,37,18690.050188
197,38,18207.837065
197,39,17658.681652
197,40,17322.526447
197,42,16128.234446
197,43,16110.873355
197,44,15920.804200
198,35,19733.650289
198,36,19511.482752
198,37,18690.050188
198,38,18207.837065
198,39,17356.658008
198,40,16552.426130
198,42,16128.234446
198,43,16110.873355
198,44,15920.804200
199,35,19733.650289
199,36,19019.877434
199,37,18690.050188
199,38,18122.906922
199,39,17175.216363
199,40,16552.426130
199,42,16128.234446
199,43,16063.823951
199,44,15905.443688
200,35,19733.650289
200,36,19019.877434
200,37,18690.050188
200,38,18122.906922
200,39,17175.216363
200,40,16552.426130
200,42,16128.234446
200,43,16063.823951
200,44,15905.443688
201,35,19697.165826
201,36,18916.600209
201,37,18690.050188
201,38,18122.906922
201,39,17070.585241
201,40,16552.426130
201,42,16107.565600
201,43,16022.154545
201,44,15877.067417
202,35,19697.165826
202,36,18916.600209
202,37,18690.050188
202,38,18122.906922
202,39,17070.585241
202,40,16552.426130
202,41,16452.495882
202,42,16107.565600
202,43,16022.154545
202,44,15877.067417
203,35,19697.165826
203,36,18850.502651
203,37,18689.906046
203,38,18122.906922
203,39,17070.585241
203,40,16552.426130
203,41,16251.489806
203,42,16107.565600
203,43,16003.617192
203,44,15854.435137
204,35,19697.165826
204,36,18850.502651
204,37,18689.906046
204,38,18122.906922
204,39,17070.585241
204,40,16480.218058
204,41,16251.489806
204,42,16016.607743
204,43,16003.617192
204,44,15854.435137
205,35,19574.936030
205,36,18709.394704
205,37,18631.442340
205,38,18122.906922
205,39,17051.498978
205,40,16396.528833
205,41,16242.059503
205,42,16015.105216
205,43,15998.084092
205,44,15854.435137
206,35,19574.936030
206,36,18709.394704
206,37,18631.442340
206,38,18122.906922
206,39,17051.498978
206,40,16396.528833
206,41,16242.059503
206,42,16015.105216
206,43,15998.084092
206,44,15854.435137
207,35,19509.946701
207,36,18709.394704
207,37,18631.442340
207,38,17981.905244
207,39,17043.829047
207,40,16320.551346
207,41,16242.059503
207,42,16006.929330
207,43,15994.867326
207,44,15854.435137
208,35,19509.946701
208,36,18709.394704
208,37,18631.442340
208,38,17981.905244
208,39,17043.829047
208,40,16320.551346
208,41,16242.059503
208,42,16006.929330
208,43,15994.867326
208,44,15854.435137
209,35,19430.155609
209,36,18421.269799
209,37,18412.448741
209,38,17954.819626
209,39,16969.742790
209,40,16294.813776
209,41,16215.107126
209,42,15905.112757
209,44,15846.289881
210,35,19430.155609
210,36,18421.269799
210,37,18412.448741
210,38,17954.819626
210,39,16613.785939
210,40,16294.813776
210,41,16215.107126
210,42,15905.112757
210,44,15846.289881
211,35,19270.469524
211,36,18421.269799
211,37,18387.834434
211,38,17953.570080
211,39,16596.075252
211,40,16265.494446
211,41,16215.107126
211,42,15895.201326
211,44,15797.584460
212,35,19270.469524
212,36,18421.269799
212,37,18387.834434
212,38,17953.570080
212,39,16596.075252
212,40,16265.494446
212,41,16215.107126
212,42,15895.201326
212,44,15797.584460
212,45,15789.677334
213,35,19262.062392
213,36,18393.761605
213,37,18289.673158
213,38,17810.776382
213,39,16596.075252
213,40,16265.494446
213,41,16201.404753
213,42,15876.127974
213,44,15772.774069
214,35,19262.062392
214,36,18393.761605
214,37,18289.673158
214,38,17810.776382
214,39,16596.075252
214,40,16265.494446
214,41,16201.404753
214,42,15876.127974
214,44,15772.774069
214,45,15736.699538
215,35,19244.004745
215,36,18368.840009
215,37,18184.015362
215,38,17810.776382
215,39,16593.058215
215,40,16265.494446
215,41,16158.577141
215,42,15869.035290
215,44,15768.514861
215,45,15729.852895
216,35,19244.004745
216,36,18368.840009
216,37,18184.015362
216,38,17810.776382
216,39,16593.058215
216,40,16096.301756
216,42,15869.035290
216,44,15768.514861
216,45,15729.852895
217,35,19098.023432
217,36,18368.840009
217,37,18146.588562
217,38,17760.435803
217,39,16593.058215
217,40,16096.301756
217,42,15829.228861
217,44,15722.977529
218,35,19098.023432
218,36,18368.840009
218,37,18146.588562
218,38,17760.435803
218,39,16593.058215
218,40,16096.301756
218,42,15829.228861
218,44,15722.977529
219,35,19098.023432
219,36,18333.329598
219,37,17744.293397
219,38,17615.665208
219,39,16524.015725
219,40,16096.301756
219,42,15770.553015
219,44,15701.133067
220,35,19098.023432
220,36,18333.329598
220,37,17744.293397
220,38,17615.665208
220,39,16524.015725
220,40,16096.301756
220,42,15770.553015
220,44,15701.133067
221,35,19098.023432
221,36,18333.329598
221,37,17744.293397
221,38,17592.373069
221,39,16524.015725
221,40,16080.745710
221,42,15763.135206
221,44,15696.923284
222,35,19098.023432
222,36,18333.329598
222,37,17744.293397
222,38,17592.373069
222,39,16524.015725
222,40,16080.745710
222,42,15763.135206
222,44,15696.923284
223,35,18902.999346
223,36,18298.193880
223,37,17615.900295
223,38,17581.401467
223,39,16506.644858
223,40,16080.745710
223,42,15744.887615
223,44,15687.704739
223,45,15686.172622
224,35,18902.999346
224,36,18298.193880
224,37,17615.900295
224,38,17581.401467
224,39,16506.644858
224,40,16080.745710
224,41,15979.611643
224,42,15744.887615
224,44,15687.704739
224,45,15686.172622
225,35,18868.164967
225,36,18157.386690
225,37,17452.087211
225,39,16502.719523
225,40,16080.745710
225,41,15979.611643
225,42,15730.070918
225,44,15668.443216
226,35,18868.164967
226,36,18157.386690
226,37,17452.087211
226,39,16502.719523
226,40,16080.745710
226,41,15979.611643
226,42,15730.070918
226,44,15668.443216
227,34,21887.355928
227,35,18766.790314
227,36,18157.386690
227,37,17439.703519
227,39,16037.449012
227,41,15979.611643
227,42,15717.863084
227,44,15668.443216
228,34,21887.355928
228,35,18766.790314
228,36,18157.386690
228,37,17439.703519
228,39,16037.449012
228,40,15986.088801
228,41,15979.611643
228,42,15717.863084
228,44,15668.443216
229,34,21831.935652
229,35,18695.685886
229,36,18148.339331
229,37,17404.948163
229,39,16037.449012
229,40,15967.997395
229,42,15717.863084
229,44,15651.088767
230,34,21831.935652
230,35,18695.685886
230,36,18148.339331
230,37,17179.206698
230,39,16037.449012
230,40,15967.997395
230,42,15717.863084
230,44,15651.088767
231,34,21605.464394
231,35,18695.685886
231,36,18121.587649
231,37,17160.097132
231,39,16009.425571
231,40,15958.972978
231,42,15717.863084
231,44,15649.726478
232,34,21605.464394
232,35,18695.685886
232,36,18121.587649
232,37,17156.337248
232,39,15915.101102
232,40,15859.909342
232,42,15717.863084
232,44,15649.726478
233,34,21468.422874
233,35,18665.358395
233,36,18053.745970
233,37,17048.675434
233,39,15898.323480
233,40,15859.909342
233,42,15713.862505
233,44,15634.249227
234,34,21468.422874
234,35,18665.358395
234,36,18053.745970
234,37,17048.675434
234,39,15805.191813
234,42,15713.862505
234,44,15634.249227
235,34,21090.361725
235,35,18444.461587
235,36,17987.752014
235,37,17039.131612
235,39,15779.562719
235,42,15713.862505
235,44,15623.040894
236,34,21090.361725
236,35,18444.461587
236,36,17987.752014
236,37,17039.131612
236,39,15779.562719
236,42,15713.862505
236,43,15710.436089
236,44,15623.040894
237,34,21045.027954
237,35,18433.645767
237,36,17987.752014
237,37,17013.889047
237,39,15771.105135
237,42,15672.359480
237,44,15612.173989
238,34,21045.027954
238,35,18433.645767
238,36,17987.752014
238,37,17013.889047
238,39,15771.105135
238,42,15672.359480
238,44,15612.173989
239,34,21045.027954
239,35,18433.645767
239,36,17963.721462
239,37,16988.131244
239,39,15764.480553
239,42,15672.359480
239,44,15606.304876
240,34,21045.027954
240,35,18433.645767
240,36,17963.721462
240,37,16988.131244
240,39,15764.480553
240,42,15672.359480
240,44,15606.304876
241,34,20991.218773
241,35,18311.757373
241,36,17887.313790
241,37,16960.674206
241,39,15764.480553
241,42,15672.359480
241,44,15599.797929
242,34,20991.218773
242,35,18311.757373
242,36,17887.313790
242,37,16960.674206
242,39,15752.931191
242,42,15672.359480
242,43,15633.655805
242,44,15599.797929
243,34,20510.829792
243,35,18178.923214
243,36,17887.313790
243,37,16907.317880
243,39,15752.931191
243,42,15643.325962
243,43,15621.339862
243,44,15590.846587
244,34,20510.829792
244,35,18178.923214
244,36,17825.615377
244,37,16907.317880
244,39,15752.931191
244,40,15735.385531
244,42,15643.325962
244,43,15621.339862
244,44,15590.846587
245,34,20397.516567
245,35,18084.683731
245,36,17807.423816
245,37,16895.013178
245,39,15752.931191
245,40,15620.488068
245,44,15572.961816
246,34,20397.516567
246,35,18084.683731
246,36,17807.423816
246,37,16895.013178
246,39,15752.931191
246,40,15620.488068
246,44,15572.961816
247,34,20172.129422
247,35,17998.515112
247,36,17753.975659
247,37,16895.013178
247,39,15752.931191
247,40,15620.488068
247,44,15542.004637
248,34,20172.129422
248,35,17998.515112
248,36,17753.975659
248,37,16895.013178
248,39,15752.931191
248,40,15620.488068
248,43,15536.624908
249,34,20149.711376
249,35,17900.775285
249,36,17743.399824
249,37,16855.061959
249,39,15750.400001
249,40,15539.284018
249,43,15526.750567
250,34,20149.711376
250,35,17900.775285
250,36,17743.399824
250,37,16855.061959
250,39,15750.400001
250,40,15539.284018
250,43,15526.750567
251,34,20149.711376
251,35,17823.821864
251,36,17638.206753
251,37,16789.174521
251,39,15669.195951
251,40,15537.810039
251,43,15526.750567
252,34,20149.711376
252,35,17823.821864
252,36,17638.206753
252,37,16789.174521
252,39,15669.195951
252,40,15537.810039
252,43,15506.178129
253,34,20109.648633
253,35,17533.614615
253,37,16789.174521
253,39,15669.195951
253,40,15529.183398
253,42,15477.032250
254,34,20109.648633
254,35,17533.614615
254,37,16789.174521
254,39,15669.195951
254,40,15529.183398
254,42,15477.032250
254,49,15466.508739
255,34,20100.969242
255,35,17527.029259
255,37,16748.920762
255,39,15669.195951
255,40,15529.183398
255,42,15449.254565
256,34,20100.969242
256,35,17527.029259
256,37,16748.920762
256,39,15669.195951
256,40,15529.183398
256,42,15449.254565
257,34,19969.202824
257,35,17527.029259
257,37,16712.702101
257,39,15664.787750
257,40,15529.183398
257,42,15449.254565
258,34,19969.202824
258,35,17527.029259
258,36,17337.896125
258,37,16712.702101
258,39,15664.787750
258,40,15529.183398
258,42,15449.254565
259,34,19969.202824
259,35,17527.029259
259,36,17310.094769
259,37,16712.702101
259,39,15609.187101
259,40,15492.172211
259,42,15446.723375
260,34,19969.202824
260,35,17527.029259
260,36,17310.094769
260,37,16712.702101
260,39,15609.187101
260,40,15492.172211
260,42,15446.723375
261,34,19887.580302
261,35,17440.219774
261,36,17155.046744
261,37,16698.825247
261,39,15609.187101
261,40,15492.172211
261,42,15409.489054
262,33,21060.670336
262,34,19887.580302
262,35,17440.219774
262,36,17155.046744
262,37,16669.035514
262,39,15609.187101
262,40,15492.172211
262,42,15409.489054
263,33,20949.152858
263,34,19887.580302
263,35,17440.219774
263,36,16980.818159
263,37,16661.381630
263,39,15591.684003
263,40,15460.679941
263,42,15409.489054
264,33,20814.871543
264,34,19887.580302
264,35,17440.219774
264,36,16980.818159
264,37,16341.386635
264,39,15591.684003
264,40,15460.679941
264,42,15409.489054
265,33,20761.177568
265,34,18650.765080
265,35,17406.948560
265,36,16921.678077
265,37,16325.247495
265,39,15591.684003
265,40,15460.679941
265,42,15409.489054
266,33,20761.177568
266,34,18650.765080
266,35,17406.948560
266,36,16921.678077
266,37,16325.247495
266,39,15591.684003
266,40,15460.679941
266,42,15409.489054
266,43,15408.309051
267,33,20577.656406
267,34,18606.220862
267,35,17406.948560
267,36,16921.678077
267,37,16316.593215
267,39,15591.684003
267,40,15445.767310
267,42,15389.588668
268,33,20577.656406
268,34,18606.220862
268,35,17406.948560
268,36,16921.678077
268,37,16316.593215
268,39,15591.684003
268,40,15445.767310
268,42,15389.588668
268,43,15269.641733
269,33,20476.659444
269,34,18549.315344
269,35,17110.471363
269,36,16473.595933
269,37,16283.711708
269,39,15591.684003
269,40,15445.767310
269,42,15378.578799
269,43,15269.641733
270,33,20476.659444
270,34,18549.315344
270,35,17110.471363
270,36,16217.959622
270,39,15591.684003
270,40,15445.767310
270,42,15378.578799
270,43,15269.641733
271,33,20415.228928
271,34,18179.445061
271,35,16897.961904
271,36,16217.959622
271,39,15499.279586
271,40,15428.879825
271,42,15378.578799
271,43,15269.641733
272,33,20415.228928
272,34,18179.445061
272,35,16897.961904
272,36,16217.959622
272,39,15499.279586
272,40,15428.879825
272,42,15378.578799
272,43,15269.641733
273,33,20268.623918
273,34,18102.164004
273,35,16825.396112
273,36,16217.959622
273,39,15499.279586
273,40,15326.288576
273,43,15269.641733
274,33,20268.623918
274,34,18102.164004
274,35,16825.396112
274,36,16217.959622
274,39,15499.279586
274,40,15326.288576
274,43,15269.641733
275,33,20214.906536
275,34,18102.164004
275,35,16825.396112
275,36,16074.077734
275,39,15467.787317
275,40,15299.219146
275,43,15269.641733
276,33,20214.906536
276,34,18102.164004
276,35,16825.396112
276,36,16074.077734
276,39,15467.787317
276,40,15299.219146
276,43,15269.641733
277,33,20205.061840
277,34,18045.446164
277,35,16752.079441
277,36,16065.905669
277,39,15464.198031
277,40,15299.219146
277,43,15269.641733
278,33,20205.061840
278,34,17812.619793
278,35,16752.079441
278,36,16065.905669
278,39,15464.198031
278,40,15299.219146
278,43,15269.641733
279,33,20162.025924
279,34,17628.147854
279,35,16671.546048
279,36,16020.590078
279,39,15464.198031
279,40,15283.038242
279,43,15260.509395
280,33,20162.025924
280,34,17628.147854
280,35,16671.546048
280,36,16020.590078
280,39,15464.198031
280,40,15283.038242
280,43,15260.509395
281,33,20016.148802
281,34,17598.832401
281,35,16596.446932
281,36,16020.590078
281,39,15452.851743
281,40,15283.038242
281,43,15260.509395
282,33,20016.148802
282,34,17480.116110
282,35,16596.446932
282,36,16020.590078
282,39,15452.851743
282,40,15283.038242
282,43,15260.509395
283,33,19873.434218
283,34,17407.995993
283,35,16580.003233
283,36,16020.590078
283,39,15452.851743
283,40,15283.038242
283,43,15260.509395
284,33,19873.434218
284,34,17407.995993
284,35,16580.003233
284,36,16020.590078
284,37,16019.246542
284,39,15452.851743
284,40,15283.038242
284,41,15135.347691
285,33,19713.727722
285,34,17336.614866
285,35,16492.890219
285,36,16016.460451
285,37,15966.468874
285,39,15451.984484
285,40,15283.038242
285,41,15135.347691
286,33,19713.727722
286,34,17336.614866
286,35,16492.890219
286,36,16016.460451
286,37,15966.468874
286,39,15451.984484
286,40,15283.038242
286,41,15135.347691
287,33,19598.679008
287,34,17119.173711
287,35,16492.890219
287,36,15983.851138
287,37,15958.291746
287,39,15451.984484
287,40,15282.638722
287,41,15130.823184
288,33,19598.679008
288,34,17119.173711
288,35,16492.890219
288,36,15983.851138
288,37,15958.291746
288,39,15451.984484
288,40,15282.638722
288,41,15130.823184
289,33,19489.976516
289,34,17107.111901
289,35,16424.981381
289,36,15982.050286
289,37,15952.097096
289,39,15451.984484
289,40,15260.033265
289,41,15130.823184
290,33,19489.976516
290,34,17092.124178
290,35,16298.030426
290,36,15982.050286
290,37,15952.097096
290,39,15451.984484
290,40,15260.033265
290,41,15130.823184
291,33,19187.789879
291,34,17092.124178
291,35,16239.132494
291,36,15954.348366
291,37,15952.097096
291,39,15431.420518
291,40,15260.033265
291,41,15130.013211
292,33,19187.789879
292,34,17092.124178
292,35,16239.132494
292,36,15954.348366
292,37,15952.097096
292,39,15431.420518
292,40,15260.033265
292,41,15130.013211
293,33,19136.780665
293,34,16997.791445
293,35,16210.444693
293,36,15947.281303
293,39,15431.420518
293,40,15259.322776
293,41,15129.673786
294,33,19136.780665
294,34,16997.791445
294,35,16210.444693
294,36,15947.281303
294,39,15431.420518
294,40,15259.322776
294,41,15129.673786
295,33,19054.243118
295,34,16968.943929
295,35,16185.428347
295,36,15878.141915
295,39,15431.420518
295,40,15259.322776
295,41,15129.673786
296,33,19054.243118
296,34,16968.943929
296,35,16185.428347
296,36,15878.141915
296,37,15857.268611
296,39,15431.420518
296,40,15259.322776
296,41,15129.673786
297,33,18775.025641
297,34,16891.472055
297,35,15858.099755
297,37,15855.847857
297,39,15431.420518
297,40,15255.394464
297,41,15129.005254
298,33,18775.025641
298,34,16857.117089
298,35,15858.099755
298,37,15855.847857
298,39,15431.420518
298,40,15255.394464
298,41,15129.005254
298,42,15097.184221
299,33,18696.286695
299,34,16778.335881
299,35,15791.639421
299,39,15431.420518
299,40,15246.694549
299,41,15119.872916
299,42,15097.184221
300,33,18696.286695
300,34,16778.335881
300,35,15791.639421
300,39,15431.420518
300,40,15246.694549
300,41,15079.552755
301,33,17169.506479
301,34,16724.966467
301,35,15791.639421
301,39,15365.498753
301,40,15246.694549
301,41,15079.552755
302,33,17169.506479
302,34,16724.966467
302,35,15791.639421
302,37,15762.491060
302,39,15365.498753
302,40,15246.694549
302,41,15079.552755
303,33,17129.987670
303,34,16295.738614
303,35,15788.678330
303,37,15700.005564
303,39,15365.498753
303,40,15246.694549
303,41,15075.035166
304,33,17129.987670
304,34,16295.738614
304,35,15788.678330
304,37,15700.005564
304,39,15365.498753
304,40,15246.694549
304,41,15075.035166
305,33,17109.111658
305,34,16280.047787
305,35,15782.482358
305,37,15639.161074
305,39,15257.776543
305,40,15229.471882
305,41,15065.651829
306,33,17109.111658
306,34,16280.047787
306,35,15782.482358
306,37,15639.161074
306,39,15257.776543
306,40,15229.471882
306,41,15065.651829
307,33,17109.111658
307,34,16279.206910
307,35,15750.146386
307,37,15626.809359
307,39,15211.159091
307,41,15047.932536
308,33,17055.335769
308,34,16279.206910
308,35,15750.146386
308,37,15626.809359
308,39,15211.159091
308,41,15047.932536
309,33,17053.664426
309,34,16279.206910
309,35,15740.385163
309,36,15732.516693
309,37,15600.716055
309,39,15211.159091
309,41,15042.916223
309,44,14998.313094
310,33,17053.664426
310,34,16279.206910
310,35,15740.385163
310,36,15732.516693
310,37,15600.716055
310,39,15211.159091
310,41,15042.916223
310,44,14998.313094
311,33,16979.408936
311,34,16016.152397
311,35,15687.242929
311,37,15592.461549
311,39,15183.979955
311,41,15042.916223
311,44,14989.118709
312,33,16979.408936
312,34,16016.152397
312,35,15687.242929
312,37,15592.461549
312,39,15183.979955
312,41,15042.916223
312,44,14989.118709
313,33,16886.975450
313,34,16016.152397
313,35,15649.383477
313,37,15580.918572
313,39,15183.979955
313,41,15036.121605
313,44,14989.118709
314,33,16886.975450
314,34,16016.152397
314,35,15649.383477
314,37,15580.918572
314,39,15183.979955
314,41,15036.121605
314,44,14989.118709
315,33,16879.164116
315,34,16016.152397
315,35,15631.886293
315,37,15577.621086
315,39,15164.896080
315,41,15036.121605
315,42,14961.156119
316,33,16879.164116
316,34,16016.152397
316,35,15631.886293
316,37,15577.621086
316,39,15164.896080
316,40,15057.843790
316,41,15024.200151
316,42,14961.156119
317,33,16810.337098
317,34,15974.375101
317,35,15631.886293
317,37,15577.621086
317,39,15125.773693
317,40,15057.843790
317,41,15022.468903
317,42,14938.088600
318,33,16810.337098
318,34,15974.375101
318,35,15631.886293
318,37,15577.621086
318,39,15125.773693
318,40,15057.843790
318,41,15022.468903
318,42,14938.088600
319,33,16810.337098
319,34,15974.375101
319,35,15618.787056
319,37,15570.834754
319,39,15125.773693
319,40,15030.034685
319,41,15009.854756
319,42,14914.375104
320,33,16810.337098
320,34,15974.375101
320,35,15618.787056
320,37,15570.834754
320,38,15551.857523
320,39,15125.773693
320,40,14991.906964
320,42,14914.375104
321,33,16786.406597
321,34,15963.354149
321,35,15618.787056
321,37,15522.179101
321,38,15492.518724
321,39,15125.773693
321,40,14991.906964
321,42,14914.375104
322,33,16786.406597
322,34,15905.449346
322,35,15618.787056
322,37,15522.179101
322,38,15492.518724
322,39,15125.773693
322,40,14991.906964
322,42,14914.375104
323,33,16775.065291
323,34,15905.326483
323,35,15564.423180
323,37,15509.511836
323,38,15192.823966
323,39,15063.560200
323,40,14991.906964
323,42,14914.375104
