Generation,NV,TOC
1,53,33965.640552
1,55,31182.959482
1,56,31135.193389
1,58,29295.665103
1,60,26557.004689
1,74,26382.383742
1,79,26269.621190
1,80,25170.326342
1,81,25161.778503
1,82,23519.582197
1,90,23062.247710
1,99,23042.023666
1,100,23018.470623
1,106,22938.194588
1,112,22762.601958
1,117,22159.496391
1,121,21971.241365
2,53,32838.355045
2,54,30621.710103
2,55,30321.419764
2,58,28826.756207
2,59,28052.925603
2,60,26557.004689
2,71,24725.216811
2,81,22378.888073
2,97,22351.354185
2,100,22266.268199
2,117,22159.496391
2,121,21971.241365
3,52,30275.270171
3,57,27828.675366
3,60,26557.004689
3,67,25518.759622
3,69,23033.898381
3,81,22378.888073
3,97,22351.354185
3,99,22249.077295
3,117,22159.496391
3,121,21971.241365
4,52,30275.270171
4,53,28143.472877
4,55,27727.802153
4,56,26496.403976
4,67,25518.759622
4,69,23033.898381
4,76,22107.093808
4,85,21832.441703
5,52,27144.275346
5,54,24529.835401
5,68,21938.352095
5,76,21532.555941
5,84,21449.418808
6,52,27144.275346
6,54,24529.835401
6,68,21938.352095
6,75,21745.279895
6,76,21532.555941
6,77,21521.361763
6,81,20925.475632
7,51,30121.722052
7,52,27144.275346
7,54,24529.835401
7,65,22405.404773
7,68,21938.352095
7,75,21745.279895
7,76,21532.555941
7,77,21521.361763
7,78,21507.353961
7,80,20775.032276
8,51,30121.722052
8,52,27144.275346
8,53,24260.256736
8,65,22405.404773
8,67,21733.916085
8,75,20309.404613
8,82,19818.198335
9,51,30121.722052
9,52,27144.275346
9,53,24260.256736
9,59,24027.138705
9,65,22405.404773
9,67,21733.916085
9,75,20309.404613
9,82,19818.198335
10,50,27363.914508
10,51,26421.103781
10,53,24260.256736
10,59,24027.138705
10,65,22405.404773
10,67,21733.916085
10,73,21363.780324
10,75,20309.404613
10,82,19818.198335
10,86,19712.403739
11,49,27902.675568
11,50,27363.914508
11,51,26421.103781
11,52,26359.387838
11,53,24260.256736
11,56,23500.822966
11,59,22935.181756
11,65,21563.887421
11,67,21338.407555
11,69,21157.798388
11,72,20132.213088
11,78,19786.160479
11,81,19427.902739
11,86,19296.281890
12,49,27902.675568
12,50,26126.593611
12,53,24260.256736
12,56,23500.822966
12,59,22935.181756
12,64,22801.608040
12,65,21563.887421
12,67,21338.407555
12,69,21157.798388
12,72,20132.213088
12,77,19894.372428
12,78,19786.160479
12,81,19427.902739
12,86,19296.281890
13,49,27642.096636
13,50,26126.593611
13,51,25871.583795
13,53,24260.256736
13,56,23500.822966
13,59,22935.181756
13,63,22873.578302
13,64,22798.630600
13,65,21563.887421
13,67,21338.407555
13,69,21157.798388
13,70,20161.396224
13,72,20132.213088
13,77,19889.078132
13,78,19786.160479
13,81,19427.902739
13,86,19296.281890
14,48,26611.758046
14,50,26126.593611
14,51,25166.325518
14,52,24993.485694
14,53,24260.256736
14,56,23110.252700
14,59,22935.181756
14,62,22619.935357
14,63,21567.778817
14,64,21036.679236
14,65,20938.662954
14,68,19642.439921
14,76,19518.442372
14,81,19083.843663
15,48,26611.758046
15,50,26126.593611
15,51,22511.093834
15,52,22288.190746
15,54,20941.645211
15,62,20502.121705
15,66,20307.635063
15,68,19642.439921
15,76,19518.442372
15,81,19083.843663
16,48,25811.687768
16,50,22368.152536
16,52,22288.190746
16,54,20941.645211
16,62,20502.121705
16,66,20108.491148
16,68,19642.439921
16,76,19518.442372
16,81,19083.843663
17,48,25811.687768
17,50,22368.152536
17,51,22127.189297
17,54,20941.645211
17,57,20325.887169
17,62,20160.005747
17,66,19439.340488
17,68,19418.563501
17,71,19417.075632
17,79,18788.393338
18,48,25811.687768
18,49,22613.024271
18,50,22368.152536
18,51,21970.789867
18,52,21831.648088
18,54,20941.645211
18,57,20325.887169
18,59,20304.192377
18,62,20160.005747
18,66,19439.340488
18,68,19418.563501
18,71,19417.075632
18,79,18788.393338
18,84,18738.246540
19,48,25535.105287
19,49,22613.024271
19,50,22368.152536
19,51,21970.789867
19,52,21831.648088
19,54,20941.645211
19,57,20325.887169
19,59,20304.192377
19,62,20160.005747
19,66,19439.340488
19,68,19418.563501
19,71,19417.075632
19,77,19271.095603
19,79,18788.393338
19,84,18738.246540
20,47,25740.408701
20,48,23611.683302
20,49,22613.024271
20,50,22368.152536
20,51,21970.789867
20,52,21831.648088
20,54,20941.645211
20,57,20325.887169
20,59,20304.192377
20,61,19988.744420
20,64,19769.585855
20,66,19265.118280
20,67,19119.792229
20,76,19010.387904
20,77,18489.602374
21,46,25972.283168
21,47,25740.408701
21,48,23611.683302
21,49,22613.024271
21,50,22368.152536
21,51,21970.789867
21,52,21425.238531
21,54,20941.645211
21,57,20325.887169
21,59,20304.192377
21,61,19988.744420
21,63,19966.590698
21,64,18964.624585
21,67,18670.374777
21,68,18456.916070
22,46,25972.283168
22,47,25740.408701
22,48,23390.123980
22,49,22613.024271
22,50,22368.152536
22,51,21970.789867
22,52,21425.238531
22,54,20941.645211
22,57,20325.887169
22,59,20232.630489
22,61,19988.744420
22,62,19743.094285
22,64,18964.624585
22,67,18464.482323
22,68,18456.916070
23,46,25972.283168
23,47,25740.408701
23,48,23390.123980
23,49,22613.024271
23,50,22368.152536
23,51,21970.789867
23,52,21425.238531
23,54,20941.645211
23,57,20032.037195
23,58,20017.662345
23,59,19711.012300
23,60,19431.483033
23,63,18612.486003
23,64,18342.039470
23,65,18301.493369
23,67,18216.427076
24,46,25480.859119
24,48,23390.123980
24,49,22613.024271
24,50,22368.152536
24,51,21970.789867
24,52,21425.238531
24,54,20941.645211
24,57,20032.037195
24,58,20017.662345
24,59,19711.012300
24,60,19431.483033
24,63,18612.486003
24,64,18342.039470
24,65,18301.493369
24,67,18216.427076
25,46,25480.859119
25,48,23390.123980
25,49,22186.956933
25,50,21993.005347
25,51,21970.789867
25,52,21425.238531
25,54,20941.645211
25,55,20322.054408
25,57,20032.037195
25,58,20017.662345
25,59,19711.012300
25,60,19431.483033
25,63,18612.486003
25,64,18342.039470
25,65,18301.493369
25,67,18216.427076
26,46,25480.859119
26,48,23390.123980
26,49,21736.083867
26,52,21425.238531
26,54,20034.024419
26,55,19841.565388
26,58,19755.124145
26,59,19476.247110
26,60,19173.675068
26,62,18485.345461
26,64,18178.535066
26,65,18144.926344
26,66,18060.718981
26,68,17889.206285
27,46,25480.859119
27,48,21703.063776
27,51,21293.263339
27,54,20034.024419
27,55,19841.565388
27,58,19755.124145
27,59,19476.247110
27,60,19173.675068
27,62,18485.345461
27,64,18178.535066
27,65,18144.926344
27,66,18060.718981
27,68,17889.206285
28,46,25480.859119
28,48,21703.063776
28,51,21293.263339
28,52,21033.887202
28,53,20585.599100
28,54,20034.024419
28,55,19841.565388
28,58,19755.124145
28,59,19300.599011
28,60,19173.675068
28,62,18346.899041
28,64,18178.535066
28,65,18144.926344
28,66,18060.718981
28,68,17889.206285
29,46,25480.859119
29,48,21567.866450
29,50,21182.704154
29,51,20595.527236
29,52,19714.968743
29,58,19473.576092
29,59,19224.077981
29,60,18972.671221
29,62,17925.112410
29,68,17750.391836
30,46,25480.859119
30,48,21567.866450
30,49,21460.338659
30,50,21182.704154
30,51,20595.527236
30,52,19714.968743
30,58,19473.576092
30,59,19224.077981
30,60,18972.671221
30,62,17925.112410
30,65,17895.808622
30,66,17737.756525
31,46,25480.859119
31,48,21567.866450
31,49,21458.611671
31,50,21182.704154
31,51,20595.527236
31,52,19714.968743
31,53,19660.316946
31,58,19473.576092
31,59,19224.077981
31,60,18972.671221
31,61,18684.010978
31,62,17925.112410
31,65,17895.808622
31,66,17737.756525
32,46,25480.859119
32,47,22625.646081
32,48,21567.866450
32,49,20467.312234
32,52,19515.519440
32,53,19396.332164
32,55,19386.664771
32,58,18382.146539
32,62,17759.276002
32,64,17568.261799
33,45,26485.782008
33,46,25480.859119
33,47,22625.646081
33,48,20933.522731
33,49,20467.312234
33,52,19515.519440
33,53,19396.332164
33,55,19386.664771
33,58,18382.146539
33,62,17759.276002
33,64,17568.261799
34,44,27511.989743
34,45,26485.782008
34,46,25480.859119
34,47,22120.125426
34,48,20933.522731
34,49,20467.312234
34,50,20268.774896
34,52,19515.519440
34,53,19396.332164
34,55,19386.664771
34,58,18382.146539
34,62,17759.276002
34,63,17693.127698
34,64,17568.261799
35,44,27216.400293
35,45,26485.782008
35,46,25480.859119
35,47,20444.547769
35,48,20098.088409
35,52,19356.971621
35,53,19292.434421
35,55,19187.012401
35,58,18171.588657
35,62,17535.158437
35,63,17499.773814
36,42,27993.627907
36,44,27216.400293
36,45,26485.782008
36,46,25479.595431
36,47,20444.547769
36,48,20098.088409
36,52,19356.971621
36,53,19292.434421
36,55,19187.012401
36,56,18779.719139
36,58,18171.588657
36,62,17535.158437
36,63,17499.773814
36,64,17345.906348
37,42,27993.627907
37,44,27216.400293
37,45,26485.782008
37,46,25479.595431
37,47,20444.547769
37,48,20098.088409
37,52,19356.971621
37,53,19292.434421
37,55,19187.012401
37,56,18779.719139
37,58,18171.588657
37,62,17535.158437
37,63,17499.773814
37,64,17345.906348
38,42,27993.627907
38,44,27216.400293
38,45,26485.782008
38,46,25479.595431
38,47,20444.547769
38,48,19693.836583
38,51,19208.804329
38,55,19099.489988
38,56,18054.975595
38,62,17347.158914
38,64,17320.191258
39,42,27993.627907
39,44,27216.400293
39,45,26485.782008
39,46,25479.595431
39,47,20444.547769
39,48,19693.836583
39,51,19208.804329
39,55,19099.489988
39,56,18054.975595
39,62,17347.158914
39,64,17320.191258
40,42,27993.627907
40,44,27216.400293
40,45,26485.782008
40,46,25479.595431
40,47,20444.547769
40,48,19693.836583
40,51,19208.804329
40,54,19139.910532
40,55,18307.377555
40,56,18054.975595
40,60,17900.529814
40,62,17347.158914
40,63,17339.764561
40,64,17320.191258
40,66,17293.510760
40,68,17252.577863
41,42,27993.627907
41,44,27216.400293
41,45,26485.782008
41,46,25479.595431
41,47,20444.547769
41,48,19693.836583
41,51,18700.128031
41,55,18211.214325
41,56,17876.709525
41,60,17611.983206
41,62,17338.156850
41,63,17255.603577
41,66,17108.793935
42,42,27993.627907
42,44,27216.400293
42,45,26485.782008
42,46,25479.595431
42,47,20444.547769
42,48,19693.836583
42,51,18700.128031
42,55,18211.214325
42,56,17876.709525
42,60,17611.983206
42,62,17338.156850
42,63,17255.603577
42,66,17108.793935
43,42,27993.627907
43,44,27216.400293
43,45,26485.782008
43,46,25479.595431
43,47,20444.547769
43,48,19693.836583
43,51,18700.128031
43,55,18211.214325
43,56,17876.709525
43,60,17611.983206
43,62,17188.586926
43,66,17108.793935
44,42,27993.627907
44,44,27216.400293
44,45,25476.112347
44,46,24926.679441
44,47,19685.455731
44,48,19365.846913
44,51,18630.364704
44,55,18211.214325
44,56,17789.024223
44,59,17509.960091
44,62,17138.099209
44,64,16959.150779
45,42,27993.627907
45,43,27393.024448
45,44,27216.400293
45,45,21044.901057
45,47,19685.455731
45,48,19365.846913
45,49,18853.500733
45,50,18673.290534
45,51,18630.364704
45,55,18211.214325
45,56,17789.024223
45,59,17509.960091
45,62,17138.099209
45,64,16959.150779
46,42,27993.627907
46,43,27298.859662
46,44,27172.805300
46,45,21044.901057
46,47,19685.455731
46,48,19365.846913
46,49,18853.500733
46,50,18673.290534
46,51,18630.364704
46,55,18211.214325
46,56,17789.024223
46,59,17509.960091
46,62,17138.099209
46,64,16959.150779
47,42,27993.627907
47,43,27298.859662
47,44,27172.805300
47,45,21044.901057
47,47,19374.602095
47,48,19131.966542
47,49,18651.532005
47,50,18457.410771
47,55,18120.041450
47,56,17715.934992
47,59,17388.571715
47,62,17082.911910
47,63,16844.539188
48,42,27993.627907
48,43,27298.859662
48,44,27172.805300
48,45,21044.901057
48,46,20220.232508
48,47,19374.602095
48,48,19131.966542
48,49,18651.532005
48,50,18457.410771
48,55,18120.041450
48,56,17715.934992
48,59,17388.571715
48,62,17082.911910
48,63,16844.539188
49,42,27993.627907
49,43,26680.453616
49,45,21044.901057
49,46,20220.232508
49,47,19374.602095
49,48,19131.966542
49,49,18651.532005
49,50,18457.410771
49,55,18120.041450
49,56,17715.934992
49,59,17388.571715
49,62,17082.911910
49,63,16844.539188
50,42,27993.627907
50,43,26680.453616
50,45,21044.901057
50,46,20220.232508
50,47,19212.333614
50,48,19131.966542
50,49,18284.026392
50,54,17686.101461
50,59,17273.173375
50,61,16887.571679
50,63,16787.585263
51,42,27993.627907
51,43,26680.453616
51,44,20794.217569
51,46,20220.232508
51,47,19212.333614
51,48,19131.966542
51,49,18284.026392
51,54,17686.101461
51,59,17273.173375
51,61,16887.571679
51,63,16787.585263
52,42,27993.627907
52,43,26680.453616
52,44,20794.217569
52,46,20220.232508
52,47,19212.333614
52,48,19131.966542
52,49,18284.026392
52,54,17686.101461
52,59,17273.173375
52,61,16887.571679
52,63,16787.585263
53,42,27993.627907
53,43,26680.453616
53,44,20794.217569
53,45,20586.341195
53,46,20220.232508
53,47,19158.149817
53,48,18258.329076
53,53,17581.485797
53,59,17230.319525
53,61,16820.265536
53,62,16771.636812
54,42,27993.627907
54,43,26680.453616
54,44,20794.217569
54,45,20586.341195
54,46,20220.232508
54,47,19158.149817
54,48,18258.329076
54,53,17581.485797
54,56,17490.599393
54,59,17230.319525
54,61,16820.265536
54,62,16771.636812
55,42,27993.627907
55,43,20600.085986
55,45,20586.341195
55,46,20220.232508
55,47,19158.149817
55,48,18258.329076
55,53,17581.485797
55,56,17490.599393
55,57,17454.787832
55,59,17230.319525
55,61,16820.265536
55,62,16771.636812
56,42,27467.966980
56,43,20600.085986
56,45,20586.341195
56,46,20220.232508
56,47,19158.149817
56,48,18258.329076
56,53,17581.485797
56,56,17490.599393
56,57,17454.787832
56,59,17230.319525
56,61,16820.265536
56,62,16771.636812
56,67,16753.195811
57,42,27467.966980
57,43,20600.085986
57,45,20586.341195
57,46,20220.232508
57,47,19158.149817
57,48,18258.329076
57,53,17581.485797
57,56,17490.599393
57,57,17454.787832
57,59,17230.319525
57,60,17081.500453
57,61,16820.265536
57,62,16771.636812
57,67,16753.195811
58,42,27467.966980
58,43,20600.085986
58,45,20586.341195
58,46,20220.232508
58,47,19158.149817
58,48,18258.329076
58,53,17581.485797
58,56,17490.599393
58,57,17454.787832
58,59,17230.319525
58,60,17081.500453
58,61,16820.265536
58,62,16771.636812
58,67,16753.195811
59,42,27467.966980
59,43,20600.085986
59,44,19989.282901
59,47,19158.149817
59,48,18071.962607
59,52,17553.201510
59,55,17391.035683
59,56,17347.697266
59,57,17211.089966
59,59,16946.218139
59,61,16685.461750
60,42,27467.966980
60,43,20600.085986
60,44,19989.282901
60,47,19158.149817
60,48,18071.962607
60,52,17553.201510
60,54,17506.396551
60,55,17391.035683
60,56,17347.697266
60,57,17211.089966
60,59,16946.218139
60,61,16685.461750
61,42,21099.063942
61,43,20464.340402
61,44,19989.282901
61,46,19755.048592
61,47,19158.149817
61,48,18071.962607
61,52,17553.201510
61,54,17458.359733
61,55,17391.035683
61,56,17347.697266
61,57,17211.089966
61,59,16946.218139
61,60,16763.214082
61,61,16685.461750
62,42,21099.063942
62,43,20464.340402
62,44,19989.282901
62,46,19755.048592
62,47,18880.832591
62,48,18051.921413
62,52,17420.806835
62,54,17417.554363
62,55,17227.668519
62,56,17133.659029
62,59,16889.308404
62,60,16754.072313
62,61,16670.261345
63,42,21099.063942
63,43,20464.340402
63,44,19572.667561
63,47,18880.832591
63,48,18051.921413
63,52,17420.806835
63,54,17417.554363
63,55,17166.497030
63,56,17133.659029
63,59,16889.308404
63,60,16754.072313
63,61,16670.261345
64,42,21099.063942
64,43,20464.340402
64,44,19572.667561
64,47,18880.832591
64,48,18051.921413
64,51,18038.539824
64,52,17420.806835
64,54,17417.554363
64,55,17166.497030
64,56,17133.659029
64,59,16889.308404
64,60,16754.072313
64,61,16670.261345
65,42,21099.063942
65,43,20464.340402
65,44,19572.667561
65,47,18880.832591
65,48,18031.070032
65,49,17816.183057
65,52,17292.894962
65,55,17064.589306
65,56,17053.230236
65,59,16881.565162
65,60,16652.982720
66,42,21099.063942
66,43,20464.340402
66,44,19572.667561
66,47,18880.832591
66,48,18031.070032
66,49,17816.183057
66,52,17292.894962
66,55,17064.589306
66,56,17053.230236
66,59,16881.565162
66,60,16652.982720
67,42,21099.063942
67,43,20464.340402
67,44,19572.667561
67,45,19535.818918
67,46,19177.486683
67,47,18880.832591
67,48,18031.070032
67,49,17816.183057
67,52,17292.894962
67,55,17064.589306
67,56,17053.230236
67,59,16881.565162
67,60,16652.982720
68,42,21099.063942
68,43,20316.263514
68,44,19572.667561
68,45,19009.512416
68,46,18953.470741
68,47,18773.244358
68,48,17800.915539
68,52,17292.894962
68,55,16978.300607
68,56,16899.239286
68,59,16810.340607
68,60,16619.744946
69,42,21099.063942
69,43,19550.504116
69,45,19009.512416
69,46,18953.470741
69,47,18773.244358
69,48,17800.915539
69,52,17292.894962
69,55,16978.300607
69,56,16899.239286
69,59,16810.340607
69,60,16619.744946
70,42,21099.063942
70,43,19550.504116
70,45,19009.512416
70,46,18953.470741
70,47,18773.244358
70,48,17800.915539
70,52,17292.894962
70,55,16978.300607
70,56,16899.239286
70,58,16665.939126
70,60,16619.744946
71,41,21236.162360
71,42,21099.063942
71,43,19550.504116
71,44,18840.734565
71,47,18753.988322
71,48,17743.532291
71,52,17262.860735
71,55,16903.334726
71,56,16899.239286
71,58,16623.657083
71,59,16467.939967
72,41,21236.162360
72,42,21099.063942
72,43,19550.504116
72,44,18840.734565
72,47,18753.988322
72,48,17743.532291
72,52,17262.860735
72,55,16903.334726
72,56,16899.239286
72,58,16623.657083
72,59,16467.939967
73,41,21236.162360
73,42,21099.063942
73,43,19550.504116
73,44,18840.734565
73,47,18327.242174
73,48,17743.532291
73,52,17262.860735
73,55,16903.334726
73,56,16899.239286
73,58,16623.657083
73,59,16467.939967
74,41,21236.162360
74,42,19410.349285
74,44,18748.850511
74,47,17696.383243
74,52,17178.889805
74,54,16816.964933
74,56,16788.648360
74,58,16621.421767
74,59,16406.550063
75,41,21236.162360
75,42,19410.349285
75,44,18748.850511
75,47,17696.383243
75,52,17178.889805
75,54,16816.964933
75,56,16788.648360
75,57,16522.261620
75,59,16406.550063
76,41,21236.162360
76,42,19410.349285
76,44,18748.850511
76,47,17696.383243
76,52,17178.889805
76,54,16816.964933
76,56,16788.648360
76,57,16522.261620
76,59,16406.550063
77,41,20747.993650
77,42,19154.131322
77,44,18748.850511
77,47,17594.343884
77,52,17097.543155
77,54,16766.446937
77,56,16728.398121
77,57,16479.492387
77,59,16396.716707
78,41,20747.993650
78,42,19154.131322
78,44,18748.850511
78,45,18569.711364
78,47,17594.343884
78,52,17097.543155
78,54,16766.446937
78,56,16529.369846
78,57,16479.492387
78,59,16396.716707
79,41,20471.497850
79,42,19154.131322
79,44,18748.850511
79,45,18569.711364
79,47,17594.343884
79,51,17083.063626
79,54,16766.446937
79,56,16529.369846
79,57,16479.492387
79,59,16396.716707
80,41,20411.971967
80,42,18691.928276
80,44,18645.860525
80,45,18403.801356
80,47,17407.775554
80,51,17050.170841
80,52,16742.237716
80,56,16426.122821
80,58,16360.484856
81,41,20411.971967
81,42,18691.928276
81,44,18645.860525
81,45,18403.801356
81,47,17407.775554
81,51,17050.170841
81,52,16742.237716
81,56,16426.122821
81,58,16360.484856
82,41,20411.971967
82,42,18691.928276
82,44,18645.860525
82,45,18403.801356
82,46,18175.621789
82,47,17407.775554
82,51,17050.170841
82,52,16742.237716
82,56,16426.122821
82,58,16360.484856
83,41,20109.264502
83,42,18691.928276
83,44,18478.466765
83,45,18388.521707
83,46,18175.621789
83,47,17238.736949
83,49,17234.589456
83,51,17024.974949
83,52,16742.237716
83,56,16409.819684
83,57,16287.673640
84,41,20109.264502
84,42,18691.928276
84,44,18478.466765
84,45,18388.521707
84,46,18175.621789
84,47,17238.736949
84,49,17234.589456
84,51,17024.974949
84,52,16742.237716
84,56,16409.819684
84,57,16287.673640
85,41,20109.264502
85,42,18691.928276
85,44,18478.466765
85,45,18388.521707
85,46,18175.621789
85,47,17238.736949
85,49,17234.589456
85,51,17024.974949
85,52,16742.237716
85,56,16409.819684
85,57,16287.673640
86,41,20109.264502
86,42,18631.669642
86,44,18478.466765
86,45,18361.986127
86,46,17662.795971
86,47,17145.865462
86,51,16868.620766
86,52,16735.635434
86,56,16404.048977
86,57,16243.162041
87,41,20109.264502
87,42,18631.669642
87,44,18478.466765
87,45,18361.986127
87,46,17662.795971
87,47,17145.865462
87,51,16868.620766
87,52,16735.635434
87,56,16404.048977
87,57,16243.162041
88,40,20349.172098
88,41,20109.264502
88,42,18631.669642
88,44,18478.466765
88,45,18361.986127
88,46,17662.795971
88,47,17145.865462
88,51,16868.620766
88,52,16735.635434
88,56,16404.048977
88,57,16243.162041
89,40,20349.172098
89,41,19960.266445
89,42,18514.968878
89,44,18478.466765
89,45,18328.497058
89,46,17611.652902
89,47,17118.733423
89,51,16829.631332
89,52,16639.534376
89,56,16370.952453
89,57,16176.886769
90,40,20349.172098
90,41,19960.266445
90,42,18514.968878
90,44,18478.466765
90,45,18118.835643
90,46,17611.652902
90,47,17118.733423
90,51,16829.631332
90,52,16639.534376
90,56,16370.952453
90,57,16176.886769
91,40,20349.172098
91,41,19960.266445
91,42,18514.968878
91,44,18478.466765
91,45,18118.835643
91,46,17611.652902
91,47,17118.733423
91,50,16825.289265
91,52,16639.534376
91,56,16370.952453
91,57,16176.886769
92,40,20329.090077
92,41,19844.216048
92,42,18415.537646
92,44,18230.023051
92,45,18118.835643
92,46,17516.672122
92,47,17005.965901
92,50,16201.755699
92,57,16097.751857
93,40,20329.090077
93,41,19844.216048
93,42,18415.537646
93,44,18230.023051
93,45,18118.835643
93,46,17516.672122
93,47,17005.965901
93,50,16201.755699
93,57,16097.751857
94,39,22445.732119
94,40,20329.090077
94,41,19550.343062
94,42,18415.537646
94,44,18230.023051
94,45,17398.026656
94,47,17005.965901
94,50,16201.755699
94,57,16097.751857
95,39,22137.575242
95,40,19614.887297
95,41,19111.960292
95,42,18389.529966
95,44,18230.023051
95,45,17314.619426
95,46,16990.212992
95,49,16189.779063
95,57,16032.104053
96,39,22137.575242
96,40,19614.887297
96,41,19111.960292
96,42,18389.529966
96,44,18230.023051
96,45,17314.619426
96,46,16990.212992
96,49,16189.779063
96,54,16067.466246
96,57,16032.104053
97,39,22137.575242
97,40,19614.887297
97,41,19111.960292
97,42,18389.529966
97,44,18230.023051
97,45,17314.619426
97,46,16990.212992
97,49,16189.779063
97,54,16067.466246
97,57,16032.104053
98,39,22137.575242
98,40,19395.589256
98,41,18843.146679
98,42,18241.459522
98,44,18086.513276
98,45,17215.467752
98,46,16827.181841
98,48,16056.408904
98,54,16019.014939
98,57,15967.651044
99,39,20817.861836
99,40,19395.589256
99,41,18843.146679
99,42,18241.459522
99,44,18086.513276
99,45,17215.467752
99,46,16827.181841
99,48,16056.408904
99,54,16019.014939
99,57,15967.651044
100,39,20817.861836
100,40,19395.589256
100,41,18843.146679
100,42,18241.459522
100,44,18086.513276
100,45,17215.467752
100,46,16827.181841
100,48,16056.408904
100,54,16019.014939
100,57,15967.651044
101,39,20757.292160
101,40,19382.954637
101,41,18719.867182
101,42,17988.486370
101,45,17068.078088
101,46,16827.181841
101,48,15976.634362
101,52,15949.735291
101,57,15931.912459
102,39,20757.292160
102,40,19382.954637
102,41,18719.867182
102,42,17988.486370
102,45,17068.078088
102,46,16827.181841
102,48,15976.634362
102,50,15976.443717
102,52,15949.735291
102,57,15931.912459
103,39,20486.064087
103,40,19382.954637
103,41,18719.867182
103,42,17988.486370
103,45,17068.078088
103,46,16827.181841
103,48,15976.634362
103,49,15828.888374
104,39,19335.175199
104,40,18663.879276
104,42,17988.486370
104,45,17000.274952
104,46,16385.617476
104,48,15976.634362
104,49,15739.804656
105,39,19335.175199
105,40,18663.879276
105,42,17988.486370
105,44,17675.489477
105,45,17000.274952
105,46,16385.617476
105,48,15976.634362
105,49,15697.884037
105,52,15653.107907
106,39,19335.175199
106,40,18663.879276
106,42,17919.276036
106,44,17675.489477
106,45,17000.274952
106,46,16385.617476
106,48,15976.634362
106,49,15697.884037
106,52,15653.107907
107,38,19289.803087
107,40,18618.040466
107,42,17879.128427
107,44,17596.123098
107,45,16894.416872
107,46,16214.302894
107,48,15971.355742
107,49,15654.176321
107,52,15653.107907
108,38,19289.803087
108,40,18618.040466
108,42,17879.128427
108,44,17596.123098
108,45,16894.416872
108,46,16214.302894
108,48,15971.355742
108,49,15654.176321
108,52,15653.107907
109,38,19289.803087
109,40,18618.040466
109,42,17879.128427
109,44,17596.123098
109,45,16894.416872
109,46,16214.302894
109,48,15971.355742
109,49,15654.176321
109,52,15653.107907
110,38,19042.003225
110,40,18289.696607
110,42,17879.128427
110,44,17538.757482
110,45,16172.873027
110,48,15971.355742
110,49,15578.109564
111,38,19042.003225
111,40,18289.696607
111,42,17879.128427
111,43,17349.414201
111,45,16172.873027
111,48,15971.355742
111,49,15578.109564
112,38,19042.003225
112,39,18827.907390
112,40,18221.740657
112,42,17879.128427
112,43,17349.414201
112,45,16172.873027
112,48,15764.559560
112,49,15578.109564
113,38,19027.546581
113,39,18656.748632
113,40,17552.092892
113,43,17221.857369
113,45,16167.449096
113,48,15741.725296
113,49,15576.406793
114,38,19027.546581
114,39,18656.748632
114,40,17552.092892
114,43,17221.857369
114,45,16167.449096
114,48,15741.725296
114,49,15576.406793
115,38,19027.546581
115,39,18656.748632
115,40,17552.092892
115,43,17221.857369
115,45,16167.449096
115,48,15741.725296
115,49,15576.406793
116,38,18983.012432
116,39,18546.914854
116,40,17492.406533
116,43,16815.027190
116,45,16150.353728
116,47,15520.678017
116,52,15499.628124
117,38,18983.012432
117,39,18546.914854
117,40,17492.406533
117,43,16815.027190
117,45,16150.353728
117,47,15520.678017
117,52,15499.628124
118,38,18983.012432
118,39,18546.914854
118,40,17492.406533
118,43,16815.027190
118,45,16150.353728
118,47,15520.678017
118,52,15499.628124
119,38,18952.588615
119,39,18014.627338
119,40,17472.830230
119,43,16387.645103
119,45,16150.353728
119,46,15499.305027
119,51,15381.993319
120,38,18952.588615
120,39,17857.643654
120,40,17472.830230
120,43,16387.645103
120,45,16150.353728
120,46,15499.305027
120,51,15381.993319
121,38,17570.531397
121,40,17472.830230
121,41,17428.118571
121,42,17147.661594
121,43,16387.645103
121,45,16150.353728
121,46,15499.305027
121,51,15381.993319
122,38,17525.784863
122,39,17378.816559
122,42,17069.161185
122,43,16387.645103
122,45,16063.920450
122,46,15499.305027
122,51,15374.511143
123,38,17525.784863
123,39,17378.816559
123,42,17069.161185
123,43,16387.645103
123,45,16063.920450
123,46,15499.305027
123,51,15374.511143
124,38,17525.784863
124,39,17378.816559
124,42,17069.161185
124,43,16387.645103
124,45,16063.920450
124,46,15499.305027
124,51,15374.511143
125,37,17631.368532
125,38,17525.784863
125,39,17203.758171
125,42,16920.303988
125,43,16387.645103
125,45,16063.920450
125,46,15481.046377
125,51,15368.689923
126,37,17524.983390
126,39,17203.758171
126,42,16920.303988
126,43,16387.645103
126,45,16063.920450
126,46,15481.046377
126,51,15368.689923
127,37,17524.983390
127,39,17203.758171
127,42,16920.303988
127,43,16387.645103
127,45,16063.920450
127,46,15481.046377
127,51,15368.689923
128,37,17358.212775
128,39,17203.758171
128,42,16855.247782
128,43,16387.645103
128,45,16063.920450
128,46,15463.342856
128,51,15343.296454
129,37,17349.637849
129,39,17203.758171
129,40,17049.392459
129,42,16820.421818
129,43,16387.645103
129,45,16063.920450
129,46,15463.342856
129,51,15343.296454
130,37,17349.637849
130,38,17333.759412
130,39,17203.758171
130,40,17049.392459
130,42,16820.421818
130,43,16387.645103
130,45,16063.920450
130,46,15463.342856
130,51,15343.296454
131,37,17310.678597
131,39,17026.931064
131,41,16782.152105
131,43,16351.528559
131,45,15414.301250
131,51,15341.870712
132,37,17310.678597
132,39,17026.931064
132,41,16782.152105
132,43,16351.528559
132,45,15414.301250
132,51,15341.870712
133,37,17229.449683
133,39,17026.931064
133,41,16782.152105
133,43,16351.528559
133,45,15414.301250
133,51,15341.870712
134,37,17083.491999
134,38,16977.949559
134,41,16782.152105
134,43,16351.528559
134,45,15410.585269
134,50,15332.428626
135,37,17036.252041
135,38,16977.949559
135,41,16782.152105
135,43,16351.528559
135,45,15410.585269
135,48,15375.804551
135,50,15332.428626
136,37,17036.252041
136,38,16977.949559
136,40,16942.959312
136,41,16782.152105
136,43,16351.528559
136,45,15410.585269
136,48,15375.804551
136,50,15332.428626
137,37,16973.615922
137,38,16697.899792
137,43,16343.141284
137,45,15337.650331
137,49,15329.116071
138,37,16973.615922
138,38,16697.899792
138,43,16343.141284
138,45,15337.650331
138,49,15329.116071
139,37,16973.615922
139,38,16697.899792
139,43,16343.141284
139,45,15337.650331
139,49,15329.116071
140,37,16910.170354
140,38,16697.899792
140,43,16151.606292
140,45,15310.939156
141,37,16910.170354
141,38,16664.984769
141,43,16151.606292
141,45,15310.939156
142,37,16910.170354
142,38,16664.984769
142,43,16151.606292
142,45,15310.939156
143,36,17728.243158
143,37,16869.721083
143,38,16536.926470
143,43,15950.900270
143,45,15284.986331
143,48,15175.559233
144,36,17728.243158
144,37,16869.721083
144,38,16536.926470
144,43,15950.900270
144,45,15284.986331
144,48,15175.559233
145,36,17728.243158
145,37,16869.721083
145,38,16536.926470
145,43,15950.900270
145,45,15284.986331
145,47,15254.892092
145,48,15175.559233
146,36,17684.380437
146,37,16833.402357
146,38,16506.645412
146,43,15950.900270
146,45,15274.365162
146,46,15221.645776
146,47,15129.255579
147,36,17684.380437
147,37,16833.402357
147,38,16506.645412
147,43,15625.858699
147,45,15274.365162
147,46,15221.645776
147,47,15129.255579
148,36,17684.380437
148,37,16833.402357
148,38,16506.645412
148,43,15625.858699
148,45,15274.365162
148,46,15221.645776
148,47,15129.255579
149,36,17665.394447
149,37,16833.402357
149,38,16435.491464
149,43,15499.881090
149,44,15224.123420
149,46,15209.869862
149,47,14984.940735
150,36,17665.394447
150,37,16833.402357
150,38,16435.491464
150,43,15499.881090
150,44,15224.123420
150,46,15168.798751
150,47,14984.940735
151,36,17665.394447
151,37,16833.402357
151,38,16435.491464
151,39,16380.575520
151,43,15499.881090
151,44,15224.123420
151,46,15168.798751
151,47,14984.940735
152,36,17635.836716
152,37,16796.266109
152,38,16428.150697
152,39,16169.821306
152,43,15499.697477
152,44,15211.232643
152,46,15124.907602
152,47,14984.940735
153,36,17635.836716
153,37,16796.266109
153,38,16428.150697
153,39,16169.821306
153,43,15499.697477
153,44,15211.232643
153,46,15124.907602
153,47,14984.940735
154,36,17635.836716
154,37,16796.266109
154,38,16428.150697
154,39,16169.821306
154,43,15499.697477
154,44,15211.232643
154,46,15124.907602
154,47,14984.940735
155,36,17486.236482
155,37,16732.752290
155,38,16370.493348
155,39,16169.821306
155,43,15449.567254
155,44,15184.634368
155,45,15115.675578
155,47,14984.940735
156,36,17486.236482
156,37,16726.312401
156,38,16370.493348
156,39,16169.821306
156,43,15449.567254
156,44,15184.634368
156,45,15115.675578
156,47,14984.940735
157,36,17486.236482
157,37,16726.312401
157,38,16370.493348
157,39,16169.821306
157,43,15449.567254
157,44,15184.634368
157,45,15115.675578
157,47,14984.940735
158,36,17348.385613
158,37,16690.286940
158,38,16370.493348
158,39,16169.821306
158,43,15403.123978
158,44,15184.634368
158,45,15109.687334
158,47,14960.314092
159,36,17348.385613
159,37,16690.286940
159,38,16370.493348
159,39,16169.821306
159,43,15403.123978
159,44,15184.634368
159,45,15109.687334
159,47,14960.314092
160,36,17348.385613
160,37,16690.286940
160,38,16370.493348
160,39,16169.821306
160,43,15403.123978
160,44,15184.634368
160,45,15109.687334
160,47,14960.314092
161,36,17212.514931
161,37,16686.602082
161,38,16331.125735
161,39,16141.020023
161,43,15386.745731
161,44,15177.583687
161,45,15109.687334
161,47,14960.314092
162,36,17212.514931
162,37,16686.602082
162,38,16331.125735
162,39,16141.020023
162,43,15386.745731
162,44,15177.583687
162,45,15109.687334
162,47,14960.314092
163,36,17186.904674
163,37,16686.602082
163,38,16331.125735
163,39,16141.020023
163,43,15386.745731
163,44,15177.583687
163,45,15109.687334
163,47,14960.314092
164,36,17166.862907
164,37,16643.509582
164,38,16241.411958
164,39,16021.852351
164,43,15361.919974
164,44,15168.689056
164,45,15109.687334
164,47,14960.314092
165,36,17166.862907
165,37,16643.509582
165,38,16241.411958
165,39,16021.852351
165,43,15361.919974
165,44,15168.689056
165,45,15109.687334
165,47,14960.314092
166,36,17166.862907
166,37,16643.509582
166,38,16241.411958
166,39,16021.852351
166,42,15809.882306
166,43,15361.919974
166,44,15168.689056
166,45,15109.687334
166,47,14960.314092
167,36,16896.961986
167,37,16528.935252
167,38,16171.156486
167,39,16021.852351
167,42,15809.882306
167,43,15361.919974
167,44,15084.721050
167,47,14942.356849
168,36,16896.961986
168,37,16528.935252
168,38,16171.156486
168,39,16021.852351
168,42,15809.882306
168,43,15361.919974
168,44,15084.721050
168,47,14942.356849
169,36,16896.961986
169,37,16528.935252
169,38,16171.156486
169,39,16021.852351
169,42,15809.882306
169,43,15361.919974
169,44,15084.721050
169,47,14942.356849
170,36,16841.869259
170,37,16355.804198
170,38,16108.231564
170,39,15920.993979
170,42,15791.881283
170,43,15336.745000
170,44,15072.773495
170,47,14942.356849
171,36,16841.869259
171,37,16355.804198
171,38,16108.231564
171,39,15920.993979
171,42,15791.881283
171,43,15336.745000
171,44,15072.773495
171,47,14942.356849
172,35,17807.137363
172,36,16566.736575
172,37,16355.804198
172,38,16108.231564
172,39,15920.993979
172,42,15791.881283
172,43,15336.745000
172,44,15036.587489
172,47,14942.356849
173,35,17742.528411
173,36,16566.736575
173,37,16344.241636
173,38,15857.150193
173,42,15791.881283
173,43,14977.059308
173,47,14941.322034
174,35,17742.528411
174,36,16566.736575
174,37,16344.241636
174,38,15857.150193
174,42,15791.881283
174,43,14977.059308
174,47,14941.322034
175,35,17742.528411
175,36,16566.736575
175,37,16344.241636
175,38,15857.150193
175,42,15791.881283
175,43,14977.059308
175,47,14941.322034
176,35,16500.632373
176,36,16360.370818
176,37,16344.241636
176,38,15857.150193
176,42,15791.881283
176,43,14928.222410
176,51,14886.597317
177,35,16500.632373
177,36,16360.370818
177,37,16344.241636
177,38,15857.150193
177,42,15791.881283
177,43,14928.222410
177,51,14886.597317
178,35,16226.445615
178,38,15857.150193
178,42,15791.881283
178,43,14928.222410
178,51,14886.597317
179,35,16182.154063
179,38,15789.938199
179,43,14911.872657
179,51,14877.058803
180,35,16182.154063
180,38,15789.938199
180,43,14911.872657
180,51,14877.058803
181,35,16182.154063
181,38,15789.938199
181,39,15531.334483
181,42,15310.124263
181,43,14911.872657
181,51,14877.058803
182,35,16146.976310
182,38,15728.447727
182,39,15423.186238
182,41,15239.068511
182,43,14911.872657
182,51,14840.708391
183,35,16146.976310
183,36,16137.810752
183,38,15728.447727
183,39,15423.186238
183,41,15239.068511
183,43,14911.872657
183,51,14840.708391
184,35,16146.976310
184,36,16137.810752
184,38,15728.447727
184,39,15423.186238
184,41,15239.068511
184,43,14911.416821
184,51,14840.708391
185,35,16097.253449
185,36,16023.636491
185,38,15725.837175
185,39,15423.186238
185,41,15228.454876
185,43,14911.416821
185,51,14840.708391
186,34,17248.180106
186,35,16097.253449
186,36,16023.636491
186,38,15725.837175
186,39,15423.186238
186,41,15228.454876
186,43,14911.416821
186,51,14840.708391
187,34,17248.180106
187,35,16097.253449
187,36,16023.636491
187,38,15725.837175
187,39,15423.186238
187,41,15228.454876
187,43,14911.416821
187,51,14840.708391
188,34,17120.612887
188,35,16083.781812
188,36,16008.267773
188,38,15682.858941
188,39,15406.653699
188,41,15207.288641
188,43,14911.416821
188,51,14832.610518
189,34,17120.612887
189,35,16083.781812
189,36,16008.267773
189,38,15682.858941
189,39,15406.653699
189,41,15207.288641
189,43,14911.416821
189,51,14832.610518
190,34,17120.612887
190,35,16083.781812
190,36,16008.267773
190,38,15682.858941
190,39,15406.653699
190,41,15207.288641
190,43,14911.416821
190,51,14832.610518
191,34,17014.994245
191,35,16083.100820
191,36,15986.142923
191,38,15637.890159
191,39,15350.622440
191,41,15123.028218
191,43,14911.416821
191,51,14832.610518
192,34,17014.994245
192,35,16083.100820
192,36,15986.142923
192,38,15637.890159
192,39,15350.622440
192,41,15123.028218
192,43,14911.416821
192,51,14832.610518
193,34,17014.994245
193,35,16083.100820
193,36,15986.142923
193,38,15637.890159
193,39,15350.622440
193,41,15123.028218
193,43,14823.576157
194,34,17014.994245
194,35,16019.718367
194,36,15986.142923
194,38,15626.506551
194,39,15222.898044
194,41,15092.579722
194,43,14823.576157
194,44,14784.192603
195,34,17014.994245
195,35,16019.718367
195,36,15986.142923
195,38,15626.506551
195,39,15222.898044
195,41,15092.579722
195,43,14823.576157
195,44,14784.192603
196,34,17014.994245
196,35,16019.718367
196,36,15986.142923
196,38,15626.506551
196,39,15222.898044
196,41,15092.579722
196,43,14823.576157
196,44,14784.192603
197,34,17007.276186
197,35,15920.458313
197,37,15811.187333
197,38,15570.648573
197,39,15201.746859
197,41,15076.256380
197,43,14823.576157
197,44,14784.192603
198,34,17007.276186
198,35,15920.458313
198,37,15811.187333
198,38,15570.648573
198,39,15201.746859
198,41,15076.256380
198,43,14823.576157
198,44,14784.192603
199,34,17007.276186
199,35,15920.458313
199,37,15811.187333
199,38,15570.648573
199,39,15201.746859
199,41,15076.256380
199,43,14823.576157
199,44,14784.192603
200,34,16970.743921
200,35,15918.216637
200,37,15804.191522
200,38,15169.283709
200,41,15063.542561
200,43,14819.060361
200,44,14770.021717
201,34,16409.260691
201,35,15918.216637
201,37,15804.191522
201,38,15169.283709
201,41,15063.542561
201,42,14856.031448
201,43,14819.060361
201,44,14770.021717
202,34,16269.213279
202,35,15918.216637
202,37,15804.191522
202,38,15169.283709
202,41,15063.542561
202,42,14856.031448
202,43,14819.060361
202,44,14770.021717
203,34,16269.213279
203,35,15918.216637
203,37,15804.191522
203,38,15163.487873
203,41,14764.014470
203,44,14725.609170
204,34,16269.213279
204,35,15918.216637
204,37,15804.191522
204,38,15163.487873
204,39,14991.554652
204,41,14764.014470
204,44,14725.609170
205,34,16269.213279
205,35,15918.216637
205,37,15804.191522
205,38,15163.487873
205,39,14991.554652
205,41,14764.014470
205,44,14725.609170
206,34,16212.562216
206,35,15853.013459
206,37,15804.191522
206,38,15130.795524
206,39,14991.554652
206,41,14764.014470
206,44,14725.609170
207,34,16212.562216
207,35,15853.013459
207,37,15804.191522
207,38,15130.795524
207,39,14991.554652
207,41,14764.014470
207,44,14725.609170
208,34,16212.562216
208,35,15853.013459
208,37,15804.191522
208,38,15130.795524
208,39,14991.554652
208,40,14904.433540
208,41,14764.014470
208,44,14725.609170
209,34,16174.897638
209,35,15769.582905
209,38,15122.238385
209,39,14904.982232
209,40,14874.962325
209,41,14764.014470
209,44,14717.483395
210,34,16174.897638
210,35,15698.726143
210,38,15122.238385
210,39,14904.982232
210,40,14874.962325
210,41,14764.014470
210,44,14717.483395
211,34,16174.897638
211,35,15698.726143
211,38,15122.238385
211,39,14904.982232
211,40,14874.962325
211,41,14764.014470
211,44,14717.483395
212,34,16131.110819
212,35,15693.109014
212,38,15122.238385
212,39,14904.982232
212,40,14835.791954
212,41,14759.705119
212,44,14695.360157
213,33,17160.555905
213,34,16131.110819
213,35,15693.109014
213,38,15122.238385
213,39,14904.982232
213,40,14835.791954
213,41,14759.705119
213,44,14695.360157
214,33,17160.555905
214,34,16131.110819
214,35,15693.109014
214,38,15122.238385
214,39,14904.982232
214,40,14793.713260
214,41,14759.705119
214,44,14695.360157
215,33,16754.100221
215,34,16129.877831
215,35,15649.068651
215,38,15059.815346
215,39,14903.681232
215,40,14776.330533
215,41,14728.995352
215,44,14693.569769
216,33,16754.100221
216,34,16129.877831
216,35,15649.068651
216,38,15059.815346
216,39,14903.681232
216,40,14776.330533
216,41,14728.995352
216,44,14693.569769
217,33,16754.100221
217,34,16129.877831
217,35,15649.068651
217,38,15059.815346
217,39,14903.681232
217,40,14776.330533
217,41,14728.995352
217,44,14693.569769
218,33,16644.116974
218,34,16102.277229
218,35,15645.434577
218,38,15059.815346
218,39,14874.603749
218,40,14698.914348
218,44,14693.569769
219,33,16644.116974
219,34,16102.277229
219,35,15645.434577
219,37,15148.258087
219,38,15059.815346
219,39,14874.603749
219,40,14698.914348
219,44,14693.569769
220,33,16644.116974
220,34,16102.277229
220,35,15645.434577
220,37,15148.258087
220,38,15059.815346
220,39,14874.603749
220,40,14698.914348
220,44,14693.569769
220,46,14678.880602
221,33,16644.116974
221,34,16050.194039
221,35,15645.434577
221,37,15020.819071
221,39,14848.227997
221,40,14580.227240
222,33,16644.116974
222,34,16050.194039
222,35,15645.434577
222,37,15020.819071
222,39,14848.227997
222,40,14580.227240
223,33,16644.116974
223,34,16050.194039
223,35,15645.434577
223,36,15640.661012
223,37,15020.819071
223,39,14848.227997
223,40,14580.227240
224,33,16615.315691
224,34,16022.116142
224,35,15628.641885
224,36,15597.948659
224,37,15020.678232
224,39,14848.227997
224,40,14580.227240
225,33,16615.315691
225,34,16022.116142
225,35,15628.641885
225,36,15597.948659
225,37,15020.678232
225,39,14848.227997
225,40,14580.227240
226,33,16615.315691
226,34,16022.116142
226,35,15628.641885
226,36,15597.948659
226,37,15020.678232
226,39,14848.227997
226,40,14580.227240
227,33,16557.560953
227,34,16022.116142
227,35,15627.976961
227,36,15596.704010
227,37,15011.841831
227,39,14793.989063
227,40,14578.183356
228,33,16557.560953
228,34,16022.116142
228,35,15627.976961
228,36,15518.203830
228,37,15011.841831
228,39,14793.989063
228,40,14578.183356
229,33,16557.560953
229,34,16022.116142
229,35,15627.976961
229,36,15518.203830
229,37,15011.841831
229,39,14793.989063
229,40,14578.183356
230,32,17887.046436
230,33,16496.407536
230,34,15981.563101
230,35,15562.861959
230,36,15518.203830
230,37,14890.542249
230,39,14545.132162
231,32,17887.046436
231,33,16496.407536
231,34,15981.563101
231,35,15562.861959
231,36,15518.203830
231,37,14890.542249
231,39,14545.132162
232,32,17887.046436
232,33,16496.407536
232,34,15981.563101
232,35,15562.861959
232,36,15518.203830
232,37,14890.542249
232,39,14545.132162
233,32,17820.436589
233,33,16424.176482
233,34,15968.875646
233,35,15534.989137
233,36,15518.203830
233,37,14854.451408
233,39,14526.881253
234,32,17820.436589
234,33,16424.176482
234,34,15968.875646
234,35,15534.989137
234,36,15518.203830
234,37,14854.451408
234,39,14526.881253
235,32,17820.436589
235,33,16424.176482
235,34,15968.875646
235,35,15534.989137
235,36,15518.203830
235,37,14854.451408
235,39,14526.881253
236,32,17120.171121
236,33,16320.545425
236,34,15933.434990
236,35,15499.269217
236,36,15493.313658
236,37,14829.857392
236,39,14526.881253
237,32,17120.171121
237,33,16320.545425
237,34,15933.434990
237,35,15499.269217
237,36,15493.313658
237,37,14829.857392
237,39,14526.881253
238,32,17120.171121
238,33,16320.545425
238,34,15933.434990
238,35,15499.269217
238,36,15493.313658
238,37,14829.857392
238,39,14526.881253
238,40,14523.490174
238,42,14483.169324
239,32,16878.439239
239,33,16289.061325
239,34,15933.434990
239,35,15477.026320
239,36,15437.521611
239,37,14829.857392
239,39,14517.801929
239,41,14330.049421
240,32,16878.439239
240,33,16289.061325
240,34,15933.434990
240,35,15477.026320
240,36,15437.521611
240,37,14661.672541
240,39,14517.801929
240,41,14330.049421
241,32,16878.439239
241,33,16289.061325
241,34,15933.434990
241,35,15477.026320
241,36,15437.521611
241,37,14661.672541
241,39,14517.801929
241,41,14330.049421
242,32,16878.439239
242,33,16216.928246
242,34,15915.309386
242,35,15476.880884
242,36,15437.521611
242,37,14646.222422
242,39,14514.242202
242,41,14330.049421
243,32,16878.439239
243,33,16216.928246
243,34,15915.309386
243,35,15476.880884
243,36,15437.521611
243,37,14646.222422
243,39,14514.242202
243,41,14330.049421
244,31,22488.519764
244,32,16878.439239
244,33,16216.928246
244,34,15908.183919
244,35,15476.880884
244,36,15437.521611
244,37,14646.222422
244,39,14514.242202
244,41,14330.049421
245,31,21894.921518
245,32,16649.940706
245,33,16148.758257
245,34,15880.117804
245,35,15472.469729
245,36,15336.064614
245,37,14630.694149
245,39,14507.190443
245,41,14324.622957
246,31,21894.921518
246,32,16649.940706
246,33,16148.758257
246,34,15880.117804
246,35,15472.469729
246,36,15336.064614
246,37,14630.694149
246,39,14507.190443
246,41,14324.622957
247,31,21894.921518
247,32,16649.940706
247,33,16148.758257
247,34,15841.802404
247,35,15401.606362
247,36,15336.064614
247,37,14630.694149
247,39,14507.190443
247,41,14324.622957
248,30,21502.453140
248,32,16588.572245
248,33,16134.642535
248,34,15831.698910
248,35,15369.671290
248,36,15336.064614
248,37,14630.694149
248,39,14444.835795
248,41,14324.309949
249,30,21502.453140
249,32,16588.572245
249,33,16134.642535
249,34,15831.698910
249,35,15369.671290
249,36,15336.064614
249,37,14630.694149
249,39,14444.835795
249,41,14324.309949
250,30,21502.453140
250,32,16588.572245
250,33,16134.642535
250,34,15831.698910
250,35,15369.671290
250,36,15336.064614
250,37,14630.694149
250,39,14444.835795
250,41,14324.309949
251,30,20545.785680
251,32,16588.572245
251,33,16122.769911
251,34,15736.757552
251,35,15369.671290
251,36,15326.025963
251,37,14625.710481
251,39,14441.802879
251,41,14324.309949
252,30,20545.785680
252,32,16588.572245
252,33,16122.769911
252,34,15736.757552
252,35,15369.671290
252,36,15326.025963
252,37,14625.710481
252,38,14467.083829
252,39,14441.802879
252,40,14401.518720
252,41,14324.309949
253,30,20545.785680
253,32,16588.572245
253,33,16122.769911
253,34,15736.757552
253,35,15369.671290
253,36,15326.025963
253,37,14625.710481
253,38,14467.083829
253,39,14441.802879
253,40,14401.518720
253,41,14324.309949
254,30,20545.785680
254,31,19547.517013
254,32,16498.824080
254,33,16122.769911
254,34,15714.739009
254,35,15365.190098
254,36,15326.025963
254,37,14561.309116
254,38,14462.783161
254,39,14368.925884
254,41,14317.890528
255,30,20545.785680
255,31,17891.463657
255,32,16498.824080
255,33,16122.769911
255,34,15714.739009
255,35,15365.190098
255,36,15326.025963
255,37,14561.309116
255,38,14462.783161
255,39,14368.925884
255,41,14317.890528
256,30,20545.785680
256,31,17891.463657
256,32,16498.824080
256,33,16122.769911
256,34,15696.260958
256,35,15365.190098
256,36,15326.025963
256,37,14561.309116
256,38,14444.952754
256,39,14368.925884
256,41,14317.890528
257,30,20545.785680
257,31,17724.932956
257,32,16498.824080
257,33,16112.002548
257,34,15688.039507
257,35,15356.768399
257,36,15321.671889
257,37,14561.309116
257,38,14440.597423
257,39,14281.102014
258,30,20545.785680
258,31,17724.932956
258,32,16498.824080
258,33,16112.002548
258,34,15688.039507
258,35,15356.768399
258,36,15321.671889
258,37,14561.309116
258,38,14440.597423
258,39,14281.102014
259,30,20545.785680
259,31,17724.932956
259,32,16498.824080
259,33,16112.002548
259,34,15688.039507
259,35,15356.768399
259,36,15321.671889
259,37,14561.309116
259,38,14440.597423
259,39,14281.102014
260,30,20475.711555
260,31,17610.514242
260,32,16441.581695
260,33,16112.002548
260,34,15688.039507
260,35,15345.598140
260,36,15306.731452
260,37,14554.489875
260,38,14440.597423
260,39,14277.055851
261,30,20475.711555
261,31,17610.514242
261,32,16441.581695
261,33,16112.002548
261,34,15688.039507
261,35,15345.598140
261,36,15306.731452
261,37,14554.489875
261,38,14440.597423
261,39,14277.055851
262,30,20475.711555
262,31,17610.514242
262,32,16441.581695
262,33,16112.002548
262,34,15688.039507
262,35,15345.598140
262,36,15306.731452
262,37,14554.489875
262,38,14440.597423
262,39,14277.055851
263,30,20409.088896
263,31,17480.120017
263,32,16441.581695
263,33,16082.244368
263,34,15687.550463
263,35,15319.991212
263,36,15297.691453
263,37,14539.540946
263,38,14436.907753
263,39,14272.700519
264,30,20409.088896
264,31,17480.120017
264,32,16441.581695
264,33,16082.244368
264,34,15687.550463
264,35,15319.991212
264,36,15297.691453
264,37,14539.540946
264,38,14436.907753
264,39,14272.700519
265,30,20409.088896
265,31,17480.120017
265,32,16441.581695
265,33,16082.244368
265,34,15687.550463
265,35,15319.991212
265,36,15297.691453
265,37,14539.540946
265,38,14436.907753
265,39,14272.700519
266,30,19782.661956
266,31,17398.794307
266,32,16417.247155
266,33,16082.244368
266,34,15578.614377
266,35,15277.277551
266,36,15264.701823
266,37,14539.540946
266,38,14433.254657
266,39,14272.700519
267,30,19782.661956
267,31,17398.794307
267,32,16417.247155
267,33,16082.244368
267,34,15578.614377
267,35,15277.277551
267,36,15264.701823
267,37,14539.540946
267,38,14433.254657
267,39,14272.700519
268,30,19782.661956
268,31,17398.794307
268,32,16417.247155
268,33,16082.244368
268,34,15578.614377
268,35,15277.277551
268,36,15264.701823
268,37,14539.540946
268,38,14433.254657
268,39,14272.700519
269,30,19642.779068
269,31,17373.800753
269,32,16382.016511
269,33,16082.244368
269,34,15543.802103
269,35,15272.595806
269,36,15224.104527
269,37,14527.505399
269,38,14433.254657
269,39,14241.154454
270,30,19642.779068
270,31,17373.800753
270,32,16382.016511
270,33,16082.244368
270,34,15543.802103
270,35,15272.595806
270,36,15224.104527
270,37,14527.505399
270,38,14433.254657
270,39,14241.154454
271,30,19642.779068
271,31,17373.800753
271,32,16382.016511
271,33,16082.244368
271,34,15543.802103
271,35,15272.595806
271,36,15224.104527
271,37,14527.505399
271,38,14433.254657
271,39,14241.154454
272,30,19484.430139
272,31,17348.859185
272,32,16333.127666
272,33,16067.123794
272,34,15534.477395
272,35,15221.649552
272,37,14527.505399
272,38,14395.009977
272,39,14217.338899
273,30,19484.430139
273,31,17348.859185
273,32,16333.127666
273,33,16067.123794
273,34,15534.477395
273,35,15221.649552
273,37,14527.505399
273,38,14395.009977
273,39,14217.338899
274,30,19484.430139
274,31,17348.859185
274,32,16333.127666
274,33,16067.123794
274,34,15534.477395
274,35,15221.649552
274,37,14527.505399
274,38,14395.009977
274,39,14217.338899
275,30,19377.952996
275,31,17286.918699
275,32,16303.388398
275,33,16067.123794
275,34,15489.258311
275,35,15198.722769
275,37,14526.070662
275,38,14395.009977
275,39,14215.776185
276,30,19377.952996
276,31,17286.918699
276,32,16303.388398
276,33,16067.123794
276,34,15489.258311
276,35,15198.722769
276,37,14526.070662
276,38,14395.009977
276,39,14215.776185
277,30,19377.952996
277,31,17286.918699
277,32,16303.388398
277,33,16067.123794
277,34,15489.258311
277,35,15198.722769
277,37,14526.070662
277,38,14395.009977
277,39,14215.776185
278,30,19317.023677
278,31,17283.866150
278,32,16299.076780
278,33,16067.123794
278,34,15489.258311
278,35,15194.910843
278,36,14425.577647
278,38,14377.979612
278,39,14215.776185
279,30,19317.023677
279,31,17283.866150
279,32,16299.076780
279,33,15920.110710
279,34,15489.258311
279,35,15194.910843
279,36,14425.577647
279,37,14391.668650
279,38,14377.979612
279,39,14215.776185
280,30,19317.023677
280,31,17283.866150
280,32,16299.076780
280,33,15920.110710
280,34,15489.258311
280,35,14978.655120
280,36,14425.577647
280,37,14391.668650
280,38,14377.979612
280,39,14215.776185
281,30,19317.023677
281,31,17265.308584
281,32,16299.076780
281,33,15920.110710
281,34,15446.660029
281,35,14682.324539
281,36,14424.805092
281,37,14340.035662
281,39,14202.520111
282,30,19317.023677
282,31,17265.308584
282,32,16299.076780
282,33,15920.110710
282,34,15446.660029
282,35,14682.324539
282,36,14424.805092
282,37,14340.035662
282,39,14202.520111
283,30,19317.023677
283,31,17265.308584
283,32,16299.076780
283,33,15920.110710
283,34,15446.660029
283,35,14682.324539
283,36,14424.805092
283,37,14340.035662
283,38,14289.054131
283,39,14202.520111
284,30,18740.684069
284,31,17254.820594
284,32,16183.801228
284,33,15819.830397
284,34,15428.899654
284,35,14518.867040
284,36,14410.241907
284,37,14340.035662
284,38,14289.054131
284,39,14197.867019
285,30,18740.684069
285,31,17254.820594
285,32,16183.801228
285,33,15819.830397
285,34,15428.899654
285,35,14518.867040
285,36,14410.241907
285,37,14340.035662
285,38,14289.054131
285,39,14197.867019
286,30,18740.684069
286,31,17254.820594
286,32,16183.801228
286,33,15819.830397
286,34,15428.899654
286,35,14518.867040
286,36,14410.241907
286,37,14340.035662
286,38,14289.054131
286,39,14197.867019
287,30,18707.284532
287,31,17254.820594
287,32,16164.268453
287,33,15783.858367
287,34,15406.548452
287,35,14518.867040
287,36,14410.241907
287,37,14337.046420
287,38,14289.054131
287,39,14182.300460
288,30,18707.284532
288,31,17254.820594
288,32,16164.268453
288,33,15783.858367
288,34,15406.548452
288,35,14518.867040
288,36,14410.241907
288,37,14337.046420
288,38,14289.054131
288,39,14182.300460
289,30,18707.284532
289,31,17254.820594
289,32,16164.268453
289,33,15783.858367
289,34,15406.548452
289,35,14518.867040
289,36,14410.241907
289,37,14337.046420
289,38,14289.054131
289,39,14182.300460
290,30,18659.681073
290,31,17127.883307
290,32,16069.749900
290,33,15761.818588
290,34,15400.585931
290,35,14471.184154
290,36,14410.241907
290,37,14334.348603
290,38,14285.575034
290,39,14160.118684
291,30,18659.681073
291,31,17127.883307
291,32,16069.749900
291,33,15761.818588
291,34,15400.585931
291,35,14471.184154
291,36,14410.241907
291,37,14305.011469
291,38,14285.575034
291,39,14160.118684
292,30,18659.681073
292,31,17127.883307
292,32,16069.749900
292,33,15761.818588
292,34,15400.585931
292,35,14471.184154
292,36,14410.241907
292,37,14305.011469
292,38,14285.575034
292,39,14160.118684
293,30,18571.652900
293,31,17120.798468
293,32,16041.983247
293,33,15717.534555
293,34,15394.470135
293,35,14455.275383
293,36,14380.462931
293,37,14282.252742
293,39,14130.280782
294,30,18571.652900
294,31,17120.798468
294,32,16041.983247
294,33,15717.534555
294,34,15394.470135
294,35,14455.275383
294,36,14380.462931
294,37,14282.252742
294,39,14130.280782
294,43,14094.443702
295,30,18571.652900
295,31,17120.798468
295,32,16041.983247
295,33,15717.534555
295,34,15394.470135
295,35,14455.275383
295,36,14380.462931
295,37,14282.252742
295,39,14130.280782
295,43,14094.443702
296,30,18535.323724
296,31,17075.964836
296,32,15882.654089
296,33,15658.610776
296,34,15394.470135
296,35,14425.529233
296,36,14379.938989
296,37,14275.602816
296,39,14126.157240
296,42,14063.525872
297,30,18535.323724
297,31,17075.964836
297,32,15882.654089
297,33,15658.610776
297,34,15394.470135
297,35,14425.529233
297,36,14379.938989
297,37,14275.602816
297,39,14126.157240
297,42,14063.525872
298,30,18535.323724
298,31,17075.964836
298,32,15882.654089
298,33,15658.610776
298,34,14997.948447
298,35,14425.529233
298,36,14379.938989
298,37,14275.602816
298,39,14126.157240
298,42,14063.525872
299,30,18354.203765
299,31,16967.165639
299,32,15876.136225
299,33,15623.294727
299,34,14862.626554
299,35,14386.076562
299,36,14379.938989
299,37,14275.602816
299,39,14120.043803
299,42,14063.525872
300,30,18354.203765
300,31,16967.165639
300,32,15876.136225
300,33,15623.294727
300,34,14862.626554
300,35,14386.076562
300,36,14379.938989
300,37,14275.602816
300,39,14120.043803
300,42,14063.525872
301,30,18354.203765
301,31,16967.165639
301,32,15876.136225
301,33,15623.294727
301,34,14862.626554
301,35,14386.076562
301,36,14379.938989
301,37,14275.602816
301,39,14120.043803
301,42,14063.525872
302,30,18306.195019
302,31,16930.217705
302,32,15876.136225
302,33,15557.249127
302,34,14835.725973
302,35,14381.980263
302,36,14373.499824
302,37,14275.602816
302,39,14120.043803
302,42,14059.762091
303,30,18306.195019
303,31,16930.217705
303,32,15876.136225
303,33,15557.249127
303,34,14835.725973
303,35,14381.980263
303,36,14373.499824
303,37,14275.602816
303,39,14120.043803
303,42,14059.762091
304,30,18306.195019
304,31,16930.217705
304,32,15876.136225
304,33,15557.249127
304,34,14835.725973
304,35,14381.980263
304,36,14373.499824
304,37,14275.602816
304,38,14206.950338
304,39,14120.043803
304,42,13996.587739
305,30,18306.195019
305,31,16930.217705
305,32,15849.453677
305,33,15416.591566
305,34,14817.670322
305,35,14375.314330
305,36,14372.666749
305,37,14275.602816
305,38,14206.950338
305,39,14120.023820
305,42,13978.176698
306,30,17842.944149
306,31,16930.217705
306,32,15849.453677
306,33,15416.591566
306,34,14817.670322
306,35,14375.314330
306,36,14372.666749
306,37,14275.602816
306,38,14206.950338
306,39,14120.023820
306,42,13978.176698
307,30,17842.944149
307,31,16930.217705
307,32,15849.453677
307,33,15416.591566
307,34,14817.670322
307,35,14375.314330
307,36,14372.666749
307,37,14159.092679
307,38,14155.701600
307,39,14120.023820
307,42,13978.176698
308,30,17842.944149
308,31,16930.217705
308,32,15721.029431
308,33,15398.931112
308,34,14775.360126
308,35,14370.633376
308,37,14134.838129
308,39,14120.023820
308,42,13957.489586
309,30,17842.944149
309,31,16930.217705
309,32,15721.029431
309,33,15398.931112
309,34,14775.360126
309,35,14370.633376
309,37,14134.838129
309,39,14120.023820
309,42,13957.489586
310,30,17842.944149
310,31,16930.217705
310,32,15721.029431
310,33,15398.931112
310,34,14775.360126
310,35,14370.633376
310,37,14134.838129
310,39,14120.023820
310,42,13957.489586
311,30,17778.362628
311,31,16907.130517
311,32,15721.029431
311,33,15379.046213
311,34,14761.132743
311,35,14370.566033
311,37,14134.838129
311,38,14050.528128
311,41,13932.392082
312,30,17778.362628
312,31,16907.130517
312,32,15721.029431
312,33,15379.046213
312,34,14761.132743
312,35,14370.566033
312,37,14134.838129
312,38,14050.528128
312,41,13932.392082
313,30,17778.362628
313,31,16907.130517
313,32,15721.029431
313,33,15379.046213
313,34,14761.132743
313,35,14370.566033
313,36,14286.433174
313,37,14134.838129
313,38,14050.528128
313,41,13932.392082
314,30,17752.694770
314,31,16840.745150
314,32,15566.812139
314,33,15359.721189
314,34,14750.531911
314,35,14280.051668
314,37,14035.155100
314,41,13926.429275
315,30,17752.694770
315,31,16840.745150
315,32,15566.812139
315,33,15359.721189
315,34,14750.531911
315,35,14280.051668
315,37,14035.155100
315,41,13926.429275
316,30,17752.694770
316,31,16840.745150
316,32,15566.812139
316,33,15359.721189
316,34,14750.531911
316,35,14280.051668
316,37,14035.155100
316,41,13926.429275
317,30,17531.247578
317,31,16717.485473
317,32,15566.812139
317,33,15355.595759
317,34,14749.230911
317,35,14277.619686
317,37,14035.155100
317,41,13888.017078
318,30,17531.247578
318,31,16645.086303
318,32,15566.812139
318,33,15355.595759
318,34,14749.230911
318,35,14277.619686
318,37,14035.155100
318,41,13888.017078
319,30,17531.247578
319,31,16482.751787
319,32,15566.812139
319,33,15284.609836
319,34,14749.230911
319,35,14277.619686
319,37,14035.155100
319,41,13888.017078
320,30,17471.829940
320,31,16482.190977
320,32,15558.225259
320,33,15277.228355
320,34,14729.069328
320,35,14254.970842
320,37,14035.155100
320,41,13864.476338
321,30,17471.829940
321,31,16482.190977
321,32,15558.225259
321,33,15277.228355
321,34,14729.069328
321,35,14254.970842
321,36,14040.725186
321,37,14035.155100
321,41,13864.476338
322,30,17471.829940
322,31,16482.190977
322,32,15558.225259
322,33,15277.228355
322,34,14729.069328
322,35,14254.970842
322,36,14040.725186
322,37,14035.155100
322,41,13864.476338
323,30,17465.676454
323,31,16433.087480
323,32,15550.617048
323,33,15255.303228
323,34,14729.069328
323,35,14242.318354
323,36,14040.725186
323,37,14035.152200
323,41,13853.802438
324,30,17465.676454
324,31,16433.087480
324,32,15550.617048
324,33,15255.303228
324,34,14729.069328
324,35,14242.318354
324,36,14040.725186
324,37,14035.152200
324,41,13853.802438
325,30,17465.676454
325,31,16433.087480
325,32,15550.617048
325,33,15255.303228
325,34,14729.069328
325,35,14242.318354
325,36,14040.725186
325,37,14035.152200
325,41,13853.802438
326,30,17465.676454
326,31,16389.896965
326,32,15520.907718
326,33,15236.766081
326,34,14729.069328
326,35,14224.472631
326,36,14040.725186
326,37,13980.630454
326,41,13849.754759
