Generation,NV,TOC
1,19,7923.610392
1,21,7668.562869
1,24,7450.184044
1,26,6592.581688
1,27,6264.323812
1,32,5871.273910
1,36,5168.444365
1,42,4952.756824
1,48,4904.827057
1,50,4809.789884
1,52,4521.063891
1,55,4491.460737
1,63,4487.933790
1,65,4475.962702
1,70,4461.368424
1,72,4415.611243
2,19,7923.610392
2,21,7668.562869
2,23,7337.112934
2,26,6539.882663
2,27,6264.323812
2,29,6168.843187
2,32,5871.273910
2,33,5646.994246
2,35,5637.243451
2,36,5168.444365
2,42,4952.756824
2,44,4778.471389
2,48,4680.272745
2,51,4406.855468
3,19,7923.610392
3,21,7668.562869
3,23,7018.163815
3,26,6539.882663
3,27,6264.323812
3,29,6168.843187
3,30,5833.649976
3,31,5802.021962
3,33,5646.994246
3,34,5403.779431
3,36,5168.444365
3,42,4929.736819
3,44,4778.471389
3,46,4721.095127
3,47,4713.788847
3,48,4680.272745
3,51,4395.063192
3,58,4376.911884
4,19,7923.610392
4,21,7668.562869
4,23,7018.163815
4,26,6539.882663
4,27,6264.323812
4,29,6020.427922
4,30,5833.649976
4,31,5672.016828
4,33,5646.994246
4,34,5403.779431
4,35,5187.279084
4,36,5168.444365
4,39,4967.606673
4,40,4873.042882
4,41,4860.519976
4,44,4692.507285
4,45,4668.089939
4,47,4634.787914
4,48,4583.446039
4,49,4353.953561
5,18,10104.173328
5,19,7923.610392
5,21,7668.562869
5,23,7018.163815
5,26,6539.882663
5,27,6264.323812
5,28,6146.971797
5,29,6020.427922
5,30,5833.649976
5,31,5672.016828
5,32,5611.369032
5,33,5457.792088
5,34,5403.779431
5,35,5187.279084
5,36,5168.444365
5,39,4967.606673
5,40,4873.042882
5,41,4860.519976
5,43,4813.482193
5,44,4692.507285
5,45,4601.693896
5,47,4431.095654
5,49,4353.953561
5,56,4327.270644
5,57,4311.115911
6,18,10104.173328
6,19,7923.610392
6,21,7668.562869
6,22,7599.169642
6,23,6863.642331
6,25,6794.540588
6,26,6539.882663
6,27,6046.658881
6,29,6020.427922
6,30,5833.649976
6,31,5621.822290
6,32,5611.369032
6,33,5457.792088
6,34,5403.779431
6,35,5187.279084
6,36,5168.444365
6,37,5158.799109
6,38,5126.901080
6,39,4967.606673
6,40,4873.042882
6,41,4860.519976
6,43,4813.482193
6,44,4638.796375
6,45,4575.544517
6,47,4431.095654
6,49,4353.953561
6,54,4289.070072
6,57,4268.506911
7,18,10104.173328
7,19,7923.610392
7,20,7891.224138
7,21,7668.562869
7,22,6980.985043
7,23,6779.510912
7,26,6539.882663
7,27,6046.658881
7,29,6020.427922
7,30,5769.149770
7,31,5621.822290
7,32,5611.369032
7,33,5457.792088
7,34,5403.710287
7,35,5187.279084
7,36,5165.595579
7,37,5158.799109
7,38,5126.901080
7,39,4967.606673
7,40,4873.042882
7,41,4860.519976
7,43,4813.482193
7,44,4638.796375
7,45,4575.544517
7,47,4431.095654
7,49,4353.953561
7,54,4274.697041
7,56,4226.700905
8,18,10104.173328
8,19,7923.610392
8,20,7681.032859
8,21,7668.562869
8,22,6980.985043
8,23,6517.143974
8,27,6046.658881
8,29,6020.427922
8,30,5673.396612
8,31,5621.822290
8,32,5611.369032
8,33,5367.254787
8,35,5187.279084
8,36,5165.595579
8,37,5066.872914
8,39,4967.606673
8,40,4829.254355
8,42,4769.687348
8,43,4580.492445
8,44,4530.184048
8,46,4390.622887
8,48,4309.436675
8,54,4270.744436
8,55,4181.693414
9,18,10104.173328
9,19,7923.610392
9,20,7681.032859
9,21,7668.562869
9,22,6980.985043
9,23,6517.143974
9,27,6046.658881
9,29,6020.427922
9,30,5673.396612
9,31,5508.372340
9,33,5367.254787
9,35,5187.279084
9,36,5165.595579
9,37,5066.872914
9,38,4985.617177
9,39,4967.606673
9,40,4829.254355
9,41,4815.230844
9,42,4769.687348
9,43,4580.492445
9,44,4530.184048
9,46,4390.622887
9,48,4309.436675
9,54,4270.744436
9,55,4181.693414
10,18,9321.187677
10,19,7923.610392
10,20,7681.032859
10,21,7257.932484
10,22,6980.985043
10,23,6517.143974
10,27,6046.658881
10,29,6020.427922
10,30,5673.396612
10,31,5508.372340
10,33,5268.193018
10,35,5090.594003
10,37,5066.872914
10,38,4985.617177
10,39,4967.606673
10,40,4829.254355
10,41,4627.239593
10,43,4580.492445
10,44,4505.700986
10,46,4390.622887
10,48,4309.436675
10,52,4298.233645
10,54,4270.744436
10,55,4181.693414
11,18,9321.187677
11,19,7923.610392
11,20,7681.032859
11,21,7257.932484
11,22,6980.985043
11,23,6517.143974
11,26,6203.908375
11,27,6046.658881
11,29,6020.427922
11,30,5673.396612
11,31,5458.365220
11,33,5268.193018
11,35,5090.594003
11,36,5078.397454
11,37,4821.800439
11,40,4568.151178
11,43,4408.147118
11,45,4285.464490
11,49,4202.495022
11,54,4174.996274
12,18,9321.187677
12,19,7923.610392
12,20,7681.032859
12,21,7257.932484
12,22,6947.371939
12,23,6517.143974
12,26,6203.908375
12,27,6046.658881
12,29,6020.427922
12,30,5670.231806
12,31,5458.365220
12,32,5286.997636
12,33,5268.193018
12,34,5220.806405
12,35,5074.939387
12,36,4859.578509
12,37,4821.800439
12,40,4568.151178
12,41,4495.858662
12,43,4408.147118
12,45,4285.464490
12,47,4233.388551
12,49,4202.495022
12,54,4174.996274
13,18,9321.187677
13,19,7466.947688
13,21,7257.932484
13,22,6947.371939
13,23,6517.143974
13,26,6203.908375
13,27,6046.658881
13,29,6017.368782
13,30,5516.590695
13,31,5458.365220
13,32,5286.997636
13,33,5268.193018
13,34,5220.806405
13,35,5074.939387
13,36,4859.578509
13,37,4821.800439
13,40,4568.151178
13,41,4495.858662
13,42,4481.510217
13,43,4408.147118
13,45,4285.464490
13,47,4233.388551
13,49,4202.495022
13,54,4174.996274
14,18,9271.620656
14,19,7466.947688
14,21,7257.932484
14,22,6921.083330
14,23,6517.143974
14,25,6185.889260
14,26,6109.229634
14,27,6043.589374
14,28,5789.353549
14,30,5516.590695
14,31,5421.734742
14,32,5263.371147
14,34,5220.806405
14,35,5074.939387
14,36,4806.912554
14,37,4800.705235
14,39,4745.516015
14,40,4440.370021
14,41,4370.346511
14,45,4218.811115
14,49,4200.077573
14,53,4154.683708
15,16,7804.834692
15,18,7458.101785
15,21,7257.932484
15,22,6921.083330
15,23,6517.143974
15,24,6278.119047
15,25,6185.889260
15,26,6109.229634
15,27,6043.589374
15,28,5789.353549
15,29,5703.908477
15,30,5516.590695
15,31,5421.734742
15,32,5032.009616
15,34,4992.983620
15,36,4806.912554
15,37,4800.705235
15,38,4703.367461
15,40,4440.370021
15,41,4370.346511
15,42,4303.980713
15,45,4218.811115
15,47,4216.866962
15,49,4200.077573
15,53,4154.683708
16,16,7804.834692
16,17,7610.435661
16,18,7458.101785
16,21,7257.932484
16,22,6921.083330
16,23,6517.143974
16,24,6278.119047
16,25,6185.889260
16,26,6109.229634
16,27,5607.556327
16,30,5516.590695
16,31,5421.734742
16,32,4956.395150
16,36,4806.912554
16,37,4800.705235
16,38,4703.367461
16,40,4440.370021
16,41,4370.346511
16,42,4303.980713
16,45,4218.811115
16,47,4216.866962
16,48,4201.913086
16,49,4200.077573
16,53,4154.683708
17,16,7804.834692
17,17,7610.435661
17,18,7458.101785
17,19,6905.435531
17,21,6819.657744
17,23,6517.143974
17,24,6278.119047
17,25,6185.889260
17,26,6109.229634
17,27,5607.556327
17,30,5516.590695
17,31,5421.734742
17,32,4956.395150
17,35,4862.547662
17,36,4806.912554
17,37,4789.906679
17,38,4679.101327
17,40,4428.498065
17,41,4351.813409
17,42,4233.671815
17,44,4199.621819
17,47,4187.084949
17,53,4149.058101
18,16,7804.834692
18,17,7610.435661
18,18,7458.101785
18,19,6905.435531
18,21,6819.657744
18,23,6517.143974
18,24,6278.119047
18,25,6185.889260
18,26,6109.229634
18,27,5607.556327
18,30,5516.590695
18,31,5154.987520
18,32,4956.395150
18,35,4862.547662
18,36,4806.912554
18,37,4789.906679
18,38,4679.101327
18,40,4428.498065
18,41,4351.813409
18,42,4233.671815
18,44,4156.454542
18,53,4149.058101
19,16,7717.647698
19,17,7610.435661
19,18,7458.101785
19,19,6905.435531
19,21,6819.657744
19,22,6518.735702
19,23,6517.143974
19,24,6278.119047
19,25,5833.700134
19,26,5825.511927
19,27,5607.556327
19,28,5593.251296
19,30,5516.590695
19,31,5154.987520
19,32,4956.395150
19,35,4862.547662
19,36,4806.912554
19,37,4668.707809
19,40,4428.498065
19,41,4351.813409
19,42,4233.671815
19,44,4139.373329
20,16,7717.647698
20,17,7610.435661
20,18,7458.101785
20,19,6807.959303
20,22,6417.413088
20,24,6278.119047
20,25,5833.700134
20,26,5825.511927
20,27,5607.556327
20,28,5593.251296
20,30,5376.201911
20,31,5022.488441
20,32,4874.715470
20,33,4857.540855
20,35,4682.680643
20,36,4676.598158
20,37,4619.202900
20,40,4368.194783
20,41,4330.443374
20,42,4233.671815
20,44,4139.373329
21,16,7717.647698
21,17,7610.435661
21,18,7019.608998
21,19,6807.959303
21,21,6639.117574
21,22,6417.413088
21,24,6278.119047
21,25,5833.700134
21,26,5825.511927
21,27,5607.556327
21,28,5593.251296
21,30,5196.135147
21,31,5022.488441
21,32,4874.715470
21,33,4778.213946
21,35,4682.680643
21,36,4676.598158
21,37,4619.202900
21,40,4368.194783
21,41,4330.443374
21,42,4233.671815
21,43,4144.510606
21,44,4139.373329
22,16,7717.647698
22,17,7610.435661
22,18,7019.608998
22,19,6807.959303
22,21,6639.117574
22,22,6417.413088
22,24,6278.119047
22,25,5833.700134
22,26,5825.511927
22,27,5607.556327
22,28,5593.251296
22,30,5196.135147
22,31,5022.488441
22,32,4874.715470
22,33,4778.213946
22,35,4676.167132
22,36,4633.100993
22,37,4592.603731
22,39,4521.164297
22,40,4368.194783
22,41,4330.443374
22,42,4233.671815
22,43,4144.510606
22,44,4105.417051
22,46,4098.848413
23,16,7717.647698
23,17,7610.435661
23,18,7019.608998
23,19,6807.959303
23,20,6637.512117
23,22,6417.413088
23,24,6130.929059
23,25,5793.785215
23,27,5607.556327
23,28,5593.251296
23,30,5196.135147
23,31,4885.488889
23,32,4874.715470
23,33,4778.213946
23,35,4563.184756
23,37,4559.417011
23,39,4336.586404
23,41,4294.625771
23,42,4095.243695
24,16,7717.647698
24,17,7610.435661
24,18,7019.608998
24,19,6807.959303
24,20,6637.512117
24,22,6417.413088
24,24,6130.929059
24,25,5793.785215
24,27,5607.556327
24,28,5550.643209
24,30,5196.135147
24,31,4885.488889
24,32,4874.715470
24,33,4778.213946
24,35,4563.184756
24,36,4531.006182
24,39,4336.586404
24,41,4294.625771
24,42,4095.243695
25,16,7717.647698
25,17,7413.789011
25,18,7019.608998
25,19,6807.959303
25,20,6637.512117
25,22,6417.413088
25,24,6130.929059
25,25,5793.785215
25,27,5607.556327
25,28,5550.643209
25,30,5196.135147
25,31,4885.488889
25,32,4874.715470
25,33,4778.213946
25,34,4584.099678
25,35,4563.184756
25,36,4531.006182
25,39,4336.586404
25,41,4251.135245
25,42,4095.243695
26,16,7717.647698
26,17,7413.789011
26,18,7019.608998
26,19,6807.959303
26,20,6637.512117
26,21,6343.248930
26,24,6130.929059
26,25,5793.785215
26,27,5607.556327
26,28,5550.643209
26,30,4788.760748
26,31,4738.496783
26,34,4584.099678
26,35,4486.416906
26,39,4321.898820
26,41,4251.135245
26,42,4086.098048
27,16,7717.647698
27,17,7413.789011
27,18,7019.608998
27,19,6807.959303
27,20,6637.512117
27,21,6343.248930
27,22,6004.323399
27,25,5793.785215
27,26,5536.470922
27,27,5456.243805
27,30,4788.760748
27,31,4738.496783
27,34,4584.099678
27,35,4486.416906
27,39,4321.898820
27,41,4251.135245
27,42,4086.098048
28,16,7717.647698
28,17,7413.789011
28,18,7019.608998
28,19,6807.959303
28,20,6637.512117
28,21,6070.474078
28,22,6004.323399
28,25,5793.785215
28,26,5536.470922
28,27,5456.243805
28,28,5240.765135
28,29,5209.964314
28,30,4788.760748
28,31,4542.676044
28,35,4486.416906
28,38,4256.190081
28,41,4251.135245
28,42,4086.098048
28,46,4080.431121
29,15,8471.770369
29,16,7685.537173
29,17,7413.789011
29,18,7019.608998
29,19,6807.959303
29,20,6512.318453
29,21,6070.474078
29,22,6004.323399
29,25,5793.785215
29,26,5396.894448
29,28,5240.765135
29,29,5209.964314
29,30,4788.760748
29,31,4522.521859
29,35,4480.682634
29,38,4250.661518
29,40,4238.630154
29,42,4086.098048
29,46,4052.598747
30,15,8471.770369
30,16,7685.537173
30,17,7349.492917
30,18,7019.608998
30,19,6807.959303
30,20,6497.318244
30,21,6070.474078
30,22,6004.323399
30,25,5793.785215
30,26,5396.894448
30,28,5240.765135
30,29,5209.964314
30,30,4788.760748
30,31,4492.124432
30,35,4480.682634
30,37,4457.231967
30,38,4250.661518
30,40,4236.416784
30,42,4086.098048
30,46,4052.598747
31,15,8471.770369
31,16,7470.921986
31,17,7171.715227
31,18,7019.608998
31,19,6741.681820
31,20,6497.318244
31,21,6070.474078
31,22,6004.323399
31,25,5793.785215
31,26,5396.894448
31,28,5240.765135
31,29,5209.964314
31,30,4788.760748
31,31,4492.124432
31,35,4480.682634
31,37,4457.231967
31,38,4250.661518
31,40,4236.416784
31,42,4086.098048
31,43,4084.828692
31,46,4052.598747
32,15,8471.770369
32,16,7470.921986
32,17,7171.715227
32,18,7019.608998
32,19,6741.681820
32,20,6497.318244
32,21,6070.474078
32,22,6004.323399
32,25,5793.785215
32,26,5396.894448
32,28,5240.765135
32,29,5137.436431
32,30,4763.982166
32,31,4492.124432
32,35,4480.682634
32,37,4451.492697
32,38,4197.223630
32,41,4081.437731
32,42,4079.666711
32,46,4052.598747
33,15,8456.915789
33,16,7470.921986
33,17,7171.715227
33,18,7019.608998
33,19,6741.681820
33,20,6497.318244
33,21,6070.474078
33,22,6004.323399
33,25,5793.785215
33,26,5396.894448
33,28,5240.765135
33,29,5137.436431
33,30,4471.336775
33,33,4400.993006
33,35,4400.168627
33,38,4197.223630
33,41,4081.437731
33,42,4079.666711
33,46,4052.598747
34,15,8456.915789
34,16,7470.921986
34,17,7171.715227
34,18,6738.160902
34,20,6497.318244
34,21,6070.474078
34,22,6004.323399
34,25,5755.006351
34,26,5396.894448
34,28,5240.765135
34,29,5137.436431
34,30,4471.336775
34,33,4400.993006
34,35,4400.168627
34,38,4197.223630
34,41,4081.437731
34,42,4079.666711
34,46,4052.598747
34,49,4052.259750
35,15,8456.915789
35,16,7470.921986
35,17,7171.715227
35,18,6738.160902
35,19,5967.155634
35,25,5755.006351
35,26,5396.894448
35,28,5240.765135
35,29,5137.436431
35,30,4471.336775
35,33,4380.820261
35,37,4185.189663
35,41,4081.437731
35,42,4079.666711
35,43,4075.943553
35,45,4053.083289
35,46,4042.841494
36,15,8456.915789
36,16,7470.921986
36,17,7028.629356
36,18,6738.160902
36,19,5967.155634
36,25,5755.006351
36,26,5396.894448
36,28,5240.765135
36,29,5137.436431
36,30,4471.336775
36,31,4423.706573
36,33,4380.820261
36,35,4377.722336
36,36,4367.495916
36,37,4185.189663
36,41,4081.437731
36,42,4068.774685
36,44,4039.663298
37,15,8456.915789
37,16,7470.921986
37,17,7028.629356
37,18,6738.160902
37,19,5967.155634
37,23,5775.033022
37,25,5660.699032
37,26,5396.894448
37,28,5240.765135
37,29,5137.436431
37,30,4471.336775
37,31,4423.706573
37,33,4380.820261
37,35,4377.722336
37,36,4367.495916
37,37,4185.189663
37,41,4081.437731
37,42,4068.774685
37,43,4055.441824
37,44,4030.511434
38,15,8353.861018
38,16,7470.921986
38,17,7028.629356
38,18,6738.160902
38,19,5967.155634
38,20,5686.695942
38,25,5660.699032
38,26,4903.060371
38,30,4443.604380
38,31,4414.016761
38,33,4350.593938
38,37,4185.189663
38,40,4025.660464
38,43,3997.761620
39,15,8353.861018
39,16,7470.921986
39,17,7028.629356
39,18,6380.610297
39,19,5967.155634
39,20,5686.695942
39,24,5597.185198
39,25,5306.200527
39,26,4903.060371
39,27,4463.997397
39,28,4401.378782
39,33,4350.593938
39,36,4336.177911
39,37,4185.189663
39,40,4025.660464
39,43,3997.761620
40,15,8353.861018
40,16,7035.366888
40,17,7028.629356
40,18,6380.610297
40,19,5967.155634
40,20,5686.695942
40,24,5359.340045
40,25,5306.200527
40,26,4903.060371
40,27,4463.997397
40,28,4401.378782
40,33,4350.593938
40,36,4336.177911
40,37,4185.189663
40,38,4136.014526
40,39,4027.655056
40,40,4025.660464
40,43,3997.761620
41,15,8347.593453
41,16,7035.366888
41,17,7028.629356
41,18,6380.610297
41,19,5967.155634
41,20,5686.695942
41,24,5359.340045
41,25,5306.200527
41,26,4903.060371
41,27,4463.997397
41,28,4396.248929
41,32,4328.778736
41,33,4327.955036
41,36,4317.121808
41,37,4181.388734
41,38,4087.953238
41,39,4027.655056
41,40,4022.425521
41,42,4013.246963
41,43,3992.203182
42,15,8347.593453
42,16,7035.366888
42,17,6644.959181
42,18,6380.610297
42,19,5967.155634
42,20,5686.695942
42,23,5619.356421
42,24,5359.340045
42,25,5306.200527
42,26,4903.060371
42,27,4463.997397
42,28,4396.248929
42,32,4328.447071
42,33,4327.955036
42,36,4317.121808
42,37,4181.388734
42,38,4087.953238
42,39,4027.655056
42,40,4022.425521
42,42,4013.246963
42,43,3992.203182
43,15,8347.593453
43,16,7035.366888
43,17,6644.959181
43,18,6380.610297
43,19,5967.155634
43,20,5686.695942
43,23,5619.356421
43,24,5359.340045
43,25,5006.219337
43,26,4903.060371
43,27,4463.997397
43,28,4396.248929
43,32,4328.447071
43,33,4327.955036
43,36,4270.305299
43,37,4181.388734
43,38,4087.953238
43,39,4027.655056
43,40,4022.425521
43,42,4013.246963
43,43,3992.203182
44,15,8347.593453
44,16,7035.366888
44,17,6644.959181
44,18,5823.962452
44,20,5686.695942
44,23,5619.356421
44,24,5359.340045
44,25,5006.219337
44,26,4536.672897
44,27,4364.586730
44,32,4312.998663
44,33,4303.320053
44,36,4270.305299
44,37,4172.976171
44,38,3999.473057
44,43,3987.543454
45,15,8014.911088
45,16,7035.366888
45,17,6644.959181
45,18,5823.962452
45,20,5686.695942
45,23,5619.356421
45,24,5359.340045
45,25,4509.713746
45,27,4364.586730
45,32,4312.998663
45,33,4303.320053
45,35,4291.567757
45,36,4187.881930
45,37,4172.976171
45,38,3999.473057
45,39,3958.067401
46,15,8014.911088
46,16,7035.366888
46,17,6644.959181
46,18,5823.962452
46,20,5686.695942
46,23,5619.356421
46,24,5359.340045
46,25,4509.713746
46,27,4364.586730
46,32,4312.998663
46,33,4303.320053
46,35,4291.567757
46,36,4187.881930
46,37,4172.976171
46,38,3999.473057
46,39,3958.067401
47,15,8014.911088
47,16,7035.366888
47,17,6597.120637
47,18,5823.962452
47,20,5686.695942
47,23,5619.356421
47,24,5359.340045
47,25,4454.498694
47,27,4352.347013
47,32,4312.998663
47,33,4287.972589
47,36,4169.481037
47,38,3951.911524
48,15,8014.911088
48,16,7035.366888
48,17,6597.120637
48,18,5823.962452
48,20,5686.695942
48,23,5619.356421
48,24,4782.363455
48,25,4454.498694
48,27,4352.347013
48,32,4312.998663
48,33,4287.972589
48,36,4134.361999
48,38,3951.911524
49,15,8014.911088
49,16,7035.366888
49,17,6540.526130
49,18,5823.962452
49,20,5686.695942
49,21,5505.156008
49,24,4782.363455
49,25,4454.498694
49,27,4352.347013
49,29,4309.304009
49,33,4287.972589
49,35,4271.415585
49,36,4134.361999
49,38,3951.911524
50,15,8014.911088
50,16,7035.366888
50,17,6540.526130
50,18,5823.962452
50,20,5562.276740
50,21,5345.681643
50,24,4700.404825
50,25,4440.879447
50,27,4352.347013
50,29,4307.111523
50,31,4273.544893
50,35,4271.415585
50,36,4123.684560
50,38,3951.911524
51,15,8014.911088
51,16,7035.366888
51,17,6540.526130
51,18,5823.962452
51,19,5583.481474
51,20,5562.276740
51,21,5345.681643
51,24,4700.404825
51,25,4440.879447
51,27,4352.347013
51,28,4324.053376
51,29,4307.111523
51,31,4273.544893
51,35,4271.415585
51,36,4123.684560
51,38,3951.911524
52,15,8014.911088
52,16,7035.366888
52,17,6478.245222
52,18,5823.962452
52,19,5583.481474
52,20,5562.276740
52,21,5345.681643
52,24,4700.404825
52,25,4440.879447
52,27,4352.347013
52,28,4324.053376
52,29,4307.111523
52,31,4273.544893
52,34,4175.500318
52,36,4123.684560
52,38,3951.911524
53,15,8014.911088
53,16,7035.366888
53,17,6431.573786
53,18,5823.962452
53,19,5583.481474
53,20,5562.276740
53,21,5345.681643
53,23,5037.742729
53,24,4433.233488
53,27,4352.347013
53,28,4321.052091
53,29,4299.502617
53,31,4208.275343
53,34,4129.569153
53,36,4114.410220
53,38,3936.581841
54,15,8014.911088
54,16,7035.366888
54,17,6285.604453
54,18,5823.962452
54,19,5583.481474
54,20,5562.276740
54,21,5345.681643
54,23,4661.667697
54,24,4433.233488
54,27,4352.347013
54,28,4311.951584
54,29,4299.502617
54,31,4208.275343
54,34,4129.569153
54,36,4114.410220
54,38,3936.581841
55,15,8014.911088
55,16,7035.366888
55,17,6285.604453
55,18,5823.962452
55,19,5583.481474
55,20,5562.276740
55,21,5345.681643
55,23,4661.667697
55,24,4433.233488
55,27,4352.347013
55,28,4311.951584
55,29,4299.502617
55,31,4208.275343
55,34,4129.569153
55,36,4114.410220
55,38,3936.581841
56,15,8014.911088
56,16,7035.366888
56,17,6285.604453
56,18,5823.962452
56,19,5583.481474
56,20,5387.172297
56,21,5345.681643
56,23,4652.747776
56,24,4430.575802
56,27,4336.912568
56,28,4311.951584
56,29,4299.502617
56,31,4208.275343
56,34,4118.531045
56,35,4071.456186
56,38,3936.581841
57,15,8014.911088
57,16,7035.366888
57,17,6285.604453
57,18,5823.962452
57,19,5583.481474
57,20,5384.459427
57,21,5345.681643
57,23,4652.747776
57,24,4430.575802
57,26,4371.380237
57,27,4336.912568
57,28,4311.951584
57,29,4299.502617
57,31,4208.275343
57,34,4118.531045
57,35,4071.456186
57,38,3936.581841
58,15,8014.911088
58,16,7035.366888
58,17,6285.604453
58,18,5823.962452
58,19,5583.481474
58,20,5384.459427
58,21,5345.681643
58,23,4652.747776
58,24,4430.575802
58,26,4371.380237
58,27,4336.912568
58,28,4311.951584
58,29,4299.502617
58,31,4208.275343
58,34,4118.531045
58,35,4071.456186
58,38,3936.581841
59,15,8014.911088
59,16,7035.366888
59,17,6285.604453
59,18,5823.962452
59,19,5583.481474
59,20,5384.459427
59,21,5345.681643
59,23,4652.747776
59,24,4430.575802
59,26,4371.380237
59,27,4263.519309
59,31,4198.857666
59,32,4196.063714
59,33,4152.847050
59,34,4118.531045
59,35,4071.456186
59,38,3932.948178
60,15,8014.911088
60,16,6986.391371
60,17,6285.604453
60,18,5823.962452
60,19,5583.481474
60,20,5384.459427
60,21,5345.681643
60,23,4652.747776
60,24,4430.575802
60,26,4371.380237
60,27,4263.519309
60,31,4198.857666
60,32,4196.063714
60,33,4152.847050
60,34,4118.531045
60,35,4071.456186
60,36,4016.813676
60,38,3932.948178
61,15,8014.911088
61,16,6986.391371
61,17,6285.604453
61,18,5823.962452
61,19,5583.481474
61,20,5384.459427
61,21,5345.681643
61,23,4652.747776
61,24,4430.575802
61,26,4371.380237
61,27,4263.519309
61,31,4198.857666
61,32,4196.063714
61,33,4152.847050
61,34,4118.531045
61,35,4071.456186
61,36,4016.813676
61,38,3932.948178
62,15,8014.911088
62,16,6986.391371
62,17,6285.604453
62,18,5823.962452
62,19,5583.481474
62,20,5384.459427
62,21,5345.681643
62,23,4449.633336
62,24,4401.050590
62,26,4371.380237
62,27,4263.519309
62,31,4187.933834
62,32,4140.625052
62,33,4108.483834
62,35,4019.181222
62,36,4004.192792
62,38,3924.492807
63,15,8014.911088
63,16,6986.391371
63,17,6285.604453
63,18,5823.962452
63,19,5583.481474
63,20,5384.459427
63,21,5345.681643
63,23,4449.633336
63,24,4401.050590
63,26,4371.380237
63,27,4263.519309
63,30,4198.461964
63,31,4187.933834
63,32,4140.625052
63,33,4108.483834
63,35,4019.181222
63,36,4004.192792
63,38,3924.492807
64,15,8014.911088
64,16,6986.391371
64,17,6285.604453
64,18,5823.962452
64,19,5583.481474
64,20,5384.459427
64,21,5345.681643
64,22,4765.411751
64,23,4449.633336
64,24,4401.050590
64,26,4371.380237
64,27,4263.519309
64,30,4198.461964
64,31,4187.933834
64,32,4140.625052
64,33,4108.483834
64,35,4019.181222
64,36,4004.192792
64,38,3924.492807
65,15,8014.911088
65,16,6918.652477
65,17,6285.604453
65,18,5823.962452
65,19,5583.481474
65,20,5384.459427
65,21,5345.681643
65,22,4765.411751
65,23,4367.213653
65,27,4263.519309
65,30,4191.265048
65,31,4187.835969
65,32,4063.099643
65,35,3993.471837
65,38,3915.755006
66,15,8014.911088
66,16,6686.638652
66,17,6052.690028
66,18,5823.962452
66,19,5583.481474
66,20,5146.202484
66,22,4765.411751
66,23,4367.213653
66,27,4263.519309
66,30,4191.265048
66,31,4187.835969
66,32,4063.099643
66,35,3980.160241
66,38,3915.755006
67,15,8014.911088
67,16,6686.638652
67,17,6052.690028
67,18,5823.962452
67,19,5583.481474
67,20,5146.202484
67,22,4645.661654
67,23,4367.213653
67,27,4229.214325
67,30,4191.265048
67,31,4187.835969
67,32,4063.099643
67,33,3955.834900
67,38,3915.755006
68,15,7174.450973
68,16,6680.402242
68,17,6022.389324
68,18,5823.962452
68,19,5583.481474
68,20,5146.202484
68,21,4984.081271
68,22,4645.661654
68,23,4367.213653
68,24,4361.423086
68,27,4229.214325
68,29,4216.907870
68,30,4191.265048
68,31,4187.835969
68,32,4063.099643
68,33,3955.834900
68,38,3913.281798
69,15,7174.450973
69,16,5709.800347
69,19,5583.481474
69,20,5146.202484
69,21,4984.081271
69,22,4634.998254
69,23,4367.213653
69,24,4330.919225
69,27,4229.214325
69,29,4216.907870
69,30,4191.265048
69,31,4187.835969
69,32,4063.099643
69,33,3955.834900
69,38,3913.281798
70,15,7174.450973
70,16,5709.800347
70,18,5515.646961
70,20,4783.660208
70,22,4634.998254
70,23,4365.786890
70,24,4330.919225
70,27,4187.894598
70,30,4187.262371
70,31,4083.674304
70,32,4050.045381
70,33,3942.163000
70,38,3911.612932
71,15,6890.236260
71,16,5709.800347
71,18,5515.646961
71,19,4882.859591
71,20,4783.660208
71,22,4634.998254
71,23,4365.786890
71,24,4330.919225
71,27,4187.894598
71,30,4187.262371
71,31,4083.674304
71,32,4050.045381
71,33,3942.163000
71,38,3911.612932
72,14,7287.601414
72,15,6890.236260
72,16,5709.800347
72,18,5512.608078
72,19,4882.859591
72,20,4783.660208
72,21,4538.206086
72,23,4365.786890
72,24,4330.919225
72,27,4187.894598
72,30,4187.262371
72,31,4083.674304
72,32,4050.045381
72,33,3942.163000
72,34,3920.465019
72,38,3911.612932
73,14,7287.601414
73,15,6485.588933
73,16,5709.800347
73,18,5512.608078
73,19,4882.859591
73,20,4783.660208
73,21,4493.679484
73,23,4365.786890
73,24,4330.724434
73,27,4182.340619
73,29,4149.574250
73,31,4083.674304
73,32,3939.088390
73,34,3914.239191
73,38,3911.612932
74,14,7287.601414
74,15,6485.588933
74,16,5709.800347
74,18,5512.608078
74,19,4882.859591
74,20,4783.660208
74,21,4493.679484
74,23,4365.786890
74,24,4330.724434
74,26,4195.354006
74,27,4182.340619
74,28,4154.657838
74,29,4149.574250
74,31,4083.674304
74,32,3939.088390
74,34,3914.239191
74,38,3911.612932
75,14,7287.601414
75,15,6485.588933
75,16,5709.800347
75,17,5321.155547
75,19,4882.859591
75,20,4783.660208
75,21,4493.679484
75,23,4365.786890
75,24,4330.724434
75,25,4318.946105
75,26,4195.354006
75,27,4182.340619
75,28,4154.657838
75,29,4149.574250
75,31,4083.674304
75,32,3939.088390
75,34,3914.239191
75,38,3911.612932
76,14,7287.601414
76,15,6329.534359
76,16,5709.800347
76,17,5321.155547
76,19,4882.859591
76,20,4783.660208
76,21,4493.679484
76,22,4396.143828
76,23,4365.786890
76,24,4330.724434
76,25,4318.946105
76,26,4195.354006
76,27,4182.340619
76,28,4154.657838
76,29,4149.574250
76,31,4083.674304
76,32,3939.088390
76,34,3914.239191
76,38,3911.612932
77,14,7287.601414
77,15,6172.302721
77,16,5709.800347
77,17,5321.155547
77,19,4882.859591
77,20,4783.660208
77,21,4493.679484
77,22,4396.143828
77,23,4331.557844
77,24,4330.724434
77,25,4318.946105
77,26,4195.354006
77,27,4182.340619
77,28,4154.657838
77,29,4149.574250
77,31,4083.674304
77,32,3939.088390
77,34,3914.239191
77,38,3911.612932
78,14,7287.601414
78,15,6172.302721
78,16,5709.800347
78,17,5321.155547
78,19,4882.859591
78,20,4783.660208
78,21,4493.679484
78,22,4376.751889
78,23,4331.557844
78,24,4288.315070
78,26,4195.354006
78,27,4182.340619
78,28,4154.657838
78,29,4149.574250
78,31,4083.674304
78,32,3939.088390
78,34,3914.239191
78,38,3911.612932
79,14,7287.601414
79,15,6172.302721
79,16,5709.800347
79,17,5321.155547
79,19,4882.859591
79,20,4783.660208
79,21,4493.679484
79,22,4376.751889
79,23,4324.451974
79,24,4288.315070
79,26,4182.292713
79,27,4176.803332
79,28,4148.658532
79,29,4140.300076
79,31,4074.890047
79,32,3939.088390
79,34,3914.204187
79,38,3911.612932
80,14,7287.601414
80,15,6172.302721
80,16,5709.800347
80,17,5241.133959
80,19,4882.859591
80,20,4783.660208
80,21,4493.679484
80,22,4376.751889
80,23,4324.451974
80,24,4288.315070
80,26,4182.292713
80,27,4176.803332
80,28,4148.658532
80,29,4140.300076
80,31,4074.890047
80,32,3939.088390
80,34,3914.204187
80,38,3911.612932
80,39,3890.053353
81,14,7287.601414
81,15,6172.302721
81,16,5709.800347
81,17,5241.133959
81,18,5190.471932
81,19,4882.859591
81,20,4783.660208
81,21,4493.679484
81,22,4353.634909
81,23,4324.451974
81,24,4288.315070
81,26,4182.292713
81,27,4176.803332
81,28,4148.658532
81,29,4140.300076
81,31,4074.890047
81,32,3939.088390
81,34,3914.204187
81,38,3911.612932
81,39,3890.053353
82,14,7287.601414
82,15,6172.302721
82,16,5709.800347
82,17,5241.133959
82,18,5190.471932
82,19,4882.859591
82,20,4783.660208
82,21,4493.679484
82,22,4353.634909
82,23,4324.451974
82,24,4288.315070
82,26,4182.292713
82,27,4176.803332
82,28,4148.658532
82,29,4140.300076
82,31,4074.890047
82,32,3939.088390
82,34,3914.204187
82,38,3911.612932
82,39,3890.053353
83,14,7287.601414
83,15,6095.537896
83,16,5709.800347
83,17,5241.133959
83,18,5190.471932
83,19,4882.859591
83,20,4783.660208
83,21,4493.679484
83,22,4353.634909
83,23,4324.451974
83,24,4288.315070
83,26,4182.292713
83,27,4176.803332
83,28,4142.866274
83,29,4122.464038
83,31,3930.174630
83,33,3913.780842
83,38,3909.822103
83,39,3890.053353
84,14,7287.601414
84,15,5988.573658
84,16,5709.800347
84,17,5241.133959
84,18,5190.471932
84,19,4882.859591
84,20,4783.660208
84,21,4493.679484
84,22,4353.634909
84,23,4324.451974
84,24,4288.315070
84,26,4182.292713
84,27,4176.803332
84,28,4142.866274
84,29,4122.464038
84,31,3930.174630
84,33,3913.780842
84,38,3909.822103
84,39,3890.053353
85,14,7287.601414
85,15,5988.573658
85,16,5709.800347
85,17,5241.133959
85,18,5190.471932
85,19,4882.859591
85,20,4726.202744
85,21,4493.679484
85,22,4353.634909
85,23,4324.451974
85,24,4288.315070
85,26,4182.292713
85,27,4176.803332
85,28,4142.866274
85,29,4122.464038
85,31,3930.174630
85,33,3913.780842
85,38,3909.822103
85,39,3890.053353
86,14,7287.601414
86,15,5988.573658
86,16,5709.800347
86,17,5241.133959
86,18,5190.471932
86,19,4882.859591
86,20,4726.202744
86,21,4493.679484
86,22,4353.634909
86,23,4324.451974
86,24,4288.315070
86,25,4244.055382
86,26,4182.292713
86,27,4176.803332
86,28,4142.866274
86,29,4122.464038
86,31,3930.174630
86,33,3913.780842
86,38,3909.822103
86,39,3890.053353
87,14,7287.601414
87,15,5988.573658
87,16,5709.800347
87,17,5241.133959
87,18,5190.471932
87,19,4882.859591
87,20,4726.202744
87,21,4493.679484
87,22,4353.634909
87,23,4324.451974
87,24,4243.710159
87,25,4235.082861
87,26,4172.464061
87,28,4135.216834
87,29,4106.707722
87,31,3930.174630
87,33,3903.645801
87,34,3901.921765
87,39,3887.907054
88,14,7287.601414
88,15,5988.573658
88,16,5709.800347
88,17,5241.133959
88,18,5126.912484
88,19,4882.859591
88,20,4726.202744
88,21,4493.679484
88,22,4353.634909
88,23,4324.451974
88,24,4243.710159
88,25,4235.082861
88,26,4172.464061
88,28,4135.216834
88,29,4106.707722
88,30,4059.944555
88,31,3930.174630
88,32,3907.974895
88,33,3903.645801
88,34,3901.921765
88,39,3887.907054
89,14,7287.601414
89,15,5988.573658
89,16,5709.800347
89,17,5241.133959
89,18,5126.912484
89,19,4882.859591
89,20,4726.202744
89,21,4493.679484
89,22,4306.842832
89,23,4298.536740
89,24,4243.710159
89,25,4235.082861
89,26,4172.464061
89,28,4135.216834
89,29,4106.707722
89,30,4059.944555
89,31,3908.827187
89,32,3907.974895
89,33,3903.645801
89,34,3901.921765
89,39,3887.907054
90,14,7287.601414
90,15,5988.573658
90,16,5709.800347
90,17,5241.133959
90,18,5126.912484
90,19,4882.859591
90,20,4726.202744
90,21,4493.679484
90,22,4281.408481
90,24,4243.710159
90,25,4235.082861
90,26,4172.464061
90,28,4135.216834
90,29,4106.707722
90,30,4059.944555
90,31,3908.827187
90,32,3907.974895
90,33,3903.645801
90,34,3901.921765
90,39,3887.907054
91,14,6432.823890
91,15,5988.573658
91,16,5709.800347
91,17,5241.133959
91,18,5126.912484
91,19,4882.859591
91,20,4726.202744
91,21,4493.679484
91,22,4281.408481
91,24,4243.710159
91,25,4235.082861
91,26,4172.464061
91,28,4135.216834
91,29,4106.707722
91,30,4059.944555
91,31,3908.827187
91,32,3907.974895
91,33,3903.645801
91,34,3901.921765
91,39,3887.907054
92,14,6432.823890
92,15,5843.108847
92,16,5385.318708
92,17,5241.133959
92,18,5126.912484
92,19,4882.859591
92,20,4726.202744
92,21,4493.679484
92,22,4281.408481
92,24,4243.710159
92,25,4223.116286
92,26,4172.464061
92,28,4129.563203
92,29,4095.199670
92,30,4038.766969
92,31,3907.673691
92,32,3900.863215
92,33,3884.200321
93,14,6432.823890
93,15,5843.108847
93,16,5385.318708
93,17,5241.133959
93,18,5126.912484
93,19,4882.859591
93,20,4726.202744
93,21,4493.679484
93,22,4281.408481
93,24,4243.710159
93,25,4223.116286
93,26,4172.464061
93,28,4129.563203
93,29,4095.199670
93,30,4038.766969
93,31,3907.673691
93,32,3900.863215
93,33,3884.200321
94,14,6432.823890
94,15,5843.108847
94,16,5385.318708
94,17,5222.604172
94,18,5073.880397
94,19,4882.859591
94,20,4653.719836
94,21,4493.679484
94,22,4281.408481
94,24,4243.710159
94,25,4223.116286
94,26,4172.464061
94,28,4129.563203
94,29,4095.199670
94,30,4038.766969
94,31,3907.673691
94,32,3900.863215
94,33,3884.200321
95,13,6793.948300
95,14,6432.823890
95,15,5843.108847
95,16,5385.318708
95,17,5222.604172
95,18,5073.880397
95,19,4882.859591
95,20,4653.719836
95,21,4493.679484
95,22,4281.408481
95,24,4211.774321
95,26,4166.701508
95,28,4110.311914
95,29,4095.199670
95,30,3896.056918
95,33,3877.213123
96,13,6793.948300
96,14,6432.823890
96,15,5843.108847
96,16,5385.318708
96,17,5222.604172
96,18,5073.880397
96,19,4882.859591
96,20,4653.719836
96,21,4493.679484
96,22,4281.408481
96,24,4211.774321
96,26,4166.701508
96,28,4110.311914
96,29,4095.199670
96,30,3896.056918
96,33,3877.213123
97,13,6793.948300
97,14,6432.823890
97,15,5843.108847
97,16,5385.318708
97,17,5222.604172
97,18,5073.880397
97,19,4882.859591
97,20,4653.719836
97,21,4493.679484
97,22,4281.408481
97,24,4211.774321
97,26,4166.701508
97,28,4110.311914
97,29,4095.199670
97,30,3896.056918
97,33,3877.213123
98,13,6793.948300
98,14,6432.823890
98,15,5843.108847
98,16,5385.318708
98,17,5222.604172
98,18,5073.880397
98,19,4869.519504
98,20,4482.832824
98,21,4424.872129
98,22,4238.656324
98,24,4211.774321
98,26,4166.701508
98,28,4100.954767
98,29,4094.701132
98,30,3887.394975
98,33,3872.389315
99,13,6793.948300
99,14,6432.823890
99,15,5843.108847
99,16,5385.318708
99,17,5222.604172
99,18,5073.880397
99,19,4869.519504
99,20,4482.832824
99,21,4424.872129
99,22,4238.656324
99,24,4211.774321
99,26,4166.701508
99,28,4100.954767
99,29,4094.701132
99,30,3887.394975
99,33,3872.389315
100,13,6793.948300
100,14,6432.823890
100,15,5843.108847
100,16,5385.318708
100,17,5222.604172
100,18,5073.880397
100,19,4869.519504
100,20,4482.832824
100,21,4424.872129
100,22,4238.656324
100,24,4211.774321
100,26,4166.701508
100,28,3914.188107
100,30,3887.394975
100,33,3872.389315
101,13,6793.948300
101,14,6432.823890
101,15,5843.108847
101,16,5385.318708
101,17,5222.604172
101,18,5017.535225
101,19,4831.290525
101,20,4482.832824
101,21,4421.924471
101,22,4234.022974
101,24,4200.059950
101,26,4166.701508
101,28,3912.652731
101,30,3880.582359
101,33,3872.351216
102,13,6793.948300
102,14,6432.823890
102,15,5646.098189
102,16,5385.318708
102,17,5222.604172
102,18,5017.535225
102,19,4831.290525
102,20,4482.832824
102,21,4421.924471
102,22,4234.022974
102,24,4200.059950
102,26,4166.701508
102,28,3912.652731
102,30,3880.582359
102,33,3872.351216
103,13,6763.411848
103,14,6432.823890
103,15,5646.098189
103,16,5385.318708
103,17,5222.604172
103,18,5017.535225
103,19,4831.290525
103,20,4482.832824
103,21,4348.547416
103,22,4234.022974
103,24,4200.059950
103,26,4166.701508
103,28,3912.652731
103,30,3880.582359
103,33,3872.351216
104,13,6763.411848
104,14,6432.823890
104,15,5454.161258
104,16,5385.318708
104,17,4984.383980
104,19,4831.290525
104,20,4444.136955
104,21,4345.081075
104,22,4234.022974
104,24,4200.059950
104,25,4138.039313
104,28,3912.652731
104,30,3880.582359
104,33,3865.270351
105,13,6763.411848
105,14,6432.823890
105,15,5454.161258
105,16,5385.318708
105,17,4984.383980
105,19,4831.290525
105,20,4444.136955
105,21,4345.081075
105,22,4234.022974
105,24,4200.059950
105,25,4138.039313
105,28,3912.652731
105,30,3880.582359
105,33,3865.270351
106,13,6763.411848
106,14,6432.823890
106,15,5454.161258
106,16,5385.318708
106,17,4984.383980
106,19,4831.290525
106,20,4444.136955
106,21,4345.081075
106,22,4234.022974
106,24,4200.059950
106,25,4138.039313
106,28,3912.652731
106,30,3880.582359
106,33,3865.270351
107,13,6741.427571
107,14,5731.835297
107,15,5454.161258
107,16,5385.318708
107,17,4951.133939
107,19,4794.861057
107,20,4428.727341
107,21,4218.202886
107,23,4185.814973
107,25,4111.821314
107,28,3906.205864
107,30,3873.300519
107,33,3855.285944
108,13,6699.363964
108,14,5731.835297
108,15,5454.161258
108,16,5385.318708
108,17,4951.133939
108,18,4920.996220
108,19,4794.861057
108,20,4428.727341
108,21,4218.202886
108,23,4185.814973
108,25,4111.821314
108,28,3906.205864
108,30,3873.300519
108,33,3855.285944
109,13,6699.363964
109,14,5731.835297
109,15,5454.161258
109,16,5385.318708
109,17,4951.133939
109,18,4920.996220
109,19,4794.861057
109,20,4428.727341
109,21,4218.202886
109,23,4185.814973
109,25,4111.821314
109,28,3906.205864
109,29,3869.653770
109,33,3855.285944
110,13,6699.363964
110,14,5731.835297
110,15,5454.161258
110,16,5312.463898
110,17,4831.104511
110,19,4785.702936
110,20,4428.727341
110,21,4187.430837
110,23,4185.814973
110,25,4111.430967
110,28,3887.010850
110,29,3869.653770
110,33,3855.285944
111,13,6699.363964
111,14,5731.835297
111,15,5454.161258
111,16,5240.890436
111,17,4831.104511
111,19,4661.728257
111,20,4428.727341
111,21,4187.430837
111,23,4185.814973
111,25,4111.430967
111,27,3998.598899
111,28,3887.010850
111,29,3869.653770
111,33,3855.285944
112,13,6699.363964
112,14,5731.835297
112,15,5454.161258
112,16,5240.890436
112,17,4831.104511
112,19,4661.728257
112,20,4428.727341
112,21,4187.430837
112,23,4185.814973
112,25,4111.430967
112,27,3998.598899
112,28,3887.010850
112,29,3869.653770
112,33,3855.285944
113,13,6237.074219
113,14,5731.835297
113,15,5023.754990
113,16,4807.124523
113,19,4661.728257
113,20,4428.727341
113,21,4187.430837
113,23,4181.995144
113,25,4105.583556
113,27,3992.079321
113,28,3887.010850
113,29,3855.230511
114,13,6237.074219
114,14,5731.835297
114,15,5023.754990
114,16,4807.124523
114,19,4572.141770
114,20,4428.727341
114,21,4187.430837
114,23,4181.995144
114,25,4105.583556
114,27,3992.079321
114,28,3887.010850
114,29,3855.230511
115,13,6237.074219
115,14,5731.835297
115,15,5023.754990
115,16,4807.124523
115,19,4572.141770
115,20,4428.727341
115,21,4187.430837
115,23,4181.995144
115,24,4181.327828
115,25,4105.583556
115,27,3992.079321
115,28,3887.010850
115,29,3855.230511
116,13,6237.074219
116,14,5723.326933
116,15,5023.754990
116,16,4807.124523
116,17,4600.909928
116,19,4567.958076
116,20,4425.340213
116,21,4174.294145
116,25,4052.171852
116,27,3992.079321
116,28,3887.010850
116,29,3855.153599
117,13,6237.074219
117,14,5723.326933
117,15,5023.754990
117,16,4807.124523
117,17,4600.909928
117,18,4559.796282
117,20,4425.340213
117,21,4174.294145
117,25,4052.171852
117,27,3992.079321
117,28,3887.010850
117,29,3855.153599
118,13,6071.993113
118,14,5665.248130
118,15,5023.754990
118,16,4807.124523
118,17,4600.909928
118,18,4559.796282
118,20,4425.340213
118,21,4174.294145
118,25,4052.171852
118,27,3992.079321
118,28,3887.010850
118,29,3855.153599
119,13,6071.993113
119,14,5491.345213
119,15,4825.311045
119,16,4759.241145
119,17,4596.191491
119,18,4559.796282
119,20,4420.156378
119,21,4168.261795
119,25,4045.004190
119,27,3986.589079
119,28,3884.397122
119,29,3855.153599
120,13,5603.782427
120,14,5491.345213
120,15,4825.311045
120,16,4759.241145
120,17,4596.191491
120,18,4559.796282
120,20,4420.156378
120,21,4168.261795
120,24,4144.393408
120,25,4045.004190
120,27,3986.589079
120,28,3884.397122
120,29,3855.153599
121,13,5603.782427
121,14,5491.345213
121,15,4825.311045
121,16,4759.241145
121,17,4596.191491
121,18,4559.796282
121,19,4505.686774
121,20,4420.156378
121,21,4168.261795
121,24,4144.393408
121,25,4045.004190
121,27,3986.589079
121,28,3884.397122
121,29,3855.153599
122,13,5603.782427
122,14,5491.345213
122,15,4825.311045
122,16,4759.241145
122,17,4588.713831
122,18,4518.431108
122,19,4473.555021
122,20,4420.156378
122,21,4156.992953
122,24,4017.731670
122,26,3962.518423
122,28,3875.135270
122,29,3855.153599
123,13,5603.782427
123,14,5491.345213
123,15,4825.311045
123,16,4759.241145
123,17,4588.713831
123,18,4518.431108
123,19,4473.555021
123,20,4345.023806
123,21,4140.221362
123,23,4084.043525
123,24,4017.731670
123,26,3962.518423
123,28,3875.135270
123,29,3855.153599
123,31,3845.348209
124,13,5603.782427
124,14,5491.345213
124,15,4825.311045
124,16,4578.576786
124,18,4518.431108
124,19,4473.555021
124,20,4345.023806
124,21,4140.221362
124,23,4084.043525
124,24,4017.731670
124,26,3962.518423
124,28,3875.135270
124,29,3855.153599
124,31,3845.348209
125,13,5567.504367
125,14,5491.345213
125,15,4825.311045
125,16,4578.576786
125,18,4518.431108
125,19,4473.555021
125,20,4324.050578
125,21,4140.221362
125,22,4080.704052
125,24,4017.731670
125,26,3956.953404
125,28,3875.135270
125,29,3839.663495
125,30,3835.957451
126,13,5546.397839
126,14,5491.345213
126,15,4825.311045
126,16,4578.576786
126,18,4518.431108
126,19,4473.555021
126,20,4324.050578
126,21,4140.221362
126,22,4080.704052
126,24,4017.731670
126,26,3944.334870
126,28,3875.135270
126,29,3839.663495
126,30,3835.957451
127,13,5505.705960
127,14,5491.345213
127,15,4825.311045
127,16,4578.576786
127,18,4518.431108
127,19,4473.555021
127,20,4324.050578
127,21,4140.221362
127,22,4080.704052
127,24,4017.731670
127,26,3944.334870
127,28,3875.135270
127,29,3839.663495
127,30,3835.957451
128,13,5505.705960
128,14,5491.345213
128,15,4825.311045
128,16,4578.576786
128,18,4516.555321
128,19,4466.163294
128,20,4296.523145
128,21,4140.221362
128,22,4075.339145
128,24,4016.990515
128,26,3940.712619
128,28,3875.135270
128,29,3833.115000
128,30,3809.432140
129,13,5505.705960
129,14,5236.836287
129,15,4825.311045
129,16,4578.576786
129,18,4516.555321
129,19,4466.163294
129,20,4296.523145
129,21,4140.221362
129,22,4058.328166
129,24,4016.990515
129,26,3940.712619
129,28,3875.135270
129,29,3833.115000
129,30,3809.432140
130,13,5505.705960
130,14,5236.836287
130,15,4825.311045
130,16,4578.576786
130,18,4516.555321
130,19,4466.163294
130,20,4296.523145
130,21,4140.221362
130,22,4058.328166
130,24,4016.990515
130,26,3940.712619
130,28,3875.135270
130,29,3833.115000
130,30,3809.432140
131,13,5505.705960
131,14,5236.836287
131,15,4825.311045
131,16,4578.576786
131,18,4516.555321
131,19,4452.772604
131,20,4296.523145
131,21,4140.221362
131,22,4058.328166
131,24,4015.826175
131,26,3939.970523
131,28,3875.135270
131,29,3807.554123
132,13,5505.705960
132,14,5236.836287
132,15,4825.311045
132,16,4536.826646
132,18,4516.555321
132,19,4452.772604
132,20,4296.523145
132,21,4140.221362
132,22,4058.328166
132,24,4015.826175
132,26,3939.970523
132,28,3875.135270
132,29,3807.554123
133,12,5694.576247
133,13,5505.705960
133,14,5236.836287
133,15,4825.311045
133,16,4535.667245
133,18,4516.555321
133,19,4452.772604
133,20,4296.523145
133,21,4140.221362
133,22,4058.328166
133,24,4015.826175
133,26,3939.970523
133,28,3875.135270
133,29,3807.554123
134,12,5694.576247
134,13,5505.705960
134,14,5236.836287
134,15,4825.311045
134,16,4535.667245
134,18,4516.555321
134,19,4450.392354
134,20,4290.429957
134,21,4140.221362
134,22,4058.328166
134,24,4015.826175
134,26,3939.970523
134,28,3875.135270
134,29,3807.155280
135,12,5694.576247
135,13,5505.705960
135,14,5234.140201
135,15,4756.680595
135,16,4535.667245
135,18,4516.555321
135,19,4450.392354
135,20,4290.429957
135,21,4140.221362
135,22,4058.328166
135,24,4015.826175
135,26,3939.970523
135,28,3875.135270
135,29,3781.989077
136,12,5694.576247
136,13,5236.624645
136,14,5167.090551
136,15,4756.680595
136,16,4535.667245
136,17,4500.696746
136,19,4447.759088
136,20,4290.429957
136,21,4140.221362
136,22,4058.328166
136,24,4015.826175
136,26,3939.970523
136,28,3875.135270
136,29,3781.989077
137,12,5694.576247
137,13,5176.899740
137,14,5167.090551
137,15,4689.195235
137,16,4535.667245
137,17,4500.361256
137,19,4447.759088
137,20,4280.622891
137,21,4140.221362
137,22,4058.328166
137,24,4015.826175
137,26,3939.970523
137,28,3875.135270
137,29,3780.224618
138,12,5694.576247
138,13,5080.492570
138,15,4689.195235
138,16,4535.667245
138,17,4500.361256
138,19,4447.759088
138,20,4280.622891
138,21,4140.221362
138,22,4058.328166
138,24,4015.826175
138,26,3939.970523
138,28,3875.135270
138,29,3780.224618
139,12,5694.576247
139,13,5080.492570
139,14,5004.491384
139,15,4689.195235
139,16,4535.667245
139,17,4500.361256
139,18,4454.013773
139,19,4447.759088
139,20,4280.622891
139,21,4140.221362
139,22,4058.328166
139,24,4015.826175
139,26,3939.970523
139,28,3875.135270
139,29,3780.224618
140,12,5694.576247
140,13,5080.492570
140,14,5004.491384
140,15,4689.195235
140,16,4535.667245
140,17,4500.361256
140,18,4454.013773
140,19,4365.996747
140,20,4274.071765
140,21,4104.966999
140,22,4048.802230
140,24,4015.826175
140,26,3901.770638
140,28,3875.135270
140,29,3779.681990
141,12,5694.576247
141,13,5080.492570
141,14,4906.295077
141,15,4689.195235
141,16,4535.667245
141,17,4500.361256
141,18,4454.013773
141,19,4365.996747
141,20,4274.071765
141,21,4104.966999
141,22,4048.802230
141,24,4015.826175
141,26,3901.770638
141,28,3875.135270
141,29,3779.681990
142,12,5694.576247
142,13,5080.492570
142,14,4906.295077
142,15,4689.195235
142,16,4535.667245
142,17,4500.361256
142,18,4454.013773
142,19,4365.996747
142,20,4274.071765
142,21,4104.966999
142,22,4048.802230
142,24,4015.826175
142,26,3901.770638
142,28,3875.135270
142,29,3779.681990
143,12,5694.576247
143,13,5080.492570
143,14,4794.541352
143,15,4689.195235
143,16,4535.667245
143,17,4500.361256
143,18,4454.013773
143,19,4365.996747
143,20,4274.071765
143,21,4091.269846
143,22,4043.613470
143,24,4001.834151
143,25,3956.629101
143,26,3898.993717
143,28,3874.607680
143,29,3779.411863
144,12,5694.576247
144,13,5080.492570
144,14,4794.541352
144,15,4689.195235
144,16,4535.667245
144,17,4500.361256
144,18,4454.013773
144,19,4365.996747
144,20,4274.071765
144,21,4091.269846
144,22,4043.613470
144,24,4001.834151
144,25,3956.629101
144,26,3898.993717
144,28,3874.607680
144,29,3779.411863
145,12,5694.576247
145,13,4707.909692
145,15,4689.195235
145,16,4513.604381
145,17,4500.361256
145,18,4454.013773
145,19,4365.996747
145,20,4274.071765
145,21,4091.269846
145,22,4043.613470
145,24,4001.834151
145,25,3956.629101
145,26,3898.993717
145,28,3818.224181
145,29,3779.411863
146,12,5694.576247
146,13,4707.909692
146,15,4689.195235
146,16,4513.604381
146,17,4500.361256
146,18,4454.013773
146,19,4362.742433
146,20,4265.428618
146,21,4091.269846
146,22,4035.758660
146,24,4001.834151
146,25,3944.010890
146,26,3898.993717
146,28,3814.857342
146,29,3779.411863
147,12,5694.576247
147,13,4707.909692
147,15,4641.732565
147,16,4474.027928
147,18,4454.013773
147,19,4362.742433
147,20,4265.428618
147,21,4091.269846
147,22,4035.758660
147,24,4001.834151
147,25,3944.010890
147,26,3898.993717
147,28,3814.857342
147,29,3779.411863
148,12,5694.576247
148,13,4707.909692
148,15,4613.911328
148,16,4474.027928
148,17,4460.133631
148,18,4454.013773
148,19,4362.742433
148,20,4265.428618
148,21,4091.269846
148,22,4035.758660
148,24,4001.834151
148,25,3944.010890
148,26,3898.993717
148,27,3848.268406
148,28,3814.857342
148,29,3779.411863
149,12,5694.576247
149,13,4707.909692
149,15,4593.929917
149,16,4474.027928
149,17,4460.133631
149,18,4454.013773
149,19,4360.382367
149,20,4265.428618
149,21,4091.269846
149,22,4030.357190
149,24,3996.942056
149,25,3944.010890
149,26,3888.091795
149,27,3846.138676
149,28,3814.857342
149,29,3779.411863
150,12,5559.994590
150,13,4707.909692
150,15,4593.929917
150,16,4474.027928
150,17,4445.564844
150,19,4360.382367
150,20,4265.428618
150,21,4091.269846
150,22,4030.357190
150,24,3996.942056
150,25,3944.010890
150,26,3888.091795
150,27,3846.138676
150,28,3814.857342
150,29,3779.411863
151,12,5559.994590
151,13,4707.909692
151,15,4593.929917
151,16,4474.027928
151,17,4445.564844
151,19,4360.382367
151,20,4265.428618
151,21,4091.269846
151,22,4030.357190
151,24,3996.942056
151,25,3944.010890
151,26,3888.091795
151,27,3846.138676
151,28,3814.857342
151,29,3779.411863
152,12,5002.799402
152,13,4707.909692
152,15,4593.929917
152,16,4474.027928
152,17,4445.564844
152,19,4360.382367
152,20,4265.428618
152,21,4090.394941
152,22,4030.357190
152,24,3995.860119
152,25,3893.552074
152,26,3886.508466
152,27,3846.138676
152,28,3814.857342
152,29,3779.411863
153,12,5002.799402
153,13,4707.909692
153,15,4540.797338
153,16,4474.027928
153,17,4445.564844
153,19,4360.382367
153,20,4265.428618
153,21,4090.394941
153,22,4030.357190
153,24,3995.860119
153,25,3893.552074
153,26,3886.508466
153,27,3846.138676
153,28,3814.857342
153,29,3779.411863
154,12,5002.799402
154,13,4707.909692
154,15,4540.797338
154,16,4474.027928
154,17,4411.098638
154,19,4360.382367
154,20,4265.428618
154,21,4090.394941
154,22,4030.357190
154,24,3995.860119
154,25,3893.552074
154,26,3886.508466
154,27,3846.138676
154,28,3814.857342
154,29,3779.411863
155,12,5002.799402
155,13,4707.909692
155,15,4540.797338
155,16,4474.027928
155,17,4411.098638
155,19,4360.382367
155,20,4257.106408
155,21,4082.787688
155,22,4030.357190
155,24,3995.860119
155,25,3893.552074
155,26,3835.510054
155,28,3814.206208
155,29,3777.695373
156,12,5002.799402
156,13,4707.909692
156,15,4540.797338
156,16,4474.027928
156,17,4411.098638
156,19,4360.382367
156,20,4257.106408
156,21,4082.787688
156,22,4030.357190
156,24,3995.860119
156,25,3893.552074
156,26,3835.510054
156,28,3814.206208
156,29,3777.695373
157,12,5002.799402
157,13,4707.909692
157,14,4701.230971
157,15,4540.797338
157,16,4463.966890
157,17,4411.098638
157,19,4360.382367
157,20,4257.106408
157,21,4082.787688
157,22,4030.357190
157,24,3995.860119
157,25,3893.552074
157,26,3835.510054
157,28,3814.206208
157,29,3777.695373
158,12,5002.799402
158,13,4707.909692
158,14,4701.230971
158,15,4540.797338
158,16,4463.966890
158,17,4391.781001
158,19,4359.778205
158,20,4247.178797
158,21,4082.787688
158,22,4030.357190
158,24,3984.798328
158,25,3893.552074
158,26,3835.510054
158,28,3814.206208
158,29,3777.695373
159,12,5002.799402
159,13,4689.082178
159,15,4540.797338
159,16,4463.966890
159,17,4391.781001
159,19,4359.778205
159,20,4247.178797
159,21,4082.787688
159,22,4030.357190
159,24,3984.798328
159,25,3893.552074
159,26,3835.510054
159,28,3814.206208
159,29,3777.695373
160,12,5002.799402
160,13,4689.082178
160,14,4607.506351
160,15,4540.797338
160,16,4463.966890
160,17,4391.781001
160,19,4359.778205
160,20,4247.178797
160,21,4082.787688
160,22,4030.357190
160,24,3984.798328
160,25,3893.552074
160,26,3835.510054
160,28,3814.206208
160,29,3777.695373
161,12,5002.799402
161,13,4689.082178
161,14,4607.506351
161,15,4540.797338
161,16,4463.966890
161,17,4391.781001
161,19,4359.778205
161,20,4247.178797
161,21,4081.928523
161,22,4030.357190
161,23,4008.100528
161,24,3984.798328
161,25,3893.552074
161,26,3823.414022
161,28,3771.375801
162,12,5002.799402
162,13,4689.082178
162,14,4607.506351
162,15,4540.797338
162,16,4463.966890
162,17,4391.781001
162,19,4359.778205
162,20,4247.178797
162,21,4081.928523
162,22,4030.357190
162,23,4008.100528
162,24,3984.798328
162,25,3893.552074
162,26,3823.414022
162,28,3771.375801
163,12,5002.799402
163,13,4661.883646
163,14,4607.506351
163,15,4540.797338
163,16,4463.966890
163,17,4391.781001
163,19,4337.416704
163,20,4247.178797
163,21,4081.928523
163,22,4030.357190
163,23,4008.100528
163,24,3984.798328
163,25,3893.552074
163,26,3823.414022
163,28,3771.375801
164,12,4985.090069
164,13,4624.621591
164,14,4607.506351
164,15,4540.797338
164,16,4463.966890
164,17,4383.170799
164,19,4221.317255
164,21,4081.928523
164,22,4029.031025
164,23,4007.657071
164,24,3984.798328
164,25,3893.552074
164,26,3815.991980
164,28,3771.375801
165,12,4985.090069
165,13,4624.621591
165,14,4607.506351
165,15,4540.797338
165,16,4430.068066
165,17,4383.170799
165,19,4221.317255
165,21,4081.928523
165,22,4029.031025
165,23,4007.657071
165,24,3984.798328
165,25,3893.552074
165,26,3815.991980
165,28,3771.375801
165,29,3755.523627
166,12,4985.090069
166,13,4624.621591
166,14,4607.506351
166,15,4508.730275
166,16,4430.068066
166,17,4383.170799
166,19,4221.317255
166,21,4081.928523
166,22,4029.031025
166,23,4007.657071
166,24,3984.798328
166,25,3893.552074
166,26,3815.991980
166,28,3771.375801
166,29,3755.523627
166,30,3752.995414
167,12,4985.090069
167,13,4624.621591
167,14,4607.506351
167,15,4508.730275
167,16,4430.068066
167,17,4383.170799
167,19,4221.317255
167,21,4081.689559
167,22,4029.031025
167,23,4007.657071
167,24,3984.095125
167,25,3892.682178
167,26,3806.074973
167,28,3765.785233
167,29,3752.027534
168,12,4985.090069
168,13,4624.621591
168,14,4565.575260
168,15,4508.730275
168,16,4430.068066
168,17,4383.170799
168,19,4221.317255
168,21,4081.689559
168,22,4029.031025
168,23,4007.657071
168,24,3984.095125
168,25,3892.682178
168,26,3806.074973
168,28,3765.785233
168,29,3752.027534
169,12,4985.090069
169,13,4624.621591
169,14,4565.575260
169,15,4508.730275
169,16,4430.068066
169,17,4383.170799
169,18,4367.383923
169,19,4221.317255
169,21,4081.689559
169,22,4029.031025
169,23,4007.657071
169,24,3984.095125
169,25,3892.682178
169,26,3806.074973
169,28,3765.785233
169,29,3752.027534
170,12,4936.645212
170,13,4622.225731
170,14,4565.575260
170,15,4508.730275
170,16,4398.394244
170,17,4383.170799
170,18,4353.848194
170,19,4221.317255
170,21,4079.802230
170,22,4029.031025
170,23,4007.657071
170,24,3984.095125
170,25,3892.682178
170,26,3806.074973
170,28,3756.363282
170,29,3752.027534
171,12,4677.731431
171,13,4622.225731
171,14,4565.575260
171,15,4508.730275
171,16,4395.311206
171,17,4383.170799
171,18,4353.848194
171,19,4221.317255
171,21,4079.802230
171,22,4029.031025
171,23,4007.657071
171,24,3984.095125
171,25,3892.682178
171,26,3806.074973
171,28,3756.363282
171,29,3752.027534
172,12,4677.731431
172,13,4622.225731
172,14,4548.288461
172,15,4508.730275
172,16,4395.311206
172,17,4383.170799
172,18,4353.848194
172,19,4221.317255
172,21,4079.802230
172,22,4029.031025
172,23,4007.657071
172,24,3984.095125
172,25,3892.682178
172,26,3806.074973
172,28,3756.363282
172,29,3752.027534
173,12,4677.731431
173,13,4622.225731
173,14,4548.288461
173,15,4508.730275
173,16,4394.867616
173,17,4383.170799
173,18,4353.848194
173,19,4221.317255
173,21,4053.085493
173,22,4029.031025
173,23,3871.313853
173,26,3806.074973
173,28,3752.897788
173,29,3750.840445
174,12,4677.731431
174,13,4622.225731
174,14,4548.288461
174,15,4508.730275
174,16,4394.867616
174,17,4383.170799
174,18,4353.848194
174,19,4221.317255
174,21,4053.085493
174,22,4029.031025
174,23,3871.313853
174,26,3806.074973
174,28,3752.897788
174,29,3750.840445
175,12,4676.279038
175,13,4622.225731
175,14,4507.770420
175,16,4369.587459
175,18,4353.848194
175,19,4221.317255
175,21,4024.154814
175,23,3871.313853
175,26,3806.074973
175,28,3752.897788
175,29,3750.840445
176,12,4676.279038
176,13,4590.623185
176,14,4488.782222
176,16,4365.795758
176,18,4351.874698
176,19,4219.129720
176,21,4020.344042
176,23,3869.620483
176,26,3806.074973
176,28,3750.167089
177,12,4676.279038
177,13,4590.623185
177,14,4488.782222
177,16,4365.795758
177,18,4351.874698
177,19,4219.129720
177,21,4020.344042
177,23,3869.620483
177,26,3806.074973
177,28,3750.167089
177,29,3743.485510
178,12,4676.279038
178,13,4548.854695
178,14,4488.782222
178,16,4365.795758
178,18,4351.874698
178,19,4219.129720
178,21,4020.344042
178,23,3869.620483
178,26,3806.074973
178,28,3750.167089
178,29,3743.485510
179,12,4676.279038
179,13,4548.854695
179,14,4488.782222
179,16,4359.964661
179,18,4351.874698
179,19,4219.129720
179,20,4088.446490
179,21,4020.344042
179,23,3869.620483
179,26,3804.556024
179,28,3750.167089
179,29,3743.485510
180,12,4676.279038
180,13,4548.854695
180,14,4476.154762
180,16,4359.964661
180,18,4351.874698
180,19,4219.129720
180,20,4088.446490
180,21,4020.344042
180,23,3869.620483
180,26,3804.556024
180,28,3750.167089
180,29,3743.485510
181,12,4676.279038
181,13,4548.854695
181,14,4476.154762
181,16,4359.964661
181,17,4338.320270
181,19,4219.129720
181,20,4088.446490
181,21,4020.344042
181,23,3869.620483
181,26,3804.556024
181,28,3750.167089
181,29,3743.485510
182,12,4503.468133
182,14,4476.154762
182,16,4340.244895
182,17,4301.169441
182,19,4219.129720
182,20,3997.635081
182,23,3869.620483
182,26,3804.556024
182,28,3747.082946
182,29,3743.485510
183,12,4503.468133
183,13,4428.121733
183,16,4340.244895
183,17,4301.169441
183,19,4219.129720
183,20,3997.635081
183,23,3869.620483
183,26,3804.556024
183,28,3747.082946
183,29,3743.485510
184,12,4503.468133
184,13,4428.121733
184,16,4338.215961
184,17,4301.169441
184,19,4219.129720
184,20,3997.635081
184,23,3869.620483
184,26,3804.556024
184,28,3747.082946
184,29,3743.485510
185,12,4503.468133
185,13,4428.121733
185,16,4338.059870
185,17,4270.486864
185,19,4206.089958
185,20,3997.635081
185,21,3992.290520
185,23,3869.620483
185,26,3804.556024
185,28,3747.082946
185,29,3742.926916
186,12,4503.468133
186,13,4392.826693
186,16,4338.059870
186,17,4270.486864
186,19,4206.089958
186,20,3997.635081
186,21,3992.290520
186,23,3869.620483
186,26,3804.556024
186,28,3747.082946
186,29,3742.926916
187,12,4503.468133
187,13,4392.826693
187,16,4338.059870
187,17,4270.486864
187,19,4206.089958
187,20,3997.635081
187,21,3992.290520
187,23,3869.620483
187,26,3804.556024
187,28,3747.082946
187,29,3742.926916
188,12,4503.468133
188,13,4392.826693
188,14,4325.739605
188,17,4255.267012
188,19,4197.225579
188,20,3997.590292
188,21,3992.290520
188,23,3869.350612
188,26,3801.860750
188,28,3741.921479
188,29,3741.132065
189,12,4503.468133
189,13,4392.826693
189,14,4325.739605
189,16,4314.068217
189,17,4255.267012
189,19,4197.225579
189,20,3997.590292
189,21,3992.290520
189,23,3869.350612
189,26,3801.860750
189,28,3741.921479
189,29,3741.132065
190,12,4503.468133
190,13,4392.826693
190,14,4325.739605
190,16,4314.068217
190,17,4255.267012
190,19,4197.225579
190,20,3997.590292
190,21,3992.290520
190,23,3869.350612
190,26,3801.860750
190,28,3741.921479
190,29,3741.132065
191,12,4503.468133
191,13,4392.826693
191,14,4321.791247
191,16,4314.068217
191,17,4255.267012
191,19,4097.565271
191,20,3997.588384
191,21,3992.290520
191,23,3868.171228
191,26,3800.956286
191,28,3741.921479
191,29,3741.132065
192,12,4503.468133
192,13,4392.826693
192,14,4321.791247
192,15,4311.790909
192,16,4251.963518
192,17,4223.647130
192,19,4097.565271
192,20,3997.588384
192,21,3974.180143
192,23,3868.171228
192,26,3800.956286
192,28,3741.921479
192,29,3741.132065
193,12,4503.468133
193,13,4392.826693
193,14,4321.791247
193,15,4311.790909
193,16,4251.963518
193,17,4223.647130
193,19,4097.565271
193,20,3997.588384
193,21,3974.180143
193,23,3868.171228
193,26,3800.956286
193,28,3741.921479
193,29,3741.132065
194,12,4503.468133
194,13,4384.027789
194,14,4321.791247
194,15,4311.790909
194,16,4251.963518
194,17,4223.647130
194,19,4089.861898
194,20,3987.168468
194,21,3974.180143
194,23,3868.171228
194,26,3800.956286
194,28,3726.414041
195,12,4503.468133
195,13,4384.027789
195,14,4321.791247
195,15,4303.408561
195,16,4251.963518
195,17,4223.647130
195,19,4089.861898
195,20,3987.168468
195,21,3974.180143
195,23,3868.171228
195,26,3800.956286
195,28,3726.414041
196,12,4503.468133
196,13,4384.027789
196,14,4321.791247
196,15,4303.408561
196,16,4207.941131
196,19,4089.861898
196,20,3965.973759
196,23,3868.171228
196,26,3800.956286
196,28,3726.414041
197,12,4487.900976
197,13,4319.220149
197,15,4303.408561
197,16,4191.975234
197,19,4089.861898
197,20,3965.973759
197,23,3866.614082
197,26,3793.146631
197,28,3726.414041
198,12,4487.900976
198,13,4319.220149
198,15,4303.408561
198,16,4191.975234
198,19,4089.861898
198,20,3965.973759
198,23,3866.614082
198,26,3793.146631
198,28,3726.414041
199,12,4487.900976
199,13,4319.220149
199,14,4318.452420
199,15,4303.408561
199,16,4191.975234
199,19,4089.861898
199,20,3965.973759
199,23,3866.614082
199,26,3793.146631
199,28,3726.414041
200,12,4487.900976
200,13,4319.220149
200,14,4318.452420
200,15,4303.408561
200,16,4173.172755
200,19,4089.861898
200,20,3961.312782
200,23,3866.614082
200,26,3789.871869
200,28,3726.414041
201,12,4440.583669
201,13,4319.220149
201,14,4318.452420
201,15,4303.408561
201,16,4173.172755
201,19,4089.861898
201,20,3961.312782
201,23,3866.614082
201,26,3789.871869
201,28,3726.414041
202,12,4440.583669
202,13,4319.220149
202,14,4318.452420
202,15,4303.408561
202,16,4173.172755
202,19,4089.861898
202,20,3961.312782
202,23,3866.614082
202,26,3789.871869
202,28,3726.414041
203,12,4427.790546
203,13,4319.220149
203,14,4318.452420
203,15,4303.408561
203,16,4171.765588
203,19,4044.992095
203,20,3961.312782
203,23,3856.796688
203,26,3789.871869
203,28,3726.414041
204,12,4427.790546
204,13,4319.220149
204,14,4318.452420
204,15,4303.408561
204,16,4171.765588
204,18,4148.726237
204,19,3965.114223
204,20,3961.312782
204,23,3856.796688
204,26,3789.871869
204,28,3726.414041
205,12,4427.790546
205,13,4319.220149
205,14,4318.452420
205,15,4303.408561
205,16,4171.765588
205,18,4148.726237
205,19,3965.114223
205,20,3961.312782
205,23,3856.796688
205,26,3789.871869
205,28,3726.414041
206,12,4427.790546
206,13,4295.612510
206,16,4160.984062
206,18,4140.565746
206,19,3965.114223
206,20,3961.312782
206,23,3856.796688
206,26,3789.653528
206,28,3724.325007
207,12,4427.790546
207,13,4295.612510
207,14,4265.066328
207,16,4160.984062
207,17,4153.924071
207,18,4140.565746
207,19,3965.114223
207,20,3961.312782
207,23,3856.796688
207,26,3789.653528
207,28,3724.325007
208,12,4427.790546
208,13,4295.612510
208,14,4251.015483
208,16,4160.984062
208,17,4153.924071
208,18,4140.565746
208,19,3965.114223
208,20,3961.312782
208,23,3856.796688
208,26,3789.653528
208,28,3724.325007
209,12,4427.790546
209,13,4287.446170
209,14,4229.217393
209,16,4160.984062
209,17,4138.007935
209,18,4135.026099
209,19,3965.114223
209,20,3961.312782
209,23,3856.796688
209,26,3789.653528
209,28,3724.325007
210,12,4427.790546
210,13,4287.446170
210,14,4229.217393
210,16,4142.870270
210,17,4138.007935
210,18,4135.026099
210,19,3965.114223
210,20,3961.312782
210,23,3856.796688
210,26,3789.653528
210,28,3724.325007
210,30,3715.238737
211,12,4427.790546
211,13,4287.446170
211,14,4229.217393
211,15,4219.144321
211,16,4142.870270
211,17,4138.007935
211,18,4135.026099
211,19,3965.114223
211,20,3956.856229
211,22,3956.223442
211,23,3856.796688
211,26,3789.653528
211,28,3724.325007
211,30,3715.238737
212,12,4328.509543
212,13,4287.446170
212,14,4229.217393
212,15,4219.144321
212,16,4127.752465
212,19,3965.114223
212,20,3956.856229
212,22,3954.503575
212,23,3855.186042
212,26,3789.653528
212,28,3724.325007
212,30,3710.615949
213,12,4244.976762
213,13,4234.018168
213,14,4229.217393
213,15,4181.223407
213,16,4127.752465
213,19,3965.114223
213,20,3956.856229
213,22,3936.550842
213,23,3855.186042
213,26,3789.653528
213,28,3724.325007
213,30,3710.615949
214,12,4244.976762
214,13,4234.018168
214,14,4229.217393
214,15,4181.223407
214,16,4127.752465
214,19,3965.114223
214,20,3956.856229
214,21,3954.588713
214,22,3936.550842
214,23,3855.186042
214,26,3789.653528
214,28,3724.325007
214,30,3710.615949
215,12,4244.976762
215,13,4234.018168
215,14,4192.233354
215,15,4181.223407
215,16,4127.752465
215,19,3965.114223
215,20,3956.854320
215,21,3954.255212
215,22,3936.550842
215,23,3852.386091
215,26,3789.653528
215,28,3724.294409
215,30,3699.196186
216,12,4244.976762
216,13,4234.018168
216,14,4192.233354
216,15,4181.223407
216,16,4127.752465
216,17,4124.113619
216,19,3965.114223
216,20,3956.854320
216,21,3954.255212
216,22,3936.550842
216,23,3852.386091
216,26,3789.653528
216,28,3724.294409
216,30,3699.196186
217,12,4244.976762
217,13,4234.018168
217,14,4192.233354
217,15,4181.223407
217,16,4127.752465
217,17,4124.113619
217,19,3965.114223
217,20,3956.854320
217,21,3954.255212
217,22,3936.550842
217,23,3852.386091
217,26,3789.653528
217,28,3712.621414
217,30,3699.196186
218,12,4244.976762
218,13,4234.018168
218,14,4192.233354
218,15,4181.223407
218,16,4075.863002
218,19,3956.929441
218,20,3956.854320
218,21,3944.561295
218,22,3936.550842
218,23,3852.386091
218,26,3776.614843
218,28,3712.621414
218,29,3698.615525
219,11,4714.175106
219,12,4244.976762
219,13,4234.018168
219,14,4192.233354
219,15,4181.223407
219,16,4075.863002
219,19,3956.929441
219,20,3956.854320
219,21,3920.087253
219,23,3852.386091
219,26,3776.614843
219,28,3712.621414
219,29,3698.615525
220,11,4714.175106
220,12,4244.976762
220,13,4234.018168
220,14,4192.233354
220,15,4140.399448
220,16,4075.863002
220,19,3956.929441
220,20,3956.854320
220,21,3920.087253
220,23,3852.386091
220,26,3776.614843
220,28,3712.621414
220,29,3698.615525
221,11,4557.048456
221,12,4224.086945
221,14,4192.233354
221,15,4140.399448
221,16,4075.863002
221,19,3956.929441
221,20,3956.854320
221,21,3920.087253
221,23,3850.698736
221,26,3776.506240
221,28,3712.621414
221,29,3698.615525
222,11,4557.048456
222,12,4224.086945
222,13,4176.698404
222,14,4173.443998
222,15,4140.399448
222,16,4075.863002
222,19,3956.929441
222,20,3956.854320
222,21,3920.087253
222,23,3850.698736
222,26,3776.506240
222,28,3712.621414
222,29,3698.615525
223,11,4557.048456
223,12,4224.086945
223,13,4176.698404
223,14,4173.443998
223,15,4140.399448
223,16,4075.863002
223,19,3956.929441
223,20,3956.854320
223,21,3920.087253
223,23,3850.698736
223,26,3776.506240
223,28,3712.621414
223,29,3698.615525
224,11,4557.048456
224,12,4224.086945
224,13,4176.698404
224,14,4173.443998
224,15,4111.606537
224,16,4070.454354
224,19,3956.929441
224,20,3956.854320
224,21,3920.087253
224,23,3850.698736
224,26,3776.506240
224,28,3712.621414
224,29,3698.615525
225,11,4557.048456
225,12,4204.436472
225,13,4176.698404
225,14,4173.443998
225,15,4111.606537
225,16,4070.454354
225,19,3956.929441
225,20,3956.854320
225,21,3920.087253
225,23,3850.698736
225,26,3776.506240
225,28,3712.621414
225,29,3698.615525
226,11,4557.048456
226,12,4204.436472
226,13,4176.050805
226,14,4173.443998
226,15,4111.606537
226,16,4070.454354
226,19,3956.929441
226,20,3956.854320
226,21,3920.087253
226,23,3850.698736
226,26,3776.506240
226,28,3712.621414
226,29,3698.615525
227,11,4557.048456
227,12,4204.436472
227,13,4176.050805
227,14,4173.443998
227,15,4110.698923
227,16,4070.449338
227,19,3956.929441
227,20,3956.854320
227,21,3920.087253
227,23,3850.274514
227,26,3776.506240
227,28,3700.936421
227,29,3698.615525
228,11,4557.048456
228,12,4204.436472
228,13,4176.050805
228,14,4173.443998
228,15,4110.698923
228,16,4070.449338
228,19,3956.929441
228,20,3956.854320
228,21,3920.087253
228,23,3850.274514
228,26,3776.506240
228,28,3700.936421
228,29,3698.615525
229,11,4552.580332
229,12,4204.436472
229,13,4176.050805
229,14,4173.443998
229,15,4110.698923
229,16,4070.449338
229,19,3956.929441
229,20,3956.854320
229,21,3920.087253
229,23,3850.274514
229,26,3776.506240
229,28,3700.936421
229,29,3698.615525
230,11,4552.580332
230,12,4196.520327
230,13,4176.050805
230,14,4173.443998
230,15,4105.458115
230,16,4067.082675
230,19,3956.929441
230,20,3956.854320
230,21,3920.087253
230,23,3850.274514
230,24,3825.662169
230,26,3775.938339
230,28,3700.936421
230,29,3698.615525
231,11,4552.580332
231,12,4167.189834
231,14,4161.769748
231,15,4105.458115
231,16,4067.082675
231,19,3956.929441
231,20,3956.854320
231,21,3920.087253
231,23,3850.274514
231,24,3825.662169
231,26,3775.938339
231,28,3700.936421
231,29,3698.615525
232,11,4531.982982
232,12,4167.189834
232,14,4161.769748
232,15,4105.458115
232,16,4067.082675
232,18,4063.333116
232,19,3956.929441
232,20,3956.854320
232,21,3920.087253
232,23,3850.274514
232,24,3825.662169
232,26,3775.938339
232,28,3700.936421
232,29,3698.615525
233,11,4531.982982
233,12,4167.189834
233,14,4161.769748
233,15,4105.458115
233,16,4066.066899
233,18,4063.333116
233,19,3949.775001
233,21,3920.087253
233,23,3850.274514
233,24,3825.662169
233,26,3771.178507
233,28,3700.936421
233,29,3698.615525
234,11,4531.982982
234,12,4167.189834
234,14,4161.769748
234,15,4105.458115
234,16,4066.066899
234,18,4063.333116
234,19,3949.775001
234,21,3920.087253
234,23,3850.274514
234,24,3821.091990
234,26,3771.178507
234,28,3700.936421
234,29,3698.615525
235,11,4531.982982
235,12,4167.189834
235,14,4161.769748
235,15,4105.458115
235,16,4066.066899
235,18,4063.333116
235,19,3949.775001
235,21,3920.087253
235,23,3850.274514
235,24,3821.091990
235,26,3771.178507
235,28,3700.936421
235,29,3698.615525
236,11,4531.982982
236,12,4167.189834
236,14,4161.769748
236,15,4105.458115
236,16,4066.066899
236,18,4063.333116
236,19,3949.775001
236,21,3920.087253
236,23,3850.274514
236,24,3821.091990
236,26,3771.178507
236,28,3700.936421
236,29,3698.615525
237,11,4531.982982
237,12,4167.189834
237,14,4161.769748
237,15,4105.458115
237,16,4066.066899
237,18,4063.333116
237,19,3949.775001
237,21,3920.087253
237,23,3850.274514
237,24,3821.091990
237,26,3771.178507
237,28,3700.936421
237,29,3698.615525
238,11,4531.982982
238,12,4167.189834
238,14,4161.769748
238,15,4105.458115
238,16,4066.066899
238,18,4063.333116
238,19,3949.775001
238,21,3920.087253
238,23,3850.274514
238,24,3821.091990
238,26,3771.178507
238,28,3700.936421
238,29,3698.615525
239,11,4425.508980
239,12,4167.189834
239,14,4161.769748
239,15,4105.458115
239,16,4065.495781
239,18,4061.875261
239,19,3949.775001
239,21,3920.068333
239,23,3846.338207
239,24,3814.790231
239,26,3771.178507
239,27,3734.336491
239,28,3700.577072
239,29,3698.615525
240,11,4319.781478
240,12,4167.189834
240,14,4161.769748
240,15,4105.458115
240,16,4065.495781
240,18,4049.936880
240,19,3949.775001
240,21,3920.068333
240,23,3846.338207
240,24,3814.790231
240,26,3771.178507
240,27,3734.336491
240,28,3700.577072
240,29,3698.615525
241,11,4319.781478
241,12,4167.189834
241,14,4161.769748
241,15,4105.458115
241,16,4065.495781
241,18,4049.936880
241,19,3949.775001
241,21,3920.068333
241,23,3846.338207
241,24,3814.790231
241,26,3771.178507
241,27,3734.336491
241,28,3700.577072
241,29,3698.615525
242,11,4319.781478
242,12,4167.189834
242,14,4152.731014
242,15,4105.458115
242,16,4065.495781
242,18,4026.231759
242,19,3939.757749
242,21,3920.068333
242,23,3842.515499
242,24,3814.790231
242,26,3770.857436
242,27,3723.079900
242,28,3700.577072
242,29,3698.615525
243,11,4319.781478
243,12,4167.189834
243,14,4152.731014
243,15,4105.458115
243,16,4065.495781
243,18,4026.231759
243,19,3939.757749
243,20,3923.194131
243,21,3910.413906
243,22,3890.155568
243,23,3842.515499
243,24,3788.504733
243,26,3770.857436
243,27,3698.359168
244,11,4319.781478
244,12,4167.189834
244,14,4152.731014
244,15,4105.458115
244,16,4065.495781
244,18,4026.231759
244,19,3939.757749
244,20,3923.194131
244,21,3910.413906
244,22,3890.155568
244,23,3842.515499
244,24,3788.504733
244,26,3770.857436
244,27,3698.359168
245,11,4319.781478
245,12,4167.189834
245,14,4152.731014
245,15,4105.458115
245,16,4065.495781
245,18,4022.065781
245,19,3918.765000
245,21,3910.413906
245,22,3885.791640
245,23,3837.099522
245,24,3769.461947
245,27,3698.359168
246,11,4319.781478
246,12,4167.189834
246,14,4152.731014
246,15,4105.458115
246,16,4065.495781
246,18,4022.065781
246,19,3918.765000
246,21,3910.413906
246,22,3885.791640
246,23,3837.099522
246,24,3769.461947
246,27,3698.359168
247,11,4319.781478
247,12,4167.189834
247,13,4128.156790
247,15,4105.458115
247,16,4065.495781
247,18,4022.065781
247,19,3918.765000
247,21,3910.413906
247,22,3885.791640
247,23,3837.099522
247,24,3769.461947
247,27,3698.359168
248,11,4319.781478
248,12,4167.189834
248,13,4128.156790
248,15,4105.458115
248,16,4065.495781
248,18,4022.065781
248,19,3918.765000
248,21,3910.413906
248,22,3885.791640
248,23,3837.099522
248,24,3769.461947
248,27,3698.359168
249,11,4319.781478
249,12,4167.189834
249,13,4128.156790
249,15,4105.458115
249,16,4065.495781
249,18,4022.065781
249,19,3918.765000
249,21,3910.413906
249,22,3885.791640
249,23,3837.099522
249,24,3769.461947
249,27,3698.359168
250,11,4319.781478
250,12,4167.189834
250,13,4128.156790
250,15,4105.458115
250,16,4065.495781
250,18,4022.065781
250,19,3918.765000
250,21,3910.413906
250,22,3885.791640
250,23,3837.099522
250,24,3769.461947
250,27,3698.359168
250,28,3690.632454
251,11,4319.781478
251,12,4167.189834
251,13,4128.156790
251,15,4092.197391
251,16,4065.495781
251,18,4022.065781
251,19,3918.765000
251,21,3909.715936
251,22,3885.791640
251,23,3837.099522
251,24,3769.461947
251,27,3698.042731
251,28,3690.632454
252,11,4319.781478
252,12,4167.189834
252,13,4128.156790
252,15,4092.197391
252,16,4065.495781
252,18,4022.065781
252,19,3918.765000
252,21,3909.715936
252,22,3885.791640
252,23,3837.099522
252,24,3769.461947
252,27,3698.042731
252,28,3690.632454
253,11,4319.781478
253,12,4167.189834
253,13,4128.156790
253,15,4092.197391
253,16,4065.495781
253,18,4022.065781
253,19,3918.765000
253,21,3909.715936
253,22,3885.791640
253,23,3837.099522
253,24,3769.461947
253,27,3698.042731
253,28,3690.632454
254,11,4319.781478
254,12,4167.189834
254,13,4128.156790
254,15,4092.197391
254,16,4059.693165
254,18,4014.017299
254,19,3918.765000
254,21,3909.715936
254,22,3823.422299
254,24,3769.461947
254,26,3760.912465
254,27,3696.217563
254,28,3690.632454
255,11,4319.781478
255,12,4167.189834
255,13,4098.393928
255,15,4092.197391
255,16,4059.693165
255,18,4014.017299
255,19,3918.765000
255,21,3909.715936
255,22,3823.422299
255,24,3769.461947
255,25,3755.725362
255,27,3696.217563
255,28,3690.632454
256,11,4319.781478
256,12,4167.189834
256,13,4098.393928
256,15,4092.197391
256,16,4051.090406
256,18,4014.017299
256,19,3918.765000
256,21,3909.715936
256,22,3823.422299
256,24,3769.461947
256,25,3755.725362
256,27,3696.217563
256,28,3690.632454
257,11,4238.025468
257,12,4167.189834
257,13,4098.393928
257,15,4092.197391
257,16,4051.090406
257,18,4006.446860
257,19,3918.765000
257,20,3902.927509
257,22,3823.101011
257,24,3769.158582
257,25,3751.817706
257,27,3694.060982
257,28,3690.574730
257,30,3690.544514
258,11,4238.025468
258,12,4167.189834
258,13,4098.393928
258,15,4092.197391
258,16,4051.090406
258,18,4006.446860
258,19,3918.765000
258,20,3902.927509
258,22,3823.101011
258,24,3769.158582
258,25,3751.817706
258,27,3694.060982
258,28,3680.713074
259,11,4238.025468
259,12,4167.189834
259,13,4093.835743
259,15,4092.197391
259,16,4051.090406
259,18,4006.446860
259,19,3918.765000
259,20,3902.927509
259,21,3894.662864
259,22,3823.101011
259,24,3769.158582
259,25,3751.817706
259,27,3694.060982
259,28,3680.713074
260,11,4238.025468
260,12,4167.189834
260,13,4093.835743
260,15,4092.197391
260,16,4051.090406
260,18,3939.152560
260,19,3918.067030
260,20,3902.927509
260,21,3894.662864
260,22,3823.101011
260,24,3763.101268
260,25,3751.817706
260,27,3694.060982
260,28,3680.535114
261,11,4238.025468
261,12,4167.189834
261,13,4093.835743
261,15,4092.197391
261,16,4051.090406
261,18,3939.152560
261,19,3918.067030
261,20,3902.927509
261,21,3894.662864
261,22,3823.101011
261,24,3763.101268
261,25,3751.817706
261,27,3676.039744
262,11,4238.025468
262,12,4167.189834
262,13,4093.835743
262,15,4092.197391
262,16,4051.090406
262,18,3917.419303
262,20,3902.927509
262,21,3894.662864
262,22,3823.101011
262,24,3763.101268
262,25,3751.817706
262,27,3676.039744
263,11,4236.448671
263,12,4167.189834
263,13,4093.835743
263,15,4092.197391
263,16,4051.090406
263,18,3917.419303
263,20,3902.399908
263,21,3894.662864
263,22,3823.101011
263,24,3763.101268
263,25,3750.772156
263,26,3749.408786
263,27,3676.039744
264,11,4236.448671
264,12,4167.189834
264,13,4093.835743
264,15,4092.197391
264,16,4051.090406
264,18,3917.419303
264,19,3882.515231
264,22,3823.101011
264,24,3763.101268
264,25,3750.772156
264,26,3749.408786
264,27,3676.039744
265,11,4236.448671
265,12,4167.189834
265,13,4093.835743
265,15,4092.197391
265,16,4051.090406
265,17,4039.712267
265,18,3917.419303
265,19,3866.682343
265,22,3823.101011
265,23,3804.490274
265,24,3763.101268
265,25,3750.772156
265,26,3749.408786
265,27,3676.039744
266,11,4181.589631
266,12,4167.189834
266,13,4093.835743
266,15,4092.197391
266,16,4051.090406
266,17,4039.712267
266,18,3917.419303
266,19,3866.682343
266,22,3823.101011
266,23,3804.490274
266,24,3763.101268
266,25,3750.321445
266,26,3749.322998
266,27,3676.039744
267,11,4181.589631
267,12,4167.189834
267,13,4093.835743
267,14,4091.542113
267,16,4050.964458
267,17,4039.712267
267,18,3917.419303
267,19,3866.682343
267,22,3823.101011
267,23,3804.490274
267,24,3763.101268
267,25,3750.321445
267,26,3749.322998
267,27,3676.039744
268,11,4181.589631
268,12,4167.189834
268,13,4093.835743
268,14,4076.810134
268,15,4074.856685
268,16,4050.964458
268,17,4039.712267
268,18,3917.419303
268,19,3866.682343
268,22,3823.101011
268,23,3804.490274
268,24,3763.101268
268,25,3746.029395
268,27,3676.039744
269,11,4144.438467
269,13,4093.835743
269,14,4076.810134
269,15,4074.856685
269,16,4050.964458
269,17,4005.735723
269,18,3908.110133
269,19,3866.682343
269,22,3823.101011
269,23,3801.251545
269,24,3763.101268
269,25,3746.029395
269,27,3676.039744
270,11,4144.438467
270,13,4093.835743
270,14,4076.810134
270,15,4074.856685
270,16,4050.964458
270,17,4005.735723
270,18,3908.110133
270,19,3866.682343
270,22,3792.750197
270,24,3763.101268
270,25,3746.029395
270,26,3744.325458
270,27,3676.039744
271,11,4144.438467
271,13,4093.835743
271,14,4076.810134
271,15,4074.856685
271,16,4050.964458
271,17,4005.735723
271,18,3908.110133
271,19,3866.682343
271,22,3792.750197
271,24,3763.101268
271,25,3746.029395
271,26,3744.325458
271,27,3676.039744
272,11,4131.929736
272,13,4093.835743
272,14,4076.810134
272,15,4074.856685
272,16,4048.934029
272,17,4005.735723
272,18,3908.110133
272,19,3866.620373
272,22,3774.819744
272,23,3763.988394
272,24,3763.101268
272,25,3744.733818
272,26,3744.325458
272,27,3676.039744
273,11,4119.381318
273,13,4088.582149
273,14,4076.810134
273,15,4074.856685
273,16,4027.160037
273,17,4005.735723
273,18,3908.110133
273,19,3866.620373
273,22,3774.819744
273,23,3763.988394
273,24,3763.101268
273,25,3744.733818
273,26,3741.928233
273,27,3676.039744
274,11,4119.381318
274,13,4088.582149
274,14,4076.810134
274,15,4047.838327
274,16,4027.160037
274,17,3998.480053
274,18,3908.110133
274,19,3866.620373
274,22,3774.819744
274,23,3763.988394
274,24,3763.101268
274,25,3744.733818
274,26,3741.928233
274,27,3669.898630
275,11,4119.381318
275,13,4088.582149
275,14,4076.810134
275,15,4047.838327
275,16,4020.212633
275,17,3998.411386
275,18,3893.214518
275,19,3866.620373
275,22,3774.819744
275,23,3763.755265
275,24,3759.532504
275,25,3740.134785
275,27,3669.898630
276,11,4119.381318
276,13,4088.582149
276,14,4076.810134
276,15,4047.838327
276,16,4020.212633
276,17,3998.411386
276,18,3893.214518
276,19,3866.620373
276,22,3774.819744
276,23,3763.755265
276,24,3759.532504
276,25,3740.134785
276,27,3669.898630
277,11,4119.381318
277,13,4088.582149
277,14,4076.810134
277,15,4047.838327
277,16,4020.212633
277,17,3998.411386
277,18,3893.214518
277,19,3866.620373
277,22,3774.819744
277,23,3763.755265
277,24,3759.532504
277,25,3740.134785
277,27,3669.898630
278,11,4119.381318
278,13,4088.582149
278,14,4076.810134
278,15,4047.838327
278,16,4010.192448
278,17,3998.411386
278,18,3893.214518
278,19,3866.620373
278,22,3762.852300
278,24,3759.532504
278,25,3740.134785
278,27,3669.898630
279,11,4119.258753
279,13,4088.582149
279,14,4076.810134
279,15,4047.838327
279,16,4005.633699
279,17,3985.072703
279,18,3893.214518
279,19,3863.939182
279,22,3762.852300
279,24,3759.532504
279,25,3740.134785
279,27,3669.898630
280,11,4113.427550
280,13,4088.582149
280,14,4076.810134
280,15,4047.838327
280,16,4005.633699
280,17,3985.072703
280,18,3893.214518
280,19,3863.939182
280,22,3762.852300
280,24,3759.532504
280,25,3740.134785
280,27,3669.898630
281,11,4113.427550
281,13,4088.582149
281,14,4076.810134
281,15,4047.838327
281,16,4005.633699
281,17,3985.072703
281,18,3893.214518
281,19,3863.939182
281,21,3845.046010
281,22,3761.948793
281,24,3755.709953
281,25,3740.134785
281,27,3660.153925
282,11,4113.427550
282,13,4088.582149
282,14,4076.810134
282,15,4047.838327
282,16,4005.633699
282,17,3985.072703
282,18,3893.214518
282,19,3863.939182
282,20,3847.174023
282,21,3845.046010
282,22,3761.948793
282,24,3755.709953
282,25,3740.134785
282,27,3660.153925
283,11,4113.427550
283,13,4088.582149
283,14,4076.810134
283,15,4033.837280
283,16,4004.535149
283,17,3985.072703
283,18,3893.214518
283,19,3863.939182
283,20,3847.174023
283,21,3845.046010
283,22,3761.948793
283,24,3750.700542
283,25,3740.134785
283,27,3660.153925
284,11,4112.571608
284,13,4088.582149
284,14,4076.810134
284,15,4033.837280
284,16,3999.151799
284,17,3985.072703
284,18,3879.070072
284,19,3863.939182
284,20,3847.174023
284,21,3844.337265
284,22,3760.563673
284,24,3750.273426
284,25,3739.073978
284,27,3660.153925
285,11,4112.571608
285,13,4088.582149
285,14,4076.810134
285,15,4033.837280
285,16,3999.151799
285,17,3985.072703
285,18,3855.989213
285,20,3847.174023
285,21,3844.337265
285,22,3760.563673
285,24,3750.273426
285,25,3739.073978
285,27,3660.153925
286,11,4103.839848
286,13,4088.582149
286,14,4076.810134
286,15,4033.837280
286,16,3999.151799
286,17,3985.072703
286,18,3855.989213
286,20,3847.174023
286,21,3844.337265
286,22,3760.563673
286,24,3750.273426
286,25,3739.073978
286,27,3660.153925
287,11,4103.839848
287,13,4088.582149
287,14,4076.810134
287,15,4033.261614
287,16,3985.150360
287,17,3985.006274
287,18,3853.714925
287,20,3847.174023
287,21,3844.337265
287,22,3760.563673
287,24,3750.273426
287,25,3737.212373
287,27,3660.153925
288,11,4103.839848
288,13,4088.582149
288,14,4076.810134
288,15,4033.261614
288,16,3985.150360
288,17,3985.006274
288,18,3853.714925
288,20,3847.174023
288,21,3844.337265
288,22,3760.563673
288,24,3750.273426
288,25,3737.212373
288,27,3660.153925
289,11,4103.839848
289,13,4088.582149
289,14,4076.810134
289,15,4033.261614
289,16,3985.150360
289,17,3985.006274
289,18,3853.714925
289,20,3847.174023
289,21,3844.337265
289,22,3760.563673
289,24,3750.273426
289,25,3737.212373
289,27,3660.153925
290,11,4103.839848
290,13,4088.582149
290,14,4076.810134
290,15,4033.261614
290,16,3985.150360
290,17,3985.006274
290,18,3853.714925
290,19,3845.280186
290,21,3844.337265
290,22,3760.563673
290,23,3748.125675
290,25,3737.212373
290,26,3661.955466
290,27,3660.153925
291,11,4103.839848
291,13,4088.582149
291,14,4076.810134
291,15,4033.261614
291,16,3985.150360
291,17,3964.738674
291,18,3853.714925
291,19,3845.280186
291,21,3844.337265
291,22,3760.563673
291,23,3748.125675
291,25,3737.212373
291,26,3661.955466
291,27,3660.153925
292,11,4103.839848
292,13,4088.582149
292,14,4076.810134
292,15,4033.261614
292,16,3985.150360
292,17,3964.738674
292,18,3853.714925
292,19,3845.280186
292,21,3844.337265
292,22,3760.563673
292,23,3748.125675
292,25,3737.212373
292,26,3661.955466
292,27,3660.153925
293,11,4103.839848
293,13,4088.582149
293,14,4076.810134
293,15,4025.271598
293,16,3985.150360
293,17,3964.738674
293,18,3853.714925
293,19,3845.280186
293,21,3844.337265
293,22,3760.563673
293,23,3744.616271
293,25,3737.212373
293,26,3661.955466
293,27,3650.218384
294,11,4103.839848
294,13,4088.582149
294,14,4076.810134
294,15,4025.271598
294,16,3985.150360
294,17,3939.245901
294,18,3842.182751
294,22,3760.563673
294,23,3744.616271
294,25,3737.212373
294,26,3661.955466
294,27,3650.218384
295,11,4103.839848
295,13,4088.582149
295,14,4076.810134
295,15,4025.271598
295,16,3985.150360
295,17,3939.245901
295,18,3825.486749
295,21,3816.580805
295,22,3760.563673
295,23,3744.616271
295,25,3737.212373
295,26,3661.955466
295,27,3650.218384
296,11,4103.839848
296,13,4088.582149
296,14,4076.810134
296,15,4025.271598
296,16,3985.150360
296,17,3939.245901
296,18,3825.486749
296,21,3816.580805
296,22,3760.563673
296,23,3744.268322
296,25,3737.212373
296,26,3661.955466
296,27,3650.218384
297,11,4103.839848
297,13,4088.582149
297,14,4076.810134
297,15,4025.271598
297,16,3985.150360
297,17,3939.245901
297,18,3825.486749
297,20,3825.198093
297,21,3816.580805
297,22,3760.563673
297,23,3744.268322
297,25,3737.212373
297,26,3661.955466
297,27,3643.899198
298,11,4103.839848
298,13,4081.571990
298,14,4076.810134
298,15,4025.271598
298,16,3985.150360
298,17,3939.245901
298,18,3825.486749
298,20,3825.198093
298,21,3816.580805
298,22,3760.563673
298,23,3744.268322
298,25,3737.212373
298,26,3661.955466
298,27,3643.899198
299,11,4103.839848
299,12,4098.187357
299,13,4081.571990
299,14,4076.810134
299,15,4016.073278
299,16,3985.150360
299,17,3939.245901
299,18,3825.486749
299,20,3825.198093
299,21,3816.580805
299,22,3760.563673
299,23,3743.885951
299,25,3735.189815
299,26,3661.955466
299,27,3643.899198
300,11,4103.839848
300,12,4098.187357
300,13,4081.571990
300,14,4076.810134
300,15,4016.073278
300,16,3985.150360
300,17,3939.245901
300,18,3825.486749
300,20,3825.198093
300,21,3816.580805
300,22,3760.563673
300,23,3743.885951
300,25,3735.189815
300,26,3661.955466
300,27,3643.899198
301,11,4103.839848
301,12,4098.187357
301,13,4081.571990
301,14,4076.810134
301,15,4016.073278
301,16,3985.150360
301,17,3939.245901
301,18,3825.486749
301,20,3825.198093
301,21,3816.580805
301,22,3760.563673
301,23,3743.885951
301,25,3735.189815
301,26,3661.955466
301,27,3643.899198
302,11,4093.024313
302,12,4088.049404
302,13,4081.571990
302,14,4076.810134
302,15,4016.073278
302,16,3985.150360
302,17,3939.245901
302,18,3825.486749
302,20,3825.198093
302,21,3816.580805
302,22,3760.372743
302,23,3742.161007
302,25,3735.189815
302,26,3661.955466
302,27,3643.899198
303,11,4093.024313
303,12,4088.049404
303,13,4071.211865
303,15,4016.073278
303,16,3985.150360
303,17,3939.245901
303,18,3825.486749
303,20,3825.198093
303,21,3816.580805
303,22,3760.372743
303,23,3742.161007
303,25,3735.189815
303,26,3661.955466
303,27,3643.899198
304,11,4093.024313
304,12,4088.049404
304,13,4071.211865
304,15,4016.073278
304,16,3985.150360
304,17,3939.245901
304,18,3825.486749
304,20,3822.546804
304,21,3816.580805
304,22,3760.372743
304,23,3742.161007
304,25,3735.189815
304,26,3661.955466
304,27,3643.899198
305,11,4093.024313
305,12,4088.049404
305,13,4071.211865
305,15,4016.073278
305,16,3985.150360
305,17,3939.245901
305,18,3825.486749
305,19,3807.470270
305,22,3758.338864
305,23,3742.161007
305,25,3735.189815
305,26,3654.477044
305,27,3643.899198
306,11,4093.024313
306,12,4088.049404
306,13,4068.799120
306,14,4052.198479
306,15,4016.073278
306,16,3985.150360
306,17,3939.245901
306,18,3825.486749
306,19,3807.470270
306,22,3758.338864
306,23,3742.161007
306,25,3735.189815
306,26,3654.477044
306,27,3643.899198
307,11,4093.024313
307,12,4088.049404
307,13,4068.799120
307,14,4052.198479
307,15,4016.073278
307,16,3985.150360
307,17,3939.245901
307,18,3825.486749
307,19,3807.470270
307,22,3758.338864
307,23,3742.161007
307,25,3735.189815
307,26,3654.477044
307,27,3643.899198
308,11,4093.024313
308,12,4088.049404
308,13,4068.799120
308,14,4052.198479
308,15,4015.531959
308,16,3985.008014
308,17,3939.245901
308,18,3825.486749
308,19,3807.470270
308,22,3758.338864
308,23,3742.161007
308,25,3735.189815
308,26,3654.477044
308,27,3643.899198
309,11,4093.024313
309,12,4088.049404
309,13,4068.799120
309,14,4052.198479
309,15,4015.531959
309,16,3985.008014
309,17,3939.245901
309,18,3825.486749
309,19,3807.470270
309,22,3758.338864
309,23,3742.161007
309,25,3735.189815
309,26,3654.477044
309,27,3643.899198
310,11,4093.024313
310,12,4088.049404
310,13,4068.799120
310,14,4052.198479
310,15,4015.531959
310,16,3985.008014
310,17,3939.245901
310,18,3825.486749
310,19,3807.470270
310,22,3758.338864
310,23,3742.161007
310,25,3735.189815
310,26,3647.396174
310,27,3643.899198
311,11,4093.024313
311,12,4088.049404
311,13,4068.799120
311,14,4052.198479
311,15,4015.524556
311,16,3985.008014
311,17,3939.245901
311,18,3825.486749
311,19,3805.812494
311,22,3758.338864
311,23,3742.161007
311,25,3735.189815
311,26,3647.396174
311,27,3643.899198
312,11,4084.676887
312,12,4078.131273
312,13,4058.081698
312,14,4052.198479
312,15,4015.524556
312,16,3985.008014
312,17,3939.245901
312,18,3825.486749
312,19,3805.812494
312,22,3758.338864
312,23,3742.161007
312,25,3735.189815
312,26,3647.396174
312,27,3643.899198
313,11,4084.676887
313,12,4078.131273
313,13,4058.081698
313,14,4052.198479
313,15,4015.524556
313,16,3985.008014
313,17,3838.497559
313,18,3825.486749
313,19,3805.812494
313,22,3758.338864
313,23,3742.161007
313,25,3735.189815
313,26,3647.396174
313,27,3643.899198
314,11,4084.676887
314,12,4078.131273
314,13,4058.081698
314,14,4052.198479
314,15,3991.338088
314,16,3985.008014
314,17,3838.497559
314,18,3825.486749
314,19,3800.686028
314,22,3758.338864
314,23,3742.161007
314,25,3733.696684
314,26,3647.396174
314,27,3643.899198
315,11,4084.676887
315,12,4078.131273
315,13,4058.081698
315,14,4052.198479
315,15,3991.338088
315,16,3985.008014
315,17,3838.497559
315,18,3825.486749
315,19,3800.686028
315,22,3758.338864
315,23,3742.161007
315,25,3733.696684
315,26,3647.396174
315,27,3643.899198
316,11,4084.676887
316,12,4078.131273
316,13,4058.081698
316,14,4052.198479
316,15,3991.338088
316,16,3985.008014
316,17,3838.497559
316,18,3825.486749
316,19,3800.686028
316,22,3758.338864
316,23,3742.161007
316,25,3733.696684
316,26,3647.396174
316,27,3643.899198
317,11,4084.676887
317,12,4070.672983
317,13,4058.081698
317,14,4052.198479
317,15,3991.338088
317,16,3985.008014
317,17,3838.497559
317,18,3812.244434
317,19,3800.686028
317,22,3758.338864
317,23,3742.002389
317,24,3732.694346
317,26,3647.396174
317,27,3643.899198
318,11,4084.676887
318,12,4070.672983
318,13,4052.320903
318,14,4052.198479
318,15,3991.338088
318,16,3985.008014
318,17,3838.497559
318,18,3812.244434
318,19,3800.686028
318,20,3781.974181
318,22,3758.338864
318,23,3742.002389
318,24,3732.694346
318,26,3647.396174
318,27,3643.899198
319,11,4084.676887
319,12,4070.672983
319,13,4052.320903
319,14,4052.198479
319,15,3991.338088
319,16,3968.905967
319,17,3838.497559
319,18,3812.244434
319,19,3800.686028
319,20,3781.974181
319,22,3758.338864
319,23,3742.002389
319,24,3732.694346
319,26,3647.396174
319,27,3643.899198
320,11,4084.676887
320,12,4070.672983
320,13,4048.813287
320,15,3991.338088
320,16,3965.215799
320,17,3838.497559
320,18,3778.803604
320,22,3758.338864
320,23,3742.002389
320,24,3732.694346
320,26,3647.396174
320,27,3640.307264
321,11,4084.676887
321,12,4064.601019
321,13,4048.813287
321,14,3992.548363
321,15,3991.338088
321,16,3965.215799
321,17,3838.497559
321,18,3778.803604
321,22,3758.338864
321,23,3742.002389
321,24,3732.694346
321,26,3647.396174
321,27,3640.307264
322,11,4084.676887
322,12,4064.601019
322,13,4046.447406
322,14,3992.548363
322,15,3991.338088
322,16,3965.215799
322,17,3838.497559
322,18,3778.803604
322,22,3758.338864
322,23,3742.002389
322,24,3732.694346
322,26,3647.396174
322,27,3640.307264
323,11,4064.751449
323,12,4064.601019
323,13,4046.447406
323,14,3992.548363
323,15,3977.255841
323,16,3965.215799
323,17,3838.497559
323,18,3775.892146
323,21,3761.004819
323,22,3758.322751
323,23,3742.002389
323,24,3732.265211
323,26,3647.396174
323,27,3640.307264
324,11,4064.751449
324,12,4064.601019
324,13,4046.447406
324,14,3992.548363
324,15,3977.255841
324,16,3965.215799
324,17,3838.497559
324,18,3775.892146
324,21,3761.004819
324,22,3758.322751
324,23,3742.002389
324,24,3732.265211
324,26,3647.396174
324,27,3640.307264
325,11,4064.751449
325,12,4064.601019
325,13,4019.620272
325,14,3992.548363
325,15,3977.255841
325,16,3965.215799
325,17,3838.497559
325,18,3775.892146
325,21,3761.004819
325,22,3758.322751
325,23,3742.002389
325,24,3732.265211
325,26,3647.396174
325,27,3640.307264
