Generation,NV,TOC
1,17,15209.051076
1,18,12306.353428
1,20,11320.693826
1,21,9644.835029
1,23,8440.987556
1,27,7272.122822
1,34,7209.285455
1,38,5759.732200
1,42,5746.760869
1,48,5709.880409
1,49,5534.118160
1,55,5437.719429
1,57,5402.378362
1,59,5354.481671
2,17,15209.051076
2,18,11462.978291
2,20,11320.693826
2,21,9644.835029
2,23,8440.987556
2,25,7582.612030
2,27,7272.122822
2,29,7005.883556
2,33,6652.533322
2,38,5759.732200
2,42,5746.760869
2,48,5709.880409
2,49,5534.118160
2,50,5420.320272
2,57,5402.378362
2,59,5354.481671
3,17,15209.051076
3,18,11462.978291
3,19,9607.417394
3,23,8440.987556
3,25,7582.612030
3,27,7272.122822
3,29,7005.883556
3,30,6402.475920
3,34,6402.316438
3,38,5759.732200
3,42,5746.760869
3,44,5745.419805
3,47,5727.143957
3,48,5709.880409
3,49,5534.118160
3,50,5420.320272
3,57,5402.378362
3,58,5393.250500
3,59,5354.481671
3,61,5318.067521
4,17,15209.051076
4,18,11462.978291
4,19,9607.417394
4,23,8440.987556
4,25,7582.612030
4,27,7272.122822
4,29,7005.883556
4,30,6402.475920
4,34,6402.316438
4,38,5759.732200
4,42,5746.760869
4,43,5617.588059
4,45,5455.820421
4,46,5444.395534
4,50,5420.320272
4,57,5402.378362
4,58,5393.250500
4,59,5354.481671
4,61,5318.067521
5,17,15209.051076
5,18,11462.978291
5,19,9607.417394
5,23,8440.987556
5,24,7868.815898
5,25,7582.612030
5,27,7272.122822
5,29,6402.461850
5,33,6280.136578
5,36,6257.408480
5,37,5703.677306
5,41,5601.111708
5,42,5253.683410
5,57,5198.299578
6,17,15209.051076
6,18,11462.978291
6,19,9607.417394
6,22,8180.298426
6,24,7868.815898
6,25,7582.612030
6,27,7272.122822
6,29,6402.461850
6,33,6280.136578
6,36,6257.408480
6,37,5703.677306
6,38,5583.223140
6,42,5253.683410
6,47,5222.820550
6,55,5216.718615
6,57,5198.299578
7,17,15209.051076
7,18,11462.978291
7,19,9607.417394
7,22,8180.298426
7,24,7868.815898
7,25,7582.612030
7,26,6961.887843
7,28,6240.391461
7,36,6113.295819
7,37,5624.786131
7,38,5583.223140
7,39,5553.039162
7,42,5227.964294
7,47,5180.563005
7,53,5139.358226
8,17,15209.051076
8,18,11462.978291
8,19,9607.417394
8,22,7532.049289
8,25,6992.420102
8,26,6961.887843
8,28,6240.391461
8,31,5816.776696
8,37,5624.786131
8,38,5583.223140
8,39,5553.039162
8,42,5227.964294
8,46,5208.075644
8,47,5180.563005
8,53,5139.358226
9,17,15209.051076
9,18,11462.978291
9,19,9607.417394
9,20,7943.124676
9,22,7532.049289
9,24,7162.608638
9,25,6992.420102
9,26,6961.887843
9,28,6240.391461
9,31,5816.776696
9,37,5624.786131
9,38,5583.223140
9,39,5541.931382
9,41,5521.933584
9,42,5227.964294
9,46,5208.075644
9,47,5180.563005
9,53,5139.358226
10,17,15209.051076
10,18,11462.978291
10,19,9607.417394
10,20,7943.124676
10,22,7532.049289
10,24,7034.794860
10,25,6992.420102
10,26,6961.887843
10,28,6240.391461
10,31,5816.776696
10,37,5579.050051
10,39,5480.321236
10,42,5227.964294
10,44,5161.978944
10,53,5139.358226
11,17,15209.051076
11,18,11462.978291
11,19,9607.417394
11,20,7943.124676
11,22,7532.049289
11,24,6949.124518
11,25,6901.081536
11,28,6209.891629
11,31,5816.776696
11,36,5504.326728
11,38,5391.028544
11,42,5161.492735
11,53,5137.983467
12,17,15209.051076
12,18,11323.766593
12,19,9607.417394
12,20,7943.124676
12,22,7532.049289
12,24,6949.124518
12,25,6901.081536
12,27,6458.132287
12,28,6209.891629
12,29,6183.845604
12,31,5816.776696
12,36,5504.326728
12,38,5337.419705
12,42,5161.492735
12,43,5131.301366
13,17,12926.868570
13,18,8560.959640
13,20,7943.124676
13,22,7532.049289
13,24,6949.124518
13,25,6901.081536
13,27,6458.132287
13,28,6209.891629
13,29,6183.845604
13,30,6013.972923
13,31,5816.776696
13,34,5457.559089
13,38,5337.419705
13,41,5295.959278
13,42,5133.132255
13,43,5104.810503
14,17,12926.868570
14,18,8560.959640
14,20,7943.124676
14,22,7532.049289
14,24,6949.124518
14,25,6901.081536
14,27,6006.881526
14,31,5816.776696
14,34,5457.559089
14,36,5452.991150
14,38,5337.419705
14,41,5295.959278
14,42,5133.132255
14,43,5104.810503
14,47,5100.221629
15,17,12926.868570
15,18,8447.475321
15,20,7943.124676
15,22,7532.049289
15,24,6949.124518
15,25,6901.081536
15,27,5940.642581
15,31,5816.776696
15,33,5437.344675
15,36,5406.456088
15,37,5284.269521
15,39,5171.999159
15,41,5082.899562
15,43,5082.537795
16,17,12926.868570
16,18,8447.475321
16,20,7943.124676
16,22,7532.049289
16,24,6949.124518
16,25,6901.081536
16,27,5940.642581
16,31,5816.776696
16,33,5437.344675
16,36,5406.456088
16,37,5284.269521
16,38,5280.281100
16,39,5171.999159
16,41,5082.899562
16,43,5082.537795
16,48,5054.637267
17,17,12926.868570
17,18,8447.475321
17,20,7943.124676
17,22,7247.353215
17,24,6949.124518
17,25,6901.081536
17,27,5873.036314
17,31,5816.776696
17,33,5411.015774
17,36,5386.483586
17,37,5206.251300
17,39,5091.259658
17,41,5076.881529
17,46,5040.494169
18,17,12926.868570
18,18,8447.475321
18,20,7943.124676
18,22,7247.353215
18,24,6949.124518
18,25,6901.081536
18,27,5873.036314
18,30,5476.853498
18,33,5411.015774
18,34,5237.317604
18,37,5206.251300
18,38,5132.929385
18,39,5091.259658
18,40,5036.213260
19,16,8595.217509
19,18,8447.475321
19,20,7943.124676
19,22,7078.111408
19,24,6801.397716
19,27,5873.036314
19,30,5473.602124
19,32,5329.642186
19,34,5224.496009
19,36,5154.657597
19,38,5090.366747
19,39,5009.594349
20,16,8595.217509
20,17,8052.682688
20,20,7943.124676
20,22,7078.111408
20,24,6801.397716
20,25,6509.817579
20,27,5873.036314
20,30,5473.602124
20,32,5329.642186
20,34,5224.496009
20,36,5154.657597
20,38,5090.366747
20,39,5009.594349
21,16,8595.217509
21,17,8052.682688
21,20,7044.096431
21,24,6665.094506
21,25,6509.817579
21,27,5834.530208
21,30,5473.602124
21,32,5329.642186
21,34,5224.496009
21,36,5140.677214
21,37,4961.499198
22,16,8252.246862
22,17,8052.682688
22,20,7044.096431
22,24,6665.094506
22,25,6509.817579
22,27,5834.530208
22,30,5473.602124
22,32,5266.679969
22,34,5174.875953
22,36,5140.677214
22,37,4961.499198
23,16,8252.246862
23,17,7947.966900
23,20,6950.189685
23,22,6520.528523
23,25,6509.817579
23,27,5834.530208
23,30,5473.602124
23,32,5253.073685
23,33,5107.477445
23,36,4931.131319
24,16,8252.246862
24,17,7947.966900
24,19,7691.618442
24,20,6950.189685
24,22,6520.528523
24,25,6509.817579
24,27,5834.530208
24,30,5473.602124
24,32,5253.073685
24,33,5107.477445
24,36,4931.131319
25,16,8252.246862
25,17,7548.568721
25,20,6915.260339
25,22,6504.255848
25,25,6219.701562
25,26,5759.255639
25,30,5405.737052
25,32,5253.073685
25,33,5107.477445
25,36,4931.131319
26,16,8252.246862
26,17,7548.568721
26,20,6915.260339
26,22,6504.255848
26,25,6219.701562
26,26,5759.255639
26,30,5405.737052
26,32,5253.073685
26,33,5107.477445
26,36,4931.131319
27,16,7797.197420
27,17,7548.568721
27,20,6915.260339
27,22,6414.372656
27,25,6108.245002
27,26,5586.470765
27,30,5364.409345
27,32,5107.306589
27,36,4931.131319
28,16,7797.197420
28,17,7548.568721
28,20,6915.260339
28,22,6414.372656
28,25,6108.245002
28,26,5586.470765
28,30,5364.409345
28,32,5107.306589
28,36,4931.131319
28,40,4927.338593
29,16,7737.465651
29,17,7296.116308
29,19,6743.952106
29,20,6361.853944
29,25,5535.869792
29,30,5364.409345
29,32,5080.660830
29,36,4931.131319
29,40,4925.285683
30,16,7737.465651
30,17,7296.116308
30,19,6743.952106
30,20,6361.853944
30,24,6026.105975
30,25,5535.869792
30,29,5475.342640
30,30,5364.409345
30,32,5080.660830
30,36,4931.131319
30,40,4925.285683
31,16,7737.465651
31,17,7293.336671
31,19,6639.092922
31,20,6233.363303
31,24,5894.748029
31,25,5452.784132
31,30,5364.409345
31,32,5070.868613
31,36,4925.206196
31,40,4887.994375
32,16,7737.465651
32,17,7293.336671
32,19,6478.002951
32,20,6233.363303
32,24,5894.748029
32,25,5452.784132
32,30,5364.409345
32,32,5070.868613
32,36,4925.206196
32,40,4887.994375
33,16,7737.465651
33,17,7293.336671
33,18,7200.726219
33,19,6478.002951
33,20,6209.577629
33,21,5953.365407
33,24,5426.257866
33,28,5330.331626
33,30,5058.191365
33,36,4884.681039
33,39,4855.670638
34,16,7676.567912
34,17,7293.336671
34,18,7114.291083
34,19,6478.002951
34,20,6209.577629
34,21,5953.365407
34,24,5426.257866
34,28,5330.331626
34,30,5058.191365
34,36,4884.681039
34,39,4855.670638
35,16,7625.107101
35,17,6937.631695
35,19,6478.002951
35,20,5929.106301
35,24,5426.257866
35,26,5295.568842
35,30,5032.916392
35,34,4983.996228
35,35,4851.005203
36,16,7625.107101
36,17,6937.631695
36,19,6478.002951
36,20,5929.106301
36,24,5426.257866
36,26,5295.568842
36,27,5089.351530
36,30,5032.916392
36,34,4983.996228
36,35,4851.005203
37,16,6532.936153
37,19,6401.091191
37,20,5817.786289
37,24,5426.257866
37,26,5081.984406
37,30,5022.800583
37,34,4913.293517
37,35,4831.384037
38,16,6532.936153
38,19,6401.091191
38,20,5817.786289
38,24,5426.257866
38,26,5081.984406
38,30,4972.901320
38,34,4913.293517
38,35,4831.384037
39,16,6489.204111
39,19,6351.451771
39,20,5711.225281
39,24,5373.854246
39,26,5058.966224
39,30,4972.901320
39,34,4913.293517
39,35,4822.085839
40,16,6489.204111
40,19,6351.451771
40,20,5711.225281
40,24,5373.854246
40,26,5058.966224
40,30,4972.901320
40,34,4913.293517
40,35,4822.085839
41,16,6393.198702
41,18,6285.067860
41,19,6283.634689
41,20,5711.225281
41,24,5351.380564
41,26,5028.214567
41,30,4972.901320
41,34,4912.449993
41,35,4822.085839
42,16,6393.198702
42,18,6285.067860
42,19,6283.634689
42,20,5711.225281
42,21,5565.838384
42,24,5351.380564
42,26,5028.214567
42,30,4972.901320
42,34,4912.449993
42,35,4822.085839
43,16,6356.580565
43,18,6017.885074
43,20,5662.808650
43,21,5565.838384
43,24,5252.352104
43,26,5028.214567
43,30,4972.901320
43,34,4899.780153
43,35,4822.085839
44,15,6150.804610
44,18,6017.885074
44,20,5662.808650
44,21,5565.838384
44,23,5554.985467
44,24,5252.352104
44,26,5028.214567
44,30,4972.901320
44,34,4899.780153
44,35,4822.085839
45,15,6150.804610
45,18,6014.461162
45,20,5614.717205
45,21,5559.806421
45,23,5478.641909
45,24,5252.352104
45,26,5015.247516
45,30,4957.172391
45,34,4880.799586
45,35,4813.925650
46,15,6150.804610
46,17,5878.301921
46,20,5614.717205
46,21,5559.806421
46,23,5478.641909
46,24,5252.352104
46,26,5015.247516
46,30,4957.172391
46,34,4880.799586
46,35,4813.925650
47,15,6082.494300
47,17,5754.571239
47,20,5608.151413
47,21,5559.806421
47,23,5476.298622
47,24,5228.978343
47,26,4994.056093
47,30,4923.477161
47,33,4830.800893
47,34,4792.366773
48,15,6082.494300
48,16,5904.982752
48,17,5754.571239
48,20,5608.151413
48,21,5559.806421
48,23,5476.298622
48,24,5228.978343
48,26,4994.056093
48,30,4923.477161
48,32,4907.678544
48,33,4830.800893
48,34,4792.366773
49,14,6109.250501
49,15,6082.494300
49,16,5904.982752
49,17,5685.498767
49,19,5511.021680
49,23,5476.298622
49,24,5207.886679
49,26,4990.983785
49,30,4889.288601
49,31,4868.293077
49,33,4794.142838
49,34,4772.665029
50,14,6109.250501
50,15,6082.494300
50,16,5904.982752
50,17,5685.498767
50,19,5511.021680
50,23,5476.298622
50,24,5207.886679
50,26,4990.983785
50,28,4876.948298
50,31,4868.293077
50,33,4794.142838
50,34,4772.665029
51,14,6109.250501
51,15,6082.494300
51,16,5723.112751
51,17,5662.764163
51,19,5497.873892
51,23,5184.725642
51,26,4990.983785
51,28,4856.646233
51,31,4828.002280
51,33,4745.138819
52,14,6109.250501
52,15,6082.494300
52,16,5723.112751
52,17,5662.764163
52,19,5497.873892
52,23,5184.725642
52,26,4990.983785
52,28,4856.646233
52,31,4828.002280
52,33,4745.138819
53,14,6036.529598
53,16,5685.687037
53,17,5648.114399
53,19,5484.617602
53,23,5184.725642
53,26,4979.280389
53,27,4822.438468
53,31,4702.850884
54,14,6036.529598
54,16,5685.687037
54,17,5648.114399
54,19,5484.617602
54,23,5184.725642
54,26,4979.280389
54,27,4822.438468
54,31,4702.850884
55,14,6012.047692
55,15,5681.247310
55,17,5629.188031
55,19,5484.617602
55,23,5184.725642
55,26,4944.150555
55,27,4821.913805
55,31,4681.425699
56,14,6012.047692
56,15,5681.247310
56,17,5629.188031
56,19,5484.617602
56,23,5184.725642
56,26,4944.150555
56,27,4821.913805
56,29,4779.977205
56,31,4681.425699
57,14,5947.221820
57,15,5669.386607
57,17,5617.007776
57,19,5428.116687
57,21,5351.257333
57,23,5184.725642
57,26,4940.912857
57,27,4820.791860
57,29,4779.977205
57,31,4659.978979
58,14,5947.221820
58,15,5669.386607
58,17,5617.007776
58,19,5428.116687
58,21,5351.257333
58,23,5184.725642
58,26,4940.912857
58,27,4820.791860
58,29,4779.977205
58,31,4659.978979
59,14,5938.831314
59,15,5629.639035
59,17,5606.207608
59,19,5358.352868
59,21,5351.257333
59,23,5154.928890
59,25,4917.806904
59,27,4820.791860
59,29,4760.760309
59,31,4638.734213
60,14,5938.831314
60,15,5629.639035
60,16,5622.786512
60,17,5606.207608
60,19,5358.352868
60,21,5351.257333
60,23,5154.928890
60,25,4917.806904
60,27,4820.791860
60,29,4760.760309
60,31,4638.734213
61,14,5938.831314
61,15,5623.792155
61,16,5566.855228
61,19,5237.988559
61,23,5154.928890
61,25,4758.031394
61,29,4735.285200
61,31,4622.976591
62,14,5938.831314
62,15,5623.792155
62,16,5566.855228
62,19,5237.988559
62,23,5154.928890
62,25,4758.031394
62,29,4735.285200
62,31,4622.976591
63,14,5938.831314
63,15,5586.236959
63,16,5545.271344
63,19,5217.682204
63,23,5093.125113
63,25,4664.033950
63,30,4663.165829
63,31,4622.976591
64,14,5938.831314
64,15,5586.236959
64,16,5545.271344
64,19,5217.682204
64,21,5147.459877
64,23,5093.125113
64,25,4664.033950
64,30,4663.165829
64,31,4622.976591
65,14,5876.796999
65,15,5586.236959
65,16,5518.253898
65,19,5198.672555
65,21,5132.153685
65,22,5109.850703
65,23,5090.982433
65,25,4651.221796
65,30,4616.176679
66,14,5876.796999
66,15,5586.236959
66,16,5518.253898
66,19,5198.672555
66,21,5132.153685
66,22,5109.850703
66,23,5090.982433
66,25,4651.221796
66,27,4619.902471
66,30,4616.176679
67,14,5644.140862
67,15,5586.236959
67,16,5516.470764
67,19,5198.672555
67,21,5132.153685
67,22,5109.850703
67,23,5072.122810
67,25,4649.824586
67,27,4619.696654
67,30,4616.176679
68,14,5644.140862
68,15,5586.236959
68,16,5516.470764
68,19,5198.672555
68,21,5132.153685
68,22,5109.850703
68,23,5072.122810
68,24,5039.533588
68,25,4649.824586
68,27,4619.696654
68,30,4616.176679
69,14,5644.140862
69,15,5547.778369
69,16,5470.751196
69,19,5198.672555
69,21,5129.525289
69,22,5109.850703
69,23,5065.242050
69,24,5037.972435
69,25,4649.824586
69,27,4619.696654
69,30,4616.176679
70,14,5644.140862
70,15,5547.778369
70,16,5470.751196
70,19,5198.672555
70,21,5129.525289
70,22,5109.850703
70,23,5065.242050
70,24,5037.972435
70,25,4649.824586
70,27,4619.696654
70,30,4616.176679
71,14,5627.856956
71,15,5504.084612
71,16,5446.358470
71,19,5195.127323
71,21,5083.342184
71,23,5051.581850
71,24,5033.151797
71,25,4646.659427
71,27,4610.138296
71,29,4599.235542
72,14,5605.301854
72,15,5504.084612
72,16,5446.358470
72,19,5195.127323
72,21,5083.342184
72,23,5051.581850
72,24,5033.151797
72,25,4646.659427
72,27,4610.138296
72,29,4599.235542
73,14,5605.301854
73,15,5502.884091
73,16,5438.306703
73,19,5195.127323
73,21,5073.348356
73,23,5037.597521
73,24,4625.561003
73,27,4610.138296
73,29,4589.234095
74,14,5605.301854
74,15,5502.884091
74,16,5438.306703
74,19,5195.127323
74,20,5136.028530
74,21,5073.348356
74,23,5037.597521
74,24,4625.561003
74,27,4610.138296
74,29,4589.234095
75,14,5581.245407
75,15,5502.884091
75,16,5413.011105
75,19,5195.127323
75,20,5077.618412
75,21,5073.348356
75,23,5037.597521
75,24,4614.583613
75,27,4604.937020
75,29,4589.234095
76,14,5581.245407
76,15,5502.884091
76,16,5413.011105
76,19,5195.127323
76,20,5077.618412
76,21,5073.348356
76,23,5037.597521
76,24,4614.583613
76,27,4604.937020
76,29,4589.234095
77,14,5581.245407
77,15,5454.649662
77,16,5413.011105
77,19,5195.127323
77,20,5056.646651
77,23,5021.361881
77,24,4572.443236
78,14,5581.245407
78,15,5454.649662
78,16,5413.011105
78,19,5195.127323
78,20,5056.646651
78,22,5024.546063
78,23,5021.361881
78,24,4572.443236
79,13,6557.385944
79,14,5581.245407
79,15,5454.649662
79,16,5413.011105
79,18,5241.950187
79,19,5181.278102
79,20,5056.646651
79,22,5024.546063
79,23,4960.467515
79,24,4571.429696
79,30,4546.044637
80,13,6557.385944
80,14,5581.245407
80,15,5454.649662
80,16,5413.011105
80,18,5241.950187
80,19,5181.278102
80,20,5056.646651
80,22,5024.546063
80,23,4960.467515
80,24,4571.429696
80,28,4566.510754
80,30,4546.044637
81,13,6557.385944
81,14,5581.245407
81,15,5454.649662
81,16,5370.187765
81,18,5226.452316
81,19,5178.626977
81,20,5056.646651
81,22,5024.546063
81,23,4949.375132
81,24,4571.429696
81,28,4554.854198
81,30,4538.889373
82,13,6557.385944
82,14,5581.245407
82,15,5454.649662
82,16,5370.187765
82,18,5226.452316
82,19,5178.626977
82,20,5056.646651
82,22,5024.546063
82,23,4949.375132
82,24,4571.429696
82,25,4532.787568
83,13,5834.878966
83,14,5521.382311
83,15,5454.649662
83,16,5370.187765
83,18,5226.452316
83,19,5162.347072
83,20,5056.646651
83,22,5024.546063
83,23,4945.953370
83,24,4569.928962
83,25,4532.787568
83,26,4507.529753
84,13,5834.878966
84,14,5521.382311
84,15,5454.649662
84,16,5370.187765
84,17,5351.436512
84,18,5226.452316
84,19,5162.347072
84,20,5056.646651
84,22,5024.546063
84,23,4945.953370
84,24,4569.928962
84,25,4532.787568
84,26,4507.529753
85,13,5834.878966
85,14,5521.382311
85,15,5454.649662
85,16,5344.762616
85,17,5287.442286
85,18,5226.452316
85,19,5155.614795
85,20,5056.646651
85,22,5024.546063
85,23,4945.953370
85,24,4569.928962
85,25,4532.787568
85,26,4490.824500
86,13,5834.878966
86,14,5521.382311
86,15,5454.649662
86,16,5344.762616
86,17,5287.442286
86,18,5226.452316
86,19,5155.614795
86,20,5056.646651
86,22,5024.546063
86,23,4945.953370
86,24,4487.078010
87,13,5708.879394
87,14,5521.382311
87,15,5454.649662
87,16,5272.800859
87,18,5211.674518
87,19,5155.614795
87,20,5056.646651
87,22,5011.926791
87,23,4945.953370
87,24,4487.078010
88,13,5708.879394
88,14,5411.749075
88,16,5272.800859
88,18,5211.674518
88,19,5134.261700
88,20,5056.646651
88,22,5011.926791
88,23,4945.953370
88,24,4487.078010
89,13,5676.198527
89,14,5411.749075
89,16,5272.800859
89,18,5193.478067
89,19,5134.261700
89,20,5052.420411
89,22,5010.435609
89,23,4945.953370
89,24,4487.078010
90,13,5676.198527
90,14,5351.697353
90,16,5272.800859
90,18,5193.478067
90,19,5134.261700
90,20,5052.420411
90,22,5010.435609
90,23,4945.953370
90,24,4487.078010
91,13,5607.104381
91,14,5349.159571
91,16,5268.394363
91,18,5193.478067
91,19,5134.261700
91,20,5052.420411
91,22,5010.435609
91,23,4936.844946
91,24,4462.918175
91,30,4455.970080
92,13,5607.104381
92,14,5349.159571
92,16,5268.394363
92,17,5252.031605
92,18,5193.478067
92,19,5134.261700
92,20,5052.420411
92,22,4996.035287
92,23,4936.844946
92,24,4462.918175
92,30,4455.970080
93,13,5607.104381
93,14,5333.599816
93,16,5248.146628
93,18,5193.478067
93,19,5126.353383
93,20,5052.420411
93,22,4996.035287
93,23,4919.023323
93,24,4457.942539
93,30,4455.970080
94,13,5561.558861
94,14,5333.599816
94,16,5248.146628
94,18,5193.478067
94,19,5126.353383
94,20,5052.420411
94,22,4996.035287
94,23,4919.023323
94,24,4457.942539
94,30,4455.970080
95,13,5561.558861
95,14,5308.542995
95,16,5231.950977
95,18,5172.052352
95,19,5126.353383
95,20,5052.420411
95,22,4996.035287
95,23,4919.023323
95,24,4454.869643
96,13,5561.558861
96,14,5308.542995
96,16,5231.950977
96,18,5172.052352
96,19,5126.353383
96,20,5052.420411
96,22,4996.035287
96,23,4919.023323
96,24,4454.869643
97,13,5549.413486
97,14,5308.542995
97,16,5218.912054
97,17,5182.330456
97,18,5148.294752
97,19,5098.786908
97,20,5052.420411
97,22,4996.035287
97,23,4919.023323
97,24,4454.869643
98,13,5549.413486
98,14,5308.542995
98,16,5218.912054
98,17,5182.330456
98,18,5148.294752
98,19,5098.786908
98,20,5052.420411
98,22,4996.035287
98,23,4919.023323
98,24,4454.869643
98,28,4442.625425
99,13,5549.413486
99,14,5274.613015
99,16,5218.912054
99,17,5182.330456
99,18,5148.294752
99,19,4989.037452
99,22,4910.659603
99,24,4454.869643
99,28,4441.832691
100,13,5549.413486
100,14,5274.613015
100,16,5218.912054
100,17,5182.330456
100,18,5148.294752
100,19,4989.037452
100,22,4910.659603
100,24,4454.869643
100,28,4441.832691
101,13,5515.073461
101,14,5248.923930
101,16,5169.856593
101,18,5147.464287
101,19,4973.295734
101,22,4906.459052
101,24,4445.509220
101,28,4441.832691
102,13,5515.073461
102,14,5248.923930
102,16,5169.856593
102,18,5147.464287
102,19,4973.295734
102,22,4906.459052
102,24,4445.509220
102,28,4441.832691
102,31,4440.655135
103,13,5515.073461
103,14,5248.923930
103,16,5156.964517
103,18,5138.346548
103,19,4965.547950
103,22,4906.459052
103,23,4611.601208
103,24,4445.509220
103,28,4430.813674
104,13,5515.073461
104,14,5248.923930
104,16,5156.964517
104,17,5144.258615
104,18,5138.346548
104,19,4965.547950
104,22,4906.459052
104,23,4611.601208
104,24,4445.509220
104,28,4430.813674
105,13,5515.073461
105,14,5236.327462
105,15,5190.312369
105,16,5156.964517
105,17,5142.704065
105,18,5105.887135
105,19,4905.415986
105,22,4900.663607
105,23,4539.282965
105,24,4436.181727
105,25,4425.022947
106,13,5390.962924
106,14,5236.327462
106,15,5190.312369
106,16,5156.964517
106,17,5142.704065
106,18,5105.887135
106,19,4905.415986
106,22,4900.663607
106,23,4411.897606
107,13,5337.448162
107,14,5236.327462
107,15,5168.391750
107,16,5156.964517
107,17,5114.879980
107,18,5105.887135
107,19,4905.415986
107,22,4900.663607
107,23,4411.493109
108,13,5328.215131
108,14,5236.327462
108,15,5168.391750
108,16,5156.964517
108,17,5114.879980
108,18,5105.887135
108,19,4905.415986
108,22,4900.663607
108,23,4377.440762
109,13,5324.075012
109,14,5228.481814
109,15,5168.391750
109,16,5050.341762
109,19,4882.993945
109,20,4878.924789
109,23,4377.440762
110,13,5324.075012
110,14,5228.481814
110,15,5168.391750
110,16,5050.341762
110,19,4882.993945
110,20,4878.924789
110,23,4377.440762
111,13,5324.075012
111,14,5223.117926
111,15,5168.391750
111,16,5050.341762
111,19,4882.910452
111,20,4878.924789
111,23,4376.220203
112,13,5324.075012
112,14,5223.117926
112,15,5168.391750
112,16,5050.341762
112,19,4882.910452
112,20,4878.924789
112,23,4376.220203
113,13,5316.136939
113,14,5215.339548
113,15,5168.391750
113,16,5050.341762
113,19,4882.910452
113,20,4878.924789
113,23,4376.220203
114,13,5316.136939
114,14,5215.339548
114,15,5168.391750
114,16,5050.341762
114,19,4882.910452
114,20,4878.924789
114,23,4376.220203
115,13,5316.136939
115,14,5213.464675
115,15,5168.391750
115,16,5048.285032
115,19,4882.910452
115,20,4878.924789
115,23,4376.220203
116,13,5316.136939
116,14,5213.464675
116,15,5168.391750
116,16,5048.285032
116,19,4882.910452
116,20,4878.924789
116,23,4376.220203
116,24,4366.350845
117,12,6381.269215
117,13,5316.136939
117,14,5213.464675
117,15,5168.391750
117,16,5032.822716
117,19,4877.576852
117,22,4707.470884
117,23,4376.220203
117,24,4357.079309
118,12,6381.269215
118,13,5316.136939
118,14,5213.464675
118,15,5168.391750
118,16,5032.822716
118,19,4877.576852
118,21,4683.657107
118,23,4376.220203
118,24,4357.079309
119,12,5485.339517
119,13,5316.136939
119,14,5213.464675
119,15,5168.391750
119,16,5032.822716
119,18,5022.131911
119,19,4877.576852
119,21,4683.657107
119,23,4345.701960
120,12,5485.339517
120,13,5316.136939
120,14,5213.464675
120,15,5168.391750
120,16,5032.822716
120,18,5022.131911
120,19,4877.576852
120,21,4683.657107
120,23,4345.701960
121,12,5469.537702
121,13,5316.136939
121,14,5213.464675
121,15,5070.540380
121,16,5032.822716
121,18,4972.915899
121,19,4828.488600
121,21,4672.935984
121,23,4345.701960
122,12,5469.537702
122,13,5316.136939
122,14,5213.464675
122,15,5070.540380
122,16,5032.822716
122,18,4972.915899
122,19,4828.488600
122,21,4672.935984
122,23,4345.701960
123,12,5455.677043
123,13,5316.136939
123,14,5212.782042
123,15,5070.540380
123,16,5032.822716
123,18,4945.591849
123,19,4828.488600
123,21,4672.935984
123,23,4323.861179
124,12,5455.677043
124,13,5316.136939
124,14,5212.782042
124,15,5070.540380
124,16,5032.822716
124,18,4945.591849
124,19,4828.488600
124,21,4672.935984
124,23,4323.861179
125,12,5455.677043
125,13,5307.342090
125,14,5212.782042
125,15,5070.540380
125,16,5010.108702
125,17,4986.534705
125,18,4856.680690
125,19,4828.488600
125,21,4672.935984
125,23,4323.861179
126,12,5455.677043
126,13,5307.342090
126,14,5212.782042
126,15,5070.540380
126,16,5010.108702
126,17,4986.534705
126,18,4856.680690
126,19,4828.488600
126,21,4672.935984
126,23,4323.861179
127,12,5373.538686
127,13,5293.161456
127,14,5212.782042
127,15,5050.000365
127,16,4988.070472
127,17,4966.080227
127,18,4856.680690
127,19,4828.488600
127,21,4672.935984
127,23,4323.861179
128,12,5373.538686
128,13,5293.161456
128,14,5212.782042
128,15,5050.000365
128,16,4952.449639
128,18,4856.680690
128,19,4828.488600
128,21,4672.935984
128,23,4323.861179
129,12,5373.538686
129,13,5293.161456
129,14,5212.782042
129,15,5026.164013
129,16,4952.449639
129,18,4826.360587
129,21,4667.438511
129,23,4318.809673
130,12,5373.538686
130,13,5293.161456
130,14,5212.782042
130,15,5026.164013
130,16,4952.449639
130,18,4826.360587
130,21,4667.438511
130,23,4318.809673
131,12,5373.538686
131,13,5293.161456
131,14,5184.937680
131,15,5023.076186
131,16,4945.170006
131,18,4826.360587
131,21,4667.438511
131,23,4318.809673
132,12,5310.916741
132,13,5293.161456
132,14,5184.937680
132,15,5023.076186
132,16,4945.170006
132,18,4826.360587
132,21,4667.438511
132,23,4318.809673
133,12,5310.041782
133,13,5285.582106
133,14,5184.937680
133,15,5023.076186
133,16,4942.582523
133,18,4814.674372
133,21,4667.438511
133,23,4318.809673
134,12,5310.041782
134,13,5285.582106
134,14,5184.937680
134,15,5023.076186
134,16,4942.582523
134,18,4814.674372
134,21,4667.438511
134,23,4318.809673
135,12,5296.834668
135,13,5285.543305
135,14,5184.937680
135,15,5023.076186
135,16,4942.582523
135,18,4814.674372
135,21,4667.438511
135,23,4318.809673
136,12,5296.834668
136,13,5285.543305
136,14,5184.937680
136,15,5023.076186
136,16,4942.582523
136,18,4814.674372
136,21,4667.438511
136,23,4318.809673
137,12,5296.834668
137,13,5279.096399
137,14,5184.937680
137,15,5012.513894
137,16,4942.582523
137,18,4814.674372
137,21,4667.438511
137,22,4289.331992
138,12,5296.834668
138,13,5279.096399
138,14,5184.937680
138,15,5012.513894
138,16,4942.582523
138,18,4814.674372
138,19,4592.083736
138,22,4289.331992
139,12,5280.654906
139,13,5279.096399
139,14,5184.937680
139,15,5012.513894
139,16,4935.848476
139,18,4795.325799
139,19,4583.999403
139,22,4289.331992
140,12,5280.654906
140,13,5279.096399
140,14,5184.937680
140,15,5012.513894
140,16,4935.848476
140,18,4795.325799
140,19,4583.999403
140,22,4289.331992
141,12,5278.994306
141,14,5184.937680
141,15,5012.513894
141,16,4935.848476
141,18,4781.364673
141,19,4583.999403
141,22,4276.092893
142,12,5278.994306
142,14,5184.937680
142,15,5012.513894
142,16,4935.848476
142,18,4781.364673
142,19,4583.999403
142,21,4527.518928
142,22,4276.092893
143,12,5270.612170
143,14,5172.164141
143,15,5012.513894
143,16,4920.565162
143,18,4781.364673
143,19,4583.999403
143,21,4527.518928
143,22,4276.092893
144,12,5270.612170
144,14,5172.164141
144,15,5012.513894
144,16,4920.565162
144,18,4781.364673
144,19,4583.999403
144,21,4527.518928
144,22,4276.092893
145,12,5270.612170
145,14,5164.876525
145,15,5012.513894
145,16,4919.677319
145,18,4560.741775
145,21,4527.518928
145,22,4276.092893
146,12,5270.612170
146,14,5164.876525
146,15,5012.513894
146,16,4919.677319
146,18,4560.741775
146,21,4527.518928
146,22,4276.092893
147,11,6792.303574
147,12,5254.354801
147,14,5156.632393
147,15,5000.244754
147,16,4919.677319
147,18,4554.283415
147,21,4527.518928
147,22,4246.324869
148,11,6792.303574
148,12,5254.354801
148,14,5156.632393
148,15,5000.244754
148,16,4919.677319
148,18,4554.283415
148,21,4527.518928
148,22,4246.324869
149,11,6745.540329
149,12,5254.354801
149,14,5145.761156
149,15,5000.244754
149,16,4919.677319
149,18,4554.283415
149,21,4513.557411
149,22,4246.324869
150,11,6745.540329
150,12,5254.354801
150,14,5145.761156
150,15,5000.244754
150,16,4919.677319
150,18,4554.283415
150,21,4513.557411
150,22,4246.324869
151,11,6578.611795
151,12,5250.901115
151,14,5145.761156
151,15,5000.244754
151,16,4919.677319
151,18,4554.041579
151,21,4513.557411
151,22,4245.985526
152,11,6578.611795
152,12,5250.901115
152,14,5145.761156
152,15,5000.244754
152,16,4919.677319
152,18,4554.041579
152,21,4513.557411
152,22,4225.674722
153,11,6572.006320
153,12,5250.901115
153,14,5145.761156
153,15,4917.517936
153,18,4554.041579
153,21,4494.349218
153,22,4225.674722
154,11,6572.006320
154,12,5250.901115
154,14,5145.761156
154,15,4917.517936
154,18,4554.041579
154,21,4494.349218
154,22,4225.674722
155,11,6547.317062
155,12,5249.643445
155,14,5145.761156
155,15,4917.517936
155,18,4554.041579
155,20,4481.718915
155,22,4225.674722
156,11,6547.317062
156,12,5249.643445
156,14,5145.761156
156,15,4917.517936
156,18,4554.041579
156,20,4481.718915
156,22,4225.674722
157,11,6499.897526
157,12,5249.108041
157,14,5145.761156
157,15,4917.517936
157,18,4546.651981
157,20,4472.193905
157,22,4225.674722
158,11,6098.262095
158,12,5249.108041
158,14,5145.761156
158,15,4917.517936
158,18,4514.990388
158,20,4472.193905
158,22,4225.674722
158,23,4192.514533
159,11,6057.001311
159,12,5249.108041
159,14,4924.863247
159,15,4917.517936
159,18,4514.990388
159,20,4472.193905
159,22,4214.960081
159,23,4192.514533
160,11,5570.703169
160,12,5249.108041
160,14,4924.863247
160,15,4917.517936
160,18,4514.990388
160,20,4472.193905
160,22,4214.960081
160,23,4192.514533
161,11,5546.761058
161,12,5242.115992
161,14,4915.995840
161,18,4514.990388
161,20,4471.999444
161,22,4214.791646
161,23,4192.514533
162,11,5546.761058
162,12,5242.115992
162,14,4915.995840
162,18,4514.990388
162,20,4471.999444
162,22,4214.791646
162,23,4192.514533
163,11,5546.761058
163,12,5242.115992
163,14,4915.995840
163,16,4856.176578
163,18,4507.697063
163,20,4471.658131
163,22,4214.791646
163,23,4180.272505
164,11,5546.761058
164,12,5242.115992
164,14,4915.995840
164,16,4856.176578
164,18,4507.697063
164,20,4471.658131
164,22,4214.791646
164,23,4180.272505
165,11,5533.658389
165,12,5242.115992
165,14,4915.995840
165,15,4893.828809
165,16,4846.263276
165,18,4505.181456
165,20,4471.658131
165,22,4214.791646
165,23,4180.272505
166,11,5533.658389
166,12,5242.115992
166,14,4915.995840
166,15,4893.828809
166,16,4846.263276
166,18,4505.181456
166,20,4471.658131
166,22,4193.149723
166,23,4180.272505
167,11,5516.044765
167,12,5217.410691
167,14,4915.995840
167,15,4893.828809
167,16,4836.931891
167,17,4491.103763
167,20,4471.658131
167,22,4192.795444
167,23,4178.315910
168,11,5516.044765
168,12,5217.410691
168,14,4915.995840
168,15,4893.828809
168,16,4836.931891
168,17,4491.103763
168,20,4471.658131
168,22,4192.795444
168,23,4178.315910
169,11,5516.044765
169,12,5201.170906
169,14,4915.995840
169,15,4893.828809
169,16,4836.931891
169,17,4491.103763
169,20,4471.658131
169,22,4192.795444
169,23,4168.171261
170,11,5516.044765
170,12,5201.170906
170,14,4915.995840
170,15,4893.828809
170,16,4836.931891
170,17,4491.103763
170,19,4490.391663
170,20,4471.658131
170,22,4192.795444
170,23,4168.171261
171,11,5515.832126
171,12,5196.764470
171,14,4912.699778
171,15,4884.961402
171,16,4836.931891
171,17,4487.542562
171,20,4440.362703
171,22,4192.795444
171,23,4168.171261
172,11,5515.832126
172,12,5196.764470
172,14,4912.699778
172,15,4884.961402
172,16,4836.931891
172,17,4487.542562
172,20,4440.362703
172,22,4192.795444
172,23,4168.171261
173,11,5499.663486
173,12,5191.428588
173,14,4904.627886
173,15,4884.961402
173,16,4836.931891
173,17,4487.542562
173,20,4420.482596
173,22,4192.795444
173,23,4168.171261
174,11,5499.663486
174,12,5165.742717
174,14,4904.627886
174,15,4884.961402
174,16,4836.931891
174,17,4487.542562
174,20,4420.482596
174,22,4192.795444
174,23,4168.171261
175,11,5499.663486
175,12,5165.742717
175,14,4904.627886
175,15,4864.506237
175,16,4836.931891
175,17,4487.542562
175,20,4405.985889
175,22,4192.795444
175,23,4168.171261
176,11,5499.663486
176,12,5165.742717
176,14,4904.627886
176,15,4864.506237
176,16,4836.931891
176,17,4487.542562
176,20,4405.985889
176,22,4192.795444
176,23,4168.171261
177,11,5499.663486
177,12,5165.742717
177,14,4904.627886
177,15,4864.506237
177,16,4831.342944
177,17,4482.797100
177,20,4405.985889
177,22,4176.095337
177,23,4168.171261
178,11,5499.663486
178,12,5165.742717
178,14,4904.627886
178,15,4864.506237
178,16,4831.342944
178,17,4482.797100
178,20,4405.985889
178,22,4176.095337
178,23,4168.171261
179,11,5499.663486
179,12,5165.742717
179,14,4904.627886
179,15,4864.498614
179,16,4831.342944
179,17,4482.797100
179,20,4405.985889
179,22,4176.095337
179,23,4168.171261
180,11,5499.663486
180,12,5165.742717
180,14,4904.627886
180,15,4864.498614
180,16,4831.342944
180,17,4482.797100
180,20,4405.985889
180,22,4176.095337
180,23,4168.171261
181,11,5499.663486
181,12,5165.742717
181,14,4904.627886
181,15,4864.289683
181,16,4831.342944
181,17,4482.797100
181,20,4405.985889
181,22,4176.095337
181,23,4168.171261
182,11,5499.663486
182,12,5165.742717
182,14,4904.627886
182,15,4864.289683
182,16,4831.342944
182,17,4482.797100
182,20,4405.985889
182,22,4176.095337
182,23,4168.171261
183,11,5448.972224
183,12,5165.742717
183,13,5112.928519
183,14,4902.638848
183,15,4864.289683
183,16,4831.342944
183,17,4482.797100
183,20,4405.985889
183,22,4176.095337
183,23,4168.171261
184,11,5448.972224
184,12,5165.742717
184,13,5112.928519
184,14,4902.638848
184,15,4864.289683
184,16,4803.158798
184,17,4482.797100
184,20,4405.985889
184,22,4176.095337
184,23,4168.171261
185,11,5448.972224
185,12,5154.073487
185,13,5083.106584
185,14,4877.915645
185,15,4837.288776
185,16,4801.051404
185,17,4461.344852
185,20,4381.807023
185,22,4176.095337
185,23,4163.058701
186,11,5448.972224
186,12,5154.073487
186,13,5083.106584
186,14,4877.915645
186,15,4837.288776
186,16,4783.948518
186,17,4461.344852
186,20,4381.807023
186,22,4176.095337
186,23,4163.058701
187,11,5432.913484
187,12,5154.073487
187,13,5064.712884
187,14,4877.915645
187,15,4837.288776
187,16,4783.948518
187,17,4461.344852
187,20,4371.919025
187,22,4169.896549
187,23,4163.058701
188,11,5432.913484
188,12,5154.073487
188,13,5064.712884
188,14,4877.915645
188,15,4837.288776
188,16,4783.948518
188,17,4461.344852
188,20,4371.919025
188,22,4169.896549
188,23,4163.058701
189,11,5395.757855
189,12,5153.902391
189,13,5064.712884
189,14,4877.915645
189,15,4813.477441
189,16,4782.535304
189,17,4439.331408
189,18,4278.176377
189,22,4169.896549
189,23,4163.058701
190,11,5395.757855
190,12,5153.902391
190,13,5064.712884
190,14,4877.915645
190,15,4813.477441
190,16,4782.535304
190,17,4439.331408
190,18,4278.176377
190,22,4169.896549
190,23,4163.058701
191,11,5395.757855
191,12,5153.902391
191,13,5064.712884
191,14,4873.049007
191,15,4813.477441
191,16,4747.632819
191,17,4437.161476
191,18,4270.362745
191,19,4239.169631
191,21,4172.658661
191,22,4169.896549
191,23,4163.058701
192,11,5395.757855
192,12,5153.902391
192,13,5064.712884
192,14,4868.323214
192,15,4813.477441
192,16,4747.632819
192,17,4437.161476
192,18,4270.362745
192,19,4239.169631
192,21,4172.658661
192,22,4169.896549
192,23,4163.058701
193,11,5395.757855
193,12,5153.902391
193,13,5064.471505
193,14,4868.323214
193,15,4812.246473
193,16,4665.150214
193,17,4420.100017
193,18,4270.362745
193,19,4239.169631
193,21,4172.658661
193,22,4169.896549
193,23,4163.058701
194,11,5395.757855
194,12,5153.902391
194,13,5064.471505
194,14,4868.323214
194,15,4812.246473
194,16,4665.150214
194,17,4420.100017
194,18,4270.362745
194,19,4239.169631
194,21,4172.658661
194,22,4159.666473
195,11,5395.757855
195,12,5153.902391
195,13,5040.296740
195,14,4868.323214
195,15,4812.246473
195,16,4655.308571
195,17,4420.100017
195,18,4270.362745
195,19,4239.169631
195,21,4172.658661
195,22,4159.666473
196,11,5395.757855
196,12,5153.902391
196,13,5040.296740
196,14,4848.185371
196,15,4812.246473
196,16,4655.308571
196,17,4275.169806
196,18,4270.362745
196,19,4239.169631
196,21,4163.434215
196,22,4159.666473
197,11,5395.757855
197,12,5121.303267
197,13,5025.044009
197,14,4843.493339
197,15,4812.246473
197,16,4639.765393
197,17,4261.153200
197,19,4238.764570
197,21,4163.434215
197,22,4159.666473
198,11,5395.757855
198,12,5121.303267
198,13,5025.044009
198,14,4843.493339
198,15,4812.246473
198,16,4639.765393
198,17,4261.153200
198,18,4244.148737
198,19,4238.764570
198,21,4163.434215
198,22,4159.666473
199,11,5395.757855
199,12,5121.303267
199,13,5025.044009
199,14,4830.875027
199,15,4812.246473
199,16,4614.200935
199,17,4261.153200
199,18,4244.148737
199,19,4238.764570
199,21,4163.434215
199,22,4159.666473
200,11,5370.692111
200,12,5121.303267
200,13,5025.044009
200,14,4830.875027
200,15,4812.246473
200,16,4614.200935
200,17,4261.153200
200,18,4244.148737
200,19,4238.764570
200,21,4163.434215
200,22,4159.666473
201,11,5370.692111
201,12,5121.303267
201,13,5025.044009
201,14,4752.479655
201,16,4590.882526
201,17,4261.153200
201,18,4244.148737
201,19,4238.764570
201,21,4163.434215
201,22,4159.617290
202,11,5370.692111
202,12,5121.303267
202,13,5025.044009
202,14,4752.479655
202,16,4590.882526
202,17,4261.153200
202,18,4244.148737
202,19,4238.764570
202,21,4163.434215
202,22,4159.617290
203,11,5370.219605
203,12,5119.581813
203,13,4854.196473
203,14,4749.657136
203,16,4590.882526
203,17,4231.403557
203,21,4163.434215
203,22,4159.617290
204,11,5370.219605
204,12,5119.581813
204,13,4854.196473
204,14,4749.657136
204,16,4590.882526
204,17,4231.403557
204,21,4163.434215
204,22,4159.617290
205,11,5368.836518
205,12,5119.581813
205,13,4854.196473
205,14,4749.657136
205,16,4583.559810
205,17,4224.449641
205,18,4212.400698
205,21,4163.434215
205,22,4159.617290
206,11,5368.836518
206,12,5119.581813
206,13,4854.196473
206,14,4749.657136
206,16,4583.559810
206,17,4224.449641
206,18,4194.553887
206,21,4163.434215
206,22,4159.617290
207,11,5358.837282
207,12,5119.581813
207,13,4807.799409
207,14,4749.657136
207,16,4581.548765
207,17,4224.449641
207,18,4194.553887
207,21,4163.434215
207,22,4159.617290
208,11,5358.837282
208,12,5119.581813
208,13,4807.799409
208,14,4749.657136
208,16,4581.548765
208,17,4224.449641
208,18,4194.553887
208,21,4163.434215
208,22,4159.617290
209,11,5315.639081
209,12,5115.262767
209,13,4802.476757
209,14,4749.657136
209,16,4581.548765
209,17,4212.800244
209,18,4194.553887
209,20,4185.380657
209,21,4163.434215
209,22,4159.617290
210,11,5315.639081
210,12,5115.262767
210,13,4802.476757
210,14,4749.657136
210,16,4581.548765
210,17,4212.800244
210,18,4194.553887
210,20,4185.380657
210,21,4163.434215
210,22,4159.617290
211,11,5315.639081
211,12,5081.204777
211,13,4802.476757
211,14,4749.657136
211,16,4561.293121
211,17,4212.800244
211,18,4194.553887
211,19,4166.454629
211,21,4163.434215
211,22,4159.617290
212,11,5315.639081
212,12,5081.204777
212,13,4802.476757
212,14,4749.657136
212,16,4561.293121
212,17,4212.800244
212,18,4194.553887
212,19,4163.146086
212,22,4159.617290
212,28,4144.407539
213,11,5315.639081
213,12,5080.868817
213,13,4802.476757
213,14,4749.657136
213,16,4558.942040
213,17,4212.800244
213,18,4194.553887
213,19,4163.146086
213,22,4159.617290
213,28,4144.407539
214,11,5315.639081
214,12,5080.868817
214,13,4802.476757
214,14,4749.657136
214,16,4558.942040
214,17,4212.800244
214,18,4194.553887
214,19,4163.146086
214,22,4159.617290
214,28,4144.407539
215,11,5315.639081
215,12,5080.868817
215,13,4802.325186
215,14,4735.203798
215,16,4558.942040
215,17,4212.800244
215,18,4179.558360
215,19,4163.146086
215,20,4158.716333
215,28,4144.199182
216,11,5315.639081
216,12,5080.868817
216,13,4802.325186
216,14,4735.203798
216,16,4558.942040
216,17,4212.800244
216,18,4179.558360
216,19,4163.146086
216,20,4158.716333
216,28,4144.199182
217,11,5310.771167
217,12,5080.868817
217,13,4802.325186
217,14,4735.203798
217,16,4555.330455
217,17,4212.800244
217,18,4179.558360
217,19,4163.146086
217,20,4158.716333
217,28,4144.199182
218,11,5310.771167
218,12,5080.868817
218,13,4802.325186
218,14,4735.203798
218,16,4555.330455
218,17,4212.800244
218,18,4179.558360
218,19,4163.146086
218,20,4158.716333
218,28,4144.199182
219,11,5305.802132
219,12,5080.868817
219,13,4799.239851
219,14,4735.203798
219,16,4550.663470
219,17,4206.323397
219,18,4179.558360
219,19,4163.146086
219,20,4158.716333
219,28,4144.199182
220,11,5305.802132
220,12,5080.868817
220,13,4799.239851
220,14,4735.203798
220,16,4550.663470
220,17,4206.323397
220,18,4179.558360
220,19,4163.146086
220,20,4158.716333
220,28,4144.199182
221,11,5304.869952
221,12,5080.868817
221,13,4789.424974
221,14,4705.423004
221,16,4550.663470
221,17,4206.323397
221,18,4179.558360
221,19,4163.146086
221,20,4158.716333
221,28,4144.199182
222,11,5304.869952
222,12,5080.868817
222,13,4789.424974
222,14,4705.423004
222,16,4550.663470
222,17,4206.323397
222,18,4179.558360
222,19,4163.146086
222,20,4158.716333
222,28,4144.199182
223,11,5244.508320
223,12,5080.868817
223,13,4789.424974
223,14,4705.423004
223,16,4540.371644
223,17,4206.323397
223,18,4179.558360
223,19,4163.146086
223,20,4158.716333
223,28,4144.199182
224,11,5244.508320
224,12,5080.868817
224,13,4789.424974
224,14,4705.423004
224,16,4540.371644
224,17,4206.323397
224,18,4179.558360
224,19,4163.146086
224,20,4158.716333
224,28,4144.199182
225,11,5214.498405
225,12,5080.868817
225,13,4787.198082
225,14,4705.423004
225,16,4540.371644
225,17,4203.873388
225,18,4177.194562
225,19,4163.146086
225,20,4158.716333
225,28,4143.822471
226,11,5214.498405
226,12,5080.868817
226,13,4787.198082
226,14,4705.423004
226,16,4540.371644
226,17,4203.873388
226,18,4177.194562
226,19,4163.146086
226,20,4158.716333
226,28,4143.822471
227,11,5214.498405
227,12,5080.868817
227,13,4785.609933
227,14,4705.423004
227,16,4524.397165
227,17,4203.873388
227,18,4161.625494
227,20,4158.716333
227,21,4149.506763
227,28,4143.822471
228,11,5214.498405
228,12,5080.868817
228,13,4778.649632
228,14,4705.423004
228,16,4524.397165
228,17,4203.873388
228,18,4161.625494
228,20,4158.716333
228,21,4149.506763
228,28,4143.822471
229,11,5214.498405
229,12,5080.868817
229,13,4778.649632
229,14,4705.423004
229,16,4524.113204
229,17,4203.873388
229,18,4161.625494
229,20,4158.716333
229,21,4149.506763
229,28,4143.822471
230,11,5214.498405
230,12,5080.868817
230,13,4778.649632
230,14,4705.423004
230,16,4518.986660
230,17,4203.873388
230,18,4161.625494
230,20,4158.716333
230,21,4149.506763
230,28,4143.822471
231,11,5197.408426
231,12,5079.149272
231,13,4748.323055
231,14,4697.798352
231,16,4518.986660
231,17,4203.873388
231,18,4154.333972
231,21,4149.506763
231,28,4143.822471
232,11,5197.408426
232,12,5029.915673
232,13,4748.323055
232,14,4697.798352
232,16,4518.986660
232,17,4203.873388
232,18,4154.333972
232,19,4149.346653
232,28,4143.822471
233,11,5192.528748
233,12,5029.915673
233,13,4748.323055
233,14,4692.068707
233,16,4508.836792
233,17,4203.873388
233,18,4154.333972
233,19,4149.346653
233,28,4143.822471
234,11,5192.528748
234,12,5029.915673
234,13,4748.323055
234,14,4692.068707
234,16,4508.836792
234,17,4191.657558
234,18,4154.333972
234,19,4149.346653
234,28,4143.822471
235,11,5187.434165
235,12,5029.915673
235,13,4748.323055
235,14,4692.068707
235,16,4508.836792
235,17,4191.657558
235,18,4154.333972
235,19,4149.346653
235,28,4143.822471
236,11,5187.434165
236,12,5029.915673
236,13,4748.323055
236,14,4692.068707
236,16,4508.836792
236,17,4191.657558
236,18,4154.333972
236,19,4149.346653
236,28,4143.822471
237,11,5115.048479
237,12,5029.915673
237,13,4748.323055
237,14,4692.068707
237,16,4508.836792
237,17,4191.657558
237,18,4154.333972
237,19,4149.346653
237,28,4143.822471
238,11,5115.048479
238,12,5029.915673
238,13,4748.323055
238,14,4692.068707
238,16,4508.836792
238,17,4191.657558
238,18,4154.333972
238,19,4149.346653
238,28,4143.822471
239,11,5098.816851
239,12,5029.915673
239,13,4748.323055
239,14,4692.068707
239,16,4507.797286
239,17,4191.657558
239,18,4154.333972
239,19,4130.604747
240,11,5098.816851
240,12,5029.915673
240,13,4748.323055
240,14,4692.068707
240,16,4507.797286
240,17,4191.657558
240,18,4136.961850
240,19,4130.604747
241,11,5091.732687
241,12,5009.471431
241,13,4655.730934
241,16,4496.807646
241,17,4191.657558
241,18,4136.961850
241,19,4130.604747
242,11,5091.732687
242,12,5009.471431
242,13,4655.730934
242,16,4496.807646
242,17,4191.657558
242,18,4135.592066
242,19,4130.604747
243,11,5091.732687
243,12,5008.337323
243,13,4655.730934
243,16,4493.293627
243,17,4187.786514
243,18,4135.592066
243,19,4130.604747
244,11,5091.732687
244,12,5008.337323
244,13,4655.730934
244,16,4463.038809
244,17,4187.786514
244,18,4135.592066
244,19,4130.604747
245,11,5091.732687
245,12,5008.337323
245,13,4655.730934
245,16,4458.586051
245,17,4187.786514
245,18,4135.592066
245,19,4130.604747
246,11,5091.732687
246,12,5008.337323
246,13,4655.730934
246,16,4458.586051
246,17,4187.786514
246,18,4135.592066
246,19,4130.604747
247,11,4953.677084
247,13,4655.730934
247,16,4457.795991
247,17,4184.984773
247,18,4135.592066
247,19,4130.604747
248,11,4940.608532
248,13,4647.418668
248,16,4457.795991
248,17,4184.984773
248,18,4135.592066
248,19,4130.604747
249,11,4940.608532
249,13,4645.817739
249,16,4457.795991
249,17,4184.984773
249,18,4135.592066
249,19,4130.604747
250,11,4940.608532
250,13,4641.814607
250,16,4457.795991
250,17,4184.984773
250,18,4135.592066
250,19,4130.604747
251,11,4940.608532
251,13,4641.814607
251,16,4457.342471
251,17,4184.984773
251,18,4135.592066
251,19,4130.604747
252,11,4940.608532
252,13,4641.814607
252,16,4457.342471
252,17,4184.984773
252,18,4135.592066
252,19,4130.604747
253,11,4940.608532
253,13,4641.814607
253,16,4457.096023
253,17,4184.984773
253,18,4135.288889
253,19,4130.604747
254,11,4940.608532
254,13,4641.814607
254,14,4618.910110
254,16,4457.096023
254,17,4162.495796
254,18,4135.288889
254,19,4127.840542
255,11,4940.608532
255,13,4641.814607
255,14,4618.910110
255,16,4457.096023
255,17,4162.495796
255,18,4135.288889
255,19,4127.840542
256,11,4940.608532
256,13,4641.814607
256,14,4618.910110
256,16,4457.096023
256,17,4162.495796
256,18,4135.288889
256,19,4127.840542
257,11,4940.379044
257,13,4641.814607
257,14,4613.715194
257,16,4457.096023
257,17,4162.495796
257,18,4135.288889
257,19,4127.840542
258,11,4940.379044
258,13,4641.814607
258,14,4613.715194
258,16,4457.096023
258,17,4162.416103
258,18,4135.288889
258,19,4127.840542
259,11,4940.379044
259,13,4635.713721
259,14,4613.715194
259,16,4433.031425
259,17,4162.416103
259,18,4135.288889
259,19,4127.840542
260,11,4911.286352
260,13,4635.713721
260,14,4613.715194
260,16,4433.031425
260,17,4162.416103
260,18,4135.288889
260,19,4127.840542
261,11,4911.286352
261,13,4635.713721
261,14,4587.902250
261,16,4433.031425
261,17,4162.416103
261,18,4135.288889
261,19,4127.840542
262,11,4911.286352
262,13,4635.713721
262,14,4587.902250
262,16,4433.031425
262,17,4162.416103
262,18,4135.288889
262,19,4127.840542
263,11,4911.286352
263,13,4635.713721
263,14,4582.232712
263,16,4433.031425
263,17,4162.416103
263,18,4135.288889
263,19,4127.840542
264,11,4911.286352
264,13,4635.713721
264,14,4582.232712
264,16,4433.031425
264,17,4162.416103
264,18,4135.288889
264,19,4127.840542
265,11,4911.286352
265,13,4635.713721
265,14,4582.232712
265,16,4433.031425
265,17,4162.416103
265,18,4135.288889
265,19,4127.840542
266,11,4911.286352
266,13,4635.713721
266,14,4582.232712
266,15,4571.464903
266,16,4433.031425
266,17,4162.416103
266,18,4135.288889
266,19,4127.840542
267,11,4911.286352
267,13,4635.713721
267,14,4575.217795
267,15,4571.464903
267,16,4433.031425
267,17,4162.416103
267,18,4135.288889
267,19,4127.840542
268,11,4911.286352
268,13,4635.713721
268,14,4575.217795
268,15,4571.464903
268,16,4433.031425
268,17,4162.416103
268,18,4135.288889
268,19,4127.840542
269,11,4911.286352
269,13,4635.713721
269,14,4575.217795
269,15,4571.464903
269,16,4433.031425
269,17,4162.416103
269,18,4135.288889
269,19,4127.840542
270,11,4911.286352
270,13,4635.713721
270,14,4575.217795
270,15,4571.464903
270,16,4433.031425
270,17,4162.416103
270,18,4135.288889
270,19,4127.840542
271,11,4911.286352
271,13,4623.551371
271,14,4575.217795
271,15,4570.841168
271,16,4433.031425
271,17,4162.416103
271,18,4135.288889
271,19,4127.840542
272,11,4911.286352
272,13,4623.551371
272,14,4575.217795
272,15,4570.841168
272,16,4433.031425
272,17,4162.416103
272,18,4135.288889
272,19,4127.840542
273,11,4910.169311
273,13,4623.551371
273,14,4575.217795
273,15,4570.841168
273,16,4432.996680
273,17,4162.416103
273,18,4135.288889
273,19,4127.840542
274,11,4910.169311
274,13,4623.551371
274,14,4575.217795
274,15,4570.841168
274,16,4432.996680
274,17,4162.416103
274,18,4135.288889
274,19,4127.840542
275,11,4878.326966
275,13,4623.551371
275,14,4568.783864
275,15,4566.076235
275,16,4432.996680
275,17,4162.416103
275,18,4135.288889
275,19,4127.840542
276,11,4878.326966
276,13,4623.551371
276,14,4568.783864
276,15,4566.076235
276,16,4432.996680
276,17,4162.416103
276,18,4135.288889
276,19,4127.840542
277,11,4878.326966
277,13,4623.551371
277,14,4568.783864
277,15,4566.003608
277,16,4430.132371
277,17,4162.416103
277,18,4135.288889
277,19,4127.840542
278,11,4878.326966
278,13,4623.551371
278,14,4568.783864
278,15,4566.003608
278,16,4430.132371
278,17,4162.416103
278,18,4135.288889
278,19,4127.840542
279,11,4878.326966
279,13,4623.551371
279,14,4568.783864
279,15,4561.730443
279,16,4430.132371
279,17,4162.416103
279,18,4135.288889
279,19,4127.840542
280,11,4878.326966
280,13,4622.610655
280,14,4568.783864
280,15,4561.730443
280,16,4430.132371
280,17,4162.416103
280,18,4135.288889
280,19,4127.840542
281,11,4878.326966
281,13,4622.610655
281,14,4568.783864
281,15,4561.730443
281,16,4430.132371
281,17,4162.416103
281,18,4135.288889
281,19,4127.840542
282,11,4878.326966
282,13,4622.610655
282,14,4568.783864
282,15,4561.730443
282,16,4430.132371
282,17,4162.416103
282,18,4135.288889
282,19,4127.840542
283,11,4878.326966
283,13,4568.767611
283,15,4561.730443
283,16,4430.132371
283,17,4162.416103
283,18,4135.288889
283,19,4127.840542
284,11,4878.326966
284,13,4568.767611
284,15,4561.730443
284,16,4430.132371
284,17,4162.416103
284,18,4135.288889
284,19,4127.840542
285,11,4878.326966
285,13,4568.767611
285,15,4561.730443
285,16,4430.132371
285,17,4162.416103
285,18,4135.288889
285,19,4127.840542
286,11,4878.326966
286,13,4568.767611
286,15,4561.730443
286,16,4430.132371
286,17,4162.416103
286,18,4135.288889
286,19,4127.772244
287,11,4858.175754
287,13,4568.767611
287,15,4561.730443
287,16,4430.132371
287,17,4162.416103
287,18,4135.288889
287,19,4127.772244
288,11,4858.175754
288,13,4568.767611
288,15,4561.730443
288,16,4430.132371
288,17,4162.416103
288,18,4135.288889
288,19,4127.772244
288,20,4122.077338
289,11,4858.175754
289,13,4568.767611
289,15,4561.730443
289,16,4415.642670
289,17,4162.416103
289,18,4135.288889
289,19,4127.772244
289,20,4122.077338
290,11,4858.175754
290,13,4568.767611
290,15,4561.730443
290,16,4415.642670
290,17,4162.416103
290,18,4135.288889
290,19,4127.772244
290,20,4122.077338
291,11,4849.924335
291,13,4568.767611
291,15,4553.060417
291,16,4415.642670
291,17,4162.416103
291,18,4135.288889
291,19,4127.772244
291,20,4122.077338
292,11,4849.924335
292,13,4550.045483
292,16,4415.642670
292,17,4162.416103
292,18,4135.288889
292,19,4127.772244
292,20,4122.077338
293,11,4848.658079
293,13,4550.045483
293,16,4415.642670
293,17,4162.416103
293,18,4135.288889
293,19,4127.772244
293,20,4122.077338
294,11,4848.658079
294,13,4550.045483
294,16,4415.642670
294,17,4162.416103
294,18,4135.288889
294,19,4127.772244
294,20,4122.077338
295,11,4836.397807
295,13,4522.611948
295,16,4415.642670
295,17,4162.416103
295,18,4135.288889
295,19,4127.772244
295,20,4122.077338
296,11,4836.397807
296,13,4522.611948
296,16,4415.642670
296,17,4162.416103
296,18,4135.288889
296,19,4127.772244
296,20,4122.077338
297,11,4836.030816
297,13,4522.611948
297,16,4415.642670
297,17,4162.416103
297,18,4135.288889
297,19,4127.204860
297,20,4122.077338
297,23,4115.996832
298,11,4836.030816
298,13,4522.611948
298,16,4415.642670
298,17,4162.416103
298,18,4135.288889
298,19,4127.204860
298,20,4122.077338
298,21,4106.477469
299,11,4836.030816
299,13,4522.611948
299,16,4415.642670
299,17,4162.416103
299,18,4135.288889
299,19,4124.061955
299,20,4122.077338
299,21,4106.477469
300,11,4836.030816
300,12,4680.894902
300,13,4522.611948
300,16,4415.642670
300,17,4162.416103
300,18,4135.288889
300,19,4124.061955
300,20,4122.077338
300,21,4106.477469
301,11,4832.699166
301,12,4642.278981
301,13,4522.611948
301,16,4415.642670
301,17,4160.652815
301,18,4135.288889
301,19,4124.061955
301,20,4122.077338
301,21,4106.477469
302,11,4832.699166
302,12,4642.278981
302,13,4522.611948
302,16,4336.794481
302,17,4160.652815
302,18,4135.288889
302,19,4124.061955
302,20,4122.077338
302,21,4106.477469
303,11,4832.699166
303,12,4642.278981
303,13,4522.611948
303,16,4336.794481
303,17,4160.652815
303,18,4135.288889
303,19,4124.061955
303,20,4120.905691
303,21,4106.477469
304,11,4832.699166
304,12,4642.278981
304,13,4522.611948
304,16,4336.794481
304,17,4160.652815
304,18,4135.288889
304,19,4124.061955
304,20,4120.905691
304,21,4106.477469
305,11,4815.184524
305,12,4642.278981
305,13,4522.611948
305,16,4336.794481
305,17,4160.652815
305,18,4135.288889
305,19,4124.061955
305,20,4120.905691
305,21,4106.477469
306,11,4815.184524
306,12,4642.278981
306,13,4522.611948
306,16,4336.794481
306,17,4160.652815
306,18,4135.288889
306,19,4124.061955
306,20,4120.905691
306,21,4106.477469
307,11,4803.487835
307,12,4642.278981
307,13,4522.611948
307,16,4336.794481
307,17,4160.652815
307,18,4135.288889
307,19,4124.061955
307,20,4120.905691
307,21,4106.477469
308,11,4803.487835
308,12,4642.278981
308,13,4522.611948
308,16,4336.794481
308,17,4142.226655
308,18,4127.487245
308,19,4124.061955
308,20,4120.905691
308,21,4106.477469
309,11,4803.487835
309,12,4640.278310
309,13,4522.611948
309,16,4336.794481
309,17,4142.226655
309,18,4127.487245
309,19,4124.061955
309,20,4120.905691
309,21,4106.477469
310,11,4803.487835
310,12,4587.024975
310,13,4522.611948
310,16,4336.794481
310,17,4142.226655
310,18,4127.487245
310,19,4124.061955
310,20,4120.905691
310,21,4106.477469
311,11,4803.487835
311,12,4587.024975
311,13,4522.611948
311,16,4330.205208
311,17,4142.226655
311,18,4127.487245
311,19,4124.061955
311,20,4120.905691
311,21,4105.910084
312,11,4803.487835
312,12,4587.024975
312,13,4522.611948
312,16,4330.205208
312,17,4142.226655
312,18,4127.487245
312,19,4124.061955
312,20,4120.905691
312,21,4105.910084
313,11,4803.487835
313,12,4582.388575
313,13,4522.611948
313,16,4330.205208
313,17,4142.226655
313,18,4127.487245
313,19,4124.061955
313,20,4120.905691
313,21,4105.860901
314,11,4803.487835
314,12,4582.388575
314,13,4522.611948
314,16,4330.205208
314,17,4142.226655
314,18,4127.487245
314,19,4124.061955
314,20,4120.905691
314,21,4105.860901
315,11,4789.979851
315,12,4582.388575
315,13,4522.611948
315,16,4330.205208
315,17,4142.226655
315,18,4127.487245
315,19,4124.061955
315,20,4120.905691
315,21,4105.860901
316,11,4789.979851
316,12,4582.388575
316,13,4522.611948
316,16,4330.205208
316,17,4142.226655
316,18,4127.487245
316,19,4124.061955
316,20,4120.905691
316,21,4105.860901
317,11,4789.113076
317,12,4503.814594
317,16,4330.205208
317,17,4142.226655
317,18,4127.487245
317,19,4124.061955
317,20,4120.905691
317,21,4105.860901
318,11,4789.113076
318,12,4503.814594
318,16,4330.205208
318,17,4142.226655
318,18,4116.020128
318,21,4105.860901
319,11,4785.967538
319,12,4503.814594
319,16,4330.205208
319,17,4142.226655
319,18,4116.020128
319,21,4105.860901
320,11,4785.967538
320,12,4503.814594
320,16,4330.205208
320,17,4142.226655
320,18,4116.020128
320,21,4105.860901
321,11,4785.967538
321,12,4491.618394
321,14,4463.315826
321,16,4330.205208
321,17,4142.226655
321,18,4116.020128
321,21,4105.860901
322,11,4785.967538
322,12,4491.618394
322,14,4463.315826
322,16,4330.205208
322,17,4122.120518
322,18,4116.020128
322,21,4105.860901
